Date,Open,High,Low,Close,Adj Close,Volume
2017-01-03,116.160004,116.279999,113.269997,114.400002,109.446541,2159200
2017-01-04,114.83000200000001,116.459999,114.660004,115.519997,110.51803600000001,2400800
2017-01-05,115.5,116.910004,114.900002,115.91999799999999,110.900719,1689400
2017-01-06,116.059998,117.32,115.809998,117.190002,112.115738,1229400
2017-01-09,116.769997,117.279999,116.290001,116.33000200000001,111.292969,963000
2017-01-10,116.93,116.93,115.699997,116.300003,111.264275,1061900
2017-01-11,116.339996,116.589996,114.559998,115.900002,110.881599,2238800
2017-01-12,115.75,116.599998,113.900002,116.43,111.38863400000001,1243600
2017-01-13,117.0,117.5,116.349998,116.870003,111.80959299999999,1057800
2017-01-17,116.839996,116.839996,115.510002,115.690002,110.680687,1197200
2017-01-18,116.099998,117.349998,115.010002,117.25,112.173134,1449100
2017-01-19,117.209999,117.400002,115.970001,116.360001,111.321671,1191800
2017-01-20,116.620003,116.93,115.779999,116.660004,111.608681,1175900
2017-01-23,116.300003,116.980003,115.690002,116.239998,111.20686299999998,800200
2017-01-24,116.389999,117.66999799999999,116.389999,117.440002,112.354904,1047400
2017-01-25,118.230003,120.360001,117.790001,120.150002,114.947571,1886900
2017-01-26,120.0,121.08000200000001,119.040001,120.739998,115.51201599999999,1472600
2017-01-27,120.779999,120.809998,119.889999,120.309998,115.100632,1065100
2017-01-30,119.83000200000001,120.550003,119.190002,120.440002,115.22501399999999,1196200
2017-01-31,120.260002,121.690002,120.199997,121.08000200000001,115.837296,2246800
2017-02-01,121.5,122.279999,120.849998,120.900002,115.665085,2795600
2017-02-02,120.510002,123.550003,118.620003,121.260002,116.009506,2059300
2017-02-03,121.739998,122.07,119.349998,119.949997,114.756226,1648200
2017-02-06,119.5,119.900002,119.050003,119.809998,114.62228400000001,1120000
2017-02-07,120.260002,120.400002,118.660004,118.730003,113.58905,1672600
2017-02-08,118.360001,118.519997,115.599998,116.57,111.522575,2019100
2017-02-09,116.940002,119.029999,116.18,118.58000200000001,113.44554099999999,1525400
2017-02-10,118.940002,119.449997,118.510002,118.980003,113.828224,1130100
2017-02-13,119.650002,121.900002,119.449997,121.379997,116.124306,1481100
2017-02-14,121.440002,121.599998,120.25,121.010002,115.77033999999999,1208100
2017-02-15,121.480003,122.66999799999999,120.559998,122.110001,116.822701,1234000
2017-02-16,122.110001,122.559998,120.860001,121.83000200000001,116.554825,1180600
2017-02-17,121.599998,122.769997,121.010002,122.620003,117.31062299999999,2038500
2017-02-21,122.410004,123.400002,120.870003,121.050003,115.808601,1385700
2017-02-22,121.629997,123.32,121.5,122.510002,117.20538300000001,2270300
2017-02-23,122.58000200000001,123.5,121.58000200000001,122.519997,117.21494299999999,1399200
2017-02-24,122.08000200000001,123.010002,121.610001,122.620003,117.31062299999999,1686200
2017-02-27,122.620003,123.300003,121.0,122.83000200000001,117.511528,1279100
2017-02-28,122.459999,122.75,121.300003,121.459999,116.20084399999999,1881200
2017-03-01,123.010002,127.599998,122.66999799999999,127.0,121.500969,2336300
2017-03-02,127.25,127.389999,124.129997,124.239998,118.860474,1665700
2017-03-03,124.339996,124.720001,123.550003,124.050003,118.678696,1096900
2017-03-06,123.449997,124.529999,123.040001,124.050003,118.678696,1393500
2017-03-07,123.709999,124.040001,123.199997,123.559998,118.209923,1362900
2017-03-08,123.879997,124.449997,123.160004,123.199997,118.49845900000001,1223200
2017-03-09,123.360001,124.190002,123.010002,123.809998,119.085182,1359700
2017-03-10,124.239998,124.690002,122.790001,123.730003,119.00823999999999,1414100
2017-03-13,124.139999,125.160004,123.709999,124.83000200000001,120.06626100000001,1893600
2017-03-14,124.260002,125.139999,123.589996,124.449997,119.70076,1319700
2017-03-15,125.150002,125.150002,124.07,124.739998,119.97969099999999,1272000
2017-03-16,125.32,125.489998,124.209999,124.739998,119.97969099999999,1138600
2017-03-17,125.0,125.599998,124.290001,124.589996,119.83541899999999,2756400
2017-03-20,124.07,124.93,123.650002,123.93,119.20061499999998,1178200
2017-03-21,124.43,124.870003,120.160004,120.279999,115.68989599999999,2522000
2017-03-22,120.379997,120.82,118.790001,119.33000200000001,114.776146,2408000
2017-03-23,119.360001,120.529999,118.970001,119.190002,114.64149499999999,1844000
2017-03-24,119.599998,120.410004,119.029999,119.879997,115.30516100000001,1462000
2017-03-27,118.639999,119.190002,117.57,118.239998,113.727745,1358800
2017-03-28,117.690002,119.470001,117.099998,118.82,114.285622,1769600
2017-03-29,118.510002,118.870003,117.800003,118.5,113.977829,921200
2017-03-30,118.0,118.940002,117.410004,118.849998,114.314476,1577500
2017-03-31,119.230003,120.099998,118.529999,118.800003,114.26638,1753400
2017-04-03,118.82,119.389999,116.16999799999999,117.5,113.015984,2447400
2017-04-04,117.389999,118.230003,116.83000200000001,117.269997,112.794762,1669100
2017-04-05,117.779999,119.269997,117.279999,117.550003,113.064079,1539000
2017-04-06,117.66999799999999,118.440002,117.07,117.809998,113.31415600000001,938300
2017-04-07,117.010002,118.470001,117.010002,117.989998,113.48728899999999,1203300
2017-04-10,117.849998,118.529999,117.0,117.089996,112.62162,1006500
2017-04-11,116.949997,117.18,116.019997,117.07,112.60239399999999,1285000
2017-04-12,116.58000200000001,117.360001,116.230003,116.620003,112.16956299999998,1608500
2017-04-13,116.550003,116.970001,115.82,115.870003,111.448196,971100
2017-04-17,116.33000200000001,117.529999,115.370003,117.440002,112.958275,936900
2017-04-18,116.970001,117.540001,116.209999,117.099998,112.631248,848600
2017-04-19,117.599998,118.029999,116.989998,117.16999799999999,112.698578,1033200
2017-04-20,117.889999,119.269997,117.16999799999999,119.110001,114.564545,1217200
2017-04-21,119.0,119.5,118.300003,118.769997,114.237518,1301800
2017-04-24,120.660004,120.790001,119.440002,119.760002,115.18974299999999,1094300
2017-04-25,120.230003,120.690002,119.41999799999999,119.940002,115.36286899999999,1627300
2017-04-26,120.0,120.730003,119.290001,120.040001,115.45904499999999,1252500
2017-04-27,118.25,118.25,114.82,115.120003,110.72681399999999,4256600
2017-04-28,115.290001,116.339996,115.110001,116.190002,111.755981,1901100
2017-05-01,116.550003,117.07,116.129997,116.639999,112.188805,1375300
2017-05-02,116.760002,117.610001,116.480003,117.260002,112.785149,1219600
2017-05-03,117.309998,118.980003,116.93,118.029999,113.52575700000001,1825400
2017-05-04,118.860001,119.18,117.790001,118.639999,114.11248799999998,1727300
2017-05-05,119.040001,119.040001,117.809998,118.760002,114.227905,1291000
2017-05-08,118.510002,118.940002,116.68,117.099998,112.631248,1773200
2017-05-09,116.83000200000001,118.290001,116.550003,117.639999,113.15065,1696900
2017-05-10,117.5,117.760002,116.16999799999999,117.050003,112.58316,1199100
2017-05-11,116.75,117.16999799999999,115.349998,116.790001,112.333076,1146900
2017-05-12,116.57,116.980003,116.08000200000001,116.16999799999999,111.736732,1140500
2017-05-15,116.309998,117.970001,116.25,117.25,112.77552,1568900
2017-05-16,117.25,117.66999799999999,116.58000200000001,116.68,112.22728000000001,1185200
2017-05-17,115.809998,116.25,114.879997,115.120003,110.72681399999999,1580300
2017-05-18,115.410004,116.410004,115.239998,115.760002,111.34238400000001,1486800
2017-05-19,116.089996,117.0,115.43,116.83000200000001,112.371559,2711500
2017-05-22,117.370003,117.480003,116.410004,116.910004,112.448502,1257700
2017-05-23,117.0,118.480003,116.349998,118.199997,113.68927,1026100
2017-05-24,118.230003,118.41999799999999,117.43,117.769997,113.275681,975900
2017-05-25,117.709999,118.389999,117.309998,118.07,113.564232,1151600
2017-05-26,118.18,118.440002,117.559998,117.980003,113.47766899999999,720700
2017-05-30,117.41999799999999,117.809998,116.66999799999999,117.199997,112.72743200000001,930600
2017-05-31,117.5,117.5,116.550003,117.290001,112.81399499999999,1378800
2017-06-01,117.529999,117.82,116.809998,117.82,113.323776,1078600
2017-06-02,117.620003,118.050003,116.620003,116.93,112.467751,1119800
2017-06-05,116.629997,118.599998,116.629997,118.190002,113.67966499999999,1159200
2017-06-06,118.029999,118.129997,116.82,117.220001,112.746674,1090200
2017-06-07,116.760002,119.980003,116.760002,119.410004,115.503433,1522600
2017-06-08,119.970001,122.5,119.660004,122.290001,118.289207,2036500
2017-06-09,121.93,124.440002,121.599998,124.389999,120.32051100000001,1823200
2017-06-12,124.41999799999999,125.940002,124.360001,125.589996,121.48123899999999,2344100
2017-06-13,125.800003,126.449997,125.58000200000001,126.07,121.94554099999999,2221500
2017-06-14,125.550003,127.660004,125.110001,127.32,123.154655,1587500
2017-06-15,126.5,126.900002,126.139999,126.779999,122.63231699999999,1381600
2017-06-16,126.58000200000001,127.160004,123.400002,126.18,122.051949,1585200
2017-06-19,126.209999,127.739998,126.209999,127.440002,123.270729,795200
2017-06-20,127.449997,127.449997,125.790001,126.07,121.94554099999999,1330800
2017-06-21,126.709999,126.709999,124.489998,124.900002,120.81381999999999,1595000
2017-06-22,124.5,124.860001,123.879997,124.059998,120.001297,871500
2017-06-23,124.379997,124.779999,123.839996,124.120003,120.059349,1085600
2017-06-26,124.16999799999999,124.610001,123.099998,123.650002,119.60471299999999,865700
2017-06-27,123.980003,124.980003,123.370003,124.620003,120.542984,1208200
2017-06-28,125.33000200000001,127.099998,125.050003,126.769997,122.62265,989000
2017-06-29,127.699997,127.959999,124.370003,125.040001,120.949242,1106600
2017-06-30,125.440002,125.639999,124.730003,125.239998,121.1427,1053800
2017-07-03,125.33000200000001,127.360001,125.33000200000001,126.300003,122.168022,611400
2017-07-05,126.199997,126.58000200000001,125.07,125.949997,121.829475,1025600
2017-07-06,125.949997,126.57,123.66999799999999,123.690002,119.64341,1426800
2017-07-07,124.389999,125.220001,122.900002,124.83000200000001,120.746117,1150600
2017-07-10,124.5,125.129997,124.059998,124.110001,120.049667,958900
2017-07-11,124.110001,124.68,122.970001,123.160004,119.130753,941000
2017-07-12,123.849998,124.190002,123.089996,123.389999,119.353218,1222700
2017-07-13,123.470001,124.0,123.279999,123.389999,119.353218,1570300
2017-07-14,122.709999,123.150002,119.760002,120.57,116.62548100000001,2559500
2017-07-17,120.489998,121.41999799999999,120.389999,120.639999,116.693192,2123500
2017-07-18,120.07,120.870003,119.57,120.559998,116.615807,915200
2017-07-19,120.779999,120.970001,119.860001,120.16999799999999,116.238571,1630500
2017-07-20,120.18,120.800003,119.300003,120.559998,116.615807,1294100
2017-07-21,120.489998,122.370003,120.489998,121.0,117.04141200000001,1648900
2017-07-24,120.900002,121.110001,120.120003,120.41999799999999,116.48038500000001,1142600
2017-07-25,121.339996,122.25,120.690002,121.889999,117.902298,1319100
2017-07-26,121.75,123.129997,121.41999799999999,121.83000200000001,117.84426100000002,1343100
2017-07-27,121.839996,122.300003,120.519997,121.360001,117.389641,1349600
2017-07-28,121.25,121.779999,120.519997,121.279999,117.312256,1401600
2017-07-31,121.779999,123.129997,121.370003,122.620003,118.60842099999999,1635900
2017-08-01,123.650002,124.059998,120.32,123.790001,119.74014299999999,1903300
2017-08-02,123.279999,124.239998,123.190002,124.160004,120.09803799999999,1331300
2017-08-03,124.339996,125.18,124.010002,124.989998,120.900879,1360500
2017-08-04,125.779999,126.089996,124.699997,125.83000200000001,121.713402,1222800
2017-08-07,126.160004,126.790001,124.91999799999999,124.970001,120.88153799999999,979100
2017-08-08,124.779999,125.519997,124.459999,124.760002,120.67840600000001,776300
2017-08-09,124.32,126.43,124.0,126.190002,122.06161499999999,1416500
2017-08-10,125.709999,126.08000200000001,124.07,124.190002,120.127052,1075700
2017-08-11,124.870003,125.0,123.050003,123.260002,119.227478,650800
2017-08-14,124.010002,124.980003,123.730003,124.68,120.601013,726200
2017-08-15,125.209999,126.43,124.720001,125.91999799999999,121.800446,1047600
2017-08-16,126.339996,127.349998,126.059998,126.220001,122.09063700000002,895100
2017-08-17,126.43,126.809998,125.239998,125.360001,121.258774,1008800
2017-08-18,124.91999799999999,126.18,124.699997,125.389999,121.28778799999999,1048000
2017-08-21,125.339996,125.66999799999999,123.879997,125.279999,121.181389,728900
2017-08-22,125.58000200000001,126.699997,125.110001,126.370003,122.23573300000001,1136900
2017-08-23,125.949997,126.559998,125.459999,125.949997,121.829475,1499600
2017-08-24,126.07,126.620003,125.650002,125.91999799999999,121.800446,1326500
2017-08-25,126.290001,127.699997,126.050003,127.099998,122.941849,1578800
2017-08-28,127.629997,127.769997,126.510002,126.93,122.77741200000001,669800
2017-08-29,126.260002,126.599998,125.599998,126.379997,122.245399,955900
2017-08-30,126.410004,126.989998,125.940002,126.059998,121.935875,1202300
2017-08-31,126.610001,126.610001,125.75,125.800003,121.68438,1034700
2017-09-01,125.629997,126.57,125.589996,126.25,122.11965900000001,842800
2017-09-05,125.980003,126.300003,124.510002,125.459999,121.355507,1540700
2017-09-06,125.83000200000001,129.309998,125.480003,128.419998,124.21866599999998,1886800
2017-09-07,128.020004,128.610001,124.91999799999999,125.739998,122.254654,1131700
2017-09-08,125.860001,129.08999599999999,125.519997,128.03999299999998,124.490898,1034700
2017-09-11,129.119995,129.75,128.509995,128.800003,125.22984299999999,1056600
2017-09-12,128.979996,130.149994,128.610001,130.059998,126.45491000000001,795300
2017-09-13,130.08999599999999,130.889999,129.71000700000002,130.869995,127.24246200000002,1036100
2017-09-14,131.179993,132.169998,130.820007,132.119995,128.457809,1591900
2017-09-15,131.979996,132.33999599999999,130.919998,131.28999299999998,127.65081799999999,1670600
2017-09-18,130.860001,131.949997,130.369995,131.300003,127.660545,1494800
2017-09-19,131.509995,132.899994,131.270004,131.809998,128.156403,1635500
2017-09-20,132.0,134.240005,131.96000700000002,133.800003,130.091248,1442700
2017-09-21,133.429993,134.16000400000001,133.059998,133.800003,130.091248,766600
2017-09-22,132.929993,134.360001,132.860001,134.169998,130.450989,770700
2017-09-25,134.279999,134.630005,132.58999599999999,134.300003,130.577393,735900
2017-09-26,134.21000700000002,134.380005,132.820007,133.08999599999999,129.400925,927500
2017-09-27,133.429993,134.979996,133.240005,134.529999,130.80101000000002,1221200
2017-09-28,134.53999299999998,136.020004,133.929993,135.860001,132.094147,1222900
2017-09-29,135.869995,136.259995,135.169998,135.679993,131.919128,1071300
2017-10-02,135.729996,136.520004,135.25,136.399994,132.619171,821700
2017-10-03,136.369995,137.449997,134.78999299999998,137.330002,133.52340700000002,1364000
2017-10-04,137.020004,137.28999299999998,136.389999,136.880005,133.085876,1010400
2017-10-05,137.240005,138.33999599999999,136.240005,138.020004,134.194275,988800
2017-10-06,138.130005,138.389999,135.729996,137.199997,133.396988,1575700
2017-10-09,137.029999,138.389999,136.369995,137.990005,134.165115,813900
2017-10-10,138.479996,138.490005,136.25,137.229996,133.426163,1114800
2017-10-11,136.830002,137.699997,136.399994,137.190002,133.387283,1058900
2017-10-12,137.199997,137.899994,136.550003,137.71000700000002,133.892868,966600
2017-10-13,137.570007,138.270004,136.809998,137.309998,133.503952,1737300
2017-10-16,137.610001,137.990005,136.970001,137.520004,133.708145,763300
2017-10-17,137.509995,137.509995,136.029999,136.190002,132.41499299999998,1259600
2017-10-18,136.360001,136.75,135.520004,136.369995,132.58999599999999,1002100
2017-10-19,135.860001,135.860001,134.369995,134.949997,131.209366,1141000
2017-10-20,135.53999299999998,135.630005,134.699997,135.130005,131.384399,1179500
2017-10-23,135.0,135.33999599999999,134.369995,134.610001,130.878799,1038900
2017-10-24,134.800003,134.899994,133.639999,134.070007,130.353775,1498100
2017-10-25,134.0,134.360001,132.330002,133.850006,130.13986200000002,1829100
2017-10-26,134.600006,137.0,132.770004,136.600006,132.813629,1782900
2017-10-27,135.889999,137.860001,134.08999599999999,137.550003,133.737305,1921500
2017-10-30,136.880005,137.46000700000002,136.08999599999999,136.110001,132.337219,1244200
2017-10-31,136.21000700000002,137.619995,135.869995,137.169998,133.367828,1186900
2017-11-01,137.990005,138.28999299999998,135.610001,136.139999,132.36639399999999,1002400
2017-11-02,136.149994,140.570007,136.009995,140.300003,136.411087,1553800
2017-11-03,139.529999,141.070007,139.41000400000001,140.059998,136.177719,1720400
2017-11-06,139.679993,139.899994,137.669998,138.16000400000001,134.330399,1079900
2017-11-07,138.389999,139.440002,136.850006,137.550003,133.737305,755500
2017-11-08,137.559998,138.149994,137.240005,137.600006,133.785919,796800
2017-11-09,137.33999599999999,138.16000400000001,136.350006,138.03999299999998,134.213699,764000
2017-11-10,138.179993,139.0,137.559998,137.880005,134.058167,750200
2017-11-13,137.720001,140.350006,137.509995,140.149994,136.265228,1142100
2017-11-14,139.679993,141.03999299999998,138.929993,140.199997,136.313843,1267500
2017-11-15,139.720001,141.440002,139.509995,139.669998,135.79853799999998,1017300
2017-11-16,140.380005,140.610001,139.259995,140.08999599999999,136.206894,740800
2017-11-17,139.570007,140.130005,139.03999299999998,139.490005,135.623535,924200
2017-11-20,140.110001,142.639999,139.75,141.899994,137.966721,1137800
2017-11-21,142.720001,143.990005,141.639999,142.580002,138.627884,1077700
2017-11-22,143.28999299999998,143.28999299999998,140.509995,141.869995,137.937546,1040100
2017-11-24,142.28999299999998,142.949997,141.639999,141.860001,137.927841,312200
2017-11-27,142.279999,143.419998,141.990005,142.070007,138.13201899999999,1060100
2017-11-28,142.449997,145.21000700000002,141.71000700000002,145.119995,141.097473,1371700
2017-11-29,145.850006,149.28999299999998,145.759995,147.830002,143.732346,2558000
2017-11-30,148.259995,151.850006,147.83999599999999,149.53999299999998,145.39494299999998,2434800
2017-12-01,151.46000700000002,152.139999,148.399994,150.78999299999998,146.610306,2808000
2017-12-04,153.5,154.029999,150.979996,153.41000400000001,149.15768400000002,2446300
2017-12-05,153.520004,155.28999299999998,151.580002,152.110001,147.893707,2130100
2017-12-06,152.380005,153.199997,149.690002,152.75,148.515976,1431900
2017-12-07,152.5,153.490005,150.28999299999998,152.070007,148.49646,1489500
2017-12-08,152.669998,153.020004,151.009995,152.820007,149.228836,1494400
2017-12-11,153.199997,153.679993,152.220001,152.71000700000002,149.121414,1019900
2017-12-12,152.559998,153.649994,152.199997,153.029999,149.433884,1327000
2017-12-13,153.100006,153.550003,151.350006,151.610001,148.047256,1285900
2017-12-14,152.259995,152.600006,150.03999299999998,150.419998,146.885223,2215300
2017-12-15,150.690002,151.800003,150.0,151.070007,147.519958,2241300
2017-12-18,152.279999,152.669998,150.800003,151.279999,147.725021,1400300
2017-12-19,151.96000700000002,152.100006,150.070007,150.16000400000001,146.63133200000001,1176200
2017-12-20,150.770004,150.91000400000001,148.119995,149.440002,145.928253,1523000
2017-12-21,150.020004,151.220001,149.550003,150.880005,147.334427,1759000
2017-12-22,151.119995,151.309998,148.729996,148.979996,145.479065,1164000
2017-12-26,148.630005,149.28999299999998,147.850006,148.940002,145.440002,1545000
2017-12-27,145.729996,146.830002,144.83999599999999,145.949997,145.949997,1267600
2017-12-28,146.46000700000002,146.479996,145.550003,146.309998,146.309998,848500
2017-12-29,146.470001,148.070007,146.009995,146.050003,146.050003,879500
2018-01-02,146.119995,146.66000400000001,144.419998,144.78999299999998,144.78999299999998,1080900
2018-01-03,144.33999599999999,147.309998,143.679993,147.110001,147.110001,1340500
2018-01-04,148.28999299999998,150.33999599999999,147.619995,148.679993,148.679993,1551000
2018-01-05,148.490005,149.770004,148.25,149.649994,149.649994,953900
2018-01-08,150.729996,152.71000700000002,150.259995,151.729996,151.729996,1118100
2018-01-09,151.5,153.16000400000001,151.320007,152.630005,152.630005,944800
2018-01-10,152.96000700000002,154.33999599999999,151.899994,152.899994,152.899994,1182900
2018-01-11,153.08999599999999,153.350006,151.509995,152.809998,152.809998,1056100
2018-01-12,153.020004,153.320007,151.929993,152.729996,152.729996,1108900
2018-01-16,154.139999,155.149994,151.399994,152.199997,152.199997,1304100
2018-01-17,153.240005,153.979996,151.259995,151.449997,151.449997,1470000
2018-01-18,152.03999299999998,152.779999,151.720001,152.21000700000002,152.21000700000002,1140900
2018-01-19,153.009995,154.440002,152.5,154.279999,154.279999,1558800
2018-01-22,154.059998,155.449997,153.71000700000002,155.449997,155.449997,910700
2018-01-23,155.699997,156.020004,153.83999599999999,154.25,154.25,842700
2018-01-24,154.300003,155.860001,153.169998,154.990005,154.990005,1048400
2018-01-25,154.990005,155.190002,153.279999,154.169998,154.169998,1228100
2018-01-26,154.559998,155.53999299999998,153.71000700000002,155.16000400000001,155.16000400000001,1131300
2018-01-29,155.279999,156.490005,153.380005,153.449997,153.449997,1223400
2018-01-30,153.0,154.520004,152.229996,153.330002,153.330002,1506100
2018-01-31,152.91000400000001,155.320007,152.91000400000001,153.479996,153.479996,2947700
2018-02-01,155.399994,159.08999599999999,153.860001,158.91000400000001,158.91000400000001,2357300
2018-02-02,160.119995,163.0,158.949997,159.110001,159.110001,3012900
2018-02-05,158.990005,160.78999299999998,153.880005,153.96000700000002,153.96000700000002,3687700
2018-02-06,153.199997,157.759995,149.380005,157.649994,157.649994,4348400
2018-02-07,158.669998,162.0,156.850006,159.929993,159.929993,2725600
2018-02-08,160.25,160.869995,152.929993,153.03999299999998,153.03999299999998,2739600
2018-02-09,154.259995,157.919998,152.5,156.850006,156.850006,2623800
2018-02-12,157.330002,161.28999299999998,157.25,160.130005,160.130005,1991400
2018-02-13,159.0,161.169998,158.16000400000001,160.16000400000001,160.16000400000001,1238300
2018-02-14,159.070007,162.550003,158.770004,162.149994,162.149994,1789600
2018-02-15,162.770004,165.21000700000002,161.610001,165.110001,165.110001,1595400
2018-02-16,164.679993,165.350006,161.779999,162.380005,162.380005,1449000
2018-02-20,161.729996,164.66000400000001,161.520004,163.350006,163.350006,1435400
