Date,Open,High,Low,Close,Adj Close,Volume
2017-01-03,22.98,23.33,21.74,22.34,22.142326,17547100
2017-01-04,21.93,22.5,21.93,22.370001000000002,22.172062,9078700
2017-01-05,22.4,22.719998999999998,21.950001,22.639999,22.439672,7880500
2017-01-06,22.74,23.17,22.6,22.889999,22.68746,6534300
2017-01-09,22.799999,22.799999,22.08,22.09,21.894539,5138700
2017-01-10,22.41,22.639999,22.110001,22.17,21.973829000000002,6637500
2017-01-11,22.280001000000002,22.290001,21.780001000000002,22.059998999999998,21.864803,4834000
2017-01-12,22.299999,22.42,22.0,22.27,22.072947,5729900
2017-01-13,22.209999,22.389999,21.77,21.92,21.726042,4745000
2017-01-17,21.85,21.870001000000002,21.549999,21.709999,21.5179,5535900
2017-01-18,21.530001000000002,21.76,21.5,21.67,21.478256,6704800
2017-01-19,21.73,22.549999,21.68,22.48,22.28109,6770300
2017-01-20,22.719998999999998,22.73,22.059998999999998,22.129998999999998,21.934182999999997,5103100
2017-01-23,22.32,22.75,22.120001000000002,22.18,21.983742000000003,5731700
2017-01-24,22.35,23.09,22.35,22.969998999999998,22.787298,5055200
2017-01-25,23.0,23.09,22.85,22.93,22.747618,4164100
2017-01-26,23.08,23.17,22.74,23.16,22.975788,5397400
2017-01-27,23.08,23.09,22.530001000000002,22.549999,22.370639999999998,4684500
2017-01-30,22.32,22.32,21.200001,21.26,21.0909,7310500
2017-01-31,21.18,21.5,20.99,21.48,21.309151,5676200
2017-02-01,21.639999,21.639999,20.709999,20.77,20.604799,6129000
2017-02-02,20.66,21.5,20.549999,21.450001,21.27939,6933300
2017-02-03,21.280001000000002,21.52,21.139999,21.43,21.259548000000002,7569100
2017-02-06,23.75,24.23,23.42,23.73,23.541254000000002,26591000
2017-02-07,23.73,23.99,22.99,23.57,23.382526000000002,11664800
2017-02-08,23.34,23.780001000000002,22.92,23.6,23.412289,6481200
2017-02-09,23.870001000000002,24.299999,23.57,24.23,24.037277,7382600
2017-02-10,24.17,24.33,23.83,24.07,23.87855,3993600
2017-02-13,23.9,23.98,23.530001000000002,23.950001,23.759506,4618400
2017-02-14,23.860001,24.32,23.67,24.24,24.047199,3710300
2017-02-15,24.139999,24.35,23.84,23.889999,23.699982000000002,5266700
2017-02-16,23.92,24.040001,23.040001,23.120001000000002,22.936107999999997,4644000
2017-02-17,23.01,23.25,22.93,23.110001,22.926188,3747800
2017-02-21,22.93,23.110001,22.59,22.93,22.747618,5286900
2017-02-22,22.84,23.049999,22.6,22.6,22.420242000000002,4101300
2017-02-23,22.950001,23.0,22.200001,22.530001000000002,22.350801,6253900
2017-02-24,22.6,23.18,21.77,22.450001,22.271435,8767300
2017-02-27,22.440001000000002,22.610001,22.129998999999998,22.17,21.993662,7887800
2017-02-28,22.040001,22.15,21.700001,21.9,21.725808999999998,6903700
2017-03-01,22.110001,22.84,22.0,22.610001,22.430164,7213200
2017-03-02,22.52,22.77,22.24,22.360001,22.182152,4524800
2017-03-03,22.459999,22.700001,22.299999,22.360001,22.182152,2975100
2017-03-06,22.68,23.209999,22.43,23.15,22.965866000000002,8581800
2017-03-07,23.120001000000002,23.209999,22.780001000000002,22.93,22.747618,4592500
2017-03-08,22.82,23.4,22.51,22.530001000000002,22.350801,7794400
2017-03-09,22.59,22.93,22.23,22.870001000000002,22.688095,5299200
2017-03-10,23.040001,23.059998999999998,22.629998999999998,22.709999,22.529366,5998700
2017-03-13,22.780001000000002,23.15,22.58,22.870001000000002,22.688095,3963000
2017-03-14,22.629998999999998,22.77,22.24,22.309998999999998,22.132547,5464200
2017-03-15,22.540001,22.82,22.08,22.66,22.479765,6344400
2017-03-16,22.67,22.77,22.16,22.27,22.092869,6007300
2017-03-17,22.389999,22.52,22.24,22.35,22.172232,7897900
2017-03-20,22.299999,22.74,22.040001,22.700001,22.519447,4952800
2017-03-21,22.75,22.9,22.51,22.620001000000002,22.440082999999998,4673900
2017-03-22,22.469998999999998,22.629998999999998,22.1,22.25,22.073027,3859600
2017-03-23,22.52,23.02,22.309998999999998,22.85,22.668257,6934500
2017-03-24,22.879998999999998,23.690001000000002,22.879998999999998,23.18,22.995628,8035000
2017-03-27,22.84,23.24,22.83,23.200001,23.015470999999998,4531400
2017-03-28,23.190001000000002,23.57,23.01,23.549999,23.362688000000002,4743200
2017-03-29,23.629998999999998,24.219998999999998,23.469998999999998,24.139999,23.94799,5604000
2017-03-30,24.190001000000002,24.27,23.190001000000002,23.24,23.055153,23084400
2017-03-31,23.469998999999998,23.99,23.35,23.91,23.719822,8901100
2017-04-03,23.950001,24.120001000000002,23.549999,24.01,23.819027,4202600
2017-04-04,24.049999,24.59,23.780001000000002,24.58,24.384493,5348700
2017-04-05,24.879998999999998,25.129998999999998,24.41,24.440001000000002,24.245607,8571500
2017-04-06,24.5,25.01,24.41,24.99,24.791233,5064400
2017-04-07,24.92,25.040001,24.34,24.41,24.215845,5095900
2017-04-10,24.639999,24.74,24.34,24.629998999999998,24.434093,3398400
2017-04-11,24.51,24.67,24.299999,24.620001000000002,24.424175,3451200
2017-04-12,24.540001,24.809998999999998,24.35,24.450001,24.255526,4419600
2017-04-13,24.469998999999998,24.58,23.93,24.0,23.809107,3987800
2017-04-17,24.0,24.360001,24.0,24.200001,24.007519,4486100
2017-04-18,23.940001000000002,24.360001,23.940001000000002,24.110001,23.918233999999998,3775600
2017-04-19,24.24,24.42,23.91,23.99,23.799185,4016900
2017-04-20,24.07,24.74,23.950001,24.469998999999998,24.275368,4903600
2017-04-21,24.389999,24.43,23.74,24.08,23.888472,7291500
2017-04-24,24.209999,24.26,23.719998999999998,23.73,23.541254000000002,8173800
2017-04-25,23.790001,24.42,23.66,24.41,24.215845,6935100
2017-04-26,24.17,24.889999,24.049999,24.309998999999998,24.11664,6312600
2017-04-27,24.110001,24.389999,23.700001,24.120001000000002,23.928156,7577100
2017-04-28,24.66,24.67,23.1,23.24,23.055153,11815400
2017-05-01,23.35,23.92,23.209999,23.799999,23.610697000000002,6487900
2017-05-02,23.85,24.35,23.85,24.129998999999998,23.938072000000002,8772600
2017-05-03,24.02,24.42,23.98,24.25,24.057119,5283200
2017-05-04,24.07,24.129998999999998,23.120001000000002,23.48,23.293243,8344800
2017-05-05,23.65,24.200001,23.52,24.17,23.977755,7915000
2017-05-08,23.940001000000002,24.040001,23.59,23.709999,23.521411999999998,6500500
2017-05-09,23.75,24.040001,23.379998999999998,23.82,23.630539000000002,8473000
2017-05-10,23.99,25.0,23.93,24.879998999999998,24.682106,7266300
2017-05-11,25.25,25.32,24.42,24.809998999999998,24.612665,6794100
2017-05-12,24.889999,24.959999,24.25,24.34,24.146404,6768500
2017-05-15,24.610001,24.82,24.049999,24.26,24.116579,4904200
2017-05-16,24.26,24.280001000000002,23.620001000000002,23.82,23.67918,5076400
2017-05-17,23.82,23.959999,23.209999,23.219998999999998,23.082729,6408400
2017-05-18,23.1,23.41,22.98,23.07,22.933615,7952300
2017-05-19,23.129998999999998,23.59,23.01,23.48,23.34119,7160200
2017-05-22,23.610001,23.76,23.35,23.48,23.34119,5057300
2017-05-23,23.5,23.959999,23.48,23.549999,23.410778,8000800
2017-05-24,23.5,23.559998999999998,22.76,22.82,22.685093,5006700
2017-05-25,22.73,23.129998999999998,22.309998999999998,22.85,22.714916,6154700
2017-05-26,22.84,23.09,22.68,22.959999,22.824265,4403300
2017-05-30,22.74,22.82,22.4,22.459999,22.327219,3563300
2017-05-31,22.24,22.43,22.1,22.190001000000002,22.058817,7888700
2017-06-01,22.280001000000002,22.35,21.99,22.15,22.019054,6100200
2017-06-02,22.07,22.129998999999998,21.5,21.59,21.462364,5606700
2017-06-05,21.4,21.73,21.4,21.5,21.372896,3738500
2017-06-06,21.74,22.040001,21.549999,22.0,21.869942,6443800
2017-06-07,21.860001,22.190001000000002,21.559998999999998,22.1,21.969348999999998,9297500
2017-06-08,22.1,22.65,21.93,22.32,22.188049,10755800
2017-06-09,22.360001,23.059998999999998,22.299999,22.879998999999998,22.744738,7007600
2017-06-12,23.110001,23.16,22.5,22.780001000000002,22.645329999999998,5908600
2017-06-13,22.879998999999998,23.379998999999998,22.690001000000002,23.370001000000002,23.231842,5539700
2017-06-14,23.129998999999998,23.190001000000002,22.690001000000002,23.1,22.96344,6014500
2017-06-15,23.0,23.370001000000002,22.84,23.34,23.202019,7868300
2017-06-16,23.459999,23.540001,22.950001,23.120001000000002,22.983318,9137500
2017-06-19,23.040001,23.08,22.450001,22.59,22.456451,8209000
2017-06-20,22.280001000000002,22.58,22.16,22.4,22.267576000000002,6285500
2017-06-21,22.290001,22.709999,22.01,22.35,22.217871,8493800
2017-06-22,22.43,23.01,22.32,22.860001,22.724857,7432500
2017-06-23,22.879998999999998,23.790001,22.879998999999998,23.74,23.599653,8893400
2017-06-26,23.860001,24.6,23.780001000000002,24.299999,24.156343,6239400
2017-06-27,24.48,24.530001000000002,24.129998999999998,24.5,24.355162,8279200
2017-06-28,24.58,24.91,24.41,24.48,24.335278,7818400
2017-06-29,24.620001000000002,24.98,24.5,24.82,24.673267000000003,8305800
2017-06-30,25.16,25.41,24.799999,25.08,24.931732,7005800
2017-07-03,25.09,25.290001,24.82,25.129998999999998,24.981434,3820200
2017-07-05,24.91,25.15,24.549999,24.9,24.752796,5787200
2017-07-06,24.950001,24.99,24.02,24.26,24.116579,8985600
2017-07-07,24.16,24.299999,23.889999,24.26,24.116579,4781700
2017-07-10,24.26,24.780001000000002,24.190001000000002,24.67,24.524157000000002,3882600
2017-07-11,24.639999,25.120001000000002,24.58,24.889999,24.742855,3579000
2017-07-12,25.059998999999998,25.35,24.92,25.09,24.941673,4370600
2017-07-13,25.059998999999998,25.450001,24.969998999999998,25.42,25.269722,3610800
2017-07-14,25.43,25.52,25.18,25.35,25.200134,4722700
2017-07-17,25.370001000000002,25.790001,25.33,25.43,25.279663,5788000
2017-07-18,25.530001000000002,25.6,24.530001000000002,24.82,24.673267000000003,5686900
2017-07-19,24.879998999999998,25.309998999999998,24.84,25.17,25.0212,6660500
2017-07-20,25.33,25.610001,24.940001000000002,25.0,24.852204999999998,4712400
2017-07-21,24.98,25.120001000000002,24.84,24.98,24.832323000000002,6011700
2017-07-24,24.9,25.040001,24.65,24.780001000000002,24.633507,4085900
2017-07-25,25.120001000000002,25.450001,25.08,25.120001000000002,24.971498,4571500
2017-07-26,25.23,25.459999,25.0,25.16,25.011259,3193000
2017-07-27,25.18,25.290001,24.91,25.18,25.031141,6260400
2017-07-28,25.1,26.08,24.57,25.5,25.349249,8282600
2017-07-31,25.32,25.450001,24.709999,24.870001000000002,24.722975,6128400
2017-08-01,25.049999,25.549999,25.049999,25.360001,25.210077,7505600
2017-08-02,25.190001000000002,25.629998999999998,24.51,24.57,24.424746,5796900
2017-08-03,24.67,24.98,24.27,24.57,24.424746,6494300
2017-08-04,24.57,24.85,24.4,24.709999,24.563919,3769400
2017-08-07,24.639999,24.68,24.24,24.370001000000002,24.225929,4073100
2017-08-08,24.280001000000002,24.709999,24.280001000000002,24.57,24.474961999999998,3279500
2017-08-09,24.75,25.23,24.67,24.83,24.733957,5949100
2017-08-10,24.889999,25.049999,24.52,24.58,24.484922,5929400
2017-08-11,24.48,24.91,24.450001,24.610001,24.514809,3630800
2017-08-14,24.719998999999998,24.889999,24.43,24.450001,24.355427,3397300
2017-08-15,24.379998999999998,24.66,24.07,24.59,24.494884,3707100
2017-08-16,24.59,24.870001000000002,24.450001,24.540001,24.445079999999997,3408400
2017-08-17,24.49,24.9,24.459999,24.530001000000002,24.435118,3735100
2017-08-18,24.51,24.559998999999998,24.15,24.389999,24.295658,6443000
2017-08-21,24.34,24.690001000000002,24.17,24.5,24.405233,4346200
2017-08-22,24.59,25.1,24.59,24.98,24.883375,3193500
2017-08-23,24.860001,25.209999,24.690001000000002,24.9,24.803686,4718600
2017-08-24,24.889999,25.110001,24.74,24.98,24.883375,3912300
2017-08-25,25.030001000000002,25.049999,24.469998999999998,24.85,24.753881,3609800
2017-08-28,24.77,24.969998999999998,24.540001,24.76,24.664228,3121800
2017-08-29,24.549999,24.9,24.26,24.870001000000002,24.773802,3011100
2017-08-30,24.719998999999998,24.99,24.530001000000002,24.790001,24.694113,2578400
2017-08-31,24.940001000000002,25.66,24.65,25.549999,25.451172,7633300
2017-09-01,25.549999,26.950001,25.549999,26.870001000000002,26.766068,10050900
2017-09-05,26.66,27.139999,26.51,26.959999,26.855717,6618200
2017-09-06,27.059998999999998,27.129998999999998,26.709999,26.92,26.815872,5887600
2017-09-07,26.9,26.950001,26.57,26.639999,26.536955,3858200
2017-09-08,26.52,26.6,25.91,25.969998999999998,25.869545000000002,6707200
2017-09-11,26.120001000000002,26.200001,25.93,26.030001000000002,25.929316,5314900
2017-09-12,26.15,26.48,25.98,26.33,26.228153000000002,4639000
2017-09-13,26.57,26.66,26.16,26.41,26.307846,5020000
2017-09-14,26.530001000000002,26.879998999999998,26.43,26.74,26.636568,6400300
2017-09-15,26.75,26.83,26.42,26.809998999999998,26.706296999999996,6050700
2017-09-18,26.780001000000002,27.059998999999998,26.48,26.52,26.417419,5558700
2017-09-19,26.459999,26.540001,26.08,26.209999,26.108618,6262300
2017-09-20,26.34,26.450001,25.98,26.290001,26.188311,6884100
2017-09-21,26.129998999999998,26.49,25.959999,26.41,26.307846,3801600
2017-09-22,26.34,26.610001,26.26,26.58,26.477188,4461900
2017-09-25,26.73,26.91,26.559998999999998,26.799999,26.696334999999998,3706600
2017-09-26,26.809998999999998,27.01,26.780001000000002,26.870001000000002,26.766068,4996600
2017-09-27,27.0,27.09,26.52,26.83,26.726221000000002,6066800
2017-09-28,26.83,26.950001,26.450001,26.82,26.716259,6840300
2017-09-29,26.59,26.83,26.440001000000002,26.75,26.64653,4996800
2017-10-02,26.48,26.82,26.290001,26.77,26.666453999999998,6350600
2017-10-03,26.719998999999998,26.780001000000002,26.52,26.58,26.477188,3078200
2017-10-04,26.74,26.790001,26.23,26.43,26.327768,3488100
2017-10-05,26.57,26.65,26.32,26.389999,26.287922,3529300
2017-10-06,26.190001000000002,26.280001000000002,25.639999,25.709999,25.610552,4560200
2017-10-09,25.709999,25.75,25.280001000000002,25.440001000000002,25.341599,4774900
2017-10-10,25.610001,25.67,25.24,25.360001,25.261908,5563900
2017-10-11,25.440001000000002,25.530001000000002,25.25,25.51,25.411325,3323700
2017-10-12,25.42,26.07,25.32,26.0,25.899431,5773300
2017-10-13,26.23,26.389999,25.9,26.0,25.899431,6534000
2017-10-16,25.99,26.110001,25.66,25.690001000000002,25.590629999999997,4988500
2017-10-17,25.690001000000002,25.950001,25.58,25.879998999999998,25.779894,3990100
2017-10-18,25.780001000000002,26.0,25.59,25.620001000000002,25.520901000000002,3877000
2017-10-19,25.5,25.58,25.209999,25.48,25.381443,3644000
2017-10-20,25.52,25.6,25.35,25.530001000000002,25.43125,3545500
2017-10-23,25.67,25.709999,25.219998999999998,25.23,25.132407999999998,3602600
2017-10-24,25.27,25.33,24.82,24.92,24.823608,3986400
2017-10-25,24.790001,24.98,24.379998999999998,24.42,24.325542000000002,5455500
2017-10-26,24.41,24.68,24.1,24.65,24.554653,5656300
2017-10-27,25.200001,27.02,24.610001,26.75,26.64653,12719100
2017-10-30,26.85,27.309998999999998,26.65,27.190001000000002,27.084829,7834000
2017-10-31,27.4,28.0,27.24,27.700001,27.592857000000002,9259700
2017-11-01,27.75,28.1,27.549999,27.91,27.802042,7164100
2017-11-02,27.969998999999998,28.290001,27.780001000000002,28.26,28.15069,7370400
2017-11-03,28.23,28.41,28.01,28.23,28.120805999999998,6115300
2017-11-06,28.6,29.030001000000002,28.4,28.780001000000002,28.668678000000003,7741600
2017-11-07,27.450001,27.92,27.17,27.84,27.780577,10863400
2017-11-08,27.799999,28.110001,27.34,27.82,27.76062,6921100
2017-11-09,28.25,28.82,28.129998999999998,28.559998999999998,28.499041,7256400
2017-11-10,28.309998999999998,29.059998999999998,28.299999,28.99,28.928122,6005300
2017-11-13,28.889999,29.26,28.76,29.059998999999998,28.997971999999997,4422300
2017-11-14,28.809998999999998,28.92,28.290001,28.459999,28.399252,4607100
2017-11-15,28.360001,28.559998999999998,27.950001,28.450001,28.389277000000003,3996200
2017-11-16,28.58,28.84,28.32,28.74,28.678656,3802800
2017-11-17,28.91,29.41,28.82,29.389999,29.327269,5599600
2017-11-20,29.24,29.370001000000002,28.92,29.01,28.948079999999997,4078000
2017-11-21,29.129998999999998,29.299999,28.91,29.07,29.007952000000003,2791400
2017-11-22,29.280001000000002,29.48,29.129998999999998,29.440001000000002,29.377163,2645300
2017-11-24,29.49,29.5,29.190001000000002,29.25,29.187566999999998,995500
2017-11-27,29.4,29.469998999999998,29.08,29.139999,29.077803000000003,2858400
2017-11-28,29.25,29.309998999999998,29.02,29.1,29.037888,2885400
2017-11-29,29.389999,29.469998999999998,28.91,29.17,29.107738,3336700
2017-11-30,29.209999,29.57,28.58,28.950001,28.888208000000002,8371900
2017-12-01,29.23,29.540001,28.370001000000002,28.68,28.618784,7238300
2017-12-04,28.51,29.27,28.440001000000002,28.57,28.509017999999998,4391300
2017-12-05,28.43,28.5,28.139999,28.33,28.269531,4090200
2017-12-06,28.280001000000002,28.389999,27.889999,28.049999,27.990128000000002,3586000
2017-12-07,27.950001,28.120001000000002,27.65,27.780001000000002,27.720705,3204900
2017-12-08,27.889999,28.08,27.700001,27.75,27.690769,4460900
2017-12-11,28.030001000000002,28.629998999999998,28.0,28.33,28.269531,3282200
2017-12-12,28.389999,28.51,27.59,27.6,27.541090000000004,3252000
2017-12-13,27.58,28.07,27.440001000000002,27.76,27.700747999999997,4039700
2017-12-14,27.610001,27.73,27.25,27.26,27.201815000000003,4482900
2017-12-15,27.459999,27.469998999999998,26.459999,26.639999,26.583138,7074200
2017-12-18,26.860001,27.360001,26.73,27.09,27.032179,5070500
2017-12-19,27.15,27.209999,26.77,26.82,26.762753999999997,3411300
2017-12-20,26.75,27.049999,26.58,26.969998999999998,26.912434,3550000
2017-12-21,26.83,27.780001000000002,26.75,27.719998999999998,27.660833,7591900
2017-12-22,27.66,27.82,27.42,27.59,27.531111,4296000
2017-12-26,27.75,28.110001,27.66,28.1,28.040021999999997,2901000
2017-12-27,28.01,28.219998999999998,27.950001,28.129998999999998,28.069958000000003,3635800
2017-12-28,28.32,28.6,28.09,28.540001,28.479084000000004,4402400
2017-12-29,28.690001000000002,28.709999,28.190001000000002,28.6,28.538956,5095500
2018-01-02,28.309998999999998,28.950001,28.219998999999998,28.9,28.838314,5244300
2018-01-03,29.18,29.559998999999998,28.959999,29.030001000000002,28.968039,5350900
2018-01-04,29.09,29.33,28.77,28.91,28.848292999999998,4540200
2018-01-05,28.58,29.09,28.58,28.76,28.698614000000003,4459100
2018-01-08,28.860001,28.92,28.51,28.91,28.848292999999998,4200300
2018-01-09,28.940001000000002,29.24,28.799999,29.120001000000002,29.057846,4225800
2018-01-10,29.139999,29.219998999999998,27.809998999999998,27.959999,27.90032,5037800
2018-01-11,28.190001000000002,28.91,28.0,28.4,28.339382,6340100
2018-01-12,28.299999,28.950001,28.26,28.879998999999998,28.818356,6908200
2018-01-16,28.780001000000002,28.85,27.950001,28.030001000000002,27.970173,4725800
2018-01-17,27.799999,28.15,27.549999,27.98,27.920278999999997,5377000
2018-01-18,27.879998999999998,28.09,27.459999,27.57,27.511152000000003,4450600
2018-01-19,27.57,27.629998999999998,27.26,27.51,27.451283,4394000
2018-01-22,27.709999,28.129998999999998,27.6,28.110001,28.050001,4119800
2018-01-23,28.17,28.51,27.959999,28.360001,28.360001,4121100
2018-01-24,28.6,28.780001000000002,28.030001000000002,28.110001,28.110001,4218300
2018-01-25,28.27,28.34,27.59,27.620001000000002,27.620001000000002,2923900
2018-01-26,27.860001,28.030001000000002,27.66,27.83,27.83,3057200
2018-01-29,27.559998999999998,27.6,26.98,27.059998999999998,27.059998999999998,3633500
2018-01-30,26.870001000000002,27.040001,26.52,26.690001000000002,26.690001000000002,3826300
2018-01-31,26.75,26.9,26.26,26.35,26.35,6085900
2018-02-01,26.290001,26.459999,25.870001000000002,26.200001,26.200001,5662500
2018-02-02,25.82,25.85,25.030001000000002,25.190001000000002,25.190001000000002,6586800
2018-02-05,24.76,25.139999,23.91,24.08,24.08,9238100
2018-02-06,23.65,24.74,23.48,24.6,24.6,9515000
2018-02-07,24.540001,24.66,23.35,23.370001000000002,23.370001000000002,8007600
2018-02-08,23.41,23.93,23.0,23.01,23.01,9140700
2018-02-09,23.190001000000002,23.799999,22.6,23.639999,23.639999,9291100
2018-02-12,24.01,24.27,23.549999,23.84,23.84,7359100
2018-02-13,23.84,23.9,23.58,23.73,23.73,3606800
2018-02-14,23.49,24.26,23.290001,24.0,24.0,5864100
2018-02-15,24.02,24.26,23.799999,24.049999,24.049999,6198000
2018-02-16,23.969998999999998,24.209999,23.83,23.889999,23.889999,5411500
2018-02-20,24.15,24.200001,23.77,23.92,23.92,4681800
