Date,Open,High,Low,Close,Adj Close,Volume
2017-01-03,32.02,32.5,31.870001000000002,32.040001000000004,31.624503999999998,1012200
2017-01-04,32.200001,32.560001,32.07,32.400002,31.979834000000004,778100
2017-01-05,32.200001,32.439999,31.98,32.09,31.673855,1472300
2017-01-06,32.09,32.330002,31.84,32.16,31.742949,907400
2017-01-09,32.18,32.200001,31.83,32.0,31.58502,568600
2017-01-10,31.969998999999998,32.040001000000004,31.860001,31.950001,31.535669,563800
2017-01-11,31.9,32.650002,31.790001,32.59,32.167374,1006200
2017-01-12,32.619999,33.540001000000004,32.389998999999996,32.970001,32.542442,1231000
2017-01-13,33.0,33.299999,32.889998999999996,33.049999,32.621403,664900
2017-01-17,32.830002,32.900002,32.581001,32.709998999999996,32.285812,614500
2017-01-18,32.700001,33.0,32.599998,32.799999,32.374645,886900
2017-01-19,32.799999,32.830002,32.32,32.439999,32.01931,764100
2017-01-20,32.560001,32.669998,32.220001,32.540001000000004,32.118019,779000
2017-01-23,32.52,32.599998,31.889999,32.080002,31.663985999999998,1259300
2017-01-24,32.25,32.294998,31.67,32.220001,31.80217,664100
2017-01-25,32.490002000000004,32.610001000000004,32.09,32.119999,31.703466,671300
2017-01-26,32.290001000000004,32.380001,31.790001,31.889999,31.476446000000003,558700
2017-01-27,32.0,32.139998999999996,31.52,31.66,31.249432000000002,716700
2017-01-30,31.530001000000002,31.530001000000002,30.98,31.07,30.667082,824000
2017-01-31,31.1,31.17,30.709999,31.02,30.617731,518400
2017-02-01,31.02,31.59,30.91,31.549999,31.140858,803800
2017-02-02,31.459999,32.080002,31.280001000000002,31.809998999999998,31.397485999999997,1291400
2017-02-03,31.889999,32.43,31.764999,32.360001000000004,31.940355,989800
2017-02-06,32.110001000000004,32.490002000000004,31.99,32.299999,31.881134000000003,1300700
2017-02-07,32.220001,32.59,31.91,32.549999,32.127891999999996,1629300
2017-02-08,30.65,31.209999,29.1,30.299999,29.907065999999997,6596400
2017-02-09,30.370001000000002,31.219998999999998,30.299999,30.559998999999998,30.163696,2115600
2017-02-10,30.6,31.254998999999998,30.58,31.02,30.617731,2159100
2017-02-13,31.23,31.299999,30.639999,30.65,30.252529,895900
2017-02-14,30.57,30.780001000000002,29.98,29.99,29.601088,2736900
2017-02-15,30.030001000000002,30.450001,29.870001000000002,30.35,29.956419,2620200
2017-02-16,30.549999,30.879998999999998,30.1,30.379998999999998,29.986029,1217200
2017-02-17,30.379998999999998,30.530001000000002,29.93,30.02,29.630699,1035800
2017-02-21,30.129998999999998,30.745001000000002,30.040001,30.629998999999998,30.232784000000002,1473900
2017-02-22,30.540001,30.950001,30.379998999999998,30.85,30.449934000000002,1276800
2017-02-23,30.969998999999998,30.969998999999998,30.040001,30.049999,29.660309,1601800
2017-02-24,29.92,30.33,29.59,30.33,29.936678000000004,1100100
2017-02-27,30.23,30.68,30.1,30.620001000000002,30.222918,1164700
2017-02-28,30.469998999999998,30.469998999999998,29.735001,29.82,29.433290000000003,1095200
2017-03-01,30.139999,30.5,30.0,30.35,29.956419,936100
2017-03-02,30.26,30.26,29.860001,30.120001000000002,29.729403,998000
2017-03-03,30.01,30.1,29.82,29.940001000000002,29.551734999999997,890600
2017-03-06,29.5,29.610001,28.41,28.66,28.288334000000003,1399500
2017-03-07,28.68,28.73,28.299999,28.5,28.130409000000004,1159500
2017-03-08,28.58,28.725,28.34,28.6,28.229115000000004,860300
2017-03-09,28.58,28.610001,28.139999,28.379998999999998,28.011967,785500
2017-03-10,28.280001000000002,28.65,28.190001000000002,28.42,28.051448999999998,934100
2017-03-13,28.4,28.82,28.334999,28.809998999999998,28.436388,987800
2017-03-14,28.700001,28.93,28.66,28.92,28.544964,707300
2017-03-15,28.959999,29.200001,28.860001,29.110001,28.7325,907700
2017-03-16,29.200001,29.299999,29.08,29.15,28.77198,661100
2017-03-17,29.18,29.32,28.77,29.26,28.880556,1926500
2017-03-20,29.299999,29.365,28.940001000000002,29.299999,28.920036,887800
2017-03-21,29.49,29.58,28.879998999999998,28.950001,28.574575,964600
2017-03-22,29.01,29.07,28.555,28.860001,28.485743,880000
2017-03-23,28.799999,29.34,28.459999,29.299999,28.920036,834300
2017-03-24,29.32,29.530001000000002,29.27,29.43,29.048348999999998,1175000
2017-03-27,29.059998999999998,29.17,28.705,29.059998999999998,28.683146999999998,972800
2017-03-28,28.959999,29.549999,28.68,29.5,29.117440999999996,1120400
2017-03-29,29.360001,29.620001000000002,29.27,29.6,29.216145,737400
2017-03-30,29.450001,29.93,29.35,29.799999,29.413551000000002,1375800
2017-03-31,29.83,29.83,29.16,29.290001,28.910165999999997,1116700
2017-04-03,29.139999,29.219998999999998,28.055,28.190001000000002,27.919752000000003,1245900
2017-04-04,28.1,28.219998999999998,27.799999,27.950001,27.682053000000003,1233500
2017-04-05,28.389999,28.459999,27.9,27.969998999999998,27.701862,1445100
2017-04-06,28.0,28.1,27.870001000000002,28.030001000000002,27.761286,1105000
2017-04-07,28.030001000000002,28.27,27.85,28.07,27.800903,660800
2017-04-10,28.08,28.43,28.059998999999998,28.17,27.899942,462300
2017-04-11,27.969998999999998,28.190001000000002,27.809998999999998,28.190001000000002,27.919752000000003,594700
2017-04-12,28.120001000000002,28.219998999999998,27.889999,27.98,27.711765000000003,873200
2017-04-13,27.83,28.07,27.65,27.68,27.414640000000002,430400
2017-04-17,27.9,28.52,27.77,28.52,28.246588,787700
2017-04-18,28.299999,28.68,28.275,28.49,28.216877,1095000
2017-04-19,28.58,28.870001000000002,28.555,28.709999,28.434765000000002,621600
2017-04-20,28.889999,29.07,28.780001000000002,28.92,28.642753999999996,550800
2017-04-21,28.9,28.950001,28.690001000000002,28.92,28.642753999999996,453500
2017-04-24,29.25,29.35,28.879998999999998,29.02,28.741796,804600
2017-04-25,29.209999,29.34,29.040001,29.09,28.811125,885700
2017-04-26,29.16,29.34,29.049999,29.24,28.959685999999998,643300
2017-04-27,29.34,29.555,29.1,29.190001000000002,28.910165999999997,515600
2017-04-28,29.120001000000002,29.120001000000002,28.625,29.08,28.80122,1263400
2017-05-01,29.26,29.32,29.02,29.16,28.880453000000003,916900
2017-05-02,29.209999,29.32,28.945,29.280001000000002,28.999304,624200
2017-05-03,29.129998999999998,29.15,28.870001000000002,29.02,28.741796,493300
2017-05-04,29.190001000000002,29.51,28.92,29.49,29.207289000000003,742800
2017-05-05,29.610001,29.719998999999998,29.469998999999998,29.629998999999998,29.345947,358600
2017-05-08,29.57,29.74,29.459999,29.639999,29.355852000000002,392200
2017-05-09,29.700001,29.700001,29.01,29.120001000000002,28.840839000000003,918200
2017-05-10,29.040001,29.48,28.91,29.43,29.147865000000003,615900
2017-05-11,29.32,29.32,28.889999,29.32,29.038918,447500
2017-05-12,29.219998999999998,29.24,28.870001000000002,29.09,28.811125,839100
2017-05-15,29.1,29.51,29.01,29.299999,29.019109999999998,2131900
2017-05-16,29.35,29.790001,29.09,29.75,29.464796000000003,896000
2017-05-17,29.75,29.75,28.74,28.790001,28.514,688600
2017-05-18,28.610001,28.9,28.24,28.67,28.395151000000002,874800
2017-05-19,28.84,29.200001,28.610001,28.75,28.474382000000002,666300
2017-05-22,28.74,29.08,28.74,29.040001,28.761604,805400
2017-05-23,29.139999,29.33,28.98,29.26,28.979494,1449300
2017-05-24,29.360001,29.870001000000002,29.202999,29.639999,29.355852000000002,1855800
2017-05-25,31.469998999999998,31.85,30.214001,31.01,30.712719,1778500
2017-05-26,30.84,30.969998999999998,30.389999,30.459999,30.167990000000003,1005700
2017-05-30,30.280001000000002,30.450001,30.110001,30.219998999999998,29.930291999999998,802600
2017-05-31,30.34,30.450001,29.965,30.16,29.870866999999997,1279500
2017-06-01,30.16,30.77,30.049999,30.68,30.385881,1383900
2017-06-02,30.690001000000002,30.75,30.299999,30.440001000000002,30.148182000000002,777600
2017-06-05,30.870001000000002,31.18,30.780001000000002,30.950001,30.653294,1314200
2017-06-06,30.940001000000002,31.125,30.68,30.92,30.623581,1863100
2017-06-07,30.93,31.209999,30.84,31.129998999999998,30.831566,1061900
2017-06-08,31.129998999999998,31.74,31.049999,31.459999,31.158403000000003,917900
2017-06-09,31.459999,31.82,31.200001,31.450001,31.148502,901500
2017-06-12,31.440001000000002,32.060001,31.434998999999998,32.02,31.713036,1206600
2017-06-13,31.969998999999998,32.310001,31.75,32.310001,32.100506,951500
2017-06-14,32.310001,32.509997999999996,32.16,32.470001,32.259471999999995,1465700
2017-06-15,32.110001000000004,32.549999,32.02,32.400002,32.189921999999996,1176600
2017-06-16,32.330002,32.494999,32.220001,32.349998,32.140246999999995,2202500
2017-06-19,32.5,32.779999,32.299999,32.470001,32.259471999999995,1297300
2017-06-20,32.349998,32.349998,32.0,32.16,31.951477,762800
2017-06-21,32.209998999999996,32.369999,31.85,31.950001,31.742842,628900
2017-06-22,31.879998999999998,31.952999,31.540001,31.65,31.444785999999997,833300
2017-06-23,31.690001000000002,32.110001000000004,31.51,31.91,31.703097999999997,2056800
2017-06-26,31.959999,32.23,31.76,31.790001,31.583878000000002,639800
2017-06-27,31.790001,31.9,31.4,31.48,31.275888000000002,669900
2017-06-28,31.65,31.91,31.48,31.84,31.633553999999997,750800
2017-06-29,31.9,32.029999,31.4,31.700001,31.494463,1032900
2017-06-30,31.700001,31.940001000000002,31.700001,31.75,31.544138,1048100
2017-07-03,31.940001000000002,32.189999,31.83,31.870001000000002,31.663361,275400
2017-07-05,31.93,32.110001000000004,31.690001000000002,31.93,31.722971,1021600
2017-07-06,31.799999,31.82,31.33,31.34,31.136795000000003,625900
2017-07-07,31.459999,31.969998999999998,31.440001000000002,31.959999,31.752775,774900
2017-07-10,31.959999,32.169998,31.76,31.860001,31.653425,1466400
2017-07-11,31.879998999999998,32.240002000000004,31.812,32.18,31.971352000000003,897200
2017-07-12,32.34,32.91,32.34,32.82,32.607201,1143200
2017-07-13,32.82,32.922001,32.73,32.799999,32.58733,554200
2017-07-14,32.830002,32.91,32.671001000000004,32.82,32.607201,336800
2017-07-17,32.779999,32.939999,32.52,32.889998999999996,32.676743,708700
2017-07-18,32.860001000000004,32.990002000000004,32.740002000000004,32.869999,32.656876000000004,715000
2017-07-19,32.900002,33.18,32.880001,33.139998999999996,32.925125,602400
2017-07-20,33.259997999999996,33.610001000000004,33.119999,33.580002,33.362274,804400
2017-07-21,33.57,33.669998,33.470001,33.66,33.44175,825800
2017-07-24,33.599998,33.669998,33.419998,33.48,33.26292,557400
2017-07-25,33.639998999999996,33.66,33.419998,33.439999,33.223178999999995,532000
2017-07-26,33.450001,33.470001,33.099998,33.189999,32.9748,419500
2017-07-27,33.25,33.25,32.57,32.830002,32.617138,574800
2017-07-28,32.759997999999996,32.799999,32.580002,32.689999,32.478043,538300
2017-07-31,32.84,32.939999,32.389998999999996,32.610001000000004,32.398563,463600
2017-08-01,32.779999,33.009997999999996,32.459998999999996,32.93,32.716488,529700
2017-08-02,32.889998999999996,32.93,32.220001,32.389998999999996,32.179989,574300
2017-08-03,32.389998999999996,32.82,32.299999,32.73,32.517784000000006,574900
2017-08-04,33.0,33.040001000000004,32.505001,32.560001,32.348888,476200
2017-08-07,32.5,32.759997999999996,32.18,32.32,32.110443,679700
2017-08-08,32.279999,32.84,32.130001,32.259997999999996,32.050827000000005,746100
2017-08-09,32.139998999999996,32.450001,31.870001000000002,32.189999,31.981283,1480100
2017-08-10,32.720001,33.0,31.940001000000002,32.349998,32.140246999999995,1793400
2017-08-11,32.130001,32.59,31.790001,32.23,32.021027000000004,1049200
2017-08-14,32.599998,32.919998,32.48,32.759997999999996,32.547588,733000
2017-08-15,32.740002000000004,32.799999,32.32,32.32,32.110443,674200
2017-08-16,32.380001,32.490002000000004,32.09,32.139998999999996,31.931608,829400
2017-08-17,32.119999,32.470001,31.84,31.85,31.643488,702400
2017-08-18,31.91,31.92,31.59,31.6,31.395111,860000
2017-08-21,31.51,31.809998999999998,31.49,31.790001,31.583878000000002,519400
2017-08-22,31.85,31.85,31.469998999999998,31.709999,31.504396000000003,900800
2017-08-23,31.66,31.66,31.305,31.33,31.126859999999997,533900
2017-08-24,31.4,31.43,31.1,31.16,30.957962,803400
2017-08-25,31.18,31.405001000000002,31.15,31.34,31.237043,867400
2017-08-28,31.51,31.540001,31.07,31.219998999999998,31.117434999999997,512000
2017-08-29,31.040001,31.5,31.040001,31.26,31.157307,586900
2017-08-30,31.26,31.41,31.190001000000002,31.309998999999998,31.207140000000003,775500
2017-08-31,31.370001000000002,31.59,31.290001,31.51,31.406484999999996,922800
2017-09-01,31.6,32.150002,31.6,31.92,31.815138,1555400
2017-09-05,31.879998999999998,32.32,31.389999,31.559998999999998,31.45632,846400
2017-09-06,32.16,32.990002000000004,32.099998,32.669998,32.562672,1753900
2017-09-07,32.689999,32.761002000000005,32.419998,32.509997999999996,32.403197999999996,901200
2017-09-08,32.470001,32.5,32.07,32.189999,32.084247999999995,1423800
2017-09-11,32.41,32.860001000000004,32.365002000000004,32.610001000000004,32.502871999999996,1692400
2017-09-12,32.639998999999996,32.722,32.34,32.560001,32.453037,1193800
2017-09-13,32.52,32.599998,32.16,32.32,32.213821,1380100
2017-09-14,32.150002,32.150002,31.57,31.610001,31.506157,1709900
2017-09-15,32.110001000000004,32.41,31.709999,31.98,31.874939,5481300
2017-09-18,31.92,32.130001,31.575001,31.629998999999998,31.526089000000002,2636200
2017-09-19,31.719998999999998,31.889999,31.5,31.75,31.645697,1243500
2017-09-20,31.780001000000002,32.080002,31.653999,31.99,31.884907000000002,1160200
2017-09-21,31.9,32.325001,31.9,32.09,31.984578999999997,981700
2017-09-22,32.09,32.32,31.93,32.060001,31.954679,960300
2017-09-25,32.02,32.040001000000004,31.459999,31.809998999999998,31.705498,768000
2017-09-26,31.99,32.060001,31.83,31.940001000000002,31.835071999999997,775700
2017-09-27,32.049999,32.290001000000004,31.98,32.110001000000004,32.004513,1113700
2017-09-28,31.83,32.099998,31.440001000000002,32.040001000000004,31.934744,1235200
2017-09-29,31.98,32.310001,31.82,32.27,32.163986,1011300
2017-10-02,32.32,32.77,32.290001000000004,32.68,32.572639,701200
2017-10-03,31.799999,32.16,31.76,31.969998999999998,31.864973,1074300
2017-10-04,31.969998999999998,32.110001000000004,31.73,31.98,31.874939,860800
2017-10-05,31.83,31.899,31.440001000000002,31.620001000000002,31.516125,992200
2017-10-06,31.57,31.57,31.1,31.35,31.247010999999997,1868500
2017-10-09,31.27,31.709999,31.040001,31.67,31.565958000000002,1217800
2017-10-10,31.75,31.879998999999998,31.52,31.860001,31.755335,721300
2017-10-11,31.85,31.85,30.92,31.030001000000002,30.928062,1033100
2017-10-12,30.940001000000002,31.41,30.790001,31.379998999999998,31.276911,995900
2017-10-13,31.469998999999998,31.49,31.059998999999998,31.379998999999998,31.276911,559100
2017-10-16,31.4,31.41,31.209999,31.24,31.137371,489500
2017-10-17,31.17,31.32,31.040001,31.110001,31.007799,648300
2017-10-18,31.24,31.35,31.18,31.18,31.077568,795600
2017-10-19,31.09,31.299999,31.0,31.25,31.147339000000002,436700
2017-10-20,31.360001,31.76,31.309998999999998,31.73,31.625760999999997,1087500
2017-10-23,31.799999,31.799999,31.559998999999998,31.59,31.486221,723600
2017-10-24,31.58,31.74,31.5,31.540001,31.436386,524900
2017-10-25,32.0,32.16,31.73,31.85,31.745366999999998,1231500
2017-10-26,31.91,32.18,31.84,31.84,31.735401,1345000
2017-10-27,31.83,31.83,31.48,31.559998999999998,31.45632,560400
2017-10-30,31.5,32.119999,31.469998999999998,31.85,31.745366999999998,684500
2017-10-31,31.9,32.200001,31.870001000000002,31.99,31.884907000000002,938300
2017-11-01,32.099998,32.34,31.98,32.02,31.91481,747100
2017-11-02,32.060001,32.16,31.549999,31.870001000000002,31.765303000000003,681100
2017-11-03,31.75,31.834999,31.290001,31.34,31.237043,791000
2017-11-06,31.389999,31.99,31.26,31.75,31.645697,1274400
2017-11-07,31.799999,31.99,31.559998999999998,31.73,31.625760999999997,1450300
2017-11-08,31.299999,31.620001000000002,29.02,29.559998999999998,29.462891,4131900
2017-11-09,29.370001000000002,29.75,28.84,29.030001000000002,28.934631,1632100
2017-11-10,28.9,29.075001,28.719998999999998,28.82,28.725321,1226200
2017-11-13,28.76,28.799999,28.34,28.540001,28.446240999999997,1230900
2017-11-14,28.34,28.549999,27.965,28.030001000000002,27.937918,1039600
2017-11-15,27.9,27.9,27.379998999999998,27.540001,27.449528000000004,1495900
2017-11-16,27.67,28.040001,27.67,27.950001,27.858181,765800
2017-11-17,27.809998999999998,27.870001000000002,27.549999,27.620001000000002,27.529264,772200
2017-11-20,27.549999,27.700001,27.459999,27.530001000000002,27.439559999999997,547700
2017-11-21,27.93,28.66,27.881001,28.66,28.565846999999998,1586200
2017-11-22,28.57,28.91,28.51,28.540001,28.446240999999997,975800
2017-11-24,28.620001000000002,28.620001000000002,28.17,28.280001000000002,28.187096,227700
2017-11-27,28.360001,28.51,28.209999,28.42,28.326634999999996,1346500
2017-11-28,28.4,28.629998999999998,28.1,28.620001000000002,28.52598,1755600
2017-11-29,28.629998999999998,28.68,28.32,28.51,28.41634,1462700
2017-11-30,28.639999,29.209999,28.459999,28.93,28.834961,2207900
2017-12-01,28.92,29.02,28.200001,28.690001000000002,28.595748999999998,1219400
2017-12-04,28.870001000000002,29.559998999999998,28.870001000000002,29.24,29.143942,1591300
2017-12-05,29.200001,29.27,28.879998999999998,28.98,28.884796,1106000
2017-12-06,28.91,29.18,28.82,28.940001000000002,28.844927000000002,992400
2017-12-07,28.870001000000002,29.440001000000002,28.870001000000002,29.34,29.243614,1134300
2017-12-08,29.48,29.540001,29.02,29.24,29.143942,577800
2017-12-11,29.27,29.49,29.18,29.370001000000002,29.273515999999997,839800
2017-12-12,29.360001,29.450001,29.1,29.17,29.074171000000003,794600
2017-12-13,29.25,30.139999,29.209999,29.879998999999998,29.781837,1689800
2017-12-14,30.0,30.030001000000002,29.594998999999998,29.700001,29.60243,945200
2017-12-15,29.950001,30.309998999999998,29.85,30.129998999999998,30.031017,2494200
2017-12-18,30.26,30.690001000000002,30.07,30.66,30.559277,1320300
2017-12-19,30.59,30.620001000000002,30.1,30.389999,30.290163,933300
2017-12-20,30.450001,30.575001,30.360001,30.42,30.320065000000003,1106600
2017-12-21,30.51,30.58,30.110001,30.280001000000002,30.180525,793700
2017-12-22,30.32,30.4,30.073,30.23,30.13069,482800
2017-12-26,30.16,30.41,30.040001,30.280001000000002,30.180525,810400
2017-12-27,30.309998999999998,30.610001,30.309998999999998,30.49,30.389834999999998,902400
2017-12-28,30.49,30.51,29.940001000000002,30.049999,29.951280999999998,659800
2017-12-29,30.15,30.23,29.799999,29.92,29.821709000000002,823500
2018-01-02,30.01,30.469998999999998,29.93,30.440001000000002,30.34,644600
2018-01-03,30.559998999999998,30.65,30.07,30.469998999999998,30.469998999999998,771600
2018-01-04,30.67,30.969998999999998,30.620001000000002,30.809998999999998,30.809998999999998,1088500
2018-01-05,30.93,31.190001000000002,30.799999,31.07,31.07,796000
2018-01-08,31.01,31.309998999999998,30.9,31.08,31.08,1654600
2018-01-09,31.190001000000002,31.190001000000002,30.74,30.77,30.77,745400
2018-01-10,30.780001000000002,31.629998999999998,30.690001000000002,31.620001000000002,31.620001000000002,936200
2018-01-11,31.639999,32.145,31.540001,32.110001000000004,32.110001000000004,1050200
2018-01-12,32.16,32.259997999999996,31.889999,32.080002,32.080002,976500
2018-01-16,32.290001000000004,32.330002,31.809998999999998,31.940001000000002,31.940001000000002,985400
2018-01-17,32.110001000000004,32.110001000000004,31.719998999999998,31.940001000000002,31.940001000000002,551900
2018-01-18,31.98,32.02,31.559998999999998,31.66,31.66,907700
2018-01-19,31.700001,32.200001,31.57,32.16,32.16,790200
2018-01-22,32.139998999999996,32.220001,31.91,32.200001,32.200001,625100
2018-01-23,32.369999,32.580002,32.200001,32.57,32.57,557700
2018-01-24,32.549999,32.860001000000004,32.509997999999996,32.599998,32.599998,652300
2018-01-25,32.700001,32.959998999999996,32.52,32.82,32.82,499800
2018-01-26,32.860001000000004,33.07,32.599998,33.07,33.07,984000
2018-01-29,32.970001,33.41,32.970001,33.259997999999996,33.259997999999996,727600
2018-01-30,33.119999,33.23,32.709998999999996,32.860001000000004,32.860001000000004,503100
2018-01-31,32.98,33.389998999999996,32.945,33.279999,33.279999,1057400
2018-02-01,33.169998,33.790001000000004,33.044998,33.689999,33.689999,1049000
2018-02-02,33.439999,33.439999,32.34,32.349998,32.349998,799700
2018-02-05,31.99,32.240002000000004,30.895,30.959999,30.959999,1101600
2018-02-06,30.299999,30.790001,29.879998999999998,30.549999,30.549999,1500200
2018-02-07,30.370001000000002,31.559998999999998,30.35,31.35,31.35,1626300
2018-02-08,32.0,32.880001,30.84,30.85,30.85,2478500
2018-02-09,31.26,31.27,29.809998999999998,30.82,30.82,1734000
2018-02-12,40.560001,40.580002,40.384997999999996,40.389998999999996,40.389998999999996,43756500
2018-02-13,40.400002,40.650002,40.400002,40.580002,40.580002,16234400
2018-02-14,40.490002000000004,40.610001000000004,40.490002000000004,40.509997999999996,40.509997999999996,5445800
2018-02-15,40.52,40.57,40.459998999999996,40.52,40.52,5507000
2018-02-16,40.48,40.599998,40.48,40.560001,40.560001,6293300
2018-02-20,40.580002,40.709998999999996,40.5,40.580002,40.580002,4245900
