Date,Open,High,Low,Close,Adj Close,Volume
2017-01-03,71.760002,71.959999,71.07,71.75,69.62640400000001,1971400
2017-01-04,71.940002,72.599998,71.779999,72.360001,70.218346,1790700
2017-01-05,72.480003,72.730003,71.730003,72.099998,69.966042,2270100
2017-01-06,71.82,72.059998,71.559998,71.690002,69.568184,2066200
2017-01-09,71.910004,72.08000200000001,70.93,71.019997,68.917999,1251800
2017-01-10,71.08000200000001,71.33000200000001,70.57,71.110001,69.005348,1258200
2017-01-11,71.07,72.309998,71.07,72.129997,69.99515500000001,1505500
2017-01-12,72.059998,72.489998,71.83000200000001,72.379997,70.237755,1176400
2017-01-13,72.239998,72.489998,71.610001,72.099998,69.966042,979300
2017-01-17,72.389999,72.889999,72.290001,72.510002,70.363907,1673400
2017-01-18,72.610001,72.949997,72.18,72.300003,70.16011800000001,1173500
2017-01-19,72.099998,72.550003,71.540001,71.720001,69.59729,1219100
2017-01-20,71.870003,72.309998,71.57,71.970001,69.839897,921200
2017-01-23,72.08000200000001,72.160004,71.629997,71.82,69.694328,1037200
2017-01-24,71.720001,72.110001,71.480003,72.0,69.869003,1522500
2017-01-25,71.75,71.989998,71.550003,71.730003,69.60700200000001,862000
2017-01-26,71.800003,72.269997,71.589996,71.959999,69.83019300000001,1061600
2017-01-27,72.33000200000001,72.33000200000001,71.790001,72.0,69.869003,1047500
2017-01-30,72.290001,72.290001,71.349998,71.93,69.801079,993200
2017-01-31,72.059998,72.900002,71.730003,72.879997,70.722961,2880900
2017-02-01,72.349998,72.58000200000001,71.5,71.599998,69.48084300000001,1413200
2017-02-02,71.769997,72.650002,71.480003,72.610001,70.460945,1931400
2017-02-03,72.0,72.739998,71.800003,72.540001,70.39302099999999,2098300
2017-02-06,72.83000200000001,73.160004,72.389999,72.75,70.596809,1531800
2017-02-07,72.730003,73.120003,72.510002,73.050003,70.88793199999999,1801000
2017-02-08,73.699997,75.089996,73.589996,74.83000200000001,72.61524200000001,3261400
2017-02-09,74.83000200000001,74.989998,74.32,74.760002,72.547318,1849100
2017-02-10,74.239998,75.230003,74.110001,75.209999,72.983994,1598300
2017-02-13,75.199997,75.639999,74.980003,75.559998,73.323631,1242100
2017-02-14,75.57,75.610001,74.839996,75.389999,73.15866899999999,1483300
2017-02-15,74.83000200000001,75.099998,74.260002,74.980003,72.76080300000001,1890700
2017-02-16,75.129997,75.82,75.099998,75.790001,73.546837,1254300
2017-02-17,75.82,76.43,75.82,76.339996,74.08054399999999,1984400
2017-02-21,76.040001,77.349998,75.910004,77.220001,74.93450899999999,1852900
2017-02-22,77.5,77.639999,76.510002,77.190002,74.905396,3380000
2017-02-23,77.57,78.040001,77.389999,77.900002,75.594383,1750900
2017-02-24,78.129997,78.940002,78.050003,78.870003,76.53568299999999,1926200
2017-02-27,78.93,79.209999,78.480003,79.0,76.661827,1530400
2017-02-28,79.029999,79.940002,78.940002,79.739998,77.379921,2506800
2017-03-01,78.91999799999999,79.980003,78.449997,79.379997,77.030571,2710000
2017-03-02,78.940002,80.610001,78.889999,79.91999799999999,77.554588,2041800
2017-03-03,79.860001,79.989998,78.870003,79.489998,77.137321,1821300
2017-03-06,79.400002,79.610001,79.099998,79.349998,77.001465,1567400
2017-03-07,79.300003,79.620003,79.129997,79.25,76.904427,1820600
2017-03-08,78.760002,78.760002,77.949997,78.120003,75.807869,1868900
2017-03-09,78.150002,78.540001,77.93,78.0,75.691429,1631300
2017-03-10,78.510002,78.980003,78.199997,78.809998,76.47744,1586900
2017-03-13,78.75,79.190002,78.599998,79.08000200000001,76.739456,1233400
2017-03-14,78.720001,78.720001,77.889999,78.41999799999999,76.098984,3502900
2017-03-15,78.779999,80.040001,78.519997,79.809998,77.447845,2573800
2017-03-16,79.5,79.610001,78.900002,79.18,76.83649399999999,1610000
2017-03-17,79.260002,79.910004,79.139999,79.599998,77.244064,3897600
2017-03-20,79.699997,79.860001,78.540001,78.800003,76.467743,1691300
2017-03-21,78.650002,79.809998,78.529999,79.559998,77.205246,1786100
2017-03-22,79.900002,80.529999,79.599998,79.860001,77.496361,1867900
2017-03-23,79.739998,80.540001,79.540001,80.190002,77.81660500000001,1971500
2017-03-24,79.989998,80.989998,79.949997,80.709999,78.321205,1266500
2017-03-27,80.980003,81.33000200000001,80.160004,80.5,78.117424,1334400
2017-03-28,80.309998,80.980003,80.010002,80.900002,78.505585,1421300
2017-03-29,80.150002,80.199997,79.550003,79.82,77.98095699999999,1669300
2017-03-30,79.620003,79.760002,79.150002,79.489998,77.658562,991600
2017-03-31,79.43,80.07,79.43,79.610001,77.775795,1217400
2017-04-03,79.620003,79.949997,78.849998,79.949997,78.107964,2214700
2017-04-04,79.860001,80.33000200000001,79.620003,79.970001,78.12751,1550500
2017-04-05,79.949997,80.68,79.620003,80.589996,78.733215,1613600
2017-04-06,80.309998,80.800003,80.029999,80.459999,78.606216,2141200
2017-04-07,80.620003,80.860001,80.230003,80.25,78.401054,2044400
2017-04-10,80.230003,80.25,79.699997,80.08000200000001,78.23496999999999,1288200
2017-04-11,80.010002,80.190002,79.610001,79.989998,78.147041,1318100
2017-04-12,79.66999799999999,80.849998,79.519997,80.800003,78.938385,1105100
2017-04-13,80.550003,80.790001,80.059998,80.309998,78.459671,1257500
2017-04-17,80.57,80.849998,80.370003,80.66999799999999,78.811378,1414300
2017-04-18,80.709999,81.190002,80.599998,80.870003,79.006775,1459000
2017-04-19,80.93,81.0,80.410004,80.620003,78.762535,1284700
2017-04-20,80.620003,80.620003,79.800003,80.309998,78.459671,1036900
2017-04-21,80.25,80.82,80.16999799999999,80.599998,78.742989,1617600
2017-04-24,80.519997,81.059998,80.0,80.940002,79.07515699999999,1539200
2017-04-25,80.620003,81.059998,80.410004,80.82,78.957924,1387400
2017-04-26,80.83000200000001,80.940002,80.07,80.190002,78.342438,1876400
2017-04-27,80.290001,80.959999,80.16999799999999,80.349998,78.498749,1708100
2017-04-28,80.360001,80.699997,79.839996,79.970001,78.12751,1597100
2017-05-01,80.139999,80.139999,79.150002,79.239998,77.414314,1541300
2017-05-02,80.43,80.550003,78.779999,79.110001,77.287315,1497700
2017-05-03,79.029999,79.269997,78.730003,78.82,77.003998,1144700
2017-05-04,78.66999799999999,79.849998,78.57,79.779999,77.941887,1712300
2017-05-05,80.0,80.099998,79.389999,79.699997,77.863724,1364200
2017-05-08,79.93,79.93,79.150002,79.599998,77.76602199999999,968000
2017-05-09,79.459999,79.970001,79.220001,79.529999,77.697639,1312000
2017-05-10,79.589996,79.93,78.410004,79.040001,77.218925,2263000
2017-05-11,78.839996,78.849998,77.690002,78.57,76.75975799999999,2609700
2017-05-12,78.620003,78.970001,78.480003,78.779999,76.96491999999999,1530700
2017-05-15,78.68,79.150002,78.5,78.720001,76.90630300000001,1760500
2017-05-16,78.760002,78.989998,77.870003,77.870003,76.07589,1655900
2017-05-17,77.870003,78.150002,77.209999,77.589996,75.80233,2195100
2017-05-18,77.82,78.470001,77.43,77.959999,76.163811,1571600
2017-05-19,77.959999,78.239998,77.389999,78.199997,76.39827700000001,2151000
2017-05-22,77.91999799999999,79.08000200000001,77.91999799999999,78.910004,77.091927,1702300
2017-05-23,78.849998,79.559998,78.709999,78.82,77.003998,1358100
2017-05-24,79.019997,79.339996,78.889999,79.220001,77.39478299999999,1106300
2017-05-25,79.16999799999999,80.099998,78.980003,79.949997,78.107964,789500
2017-05-26,79.860001,80.239998,79.75,79.959999,78.117737,775800
2017-05-30,79.889999,80.809998,79.839996,80.66999799999999,78.811378,1357800
2017-05-31,80.620003,81.720001,80.620003,81.57,79.69064300000001,2596100
2017-06-01,81.309998,82.150002,81.040001,82.150002,80.257278,1934300
2017-06-02,82.690002,82.82,81.57,82.010002,80.120506,1809700
2017-06-05,81.82,82.190002,81.68,81.839996,79.954414,1509000
2017-06-06,81.980003,82.269997,81.43,81.510002,79.63202700000001,1394500
2017-06-07,81.529999,82.019997,81.459999,81.83000200000001,79.944649,1376800
2017-06-08,81.83000200000001,81.83000200000001,80.589996,81.41999799999999,79.54409799999999,1373900
2017-06-09,81.199997,81.440002,80.480003,81.290001,79.417099,1829000
2017-06-12,81.260002,81.32,79.720001,80.43,78.576904,2125100
2017-06-13,80.209999,80.349998,79.760002,80.300003,78.449905,1381500
2017-06-14,80.959999,81.480003,80.400002,80.879997,79.016541,1703700
2017-06-15,80.83000200000001,82.050003,80.709999,81.980003,80.09119399999999,1939900
2017-06-16,82.260002,82.589996,81.900002,82.18,80.286583,2479100
2017-06-19,82.33000200000001,82.339996,81.610001,81.900002,80.01303100000001,1203800
2017-06-20,81.93,82.279999,81.760002,81.779999,79.895798,1048800
2017-06-21,81.889999,82.059998,81.199997,81.449997,79.57341,1260700
2017-06-22,81.279999,81.75,80.839996,80.889999,79.026314,1013000
2017-06-23,80.860001,81.08000200000001,79.82,80.029999,78.18611899999999,2122700
2017-06-26,80.050003,80.970001,79.93,80.470001,78.61599,1576000
2017-06-27,80.120003,80.379997,79.050003,79.059998,77.23846400000001,2260500
2017-06-28,78.849998,79.010002,78.029999,78.089996,76.81841999999999,1829400
2017-06-29,77.809998,78.480003,77.260002,78.160004,76.887283,2909200
2017-06-30,78.32,78.980003,78.190002,78.190002,76.916794,2024700
2017-07-03,78.400002,78.459999,77.18,77.18,75.923241,963300
2017-07-05,77.230003,77.58000200000001,76.639999,76.889999,75.637955,1577300
2017-07-06,76.66999799999999,76.839996,76.440002,76.66999799999999,75.421539,1053800
2017-07-07,76.66999799999999,77.220001,76.57,76.83000200000001,75.578941,953600
2017-07-10,76.970001,77.110001,76.410004,76.440002,75.195297,1201500
2017-07-11,76.690002,77.0,76.379997,76.550003,75.303497,1610100
2017-07-12,77.239998,77.400002,76.529999,76.589996,75.342842,1709300
2017-07-13,77.029999,78.470001,76.879997,77.529999,76.26754,2912800
2017-07-14,78.029999,78.32,77.379997,77.449997,76.188843,1903000
2017-07-17,77.389999,77.93,77.32,77.839996,76.572487,1733800
2017-07-18,77.91999799999999,78.139999,77.629997,77.860001,76.592163,1576400
2017-07-19,78.040001,78.089996,77.650002,78.07,76.79875200000001,966300
2017-07-20,78.230003,78.489998,78.059998,78.449997,77.172554,1134400
2017-07-21,78.360001,79.010002,78.230003,78.980003,77.69393199999999,1467800
2017-07-24,78.93,78.959999,78.41999799999999,78.480003,77.202072,1729600
2017-07-25,78.32,78.610001,78.08000200000001,78.389999,77.11353299999999,1723000
2017-07-26,78.459999,78.980003,78.139999,78.910004,77.625069,1276200
2017-07-27,78.760002,79.25,78.410004,79.220001,77.93001600000001,1312500
2017-07-28,78.879997,79.349998,78.129997,78.25,76.975815,2742300
2017-07-31,77.75,78.940002,77.75,78.68,77.39881899999999,1398500
2017-08-01,78.879997,79.33000200000001,78.620003,78.879997,77.595551,1890800
2017-08-02,78.519997,78.91999799999999,78.139999,78.739998,77.457832,1293200
2017-08-03,78.58000200000001,79.440002,78.379997,79.440002,78.146439,1426500
2017-08-04,79.18,79.360001,78.66999799999999,79.290001,77.998886,717100
2017-08-07,79.239998,79.459999,78.940002,79.440002,78.146439,733900
2017-08-08,79.18,79.800003,79.18,79.790001,78.49073800000001,587200
2017-08-09,79.989998,79.989998,79.339996,79.449997,78.156273,1154400
2017-08-10,79.43,79.83000200000001,79.150002,79.66999799999999,78.372688,1118300
2017-08-11,80.07,80.260002,79.25,79.529999,78.23496999999999,1239600
2017-08-14,79.41999799999999,80.610001,79.260002,80.519997,79.208855,2110000
2017-08-15,80.260002,81.33000200000001,79.339996,79.91999799999999,78.61861400000001,3617000
2017-08-16,79.849998,80.120003,79.599998,79.769997,78.471062,2082400
2017-08-17,79.809998,80.07,78.699997,79.010002,77.723442,2564500
2017-08-18,79.089996,79.33000200000001,78.83000200000001,78.940002,77.654587,3203800
2017-08-21,78.970001,79.949997,78.910004,79.779999,78.48090400000001,1996800
2017-08-22,79.739998,80.129997,79.709999,80.099998,78.79568499999999,1209800
2017-08-23,80.150002,80.559998,80.040001,80.33000200000001,79.02195,1817700
2017-08-24,80.279999,80.550003,80.110001,80.199997,78.894058,1190000
2017-08-25,80.58000200000001,81.260002,80.58000200000001,80.75,79.43510400000001,1605700
2017-08-28,81.0,81.07,80.589996,80.860001,79.54332,1014300
2017-08-29,81.0,81.32,80.389999,80.449997,79.139984,1333600
2017-08-30,80.300003,80.550003,80.190002,80.300003,78.992439,1047300
2017-08-31,80.510002,80.639999,80.129997,80.18,78.874382,1547400
2017-09-01,80.389999,80.389999,79.540001,79.959999,78.657967,1051600
2017-09-05,80.059998,80.309998,79.550003,80.260002,78.953087,1674800
2017-09-06,80.300003,80.449997,79.400002,79.550003,78.254654,2490500
2017-09-07,79.769997,80.339996,79.559998,80.16999799999999,78.86455500000001,1814100
2017-09-08,80.110001,80.779999,79.800003,80.739998,79.42527,1387100
2017-09-11,80.75,81.57,80.440002,81.489998,80.163055,1805000
2017-09-12,81.300003,81.58000200000001,80.339996,80.739998,79.42527,2866600
2017-09-13,80.68,81.32,80.43,80.980003,79.661362,2941900
2017-09-14,80.779999,81.190002,80.610001,81.029999,79.710548,1931000
2017-09-15,81.150002,81.529999,80.949997,81.199997,79.87777700000001,3039400
2017-09-18,81.150002,81.410004,79.639999,80.550003,79.238365,2455900
2017-09-19,80.510002,80.650002,79.529999,79.709999,78.412041,2506900
2017-09-20,79.900002,80.0,78.779999,79.089996,77.802132,1643700
2017-09-21,79.050003,79.25,78.599998,78.660004,77.379143,1686700
2017-09-22,78.91999799999999,78.949997,78.220001,78.279999,77.005325,1275900
2017-09-25,78.33000200000001,79.279999,78.129997,79.269997,77.979202,2080500
2017-09-26,79.260002,79.449997,78.879997,79.150002,77.86116,1203400
2017-09-27,78.660004,79.050003,77.66999799999999,78.08000200000001,76.808586,1764200
2017-09-28,77.5,77.769997,76.93,77.57,76.841278,1967700
2017-09-29,77.449997,77.57,76.959999,77.16999799999999,76.44503,2030000
2017-10-02,77.440002,77.730003,76.82,77.0,76.276634,2148400
2017-10-03,76.989998,77.120003,76.550003,77.010002,76.286537,1758400
2017-10-04,77.150002,77.879997,76.959999,77.849998,77.118645,1429400
2017-10-05,77.879997,77.879997,77.379997,77.68,76.950241,975700
2017-10-06,77.349998,77.690002,77.010002,77.620003,76.89080799999999,1340000
2017-10-09,77.790001,77.879997,77.400002,77.550003,76.821465,654900
2017-10-10,77.559998,78.559998,77.389999,78.540001,77.802162,1545000
2017-10-11,78.41999799999999,79.160004,78.25,78.41999799999999,77.683289,1934100
2017-10-12,78.519997,79.68,78.43,79.660004,78.911644,2836700
2017-10-13,79.610001,79.879997,77.75,77.989998,77.25733199999999,2998300
2017-10-16,77.900002,78.199997,77.389999,77.639999,76.910614,1698100
2017-10-17,77.58000200000001,77.860001,76.93,77.599998,76.870995,3760800
2017-10-18,77.650002,78.360001,77.58000200000001,77.849998,77.118645,1975000
2017-10-19,77.980003,79.470001,77.720001,79.470001,78.723427,1321000
2017-10-20,79.33000200000001,79.83000200000001,79.160004,79.599998,78.852203,1795000
2017-10-23,79.839996,80.199997,79.279999,80.010002,79.258354,1217100
2017-10-24,79.57,79.940002,79.309998,79.870003,79.119675,1384700
2017-10-25,79.410004,79.620003,78.550003,79.010002,78.26775400000001,1734400
2017-10-26,79.58000200000001,79.910004,78.709999,78.730003,77.990379,1359600
2017-10-27,78.599998,79.629997,78.589996,79.470001,78.723427,966800
2017-10-30,79.339996,79.790001,79.129997,79.589996,78.84229300000001,1751100
2017-10-31,80.589996,80.639999,79.279999,79.949997,79.198914,2026000
2017-11-01,80.120003,80.120003,79.0,79.08000200000001,78.33709,1378300
2017-11-02,79.230003,79.410004,78.629997,79.07,78.327187,1851500
2017-11-03,78.83000200000001,80.050003,78.83000200000001,79.519997,78.77295699999999,1185900
2017-11-06,79.57,79.730003,78.83000200000001,78.849998,78.10925300000001,927100
2017-11-07,78.970001,79.690002,78.68,79.400002,78.654083,1647100
2017-11-08,79.290001,80.43,79.290001,80.199997,79.446564,2393100
2017-11-09,79.980003,80.360001,79.33000200000001,80.339996,79.585251,1377400
2017-11-10,79.91999799999999,80.239998,79.510002,80.059998,79.307884,1232100
2017-11-13,80.18,81.150002,80.160004,81.099998,80.338112,1096100
2017-11-14,80.970001,82.800003,80.720001,82.639999,81.863647,2575500
2017-11-15,82.879997,83.379997,81.68,81.839996,81.071159,1554900
2017-11-16,81.849998,82.010002,81.489998,81.75,80.98201,1384300
2017-11-17,81.470001,81.779999,80.760002,80.889999,80.130089,1574300
2017-11-20,80.839996,81.019997,80.389999,80.43,79.674408,1342600
2017-11-21,80.519997,80.650002,80.190002,80.220001,79.466385,1464800
2017-11-22,80.220001,80.440002,79.720001,80.150002,79.397041,1158000
2017-11-24,80.449997,81.139999,80.349998,80.550003,79.79328199999999,567600
2017-11-27,80.620003,81.019997,80.339996,80.82,80.060745,918200
2017-11-28,81.050003,81.360001,80.860001,81.139999,80.377739,1356600
2017-11-29,80.970001,81.620003,80.690002,81.410004,80.64520300000001,1354800
2017-11-30,81.360001,81.839996,81.0,81.269997,80.506516,2391800
2017-12-01,81.720001,81.959999,80.480003,80.760002,80.001312,1600900
2017-12-04,80.739998,81.190002,80.139999,80.260002,79.506004,1608200
2017-12-05,79.769997,79.769997,69.139999,70.0,69.342392,17110000
2017-12-06,68.459999,70.0,67.800003,68.720001,68.07441700000001,10027600
2017-12-07,68.93,72.279999,68.260002,71.769997,71.09575699999999,7682400
2017-12-08,71.910004,73.309998,71.239998,71.800003,71.125488,5823900
2017-12-11,71.690002,73.230003,71.650002,72.980003,72.294403,3808000
2017-12-12,69.68,70.16999799999999,67.279999,68.58000200000001,67.93573,10717400
2017-12-13,69.43,70.5,68.660004,69.800003,69.144272,4615800
2017-12-14,68.839996,69.660004,68.660004,69.290001,68.639061,4087600
2017-12-15,69.489998,70.400002,69.459999,69.709999,69.055115,4531700
2017-12-18,70.019997,70.980003,70.019997,70.949997,70.283463,3687100
2017-12-19,70.910004,71.110001,69.589996,69.849998,69.193802,4518900
2017-12-20,69.800003,70.08000200000001,67.910004,68.300003,67.658363,6041500
2017-12-21,66.190002,66.5,62.669998,63.310001,62.71524,9494500
2017-12-22,63.91,65.379997,63.77,65.230003,64.617203,4807700
2017-12-26,65.25,65.300003,63.990002000000004,64.040001,63.43838100000001,2666500
2017-12-27,64.040001,64.849998,63.939999,64.400002,63.795002000000004,2085400
2017-12-28,64.110001,64.25,63.32,63.939999,63.939999,1964400
2017-12-29,64.099998,64.25,63.189999,63.240002000000004,63.240002000000004,2125600
2018-01-02,63.630001,63.630001,62.59,63.25,63.25,2387200
2018-01-03,63.209998999999996,63.73,62.349998,62.75,62.75,3595400
2018-01-04,62.84,63.299999,62.189999,62.290001000000004,62.290001000000004,3970900
2018-01-05,62.630001,63.130001,62.029999,62.98,62.98,3719800
2018-01-08,62.91,64.279999,62.75,64.199997,64.199997,3473900
2018-01-09,64.209999,64.339996,63.209998999999996,63.52,63.52,5086100
2018-01-10,63.610001000000004,63.709998999999996,62.509997999999996,62.84,62.84,3587100
2018-01-11,63.169998,63.419998,62.0,62.32,62.32,2945300
2018-01-12,62.139998999999996,62.880001,61.25,61.419998,61.419998,3170600
2018-01-16,61.509997999999996,61.799999,60.639998999999996,61.330002,61.330002,5043900
2018-01-17,61.599998,61.959998999999996,61.169998,61.709998999999996,61.709998999999996,3045500
2018-01-18,61.669998,62.639998999999996,61.59,61.919998,61.919998,3359000
2018-01-19,61.869999,62.59,61.439999,62.119999,62.119999,3222100
2018-01-22,62.349998,62.580002,61.799999,62.139998999999996,62.139998999999996,2595200
2018-01-23,62.169998,62.75,61.84,62.040001000000004,62.040001000000004,2948800
2018-01-24,62.119999,62.130001,61.52,61.700001,61.700001,3296100
2018-01-25,61.700001,62.48,61.630001,62.41,62.41,2682800
2018-01-26,62.740002000000004,62.84,61.580002,62.459998999999996,62.459998999999996,2638300
2018-01-29,62.169998,63.490002000000004,61.900002,62.41,62.41,3377400
2018-01-30,62.400002,62.98,62.200001,62.5,62.5,2668000
2018-01-31,62.52,62.860001000000004,61.279999,62.529999,62.529999,8259700
2018-02-01,62.450001,67.559998,61.529999,61.740002000000004,61.740002000000004,8274400
2018-02-02,61.459998999999996,61.950001,61.16,61.599998,61.599998,4418200
2018-02-05,61.439999,61.959998999999996,60.330002,60.509997999999996,60.509997999999996,5521000
2018-02-06,59.91,60.810001,58.759997999999996,60.360001000000004,60.360001000000004,4053800
2018-02-07,60.139998999999996,60.970001,59.549999,59.689999,59.689999,3077500
2018-02-08,59.5,59.619999,58.029999,58.07,58.07,3765700
2018-02-09,58.48,59.279999,57.630001,58.939999,58.939999,4457700
2018-02-12,59.049999,60.380001,58.689999,60.060001,60.060001,2853600
2018-02-13,59.66,60.419998,59.380001,60.169998,60.169998,2338300
2018-02-14,59.82,60.02,59.169998,59.240002000000004,59.240002000000004,2033400
2018-02-15,59.73,60.119999,59.189999,60.09,60.09,2878700
2018-02-16,60.040001000000004,61.369999,60.040001000000004,61.049999,61.049999,4010100
2018-02-20,60.810001,60.919998,59.860001000000004,60.310001,60.310001,2635600
