Date,Open,High,Low,Close,Adj Close,Volume
2017-01-03,36.080002,36.439999,35.860001000000004,36.389998999999996,36.212288,4612200
2017-01-04,36.290001000000004,36.790001000000004,36.07,36.73,36.550629,2645600
2017-01-05,36.549999,36.959998999999996,36.330002,36.610001000000004,36.431213,4048800
2017-01-06,36.16,36.73,35.900002,36.400002,36.22224,3646000
2017-01-09,36.09,36.439999,35.759997999999996,35.889998999999996,35.714729,4640300
2017-01-10,36.34,36.34,35.709998999999996,35.790001000000004,35.615219,2693700
2017-01-11,35.98,36.810001,35.91,36.669998,36.490921,3923500
2017-01-12,37.029999,37.09,35.939999,36.0,35.824192,7202800
2017-01-13,35.619999,35.950001,35.119999,35.849998,35.674923,40555700
2017-01-17,35.889998999999996,36.139998999999996,34.919998,35.349998,35.177364000000004,52975000
2017-01-18,34.860001000000004,35.220001,34.450001,34.919998,34.749466,12650600
2017-01-19,34.720001,34.900002,34.169998,34.200001,34.032986,6208000
2017-01-20,34.299999,34.459998999999996,34.029999,34.139998999999996,33.973273999999996,6782500
2017-01-23,33.84,33.84,33.169998,33.470001,33.306549,6883500
2017-01-24,33.73,34.650002,33.66,34.209998999999996,34.042934,4182400
2017-01-25,34.509997999999996,35.34,34.490002000000004,35.27,35.097759,6108500
2017-01-26,35.060001,35.439999,35.040001000000004,35.25,35.077853999999995,4287200
2017-01-27,35.700001,35.73,35.150002,35.299999,35.127609,2923500
2017-01-30,34.610001000000004,34.700001,33.18,33.299999,33.137378999999996,4577200
2017-01-31,33.43,33.66,32.84,33.619999,33.455814000000004,5311600
2017-02-01,33.689999,33.91,33.32,33.709998999999996,33.545376,4302100
2017-02-02,33.450001,33.459998999999996,32.709998999999996,32.919998,32.759232,3096700
2017-02-03,32.560001,33.41,32.560001,33.41,33.246840999999996,3489400
2017-02-06,32.759997999999996,32.830002,31.98,32.029999,31.873579,3830300
2017-02-07,31.48,31.77,31.120001000000002,31.469998999999998,31.316315000000003,5801500
2017-02-08,30.790001,31.49,30.610001,31.219998999999998,31.067534999999996,3921100
2017-02-09,31.16,31.51,30.99,31.25,31.097389,4592300
2017-02-10,31.190001000000002,31.780001000000002,31.18,31.76,31.604898,5283700
2017-02-13,31.93,32.060001,31.620001000000002,31.85,31.69446,2764100
2017-02-14,32.169998,32.34,31.67,32.330002,32.172119,3555100
2017-02-15,32.240002000000004,32.830002,32.220001,32.68,32.520405,5785300
2017-02-16,32.439999,32.779999,32.279999,32.48,32.321384,4144500
2017-02-17,32.18,32.330002,32.029999,32.099998,31.943237,2275900
2017-02-21,32.41,32.75,32.360001000000004,32.709998999999996,32.550259000000004,2838800
2017-02-22,32.549999,32.84,32.279999,32.689999,32.530357,4301000
2017-02-23,33.23,33.349998,32.59,32.880001,32.719429,4382300
2017-02-24,31.879998999999998,32.34,31.879998999999998,32.299999,32.142262,4322800
2017-02-27,32.040001000000004,33.41,32.0,33.029999,32.868694,5143800
2017-02-28,32.560001,32.580002,32.189999,32.32,32.162163,5773500
2017-03-01,32.529999,33.349998,32.52,33.189999,33.027916,3061900
2017-03-02,33.169998,33.720001,33.099998,33.139998999999996,32.978161,2669100
2017-03-03,33.27,33.349998,32.419998,32.52,32.361187,1844000
2017-03-06,32.200001,32.349998,32.029999,32.279999,32.12236,2303300
2017-03-07,32.029999,32.099998,31.66,31.9,31.744215000000004,2615700
2017-03-08,31.610001,31.959999,31.48,31.59,31.43573,5051400
2017-03-09,31.280001000000002,31.59,30.73,31.5,31.346169,5913900
2017-03-10,31.540001,31.799999,31.43,31.700001,31.545192999999998,3279200
2017-03-13,31.719998999999998,32.040001000000004,31.66,31.790001,31.634753999999997,2516200
2017-03-14,31.290001,31.49,30.959999,31.370001000000002,31.216804999999997,3116300
2017-03-15,31.51,32.119999,31.35,32.040001000000004,31.883533,3430700
2017-03-16,32.110001000000004,32.130001,31.530001000000002,31.82,31.664606,3102900
2017-03-17,31.75,31.93,31.25,31.690001000000002,31.535241999999997,11683100
2017-03-20,31.33,31.52,31.18,31.389999,31.236705999999998,4672100
2017-03-21,31.540001,32.029999,31.42,31.860001,31.704411,5572900
2017-03-22,31.610001,32.25,31.610001,32.060001,31.903434999999998,4573400
2017-03-23,31.690001000000002,31.73,31.280001000000002,31.41,31.256609,5421700
2017-03-24,31.450001,31.73,31.219998999999998,31.299999,31.147144,3166000
2017-03-27,31.33,31.559998999999998,31.209999,31.41,31.256609,3409000
2017-03-28,31.52,32.029999,31.469998999999998,31.969998999999998,31.813872999999997,4154400
2017-03-29,31.91,33.029999,31.870001000000002,32.98,32.818939,3215600
2017-03-30,33.189999,33.209998999999996,32.130001,32.18,32.02285,13627600
2017-03-31,32.52,32.889998999999996,32.450001,32.5,32.341286,3176700
2017-04-03,32.830002,32.830002,32.169998,32.459998999999996,32.301479,3370700
2017-04-04,32.459998999999996,32.84,32.240002000000004,32.630001,32.47065,2522000
2017-04-05,33.470001,33.759997999999996,32.950001,32.959998999999996,32.799038,4227600
2017-04-06,33.709998999999996,34.07,33.419998,33.630001,33.465767,3453200
2017-04-07,33.98,34.0,33.419998,33.5,33.336403000000004,2160500
2017-04-10,33.470001,33.799999,33.349998,33.639998999999996,33.475716,1636000
2017-04-11,33.77,33.790001000000004,33.200001,33.529999,33.366253,1908100
2017-04-12,33.630001,33.849998,33.220001,33.330002,33.167233,2778700
2017-04-13,33.110001000000004,33.220001,32.5,32.52,32.361187,2038700
2017-04-17,32.75,32.84,32.310001,32.57,32.410942,2449500
2017-04-18,32.450001,32.709998999999996,32.32,32.459998999999996,32.301479,1985100
2017-04-19,32.470001,32.540001000000004,31.98,32.040001000000004,31.883533,3214000
2017-04-20,32.360001000000004,32.630001,32.080002,32.16,32.002945000000004,3186900
2017-04-21,31.889999,32.029999,31.51,31.709999,31.555143,3553500
2017-04-24,32.799999,32.799999,31.85,31.889999,31.734264000000003,5049300
2017-04-25,32.189999,32.25,31.879998999999998,32.119999,31.963140000000003,4704800
2017-04-26,31.870001000000002,32.470001,31.870001000000002,32.259997999999996,32.102455,3000800
2017-04-27,30.09,30.52,29.860001,30.200001,30.052519,9622300
2017-04-28,30.200001,30.32,29.91,30.129998999999998,29.982859,2847600
2017-05-01,30.049999,30.290001,29.91,30.059998999999998,29.9132,2147800
2017-05-02,30.76,31.110001,30.59,30.76,30.609783,4555100
2017-05-03,31.059998999999998,31.27,30.83,31.17,31.01778,3763000
2017-05-04,31.209999,31.25,30.799999,31.02,30.868513,4083300
2017-05-05,31.42,31.959999,31.26,31.93,31.774069,2218300
2017-05-08,31.540001,31.82,31.450001,31.59,31.43573,2472400
2017-05-09,31.59,31.719998999999998,31.27,31.620001000000002,31.465584000000003,2131800
2017-05-10,31.950001,32.389998999999996,31.9,32.009997999999996,31.853676,3271600
2017-05-11,32.029999,32.029999,31.450001,31.530001000000002,31.376022,2356100
2017-05-12,31.540001,31.59,30.780001000000002,30.92,30.769001,2164800
2017-05-15,30.92,31.889999,30.92,31.450001,31.296413,2993800
2017-05-16,31.91,32.040001000000004,31.290001,31.4,31.246656,3191100
2017-05-17,31.4,31.459999,31.01,31.280001000000002,31.127243,2951000
2017-05-18,30.809998999999998,31.780001000000002,30.780001000000002,31.540001,31.385975,2569800
2017-05-19,31.74,32.259997999999996,31.629998999999998,32.080002,31.923338,2992600
2017-05-22,32.369999,32.459998999999996,31.950001,32.099998,31.943237,2327900
2017-05-23,32.169998,32.209998999999996,31.639999,31.790001,31.634753999999997,2850000
2017-05-24,31.75,31.879998999999998,30.91,31.299999,31.147144,3766000
2017-05-25,30.82,30.91,29.360001,29.379998999999998,29.236521000000003,10470600
2017-05-26,28.75,29.25,28.75,29.07,28.928036,5737100
2017-05-30,28.98,29.02,28.68,28.68,28.53994,2873400
2017-05-31,28.709999,29.040001,28.42,28.950001,28.808621999999996,6150200
2017-06-01,28.700001,29.450001,28.559998999999998,29.43,29.286278000000003,4547300
2017-06-02,29.040001,29.290001,28.74,29.0,28.858377,4164800
2017-06-05,28.92,29.360001,28.870001000000002,29.09,28.947939,2005500
2017-06-06,28.75,29.17,28.700001,29.030001000000002,28.888231,3396800
2017-06-07,28.65,28.870001000000002,28.08,28.219998999999998,28.082186,5060800
2017-06-08,28.219998999999998,28.27,27.889999,28.08,27.942871000000004,3177600
2017-06-09,27.99,28.799999,27.92,28.540001,28.400625,4033100
2017-06-12,28.780001000000002,28.91,28.459999,28.700001,28.559843,3479200
2017-06-13,28.59,28.98,28.57,28.889999,28.748915000000004,2734400
2017-06-14,28.83,28.85,28.040001,28.379998999999998,28.241405,3759100
2017-06-15,27.33,27.84,27.33,27.66,27.524921000000003,6443400
2017-06-16,27.32,27.610001,27.24,27.59,27.455263000000002,11045800
2017-06-19,27.450001,27.48,27.17,27.23,27.097021,3833900
2017-06-20,26.780001000000002,26.790001,26.42,26.620001000000002,26.490002,3612000
2017-06-21,26.690001000000002,26.73,26.25,26.49,26.360636,4477500
2017-06-22,26.379998999999998,27.08,26.25,26.73,26.599463,3801300
2017-06-23,26.790001,27.02,26.629998999999998,26.700001,26.569611,2317100
2017-06-26,26.969998999999998,27.09,26.799999,26.879998999999998,26.74873,1888800
2017-06-27,27.09,27.4,26.889999,26.92,26.788535999999997,3725100
2017-06-28,27.15,27.48,27.139999,27.24,27.106972,2756600
2017-06-29,27.200001,27.33,27.02,27.219998999999998,27.08707,4316000
2017-06-30,27.25,27.379998999999998,27.07,27.200001,27.067169,3591800
2017-07-03,27.459999,28.299999,27.43,28.200001,28.062284000000002,2028900
2017-07-05,27.65,27.709999,27.1,27.440001000000002,27.305996,4274900
2017-07-06,27.49,27.540001,26.940001000000002,26.959999,26.828339,2873200
2017-07-07,26.549999,26.790001,26.33,26.74,26.609415000000002,2552400
2017-07-10,26.459999,27.469998999999998,26.459999,27.17,27.037315000000003,3920700
2017-07-11,27.299999,28.18,27.129998999999998,27.58,27.445313,4873100
2017-07-12,27.58,28.16,27.440001000000002,27.610001,27.475165999999998,2600400
2017-07-13,27.02,27.610001,26.780001000000002,27.530001000000002,27.395557,4335600
2017-07-14,28.07,28.360001,27.870001000000002,28.08,27.942871000000004,2891900
2017-07-17,27.879998999999998,28.190001000000002,27.799999,27.809998999999998,27.674189000000002,1747700
2017-07-18,28.200001,28.200001,27.610001,27.809998999999998,27.674189000000002,1656000
2017-07-19,27.6,28.809998999999998,27.59,28.68,28.53994,3624800
2017-07-20,28.700001,28.77,28.25,28.42,28.281209999999998,2644200
2017-07-21,28.280001000000002,28.360001,27.82,27.889999,27.753798,2437700
2017-07-24,27.99,28.120001000000002,27.82,28.040001,27.903067,2135200
2017-07-25,26.41,28.299999,26.41,27.559998999999998,27.425409000000002,9809500
2017-07-26,27.83,28.24,27.639999,27.74,27.60453,3702000
2017-07-27,28.5,28.73,27.67,28.700001,28.559843,4237200
2017-07-28,28.440001000000002,29.18,28.41,28.889999,28.748915000000004,4129500
2017-07-31,28.84,28.84,28.309998999999998,28.540001,28.400625,2487000
2017-08-01,28.540001,28.549999,27.959999,28.25,28.112040000000004,2514100
2017-08-02,28.01,28.15,27.700001,27.870001000000002,27.733896,3161300
2017-08-03,27.77,27.799999,27.4,27.530001000000002,27.395557,2867800
2017-08-04,27.75,27.76,27.34,27.530001000000002,27.395557,1880200
2017-08-07,27.68,27.68,27.24,27.299999,27.166679,2090600
2017-08-08,27.030001000000002,27.389999,26.950001,27.15,27.017412,2594400
2017-08-09,27.15,27.33,26.940001000000002,27.16,27.027363,2758400
2017-08-10,27.129998999999998,27.18,26.57,26.870001000000002,26.738781,3380900
2017-08-11,26.450001,26.790001,26.4,26.42,26.290977,2128800
2017-08-14,26.469998999999998,26.639999,26.24,26.309998999999998,26.181515,2029000
2017-08-15,26.200001,26.290001,25.91,26.110001,25.982492,1907900
2017-08-16,26.4,26.4,25.75,25.889999,25.763565,1741300
2017-08-17,25.879998999999998,26.120001000000002,25.57,25.57,25.445127,2221300
2017-08-18,25.51,25.98,25.450001,25.75,25.624249,2368400
2017-08-21,25.58,25.639999,25.41,25.43,25.305813,2133200
2017-08-22,25.6,25.620001000000002,25.299999,25.309998999999998,25.186398,1587000
2017-08-23,25.450001,25.790001,25.389999,25.610001,25.484934,1415100
2017-08-24,25.549999,25.57,25.17,25.17,25.047081,1866700
2017-08-25,25.52,25.84,25.49,25.76,25.634201,2412900
2017-08-28,25.82,25.860001,25.379998999999998,25.5,25.375469,2302700
2017-08-29,25.42,25.67,25.299999,25.610001,25.484934,1920800
2017-08-30,25.43,25.57,25.290001,25.42,25.29586,2253400
2017-08-31,25.620001000000002,25.950001,25.48,25.83,25.703859,2571800
2017-09-01,26.040001,26.360001,25.799999,26.32,26.191465,2554000
2017-09-05,26.48,26.719998999999998,26.32,26.57,26.440245,3496400
2017-09-06,26.629998999999998,26.84,26.17,26.24,26.111856,4046300
2017-09-07,26.620001000000002,26.719998999999998,26.24,26.33,26.201416000000002,3095000
2017-09-08,26.18,26.23,25.459999,25.5,25.375469,2848900
2017-09-11,25.74,25.950001,25.57,25.77,25.644152,2816700
2017-09-12,25.68,26.110001,25.65,25.950001,25.823273,3563000
2017-09-13,25.950001,26.41,25.9,26.41,26.281025,5017200
2017-09-14,26.85,26.99,26.559998999999998,26.700001,26.569611,3950100
2017-09-15,26.92,27.08,26.6,27.059998999999998,26.927851,7483100
2017-09-18,26.98,27.379998999999998,26.9,27.25,27.116923999999997,3143400
2017-09-19,27.360001,27.65,27.25,27.610001,27.475165999999998,3137400
2017-09-20,27.52,27.870001000000002,27.4,27.6,27.465215999999998,4403100
2017-09-21,27.41,27.5,27.129998999999998,27.209999,27.077118,2959400
2017-09-22,27.110001,27.139999,26.58,26.83,26.698975,2606700
2017-09-25,26.6,27.15,26.57,27.02,26.888047999999998,3489000
2017-09-26,26.780001000000002,26.98,26.709999,26.790001,26.659171999999998,2520300
2017-09-27,26.93,27.440001000000002,26.780001000000002,27.43,27.296045,4329100
2017-09-28,28.08,28.5,27.709999,27.84,27.704041999999998,4732500
2017-09-29,27.690001000000002,27.950001,27.41,27.92,27.783651000000003,4395500
2017-10-02,27.58,27.700001,27.469998999999998,27.66,27.524921000000003,2157400
2017-10-03,27.950001,28.040001,27.790001,27.83,27.694091999999998,2731700
2017-10-04,27.74,28.049999,27.530001000000002,27.549999,27.415459000000002,2108300
2017-10-05,27.719998999999998,27.719998999999998,27.469998999999998,27.469998999999998,27.33585,2524700
2017-10-06,27.389999,27.49,27.219998999999998,27.42,27.286095,2016300
2017-10-09,27.620001000000002,27.66,27.459999,27.6,27.465215999999998,1510400
2017-10-10,27.790001,27.9,27.24,27.27,27.136827,1812600
2017-10-11,27.280001000000002,27.32,26.83,27.27,27.136827,3433700
2017-10-12,26.93,26.940001000000002,26.6,26.620001000000002,26.490002,2969500
2017-10-13,26.799999,26.959999,26.639999,26.66,26.529804,1508900
2017-10-16,26.84,26.950001,26.49,26.549999,26.420340999999997,2723400
2017-10-17,26.209999,26.360001,26.0,26.040001,25.912834,3243000
2017-10-18,25.940001000000002,25.98,25.33,25.49,25.365519,3525500
2017-10-19,25.360001,25.549999,25.030001000000002,25.1,24.977425,2590900
2017-10-20,25.030001000000002,25.110001,24.530001000000002,24.959999,24.838106,6027800
2017-10-23,24.9,25.139999,24.9,24.99,24.86796,6449100
2017-10-24,25.27,25.469998999999998,25.1,25.360001,25.236155,3973200
2017-10-25,25.129998999999998,25.290001,24.83,25.16,25.037129999999998,4135400
2017-10-26,25.5,26.690001000000002,25.16,26.58,26.450195,8260400
2017-10-27,26.780001000000002,27.09,26.459999,26.57,26.440245,5136400
2017-10-30,26.620001000000002,27.08,26.57,27.040001,26.907949,3731400
2017-10-31,26.809998999999998,27.440001000000002,26.809998999999998,27.389999,27.256239,3633500
2017-11-01,27.809998999999998,28.389999,27.620001000000002,27.76,27.624434,7020600
2017-11-02,28.23,28.559998999999998,28.01,28.25,28.112040000000004,5671100
2017-11-03,28.299999,28.799999,28.23,28.58,28.440428000000004,3093800
2017-11-06,28.709999,29.370001000000002,28.67,29.35,29.206669,3320000
2017-11-07,30.1,30.16,29.219998999999998,29.290001,29.146963,5402100
2017-11-08,29.35,29.450001,29.040001,29.139999,28.997694,2981300
2017-11-09,28.77,29.48,28.690001000000002,29.360001,29.216619,3352900
2017-11-10,29.469998999999998,29.469998999999998,28.73,28.92,28.778769,2321800
2017-11-13,28.120001000000002,28.530001000000002,28.08,28.4,28.261307000000002,3057100
2017-11-14,28.049999,28.110001,27.1,27.16,27.027363,3427900
2017-11-15,26.58,26.690001000000002,26.190001000000002,26.5,26.370586,3393600
2017-11-16,26.389999,26.690001000000002,26.299999,26.540001,26.410393,2732500
2017-11-17,26.59,26.82,26.51,26.620001000000002,26.490002,2344300
2017-11-20,26.77,26.780001000000002,26.379998999999998,26.5,26.5,2177300
2017-11-21,26.790001,27.23,26.559998999999998,26.6,26.6,3476500
2017-11-22,27.1,27.25,26.969998999999998,27.059998999999998,27.059998999999998,2300300
2017-11-24,27.18,27.190001000000002,26.809998999999998,26.92,26.92,1771700
2017-11-27,26.709999,26.77,26.459999,26.690001000000002,26.690001000000002,3795800
2017-11-28,26.67,27.530001000000002,26.530001000000002,27.5,27.5,4617500
2017-11-29,27.469998999999998,27.93,27.389999,27.57,27.57,3755200
2017-11-30,28.09,28.690001000000002,28.059998999999998,28.639999,28.639999,7281700
2017-12-01,28.92,29.42,28.73,29.25,29.25,5072100
2017-12-04,29.209999,29.620001000000002,28.85,28.91,28.91,3119400
2017-12-05,28.99,29.040001,28.200001,28.24,28.24,3158500
2017-12-06,27.92,27.969998999999998,27.360001,27.559998999999998,27.559998999999998,2825100
2017-12-07,27.030001000000002,27.33,26.950001,27.18,27.18,3022200
2017-12-08,27.27,27.5,27.09,27.35,27.35,2978300
2017-12-11,27.58,28.6,27.540001,28.59,28.59,4231600
2017-12-12,28.84,28.940001000000002,28.6,28.77,28.77,2861000
2017-12-13,28.59,28.85,28.41,28.610001,28.610001,2912800
2017-12-14,28.200001,28.59,27.59,27.610001,27.610001,3451900
2017-12-15,27.709999,27.74,27.41,27.43,27.43,5337500
2017-12-18,28.120001000000002,28.67,28.049999,28.549999,28.549999,2971800
2017-12-19,28.65,28.74,28.370001000000002,28.690001000000002,28.690001000000002,2496900
2017-12-20,28.99,29.940001000000002,28.84,29.860001,29.860001,3325300
2017-12-21,30.5,31.040001,30.1,30.799999,30.799999,3230600
2017-12-22,31.1,31.24,30.610001,31.15,31.15,2409200
2017-12-26,31.32,31.540001,31.08,31.379998999999998,31.379998999999998,1380100
2017-12-27,31.4,31.6,31.33,31.48,31.48,2320500
2017-12-28,31.41,31.530001000000002,31.18,31.4,31.4,1412500
2017-12-29,31.360001,31.5,30.870001000000002,31.309998999999998,31.309998999999998,2096600
2018-01-02,31.23,31.92,31.120001000000002,31.860001,31.860001,3236800
2018-01-03,32.0,32.330002,31.65,32.09,32.09,3279300
2018-01-04,32.150002,32.52,31.98,32.389998999999996,32.389998999999996,2559900
2018-01-05,32.32,32.509997999999996,32.0,32.490002000000004,32.490002000000004,2013800
2018-01-08,32.57,32.810001,32.150002,32.790001000000004,32.790001000000004,2424900
2018-01-09,32.48,32.740002000000004,32.16,32.380001,32.380001,2430600
2018-01-10,32.610001000000004,33.139998999999996,32.459998999999996,32.830002,32.830002,3009600
2018-01-11,33.16,34.200001,33.119999,34.009997999999996,34.009997999999996,4036400
2018-01-12,34.400002,35.0,34.27,34.799999,34.799999,5362300
2018-01-16,34.029999,34.259997999999996,33.330002,33.389998999999996,33.389998999999996,3566800
2018-01-17,33.369999,33.93,33.049999,33.669998,33.669998,3341000
2018-01-18,33.400002,33.549999,33.09,33.150002,33.150002,3168200
2018-01-19,32.919998,33.59,32.790001000000004,33.5,33.5,2709300
2018-01-22,33.619999,34.599998,33.549999,34.59,34.59,2412400
2018-01-23,34.34,34.619999,34.060001,34.450001,34.450001,2633900
2018-01-24,34.799999,34.970001,34.240002000000004,34.650002,34.650002,6333400
2018-01-25,34.799999,34.880001,33.91,33.990002000000004,33.990002000000004,2639000
2018-01-26,34.150002,34.43,33.959998999999996,34.099998,34.099998,2286400
2018-01-29,33.470001,33.5,32.919998,33.080002,33.080002,3625100
2018-01-30,32.369999,32.610001000000004,32.07,32.459998999999996,32.459998999999996,3536400
2018-01-31,32.580002,32.91,32.150002,32.459998999999996,32.459998999999996,3235000
2018-02-01,32.439999,33.389998999999996,32.43,33.349998,33.349998,3552900
2018-02-02,32.939999,33.130001,32.57,32.68,32.68,4313200
2018-02-05,32.619999,33.16,31.809998999999998,31.83,31.83,5812100
2018-02-06,30.870001000000002,32.23,30.690001000000002,32.139998999999996,32.139998999999996,6370300
2018-02-07,31.559998999999998,32.139998999999996,30.41,30.48,30.48,6864000
2018-02-08,30.67,30.85,29.1,29.1,29.1,4734300
2018-02-09,29.540001,29.610001,28.09,29.139999,29.139999,6515100
2018-02-12,29.4,29.959999,29.18,29.690001000000002,29.690001000000002,2766600
2018-02-13,29.16,29.440001000000002,28.799999,29.219998999999998,29.219998999999998,4063800
2018-02-14,28.67,30.379998999999998,28.620001000000002,30.16,30.16,3606300
2018-02-15,30.27,30.290001,29.139999,29.67,29.67,4066600
2018-02-16,29.530001000000002,30.1,29.41,29.610001,29.610001,2545200
2018-02-20,29.6,29.91,29.209999,29.379998999999998,29.379998999999998,4597000
