Date,Open,High,Low,Close,Adj Close,Volume
2017-01-03,31.040001,31.83,30.950001,31.190001000000002,30.656176000000002,2704500
2017-01-04,31.280001000000002,32.02,31.17,32.0,31.452312,2897100
2017-01-05,31.82,32.049999,31.450001,31.49,30.951040000000003,1971100
2017-01-06,31.690001000000002,31.99,31.209999,31.84,31.295052000000002,2152400
2017-01-09,31.85,32.200001,31.690001000000002,31.84,31.295052000000002,2779500
2017-01-10,31.780001000000002,32.34,31.66,32.07,31.521114,1923400
2017-01-11,32.110001000000004,32.27,31.059998999999998,31.18,30.646349,4824500
2017-01-12,31.0,31.07,30.1,30.59,30.066446000000003,3285700
2017-01-13,30.549999,30.790001,30.530001000000002,30.74,30.213879,1597700
2017-01-17,30.49,31.17,30.43,30.809998999999998,30.282681,1913100
2017-01-18,30.93,30.98,30.379998999999998,30.540001,30.017303000000002,2443300
2017-01-19,30.549999,30.610001,30.219998999999998,30.389999,29.869867,1892100
2017-01-20,30.540001,30.940001000000002,30.219998999999998,30.52,29.997643,2043700
2017-01-23,30.43,30.559998999999998,30.23,30.450001,29.928843,1767600
2017-01-24,30.49,31.18,30.370001000000002,31.059998999999998,30.528399,2572900
2017-01-25,31.34,31.76,31.18,31.610001,31.068989000000002,2357300
2017-01-26,31.639999,31.790001,31.35,31.709999,31.167276,2285500
2017-01-27,31.620001000000002,31.68,30.99,31.309998999999998,30.77412,3371300
2017-01-30,31.120001000000002,31.35,30.75,31.34,30.902308,1809000
2017-01-31,31.17,32.43,31.1,32.389998999999996,31.937639,3114800
2017-02-01,32.5,32.700001,31.9,32.110001000000004,31.661556,3357400
2017-02-02,31.950001,32.369999,31.700001,32.07,31.62211,2486400
2017-02-03,32.290001000000004,32.650002,31.99,32.049999,31.602390000000003,3934200
2017-02-06,31.91,32.299999,31.780001000000002,32.23,31.779877000000003,3087700
2017-02-07,32.330002,32.450001,31.969998999999998,32.240002000000004,31.789738,4740100
2017-02-08,31.49,32.330002,31.0,32.130001,31.681274,5598400
2017-02-09,32.240002000000004,33.990002000000004,32.200001,33.240002000000004,32.775776,5420900
2017-02-10,33.299999,33.77,33.150002,33.720001,33.249069,3790900
2017-02-13,33.700001,35.740002000000004,33.700001,35.709998999999996,35.211277,7320700
2017-02-14,35.810001,36.419998,35.59,35.759997999999996,35.260574,5830300
2017-02-15,35.630001,36.23,35.610001000000004,36.169998,35.664848,3146700
2017-02-16,36.200001,36.349998,35.860001000000004,36.16,35.654990999999995,2092500
2017-02-17,35.900002,36.400002,35.880001,36.07,35.566246,3857100
2017-02-21,36.110001000000004,36.610001000000004,36.009997999999996,36.290001000000004,35.783176,3242200
2017-02-22,36.279999,36.349998,35.860001000000004,35.950001,35.447922,3738700
2017-02-23,36.049999,36.279999,35.450001,35.5,35.004208,3742700
2017-02-24,34.799999,35.43,34.790001000000004,35.360001000000004,34.866165,3232500
2017-02-27,35.360001000000004,35.490002000000004,35.119999,35.259997999999996,34.767555,2559600
2017-02-28,35.189999,35.220001,34.790001000000004,35.049999,34.560497,3594200
2017-03-01,35.59,36.25,35.360001000000004,35.759997999999996,35.260574,2543600
2017-03-02,35.52,36.330002,35.48,36.150002,35.645134000000006,3613200
2017-03-03,36.02,36.299999,35.529999,35.610001000000004,35.112671,2308600
2017-03-06,35.419998,35.540001000000004,35.27,35.330002,34.836582,2053400
2017-03-07,35.279999,35.439999,35.110001000000004,35.27,34.77742,2120100
2017-03-08,35.279999,35.529999,35.200001,35.349998,34.856303999999994,1738600
2017-03-09,35.099998,35.599998,34.990002000000004,35.310001,34.816864,2067700
2017-03-10,35.619999,35.82,35.299999,35.459998999999996,34.964764,1498100
2017-03-13,35.48,36.099998,35.48,35.799999,35.300018,1962000
2017-03-14,35.73,36.650002,35.619999,36.41,35.901497,2869300
2017-03-15,36.52,37.02,36.23,36.880001,36.364937,2677200
2017-03-16,36.98,37.200001,36.68,36.810001,36.295918,1921200
2017-03-17,36.810001,36.830002,36.290001000000004,36.639998999999996,36.128292,4092200
2017-03-20,36.669998,36.689999,36.380001,36.5,35.990241999999995,1512100
2017-03-21,36.610001000000004,36.880001,35.740002000000004,35.919998,35.418343,2692600
2017-03-22,35.849998,36.27,35.709998999999996,35.990002000000004,35.487365999999994,2997700
2017-03-23,35.919998,36.23,35.540001000000004,35.959998999999996,35.457783,1837200
2017-03-24,36.029999,36.369999,35.830002,35.939999,35.438061,1914200
2017-03-27,35.619999,36.040001000000004,35.419998,35.990002000000004,35.487365999999994,2174800
2017-03-28,36.009997999999996,36.630001,35.849998,36.509997999999996,36.000103,2161100
2017-03-29,36.490002000000004,36.779999,36.139998999999996,36.189999,35.68457,1843100
2017-03-30,35.34,35.889998999999996,35.200001,35.790001000000004,35.290157,2703600
2017-03-31,35.77,36.09,35.689999,36.0,35.497227,4146700
2017-04-03,36.07,36.09,33.830002,35.279999,34.787285,2725700
2017-04-04,35.18,35.439999,34.509997999999996,34.599998,34.116776,4227400
2017-04-05,34.91,35.52,34.709998999999996,34.900002,34.41259,3589200
2017-04-06,34.970001,35.41,34.740002000000004,35.209998999999996,34.718253999999995,2736300
2017-04-07,35.16,35.279999,34.900002,35.18,34.688679,1884700
2017-04-10,35.110001000000004,35.439999,34.889998999999996,35.220001,34.728119,1898700
2017-04-11,35.119999,35.66,34.82,35.639998999999996,35.142254,2346900
2017-04-12,35.759997999999996,35.759997999999996,34.34,34.389998999999996,33.90971,4098300
2017-04-13,34.459998999999996,34.759997999999996,34.07,34.139998999999996,33.6632,2800500
2017-04-17,34.32,34.939999,34.09,34.939999,34.45203,2256700
2017-04-18,34.66,34.919998,34.349998,34.700001,34.215382,2149400
2017-04-19,34.860001000000004,35.32,34.73,34.830002,34.343567,2248500
2017-04-20,35.029999,35.799999,34.75,35.740002000000004,35.24086,3778600
2017-04-21,35.709998999999996,35.73,35.169998,35.349998,34.856303999999994,2651900
2017-04-24,35.900002,36.029999,35.689999,35.91,35.408485,1576200
2017-04-25,36.0,36.060001,35.66,35.860001000000004,35.35918,1862200
2017-04-26,35.950001,36.07,35.779999,35.91,35.408485,3099800
2017-04-27,35.16,35.919998,34.82,35.450001,35.052517,3873900
2017-04-28,35.259997999999996,36.740002000000004,35.25,36.23,35.823769,4335700
2017-05-01,36.360001000000004,36.650002,35.580002,35.610001000000004,35.210724,2349000
2017-05-02,35.66,35.880001,34.919998,35.27,34.874538,2783200
2017-05-03,35.220001,35.549999,34.959998999999996,35.18,34.785548999999996,1759100
2017-05-04,35.25,35.360001000000004,34.779999,35.299999,34.904202000000005,1590400
2017-05-05,35.439999,35.529999,34.779999,35.34,34.943752,1799000
2017-05-08,35.470001,35.790001000000004,35.110001000000004,35.25,34.854759,1231600
2017-05-09,35.259997999999996,35.66,35.130001,35.509997999999996,35.111843,1600500
2017-05-10,35.32,35.459998999999996,34.990002000000004,35.439999,35.042625,1616200
2017-05-11,35.310001,35.639998999999996,34.98,35.310001,34.914089000000004,2234700
2017-05-12,35.139998999999996,35.259997999999996,34.27,34.330002,33.945076,2236200
2017-05-15,34.330002,34.43,33.959998999999996,34.189999,33.806641,2797400
2017-05-16,34.18,34.330002,33.540001000000004,33.560001,33.183712,2431400
2017-05-17,33.139998999999996,33.380001,32.16,32.259997999999996,31.898283000000003,3698000
2017-05-18,32.290001000000004,32.549999,31.92,32.060001,31.700530999999998,3527700
2017-05-19,32.18,32.330002,31.690001000000002,31.73,31.374228000000002,2632600
2017-05-22,31.9,31.92,31.33,31.82,31.463219,2735800
2017-05-23,31.870001000000002,32.169998,31.65,32.080002,31.720306,2940400
2017-05-24,32.110001000000004,32.400002,31.98,32.310001,31.947727,3054600
2017-05-25,32.43,32.59,31.91,32.02,31.660978000000004,2849400
2017-05-26,32.040001000000004,32.630001,31.940001000000002,32.599998,32.234474,2950800
2017-05-30,32.52,32.84,32.049999,32.09,31.730190000000004,2377100
2017-05-31,32.630001,32.650002,31.92,32.220001,31.858735999999997,3317300
2017-06-01,34.25,34.639998999999996,33.700001,34.549999,34.162605,7619900
2017-06-02,34.709998999999996,34.75,34.0,34.27,33.88575,3733000
2017-06-05,34.450001,34.84,34.310001,34.389998999999996,34.004402,3062600
2017-06-06,34.16,34.709998999999996,33.91,34.599998,34.212047999999996,2150400
2017-06-07,34.830002,35.34,34.669998,35.189999,34.795433,3440700
2017-06-08,34.93,35.259997999999996,34.509997999999996,35.169998,34.775653999999996,2809000
2017-06-09,35.330002,35.540001000000004,35.049999,35.450001,35.052517,2291900
2017-06-12,35.529999,36.150002,35.27,35.75,35.349154999999996,2350000
2017-06-13,35.720001,35.720001,35.299999,35.669998,35.27005,3176000
2017-06-14,35.59,35.759997999999996,34.439999,34.880001,34.488911,3564500
2017-06-15,34.259997999999996,34.759997999999996,34.130001,34.650002,34.26149,3165500
2017-06-16,34.279999,34.66,33.299999,33.509997999999996,33.134266,3816000
2017-06-19,33.639998999999996,33.66,33.220001,33.630001,33.252926,1793300
2017-06-20,34.080002,34.139998999999996,33.099998,33.18,32.807976000000004,4239200
2017-06-21,33.23,33.700001,33.130001,33.630001,33.252926,2668000
2017-06-22,33.529999,33.849998,33.18,33.43,33.055168,1665100
2017-06-23,33.400002,33.779999,33.299999,33.650002,33.272701,1879000
2017-06-26,33.68,34.220001,33.66,34.099998,33.717655,1888200
2017-06-27,34.049999,34.529999,33.75,34.349998,33.964851,3180400
2017-06-28,34.060001,34.950001,34.060001,34.830002,34.439471999999995,2718600
2017-06-29,34.82,35.110001000000004,34.57,34.709998999999996,34.320816,3040700
2017-06-30,34.900002,35.240002000000004,34.810001,34.959998999999996,34.568012,4047100
2017-07-03,35.139998999999996,35.720001,34.950001,34.959998999999996,34.568012,1532800
2017-07-05,35.099998,35.23,34.75,35.07,34.676781,1968200
2017-07-06,34.959998999999996,35.119999,34.389998999999996,35.099998,34.706444,2035900
2017-07-07,35.209998999999996,35.720001,35.099998,35.470001,35.072292,1663300
2017-07-10,35.57,35.759997999999996,35.32,35.650002,35.250278,2612100
2017-07-11,35.669998,36.060001,35.529999,35.900002,35.497475,1945600
2017-07-12,36.189999,36.34,36.0,36.060001,35.655682,1789500
2017-07-13,36.119999,36.34,35.93,36.049999,35.645790000000005,1483900
2017-07-14,36.119999,36.34,36.07,36.27,35.863323,1141700
2017-07-17,36.290001000000004,36.52,36.209998999999996,36.310001,35.902874,1360400
2017-07-18,36.169998,36.169998,35.529999,35.700001,35.299717,1700400
2017-07-19,35.68,35.91,35.650002,35.759997999999996,35.359039,1340500
2017-07-20,35.759997999999996,36.080002,35.689999,35.919998,35.517246,1600300
2017-07-21,35.509997999999996,35.75,35.240002000000004,35.400002,35.003078,2405700
2017-07-24,35.360001000000004,35.529999,34.98,35.16,34.76577,2004200
2017-07-25,35.32,35.939999,35.279999,35.830002,35.428257,2079300
2017-07-26,35.900002,35.950001,35.580002,35.790001000000004,35.388706,1784600
2017-07-27,36.040001000000004,36.209998999999996,35.439999,35.580002,35.181061,2685900
2017-07-28,31.75,32.93,30.629998999999998,32.509997999999996,32.236084000000005,18004400
2017-07-31,32.66,32.709998999999996,31.25,31.51,31.244511,9642200
2017-08-01,31.58,31.58,30.700001,31.48,31.214764000000002,8138900
2017-08-02,31.469998999999998,31.83,30.959999,31.43,31.165186,6237400
2017-08-03,31.91,32.0,30.91,31.110001,30.847881,5755500
2017-08-04,31.059998999999998,31.379998999999998,30.99,31.200001,30.937122,5078800
2017-08-07,31.200001,31.76,31.200001,31.459999,31.194931,3855300
2017-08-08,31.41,31.73,31.4,31.48,31.214764000000002,2459700
2017-08-09,31.299999,31.6,30.969998999999998,31.200001,30.937122,3843600
2017-08-10,31.09,31.200001,30.370001000000002,30.43,30.173610999999998,4102200
2017-08-11,30.58,30.620001000000002,30.190001000000002,30.27,30.014959,1891800
2017-08-14,30.5,30.59,30.139999,30.23,29.975294,2572500
2017-08-15,30.32,30.52,30.139999,30.299999,30.044706,2732500
2017-08-16,30.43,30.530001000000002,30.25,30.290001,30.03479,2015000
2017-08-17,30.139999,30.290001,29.790001,29.91,29.657991,2987300
2017-08-18,29.91,30.02,29.6,29.75,29.499340000000004,1851800
2017-08-21,29.709999,29.780001000000002,29.450001,29.74,29.489424,2940000
2017-08-22,29.84,30.07,29.74,29.940001000000002,29.68774,1755900
2017-08-23,29.77,30.059998999999998,29.709999,29.77,29.519173,1438600
2017-08-24,29.860001,30.110001,29.73,29.959999,29.707569,2133700
2017-08-25,30.09,30.290001,29.99,30.07,29.816643,1975200
2017-08-28,30.15,30.35,30.08,30.32,30.064536999999998,1409200
2017-08-29,30.049999,30.26,29.83,30.200001,29.945549,1783200
2017-08-30,30.23,30.24,29.870001000000002,29.98,29.727402,2740900
2017-08-31,30.18,30.43,30.040001,30.299999,30.044706,1859200
2017-09-01,30.440001000000002,30.879998999999998,30.389999,30.540001,30.282684000000003,1728200
2017-09-05,30.49,30.74,30.280001000000002,30.41,30.153778000000003,1867700
2017-09-06,30.41,30.780001000000002,30.34,30.440001000000002,30.183527,1641200
2017-09-07,30.530001000000002,30.530001000000002,30.15,30.290001,30.03479,3526800
2017-09-08,30.309998999999998,30.48,30.129998999999998,30.309998999999998,30.054621,1303500
2017-09-11,30.77,31.809998999999998,30.74,31.549999,31.284174,5611300
2017-09-12,32.0,32.889998999999996,31.889999,32.630001,32.355072,3875600
2017-09-13,32.650002,32.689999,32.27,32.299999,32.027854999999995,2090700
2017-09-14,32.23,32.529999,32.080002,32.25,31.978275,2496000
2017-09-15,32.07,32.470001,31.809998999999998,32.43,32.156760999999996,2968900
2017-09-18,32.459998999999996,32.580002,32.310001,32.380001,32.107182,1536100
2017-09-19,32.380001,32.400002,31.77,32.080002,31.809711,2135000
2017-09-20,32.189999,32.419998,31.959999,32.27,31.998106,2203600
2017-09-21,32.360001000000004,32.529999,32.220001,32.459998999999996,32.186508,1411100
2017-09-22,32.240002000000004,32.639998999999996,32.099998,32.57,32.295578000000006,1514600
2017-09-25,32.509997999999996,32.970001,32.509997999999996,32.91,32.632717,2128600
2017-09-26,32.869999,33.259997999999996,32.77,33.02,32.741787,3699900
2017-09-27,33.130001,33.709998999999996,32.939999,33.290001000000004,33.009514,3121500
2017-09-28,33.25,33.330002,32.84,33.060001,32.781452,2499300
2017-09-29,33.099998,33.290001000000004,32.959998999999996,33.25,32.969848999999996,2432400
2017-10-02,33.259997999999996,33.599998,33.110001000000004,33.57,33.287151,1561000
2017-10-03,33.869999,33.990002000000004,33.220001,33.310001,33.029346000000004,1876700
2017-10-04,33.27,33.59,33.200001,33.360001000000004,33.078926,1475200
2017-10-05,33.380001,33.5,33.099998,33.16,32.880608,2813700
2017-10-06,33.209998999999996,33.259997999999996,32.720001,32.77,32.493896,2575000
2017-10-09,32.84,32.889998999999996,32.349998,32.720001,32.444317,2717200
2017-10-10,32.869999,33.099998,32.630001,33.02,32.741787,1879600
2017-10-11,33.299999,33.73,32.790001000000004,32.990002000000004,32.71204,2668600
2017-10-12,32.849998,32.970001,32.400002,32.709998999999996,32.434399,2261700
2017-10-13,32.860001000000004,33.240002000000004,32.779999,33.009997999999996,32.731873,3661300
2017-10-16,32.950001,33.27,32.889998999999996,33.040001000000004,32.761623,2323400
2017-10-17,33.049999,33.16,32.889998999999996,33.029999,32.751701000000004,1747100
2017-10-18,33.220001,33.580002,33.220001,33.389998999999996,33.108669,2134400
2017-10-19,33.209998999999996,33.610001000000004,32.82,33.599998,33.316897999999995,2041800
2017-10-20,33.599998,34.02,33.41,33.939999,33.654037,2123600
2017-10-23,34.080002,34.099998,33.619999,33.91,33.62429,2236800
2017-10-24,34.16,34.52,33.91,34.060001,33.773026,3018900
2017-10-25,33.98,33.990002000000004,33.529999,33.950001,33.663956,2170500
2017-10-26,34.0,34.029999,33.560001,33.669998,33.386311,4313500
2017-10-27,31.98,32.509997999999996,31.23,32.18,31.908865000000002,10642600
2017-10-30,31.0,31.68,30.299999,31.16,30.897461,8391700
2017-10-31,31.040001,31.049999,30.469998999999998,30.59,30.469158,4097900
2017-11-01,30.18,30.73,30.139999,30.23,30.11058,3880900
2017-11-02,30.219998999999998,30.219998999999998,29.379998999999998,29.940001000000002,29.821728000000004,4525500
2017-11-03,29.91,30.07,29.4,29.450001,29.333662,2612500
2017-11-06,29.450001,29.58,29.049999,29.290001,29.174295,3862200
2017-11-07,29.23,29.76,29.16,29.59,29.473108,3161200
2017-11-08,29.540001,29.709999,29.08,29.24,29.124491,3717700
2017-11-09,29.08,29.33,29.02,29.15,29.034846999999996,2156600
2017-11-10,29.18,29.27,28.809998999999998,29.07,28.955161999999998,2806800
2017-11-13,29.040001,29.43,29.0,29.23,29.114531,2379500
2017-11-14,29.15,29.5,29.02,29.360001,29.244019,2270200
2017-11-15,29.280001000000002,29.370001000000002,28.959999,29.059998999999998,28.945202000000002,2542800
2017-11-16,29.219998999999998,29.35,29.1,29.309998999999998,29.194214000000002,1526600
2017-11-17,29.48,30.0,29.450001,29.940001000000002,29.821728000000004,4275600
2017-11-20,30.08,30.93,30.049999,30.65,30.528921,4771600
2017-11-21,30.66,31.0,30.549999,30.82,30.69825,2044200
2017-11-22,30.709999,30.889999,30.549999,30.690001000000002,30.568764,2759700
2017-11-24,30.719998999999998,30.73,30.41,30.67,30.548842999999998,1065700
2017-11-27,30.690001000000002,30.92,30.610001,30.889999,30.767972999999998,2376200
2017-11-28,31.139999,31.85,31.02,31.809998999999998,31.684340000000002,3533400
2017-11-29,31.83,32.43,31.709999,32.139998999999996,32.013034999999995,3092400
2017-11-30,32.25,32.689999,32.25,32.369999,32.242126,3181400
2017-12-01,32.34,32.470001,31.6,32.119999,31.993113,4018900
2017-12-04,32.389998999999996,32.68,31.959999,32.07,31.943312,2782800
2017-12-05,32.09,32.259997999999996,31.66,32.220001,32.09272,2633100
2017-12-06,32.139998999999996,32.27,31.309998999999998,31.360001,31.236117999999998,3176100
2017-12-07,31.25,31.540001,31.110001,31.32,31.196274,2796700
2017-12-08,31.549999,31.85,31.450001,31.75,31.624577000000002,3033400
2017-12-11,31.68,31.83,31.360001,31.41,31.285919,2270100
2017-12-12,31.5,31.719998999999998,31.34,31.57,31.445288,2084800
2017-12-13,31.5,31.969998999999998,31.469998999999998,31.77,31.644496999999998,2076400
2017-12-14,31.75,31.84,31.24,31.299999,31.176353000000002,2577300
2017-12-15,31.52,31.67,31.33,31.459999,31.335720000000002,3644700
2017-12-18,31.879998999999998,32.490002000000004,31.629998999999998,31.98,31.853665999999997,3485100
2017-12-19,32.139998999999996,32.439999,32.0,32.169998,32.042915,2229800
2017-12-20,32.330002,32.52,32.209998999999996,32.419998,32.291927,1900900
2017-12-21,32.450001,32.849998,32.450001,32.57,32.441338,1654200
2017-12-22,32.540001000000004,32.889998999999996,32.32,32.849998,32.72023,1822700
2017-12-26,32.830002,33.07,32.529999,32.599998,32.471218,1270100
2017-12-27,32.599998,32.849998,32.5,32.59,32.461258,1725600
2017-12-28,32.619999,32.77,32.450001,32.75,32.620625,2414400
2017-12-29,32.869999,32.880001,32.310001,32.310001,32.182365000000004,1634100
2018-01-02,32.419998,32.490002000000004,31.93,32.32,32.192326,2795600
2018-01-03,32.389998999999996,32.400002,31.66,31.860001,31.734142,3324400
2018-01-04,31.950001,32.619999,31.870001000000002,32.580002,32.451298,4912000
2018-01-05,32.689999,32.91,32.369999,32.84,32.71027,3789900
2018-01-08,32.830002,33.200001,32.700001,33.130001,32.999126000000004,2188600
2018-01-09,33.349998,34.290001000000004,33.27,33.889998999999996,33.756122999999995,2830200
2018-01-10,33.830002,33.880001,33.419998,33.470001,33.337784,2267700
2018-01-11,33.580002,33.880001,33.490002000000004,33.59,33.457306,1971100
2018-01-12,33.529999,34.080002,33.529999,33.91,33.776043,4295100
2018-01-16,34.0,34.169998,33.310001,33.5,33.367664000000005,2852200
2018-01-17,33.41,35.290001000000004,33.27,34.369999,34.234226,6156800
2018-01-18,34.279999,34.52,33.799999,34.080002,33.945374,2400500
2018-01-19,34.23,35.0,33.950001,34.990002000000004,34.85178,2974600
2018-01-22,35.0,35.669998,34.919998,35.619999,35.479286,3137900
2018-01-23,35.52,35.59,35.09,35.200001,35.060947,2259200
2018-01-24,35.299999,36.0,35.16,35.369999,35.230274,3181300
2018-01-25,35.509997999999996,35.669998,35.139998999999996,35.470001,35.329884,1398300
2018-01-26,35.639998999999996,35.91,35.470001,35.759997999999996,35.618732,1726700
2018-01-29,35.669998,36.07,35.639998999999996,35.66,35.519131,1857800
2018-01-30,35.41,35.549999,34.939999,35.439999,35.299999,2229900
2018-01-31,35.349998,35.450001,34.759997999999996,34.82,34.82,2536300
2018-02-01,34.639998999999996,34.73,34.25,34.509997999999996,34.509997999999996,2408700
2018-02-02,34.509997999999996,34.759997999999996,34.27,34.349998,34.349998,2273300
2018-02-05,34.169998,34.66,32.720001,32.799999,32.799999,3615800
2018-02-06,32.57,33.669998,32.099998,33.380001,33.380001,4014100
2018-02-07,33.139998999999996,33.880001,33.009997999999996,33.470001,33.470001,4053800
2018-02-08,33.470001,33.470001,30.57,30.75,30.75,6836800
2018-02-09,30.98,31.790001,29.389999,29.99,29.99,8126300
2018-02-12,30.25,30.73,29.969998999999998,30.110001,30.110001,7102600
2018-02-13,29.940001000000002,30.209999,29.049999,29.34,29.34,5416900
2018-02-14,29.0,29.67,28.809998999999998,29.58,29.58,4696100
2018-02-15,29.790001,30.07,29.559998999999998,29.959999,29.959999,3401200
2018-02-16,30.0,30.01,29.610001,29.66,29.66,3115700
2018-02-20,29.559998999999998,29.780001000000002,29.219998999999998,29.48,29.48,2923200
