Date,Open,High,Low,Close,Adj Close,Volume
2017-01-03,34.889998999999996,35.549999,34.700001,35.290001000000004,34.385864,2579600
2017-01-04,35.509997999999996,35.970001,35.400002,35.860001000000004,34.941261,2941300
2017-01-05,35.84,36.189999,35.700001,36.16,35.23357,2580300
2017-01-06,36.080002,36.419998,35.860001000000004,36.34,35.408962,2298600
2017-01-09,35.900002,36.459998999999996,35.299999,35.580002,34.668434000000005,3690200
2017-01-10,35.419998,35.529999,34.849998,34.919998,34.025341,3204900
2017-01-11,34.950001,35.23,34.810001,35.07,34.171496999999995,1985700
2017-01-12,34.860001000000004,35.5,34.849998,35.400002,34.661068,2378800
2017-01-13,35.349998,35.650002,35.310001,35.529999,34.788349,1611500
2017-01-17,35.580002,36.380001,35.540001000000004,36.349998,35.591232,2695500
2017-01-18,36.200001,36.59,35.939999,36.169998,35.414986,2568000
2017-01-19,36.07,36.310001,35.93,36.23,35.473735999999995,2774500
2017-01-20,36.41,36.740002000000004,36.080002,36.27,35.512901,3180600
2017-01-23,36.220001,36.380001,36.049999,36.189999,35.43457,2673700
2017-01-24,36.200001,36.610001000000004,36.200001,36.540001000000004,35.777266999999995,1561500
2017-01-25,36.57,36.68,36.48,36.52,35.757687,2643600
2017-01-26,36.490002000000004,36.639998999999996,36.009997999999996,36.16,35.405196999999994,1936700
2017-01-27,36.139998999999996,36.290001000000004,35.970001,36.119999,35.366032000000004,1679800
2017-01-30,36.18,36.419998,35.990002000000004,36.27,35.512901,1641000
2017-01-31,36.310001,36.43,36.07,36.299999,35.542274,3585700
2017-02-01,36.060001,36.200001,35.369999,35.619999,34.876469,3400900
2017-02-02,35.91,36.09,35.610001000000004,35.970001,35.219165999999994,2094800
2017-02-03,36.279999,36.290001000000004,35.970001,36.139998999999996,35.385616,2291600
2017-02-06,36.169998,36.290001000000004,35.849998,35.869999,35.121254,2046400
2017-02-07,36.0,36.389998999999996,35.860001000000004,36.25,35.493320000000004,2050200
2017-02-08,36.220001,36.529999,36.220001,36.48,35.718521,1262400
2017-02-09,36.48,36.98,36.279999,36.919998,36.14933,1886100
2017-02-10,36.869999,37.27,36.77,37.130001,36.354954,1896700
2017-02-13,37.139998999999996,37.330002,36.900002,37.25,36.472446000000005,1500400
2017-02-14,37.18,37.599998,37.07,37.59,36.805351,1832400
2017-02-15,37.459998999999996,37.939999,37.32,37.869999,37.079502000000005,2640800
2017-02-16,37.77,37.970001,37.029999,37.240002000000004,36.462658000000005,3163700
2017-02-17,37.040001000000004,37.48,36.860001000000004,37.259997999999996,36.482234999999996,2523200
2017-02-21,37.470001,37.689999,37.27,37.599998,36.81514,1804100
2017-02-22,37.599998,37.720001,37.18,37.299999,36.5214,1997400
2017-02-23,35.209998999999996,35.73,34.189999,35.290001000000004,34.55336,9063700
2017-02-24,35.189999,35.299999,34.48,34.66,33.936512,4444500
2017-02-27,34.619999,34.799999,34.48,34.650002,33.92672,2448900
2017-02-28,34.650002,35.380001,34.650002,35.25,34.514194,4096700
2017-03-01,35.299999,35.400002,35.139998999999996,35.27,34.533775,2672800
2017-03-02,35.299999,35.610001000000004,35.16,35.200001,34.465237,2287700
2017-03-03,35.25,35.439999,34.990002000000004,35.369999,34.631687,1751300
2017-03-06,35.060001,35.16,34.869999,35.0,34.269413,2542600
2017-03-07,35.0,35.099998,34.810001,34.849998,34.122543,2031900
2017-03-08,34.860001000000004,35.040001000000004,34.619999,34.650002,33.92672,2405700
2017-03-09,34.779999,34.93,34.549999,34.549999,33.828804,1772300
2017-03-10,34.779999,35.099998,34.73,35.07,34.337948,1844500
2017-03-13,35.07,35.240002000000004,34.84,34.939999,34.210667,2232200
2017-03-14,34.93,35.029999,34.610001000000004,34.700001,33.975677000000005,1658100
2017-03-15,34.790001000000004,35.540001000000004,34.68,35.43,34.690437,1901800
2017-03-16,35.349998,35.349998,34.919998,34.990002000000004,34.259624,2226800
2017-03-17,35.049999,35.060001,34.720001,34.919998,34.191082,3587900
2017-03-20,34.939999,35.099998,34.779999,34.950001,34.220459000000005,1375100
2017-03-21,34.93,35.060001,34.41,34.48,33.760265000000004,3160300
2017-03-22,34.549999,34.73,34.279999,34.689999,33.965881,1738500
2017-03-23,34.639998999999996,35.0,34.57,34.720001,33.995258,1860600
2017-03-24,34.810001,34.919998,34.389998999999996,34.52,33.799431,1820000
2017-03-27,34.48,34.66,34.09,34.150002,33.437157,2530000
2017-03-28,34.150002,34.389998999999996,33.959998999999996,34.34,33.623191999999996,2739400
2017-03-29,34.330002,34.580002,34.25,34.580002,33.858181,3648900
2017-03-30,34.459998999999996,34.630001,34.139998999999996,34.209998999999996,33.495899,2971000
2017-03-31,34.25,34.700001,34.099998,34.630001,33.907135,2436000
2017-04-03,34.610001000000004,34.880001,34.360001000000004,34.509997999999996,33.789639,2033600
2017-04-04,34.5,34.59,34.119999,34.389998999999996,33.672146000000005,1485200
2017-04-05,34.48,34.790001000000004,34.380001,34.459998999999996,33.740685,2206400
2017-04-06,34.459998999999996,34.52,34.220001,34.380001,33.662354,1753600
2017-04-07,34.389998999999996,34.5,34.240002000000004,34.25,33.535065,1863700
2017-04-10,34.290001000000004,34.48,34.220001,34.400002,33.681938,1087800
2017-04-11,34.34,34.490002000000004,34.07,34.299999,33.584022999999995,1147600
2017-04-12,34.150002,34.389998999999996,33.970001,34.25,33.535065,3948400
2017-04-13,34.169998,34.34,33.990002000000004,34.040001000000004,33.495708,1416200
2017-04-17,34.189999,34.5,34.099998,34.459998999999996,33.908993,1320000
2017-04-18,34.470001,34.889998999999996,34.439999,34.75,34.194355,1662800
2017-04-19,34.759997999999996,34.900002,34.52,34.540001000000004,33.987713,1147400
2017-04-20,34.57,34.700001,34.25,34.529999,33.977871,2002200
2017-04-21,34.509997999999996,34.889998999999996,34.5,34.689999,34.135311,2009800
2017-04-24,34.900002,34.970001,34.77,34.939999,34.381316999999996,1476300
2017-04-25,34.970001,35.450001,34.950001,35.43,34.863487,2620300
2017-04-26,35.369999,35.369999,34.889998999999996,34.939999,34.381316999999996,2438300
2017-04-27,35.040001000000004,35.099998,34.91,34.990002000000004,34.430523,1352000
2017-04-28,34.950001,35.119999,34.889998999999996,35.080002,34.519081,2165300
2017-05-01,34.869999,35.0,34.779999,34.900002,34.341961,1865100
2017-05-02,34.900002,34.970001,34.689999,34.810001,34.253399,1223600
2017-05-03,34.799999,34.860001000000004,34.43,34.580002,34.027077,1446900
2017-05-04,34.560001,35.029999,34.529999,34.75,34.194355,1518400
2017-05-05,34.860001000000004,35.009997999999996,34.560001,34.75,34.194355,1109800
2017-05-08,34.779999,34.990002000000004,34.32,34.48,33.928669,2103400
2017-05-09,34.549999,34.689999,34.32,34.580002,34.027077,1747600
2017-05-10,34.610001000000004,34.740002000000004,34.389998999999996,34.419998,33.869628999999996,2239300
2017-05-11,34.25,34.459998999999996,34.110001000000004,34.389998999999996,33.840107,1424100
2017-05-12,34.380001,34.77,34.349998,34.41,33.859790999999994,1245300
2017-05-15,34.400002,34.599998,34.259997999999996,34.529999,33.977871,1682300
2017-05-16,34.549999,34.580002,34.169998,34.18,33.633469,1873300
2017-05-17,34.18,34.43,34.130001,34.189999,33.643311,2583400
2017-05-18,34.169998,34.34,33.84,34.150002,33.603951,3416700
2017-05-19,34.290001000000004,34.919998,34.200001,34.830002,34.273075,2554600
2017-05-22,34.93,35.349998,34.790001000000004,35.209998999999996,34.646999,2267400
2017-05-23,35.209998999999996,35.419998,35.139998999999996,35.209998999999996,34.646999,2120000
2017-05-24,35.23,35.48,35.119999,35.400002,34.833965,2347100
2017-05-25,34.049999,34.639998999999996,32.939999,33.130001,32.600262,7972600
2017-05-26,33.09,33.610001000000004,33.07,33.119999,32.590416,4113000
2017-05-30,33.049999,33.369999,32.900002,33.27,32.738018,2767700
2017-05-31,33.34,33.700001,33.32,33.630001,33.092265999999995,3091900
2017-06-01,33.82,33.939999,33.48,33.91,33.367785999999995,2365600
2017-06-02,34.009997999999996,34.150002,33.900002,34.110001000000004,33.56459,1972400
2017-06-05,34.07,34.220001,33.860001000000004,34.16,33.613789000000004,1113500
2017-06-06,34.169998,34.509997999999996,34.099998,34.5,33.948353000000004,1858800
2017-06-07,34.509997999999996,34.990002000000004,34.509997999999996,34.98,34.420677000000005,2022700
2017-06-08,34.98,35.0,34.0,34.18,33.633469,2354800
2017-06-09,34.279999,34.84,34.23,34.77,34.214034999999996,1995300
2017-06-12,34.810001,35.040001000000004,34.73,34.73,34.174675,1653000
2017-06-13,34.75,34.849998,34.470001,34.68,34.125477000000004,1737900
2017-06-14,34.849998,35.16,34.540001000000004,34.720001,34.164840999999996,1552500
2017-06-15,34.900002,34.93,34.48,34.599998,34.046749,2276900
2017-06-16,34.75,34.77,33.490002000000004,33.950001,33.407143,4102200
2017-06-19,34.0,34.389998999999996,33.459998999999996,34.349998,33.800746999999994,2353200
2017-06-20,34.330002,34.34,33.900002,33.939999,33.397304999999996,2211100
2017-06-21,33.91,34.029999,33.549999,34.0,33.456348,2414800
2017-06-22,34.029999,34.700001,33.810001,34.419998,33.869628999999996,4037900
2017-06-23,34.369999,35.34,34.369999,34.939999,34.381316999999996,7690300
2017-06-26,35.09,35.290001000000004,34.779999,34.799999,34.243553000000006,1468200
2017-06-27,34.650002,34.959998999999996,34.139998999999996,34.150002,33.603951,2092800
2017-06-28,34.459998999999996,34.650002,34.130001,34.209998999999996,33.662987,1703600
2017-06-29,34.09,34.34,33.779999,33.959998999999996,33.416988,2017800
2017-06-30,34.049999,34.439999,34.049999,34.110001000000004,33.56459,2246900
2017-07-03,34.27,34.540001000000004,34.150002,34.150002,33.603951,1083800
2017-07-05,34.16,34.16,33.66,33.73,33.190666,1621500
2017-07-06,33.650002,33.799999,33.130001,33.150002,32.619942,1779700
2017-07-07,33.23,33.34,33.060001,33.200001,32.669140000000006,1438400
2017-07-10,33.16,33.240002000000004,32.650002,32.650002,32.127934,2330300
2017-07-11,32.580002,32.700001,32.259997999999996,32.529999,32.00985,2072300
2017-07-12,32.66,32.869999,32.490002000000004,32.619999,32.098411999999996,1827200
2017-07-13,32.549999,32.75,32.419998,32.709998999999996,32.355598,1643100
2017-07-14,32.77,32.91,32.68,32.830002,32.474297,1350400
2017-07-17,32.830002,33.220001,32.68,33.189999,32.830395,1594300
2017-07-18,33.189999,33.299999,32.77,32.830002,32.474297,1200700
2017-07-19,32.860001000000004,32.959998999999996,32.439999,32.619999,32.266571,4302300
2017-07-20,32.66,33.080002,32.619999,32.93,32.573212,1737000
2017-07-21,32.849998,33.240002000000004,32.849998,33.23,32.869965,1030300
2017-07-24,33.200001,33.389998999999996,33.18,33.310001,32.949096999999995,1888200
2017-07-25,33.400002,34.119999,33.220001,34.110001000000004,33.740429,2435100
2017-07-26,34.09,34.41,33.91,34.009997999999996,33.64151,2801800
2017-07-27,34.009997999999996,34.34,33.919998,34.330002,33.958046,1521100
2017-07-28,34.299999,34.34,34.060001,34.150002,33.779995,992000
2017-07-31,34.150002,34.34,33.970001,34.169998,33.799778,1796300
2017-08-01,34.23,34.240002000000004,33.68,34.139998999999996,33.7701,1552600
2017-08-02,34.119999,34.279999,33.77,34.16,33.789885999999996,1112300
2017-08-03,34.169998,34.389998999999996,33.900002,33.93,33.562378,1279200
2017-08-04,34.009997999999996,34.009997999999996,33.599998,33.669998,33.305191,1222700
2017-08-07,33.75,34.220001,33.75,34.200001,33.829453,1743300
2017-08-08,34.150002,34.150002,33.549999,33.66,33.295303000000004,1826500
2017-08-09,33.669998,33.75,33.470001,33.610001000000004,33.245846,1814100
2017-08-10,33.48,33.93,33.439999,33.66,33.295303000000004,1534800
2017-08-11,33.700001,34.240002000000004,33.57,34.009997999999996,33.64151,1250000
2017-08-14,34.139998999999996,34.529999,34.099998,34.419998,34.04707,1367000
2017-08-15,34.419998,34.450001,34.099998,34.240002000000004,33.869021999999994,1365300
2017-08-16,34.240002000000004,34.470001,34.23,34.349998,33.977829,1093100
2017-08-17,34.200001,34.32,33.84,33.860001000000004,33.493137,1819600
2017-08-18,33.959998999999996,34.25,33.830002,34.09,33.720646,1782300
2017-08-21,34.139998999999996,34.200001,33.919998,33.93,33.562378,2330000
2017-08-22,33.98,34.419998,33.900002,34.380001,34.007504,1730400
2017-08-23,34.279999,34.419998,33.900002,33.919998,33.552486,2669000
2017-08-24,31.610001,32.349998,30.860001,32.09,31.742315,10569200
2017-08-25,31.450001,31.950001,31.299999,31.34,31.000441,5070500
2017-08-28,31.389999,31.51,30.879998999999998,31.049999,30.713581,3190900
2017-08-29,31.02,31.26,30.809998999999998,30.969998999999998,30.634449,2644300
2017-08-30,30.9,31.110001,30.83,30.860001,30.525640000000003,2425500
2017-08-31,30.82,30.940001000000002,30.66,30.74,30.406941999999997,3174500
2017-09-01,30.889999,30.959999,30.59,30.92,30.584991,1900100
2017-09-05,30.82,31.1,30.5,30.700001,30.367373999999998,2172400
2017-09-06,30.73,30.860001,30.530001000000002,30.85,30.515749,2776500
2017-09-07,30.9,31.25,30.9,31.25,30.911415,3304600
2017-09-08,31.129998999999998,31.66,31.07,31.6,31.257624,3113100
2017-09-11,31.700001,31.92,31.639999,31.68,31.336756,2016700
2017-09-12,31.709999,31.860001,31.59,31.77,31.425781,1169700
2017-09-13,31.700001,31.799999,31.280001000000002,31.33,30.990548999999998,3029900
2017-09-14,31.25,31.34,30.790001,30.91,30.5751,3507500
2017-09-15,30.870001000000002,31.41,30.870001000000002,31.379998999999998,31.040007,3231100
2017-09-18,31.49,31.73,31.389999,31.65,31.307081,1798600
2017-09-19,31.65,31.75,31.309998999999998,31.73,31.386215000000004,2056400
2017-09-20,31.75,32.029999,31.25,31.43,31.089465999999998,2228900
2017-09-21,31.5,31.66,31.040001,31.190001000000002,30.852065999999997,1386100
2017-09-22,31.309998999999998,31.559998999999998,31.17,31.27,30.9312,1719100
2017-09-25,31.25,31.57,31.059998999999998,31.530001000000002,31.188383,1672800
2017-09-26,31.6,32.200001,31.530001000000002,31.700001,31.356540999999996,1586500
2017-09-27,31.719998999999998,31.75,31.1,31.33,30.990548999999998,2181500
2017-09-28,31.290001,31.709999,31.23,31.709999,31.366429999999998,3167300
2017-09-29,31.92,32.360001000000004,31.92,32.139998999999996,31.791771,4090800
2017-10-02,32.169998,32.279999,31.889999,31.92,31.574156,3023000
2017-10-03,32.0,32.139998999999996,31.700001,31.780001000000002,31.435672999999998,2094500
2017-10-04,31.780001000000002,31.91,31.52,31.76,31.415892,2692400
2017-10-05,31.790001,31.959999,31.629998999999998,31.67,31.326866,1906100
2017-10-06,31.690001000000002,31.77,31.48,31.620001000000002,31.277407,1638000
2017-10-09,31.719998999999998,31.879998999999998,31.18,31.25,30.911415,2172200
2017-10-10,31.389999,31.790001,31.389999,31.75,31.405997999999997,1552800
2017-10-11,31.790001,31.969998999999998,31.620001000000002,31.719998999999998,31.376322,1719400
2017-10-12,31.68,31.93,31.610001,31.799999,31.455455999999998,1554000
2017-10-13,31.799999,32.009997999999996,31.73,31.85,31.504915000000004,2242000
2017-10-16,31.790001,31.9,31.41,31.52,31.178490000000004,2004800
2017-10-17,31.379998999999998,31.629998999999998,31.360001,31.51,31.168598,1731800
2017-10-18,31.530001000000002,31.58,31.120001000000002,31.34,31.000441,3221500
2017-10-19,31.27,31.280001000000002,30.43,30.620001000000002,30.288241999999997,4172700
2017-10-20,30.540001,30.790001,30.290001,30.74,30.5767,3071600
2017-10-23,30.6,30.639999,30.190001000000002,30.43,30.268349,2428400
2017-10-24,30.5,30.540001,30.02,30.27,30.109198,2257500
2017-10-25,30.26,30.35,29.75,30.32,30.158932,2962000
2017-10-26,30.389999,30.610001,30.209999,30.370001000000002,30.208668,2043700
2017-10-27,30.33,30.450001,30.1,30.379998999999998,30.218613,1817600
2017-10-30,30.27,30.379998999999998,30.1,30.15,29.989835999999997,2156200
2017-10-31,30.52,31.200001,30.440001000000002,31.16,30.994471,4948600
2017-11-01,30.969998999999998,31.459999,30.9,31.209999,31.044203000000003,3326200
2017-11-02,31.040001,31.620001000000002,31.0,31.51,31.342610999999998,3135200
2017-11-03,31.290001,31.559998999999998,31.139999,31.32,31.15362,2761300
2017-11-06,31.09,31.139999,30.690001000000002,30.77,30.606543,2832100
2017-11-07,30.809998999999998,31.51,30.799999,31.5,31.332664,3022400
2017-11-08,31.65,32.189999,31.549999,32.150002,31.979212,2539900
2017-11-09,32.060001,32.349998,31.77,31.950001,31.780272999999998,2247100
2017-11-10,31.92,32.43,31.860001,32.330002,32.158257,1839500
2017-11-13,32.330002,32.700001,32.25,32.450001,32.277618,1882300
2017-11-14,32.380001,33.080002,32.349998,32.98,32.804802,2778300
2017-11-15,32.830002,33.169998,32.720001,33.080002,32.904274,3200300
2017-11-16,33.099998,33.259997999999996,32.849998,32.93,32.755066,3107600
2017-11-17,32.860001000000004,33.259997999999996,32.830002,33.119999,32.944057,1986600
2017-11-20,33.209998999999996,33.419998,33.07,33.400002,33.222572,3317100
2017-11-21,34.48,35.689999,34.290001000000004,34.52,34.33662,6793900
2017-11-22,34.32,34.66,34.080002,34.27,34.087948,3144000
2017-11-24,34.400002,34.5,34.290001000000004,34.41,34.227203,1035400
2017-11-27,34.389998999999996,34.650002,33.959998999999996,34.18,33.998428000000004,4252800
2017-11-28,34.279999,34.630001,34.09,34.59,34.40625,2915400
2017-11-29,34.639998999999996,36.169998,34.580002,35.990002000000004,35.798813,4654700
2017-11-30,36.099998,36.66,36.0,36.450001,36.256371,4573200
2017-12-01,36.490002000000004,36.82,36.02,36.77,36.574669,3316300
2017-12-04,36.950001,37.740002000000004,36.950001,37.68,37.479836,3424300
2017-12-05,37.889998999999996,38.0,37.0,37.099998,36.902912,2423700
2017-12-06,37.110001000000004,37.110001000000004,36.66,37.099998,36.902912,2451600
2017-12-07,37.07,37.139998999999996,36.66,36.93,36.733818,1382800
2017-12-08,37.0,37.259997999999996,36.759997999999996,37.240002000000004,37.042171,1219100
2017-12-11,37.119999,37.240002000000004,36.619999,36.990002000000004,36.793503,1803700
2017-12-12,36.98,37.130001,36.77,36.990002000000004,36.793503,2234400
2017-12-13,37.099998,37.279999,36.93,37.119999,36.92281,1219100
2017-12-14,36.830002,36.919998,36.59,36.619999,36.425465,1943800
2017-12-15,36.799999,36.939999,36.380001,36.790001000000004,36.594563,2611500
2017-12-18,36.950001,37.279999,36.830002,37.07,36.873074,1801700
2017-12-19,37.119999,37.220001,36.790001000000004,36.82,36.624401,1281200
2017-12-20,36.970001,36.970001,36.279999,36.549999,36.355835,1963000
2017-12-21,36.549999,36.669998,36.349998,36.41,36.216578999999996,1820700
2017-12-22,36.5,36.73,36.330002,36.73,36.534882,834900
2017-12-26,36.650002,36.860001000000004,36.59,36.740002000000004,36.54483,679700
2017-12-27,36.810001,36.939999,36.490002000000004,36.59,36.395626,859800
2017-12-28,36.549999,36.66,36.349998,36.540001000000004,36.345890000000004,1384000
2017-12-29,36.619999,36.810001,36.389998999999996,36.389998999999996,36.196686,1288400
2018-01-02,36.529999,36.619999,36.080002,36.360001000000004,36.166847,2068400
2018-01-03,36.299999,36.330002,35.68,36.0,35.808758000000005,2972700
2018-01-04,36.0,36.48,35.880001,36.450001,36.256371,5675000
2018-01-05,36.459998999999996,36.560001,36.130001,36.349998,36.156898,2945000
2018-01-08,36.310001,36.48,36.130001,36.41,36.216578999999996,2752600
2018-01-09,36.34,36.459998999999996,36.240002000000004,36.400002,36.206635,2707100
2018-01-10,36.220001,36.220001,35.369999,35.389998999999996,35.202,3691800
2018-01-11,35.330002,35.349998,34.279999,34.34,34.34,3320300
2018-01-12,34.470001,34.57,34.139998999999996,34.549999,34.549999,3186500
2018-01-16,34.720001,34.959998999999996,34.509997999999996,34.720001,34.720001,3350500
2018-01-17,34.950001,35.220001,34.790001000000004,34.919998,34.919998,2448800
2018-01-18,34.459998999999996,34.66,34.0,34.25,34.25,5715500
2018-01-19,34.389998999999996,34.779999,34.290001000000004,34.759997999999996,34.759997999999996,2611200
2018-01-22,34.900002,35.150002,34.650002,34.880001,34.880001,1624900
2018-01-23,35.0,35.09,34.779999,34.939999,34.939999,1403000
2018-01-24,35.040001000000004,35.040001000000004,34.369999,34.389998999999996,34.389998999999996,1835900
2018-01-25,34.459998999999996,34.900002,34.419998,34.59,34.59,2250400
2018-01-26,34.57,34.700001,34.400002,34.66,34.66,1374600
2018-01-29,34.700001,34.860001000000004,34.490002000000004,34.639998999999996,34.639998999999996,1883500
2018-01-30,34.580002,34.919998,34.48,34.700001,34.700001,1950900
2018-01-31,34.790001000000004,34.790001000000004,34.029999,34.330002,34.330002,4753300
2018-02-01,34.110001000000004,34.509997999999996,33.689999,34.080002,34.080002,2345700
2018-02-02,33.970001,34.279999,33.639998999999996,33.650002,33.650002,2169000
2018-02-05,33.619999,33.73,32.470001,32.490002000000004,32.490002000000004,2935200
2018-02-06,31.91,32.860001000000004,31.709999,32.740002000000004,32.740002000000004,4836900
2018-02-07,32.709998999999996,33.509997999999996,32.599998,32.740002000000004,32.740002000000004,3304800
2018-02-08,33.0,33.0,32.209998999999996,32.209998999999996,32.209998999999996,3622800
2018-02-09,32.549999,33.07,31.83,32.810001,32.810001,4129800
2018-02-12,32.990002000000004,33.32,32.75,33.07,33.07,2382200
2018-02-13,33.029999,33.189999,32.689999,33.080002,33.080002,1312500
2018-02-14,33.41,34.099998,33.080002,34.040001000000004,34.040001000000004,2807600
2018-02-15,34.200001,34.200001,33.080002,34.080002,34.080002,2779900
2018-02-16,33.77,34.389998999999996,33.34,34.349998,34.349998,2989400
2018-02-20,34.150002,34.310001,33.639998999999996,33.799999,33.799999,2588100
