Date,Open,High,Low,Close,Adj Close,Volume
2017-01-03,57.689999,59.389998999999996,57.689999,58.150002,57.385422,1235000
2017-01-04,58.529999,59.220001,58.349998,58.779999,58.007132999999996,656500
2017-01-05,58.799999,59.279999,58.169998,58.560001,57.790031000000006,645400
2017-01-06,58.580002,58.990002000000004,57.919998,57.98,57.21765500000001,708900
2017-01-09,57.790001000000004,57.939999,56.720001,56.740002000000004,55.993961,523800
2017-01-10,57.130001,57.490002000000004,56.669998,57.290001000000004,56.536728000000004,1096200
2017-01-11,57.450001,57.599998,56.759997999999996,57.310001,56.556465,683500
2017-01-12,57.369999,57.450001,56.380001,57.389998999999996,56.63541,668400
2017-01-13,57.369999,58.200001,57.240002000000004,58.16,57.39529,615300
2017-01-17,57.900002,58.200001,56.919998,57.009997999999996,56.26041,716000
2017-01-18,57.009997999999996,58.049999,56.779999,58.02,57.257126,944800
2017-01-19,58.09,58.84,57.450001,57.610001000000004,56.852524,599100
2017-01-20,57.880001,57.93,56.970001,57.380001,56.625542,557000
2017-01-23,57.209998999999996,57.540001000000004,56.540001000000004,57.119999,56.368958,618500
2017-01-24,57.48,60.290001000000004,57.349998,60.119999,59.329514,992100
2017-01-25,60.970001,62.200001,60.720001,61.869999,61.056506999999996,1427900
2017-01-26,61.740002000000004,62.07,60.330002,61.220001,60.415054000000005,980800
2017-01-27,61.220001,61.369999,60.049999,60.360001000000004,59.566364,855700
2017-01-30,60.189999,60.189999,58.400002,59.380001,58.599247,894800
2017-01-31,59.389998999999996,59.599998,57.959998999999996,58.549999,57.780159,1048000
2017-02-01,58.98,59.700001,58.18,58.84,58.066345,856000
2017-02-02,58.650002,59.02,58.209998999999996,58.700001,57.928188,779300
2017-02-03,59.139998999999996,59.810001,58.860001000000004,59.220001,58.441349,658000
2017-02-06,59.040001000000004,59.549999,58.630001,59.18,58.401878,535500
2017-02-07,59.18,59.77,58.490002000000004,58.799999,58.026875,1129300
2017-02-08,58.139998999999996,59.209998999999996,56.150002,56.630001,55.885406,2096700
2017-02-09,56.630001,57.240002000000004,56.209998999999996,56.48,55.737373,1483100
2017-02-10,56.98,57.529999,56.310001,57.400002,56.645283,1336900
2017-02-13,57.619999,57.740002000000004,57.259997999999996,57.450001,56.694626,963500
2017-02-14,57.540001000000004,57.540001000000004,56.779999,57.529999,56.77356700000001,669300
2017-02-15,57.450001,58.400002,57.209998999999996,58.32,57.703635999999996,1146100
2017-02-16,58.32,59.029999,57.529999,59.029999,58.406128,1606600
2017-02-17,58.939999,58.939999,57.490002000000004,57.610001000000004,57.001141000000004,1196400
2017-02-21,57.84,58.52,57.73,58.189999,57.575012,1172000
2017-02-22,58.029999,58.07,56.740002000000004,56.799999,56.199695999999996,852500
2017-02-23,57.23,57.360001000000004,55.450001,56.099998,55.507099,1474300
2017-02-24,55.540001000000004,56.040001000000004,55.310001,56.029999,55.437836,840200
2017-02-27,56.009997999999996,57.68,55.720001,57.049999,56.44706,2073600
2017-02-28,57.029999,57.09,56.099998,56.41,55.813824,1168300
2017-03-01,57.349998,58.48,57.349998,57.540001000000004,56.931881000000004,1041100
2017-03-02,57.310001,57.52,56.650002,56.799999,56.199695999999996,608400
2017-03-03,56.709998999999996,57.169998,56.310001,56.48,55.883083,571300
2017-03-06,56.209998999999996,56.549999,55.91,56.419998,55.823719,962100
2017-03-07,56.450001,57.009997999999996,55.939999,56.509997999999996,55.912766000000005,992200
2017-03-08,56.610001000000004,57.07,56.540001000000004,56.68,56.080971,1017500
2017-03-09,56.59,56.790001000000004,55.57,55.869999,55.27953,1160800
2017-03-10,56.41,56.810001,55.939999,56.419998,55.823719,566700
2017-03-13,56.310001,57.0,56.240002000000004,56.439999,55.843506000000005,939200
2017-03-14,55.919998,55.990002000000004,54.93,55.549999,54.962914000000005,661000
2017-03-15,55.790001000000004,56.599998,55.389998999999996,56.330002,55.734669,846600
2017-03-16,56.619999,56.900002,55.810001,55.869999,55.27953,833500
2017-03-17,55.98,56.139998999999996,55.049999,55.459998999999996,54.873863,1000700
2017-03-20,55.389998999999996,55.650002,54.880001,55.450001,54.86396800000001,723400
2017-03-21,55.700001,55.860001000000004,54.439999,54.529999,53.95369,1064500
2017-03-22,54.490002000000004,55.099998,54.18,54.779999,54.201054000000006,603200
2017-03-23,54.810001,55.049999,54.349998,54.759997999999996,54.18125500000001,825800
2017-03-24,54.779999,55.23,53.849998,54.130001,53.55791899999999,658700
2017-03-27,53.310001,53.869999,52.389998999999996,53.700001,53.132465,757100
2017-03-28,53.509997999999996,54.580002,53.509997999999996,54.189999,53.617287,573800
2017-03-29,54.139998999999996,55.470001,54.029999,55.110001000000004,54.527561,932800
2017-03-30,55.080002,55.84,54.970001,55.330002,54.745239,448600
2017-03-31,55.0,55.82,54.84,55.279999,54.695766000000006,640000
2017-04-03,55.389998999999996,55.630001,54.259997999999996,54.669998,54.092213,899900
2017-04-04,54.599998,54.860001000000004,54.310001,54.669998,54.092213,533900
2017-04-05,55.110001000000004,55.66,54.220001,54.310001,53.736022999999996,789400
2017-04-06,54.450001,54.959998999999996,54.220001,54.580002,54.003166,477000
2017-04-07,54.490002000000004,54.93,54.310001,54.509997999999996,53.933903,532400
2017-04-10,54.459998999999996,55.200001,54.290001000000004,54.939999,54.359359999999995,594000
2017-04-11,54.77,55.02,54.150002,54.610001000000004,54.032848,807300
2017-04-12,54.59,54.59,52.82,53.110001000000004,52.548702,934000
2017-04-13,53.110001000000004,53.549999,52.849998,52.970001,52.410183,933300
2017-04-17,53.130001,53.490002000000004,52.66,53.450001,52.885105,617700
2017-04-18,53.009997999999996,53.84,52.799999,53.639998999999996,53.073097,684300
2017-04-19,54.040001000000004,54.580002,53.52,53.880001,53.310562,746200
2017-04-20,54.290001000000004,54.419998,53.400002,53.68,53.112675,561400
2017-04-21,53.66,53.82,53.189999,53.540001000000004,52.974159,538900
2017-04-24,54.290001000000004,54.799999,54.009997999999996,54.66,54.082317,677300
2017-04-25,54.959998999999996,55.41,54.759997999999996,55.110001000000004,54.527561,454900
2017-04-26,55.080002,55.650002,55.080002,55.400002,54.814499,382200
2017-04-27,55.389998999999996,55.75,55.07,55.720001,55.13111899999999,581700
2017-04-28,55.790001000000004,55.919998,54.650002,54.919998,54.339573,680000
2017-05-01,55.099998,55.279999,54.279999,54.52,53.943798,991400
2017-05-02,54.740002000000004,55.32,54.540001000000004,55.150002,54.567142000000004,644100
2017-05-03,54.740002000000004,54.950001,54.200001,54.580002,54.003166,622400
2017-05-04,54.560001,54.959998999999996,54.369999,54.779999,54.201054000000006,702000
2017-05-05,54.380001,54.66,52.880001,54.66,54.082317,1358700
2017-05-08,54.75,55.150002,54.389998999999996,54.709998999999996,54.131786,1144000
2017-05-09,55.209998999999996,55.970001,53.779999,55.919998,55.328998999999996,1170300
2017-05-10,55.889998999999996,55.919998,54.299999,54.560001,53.983376,1587600
2017-05-11,54.5,55.049999,54.099998,54.560001,53.983376,944500
2017-05-12,54.299999,54.330002,52.709998999999996,52.75,52.192505,959700
2017-05-15,53.240002000000004,53.540001000000004,52.68,52.82,52.261765000000004,1137100
2017-05-16,52.91,52.990002000000004,52.25,52.599998,52.044086,986100
2017-05-17,52.450001,52.450001,50.98,51.709998999999996,51.309814,1427500
2017-05-18,51.799999,52.09,50.529999,51.400002,51.002216,1348100
2017-05-19,51.869999,53.299999,51.77,53.009997999999996,52.599754000000004,1382200
2017-05-22,53.389998999999996,53.75,52.639998999999996,52.880001,52.470764,947800
2017-05-23,53.009997999999996,53.259997999999996,52.689999,53.18,52.768443999999995,584400
2017-05-24,53.060001,53.310001,52.5,52.939999,52.53029599999999,1140200
2017-05-25,53.18,53.200001,52.459998999999996,52.59,52.183009999999996,841000
2017-05-26,52.52,52.869999,52.400002,52.66,52.252464,682800
2017-05-30,52.490002000000004,52.830002,52.27,52.630001,52.222702000000005,693100
2017-05-31,52.630001,52.66,52.009997999999996,52.419998,52.014324,1527100
2017-06-01,52.560001,53.330002,52.119999,53.209998999999996,52.79821,639800
2017-06-02,53.32,53.560001,52.860001000000004,53.200001,52.788284,1008700
2017-06-05,53.130001,53.290001000000004,52.25,52.310001,51.905174,1116300
2017-06-06,52.130001,52.349998,51.68,52.09,51.686878,934400
2017-06-07,52.119999,52.299999,51.619999,52.0,51.597572,1128900
2017-06-08,52.0,52.990002000000004,51.779999,52.91,52.500526,993900
2017-06-09,52.900002,55.119999,52.619999,54.950001,54.524742,1162400
2017-06-12,54.869999,55.290001000000004,54.23,55.009997999999996,54.584278000000005,1320100
2017-06-13,55.060001,55.66,54.720001,55.0,54.57435600000001,672100
2017-06-14,55.0,55.419998,54.220001,54.59,54.167530000000006,568800
2017-06-15,54.029999,54.75,53.459998999999996,53.799999,53.383644,620200
2017-06-16,53.669998,53.900002,53.349998,53.82,53.403484,784200
2017-06-19,53.939999,54.48,53.650002,54.200001,53.780547999999996,1124300
2017-06-20,53.919998,54.279999,53.32,53.450001,53.036354,608500
2017-06-21,53.59,53.669998,52.43,52.490002000000004,52.083782,808600
2017-06-22,52.57,52.91,52.110001000000004,52.66,52.252464,493000
2017-06-23,52.66,52.889998999999996,52.290001000000004,52.810001,52.401306,837000
2017-06-26,52.990002000000004,53.82,52.68,53.549999,53.135578,429400
2017-06-27,53.599998,54.490002000000004,53.369999,53.529999,53.115730000000006,539500
2017-06-28,54.0,54.860001000000004,54.0,54.209998999999996,53.79046999999999,754900
2017-06-29,54.389998999999996,54.57,53.139998999999996,53.560001,53.1455,965800
2017-06-30,53.84,54.689999,53.689999,54.389998999999996,53.969074,902300
2017-07-03,54.639998999999996,55.5,54.48,55.150002,54.72319399999999,348200
2017-07-05,55.049999,55.049999,54.299999,54.860001000000004,54.435435999999996,925900
2017-07-06,54.799999,55.279999,54.009997999999996,54.169998,53.750778000000004,1043100
2017-07-07,54.240002000000004,55.0,53.830002,54.82,54.395748,669600
2017-07-10,54.669998,55.349998,54.380001,54.779999,54.356056,1153100
2017-07-11,54.790001000000004,54.790001000000004,53.98,54.599998,54.177448,774300
2017-07-12,55.110001000000004,55.59,54.52,54.68,54.256831999999996,527600
2017-07-13,54.720001,54.73,54.16,54.240002000000004,53.820236,715900
2017-07-14,54.369999,54.68,54.18,54.369999,53.94923000000001,482500
2017-07-17,54.330002,54.869999,54.02,54.5,54.078228,575200
2017-07-18,54.09,54.099998,52.09,52.400002,51.994479999999996,1176100
2017-07-19,52.52,53.470001,52.400002,53.43,53.01650600000001,580300
2017-07-20,53.330002,53.52,52.43,52.540001000000004,52.133392,762300
2017-07-21,52.439999,52.540001000000004,51.959998999999996,52.299999,51.895252,571100
2017-07-24,52.0,52.279999,51.349998,52.169998,51.766258,799500
2017-07-25,52.669998,53.419998,52.529999,52.990002000000004,52.57991,411400
2017-07-26,53.110001000000004,53.25,52.220001,52.799999,52.391384,441600
2017-07-27,52.84,53.099998,52.59,53.060001,52.649372,443800
2017-07-28,52.889998999999996,53.07,52.09,52.389998999999996,51.984553999999996,604900
2017-07-31,52.630001,53.220001,52.32,52.720001,52.312003999999995,610500
2017-08-01,52.990002000000004,53.419998,52.560001,53.25,52.837897999999996,738300
2017-08-02,52.970001,54.5,52.790001000000004,53.349998,53.086666,2135300
2017-08-03,52.84,53.110001000000004,51.849998,52.669998,52.410022999999995,1657900
2017-08-04,52.669998,52.93,52.009997999999996,52.48,52.220963,908200
2017-08-07,52.34,52.689999,52.099998,52.310001,52.0518,905100
2017-08-08,53.299999,54.990002000000004,52.610001000000004,54.119999,53.852863,1493100
2017-08-09,53.740002000000004,54.27,53.330002,54.220001,53.952374,923400
2017-08-10,53.849998,54.619999,52.630001,52.68,52.419971000000004,1260100
2017-08-11,52.470001,53.0,52.360001000000004,52.580002,52.320469,1007300
2017-08-14,53.139998999999996,53.360001000000004,52.689999,52.73,52.469727,532800
2017-08-15,52.59,52.689999,51.549999,51.57,51.315453000000005,821800
2017-08-16,51.799999,52.119999,50.970001,51.049999,50.798019000000004,736800
2017-08-17,50.889998999999996,51.330002,50.209998999999996,50.25,50.001965000000006,832700
2017-08-18,50.040001000000004,50.599998,49.709998999999996,49.849998,49.603939000000004,937500
2017-08-21,49.860001000000004,49.869999,49.310001,49.580002,49.335278,820200
2017-08-22,49.720001,50.959998999999996,49.599998,50.869999,50.618904,1476900
2017-08-23,50.599998,51.560001,50.41,51.330002,51.076637,1048800
2017-08-24,51.43,51.700001,51.240002000000004,51.330002,51.076637,780300
2017-08-25,51.650002,52.200001,51.450001,51.939999,51.683624,590700
2017-08-28,52.310001,52.439999,51.82,52.23,51.972195,811600
2017-08-29,51.959998999999996,53.380001,51.959998999999996,53.169998,52.907551,1014200
2017-08-30,53.099998,53.959998999999996,52.540001000000004,53.75,53.484692,593900
2017-08-31,54.009997999999996,54.619999,53.75,54.490002000000004,54.221039000000005,824400
2017-09-01,54.740002000000004,55.439999,54.630001,55.130001,54.85788,802200
2017-09-05,55.25,55.360001000000004,54.0,54.380001,54.11158399999999,1207000
2017-09-06,54.57,54.830002,54.220001,54.490002000000004,54.221039000000005,607900
2017-09-07,54.52,54.650002,53.849998,54.439999,54.171284,930200
2017-09-08,54.360001000000004,55.0,53.939999,54.630001,54.360347999999995,597800
2017-09-11,55.0,55.189999,54.599998,54.889998999999996,54.619064,1276400
2017-09-12,55.200001,56.18,55.169998,55.93,55.65393100000001,612700
2017-09-13,55.790001000000004,56.400002,55.669998,55.98,55.70368199999999,582600
2017-09-14,55.799999,56.150002,55.66,55.790001000000004,55.514621999999996,441800
2017-09-15,55.700001,56.450001,55.610001000000004,55.950001,55.673836,1034600
2017-09-18,56.029999,56.880001,55.849998,56.759997999999996,56.479836,1252400
2017-09-19,56.860001000000004,57.009997999999996,56.610001000000004,56.849998,56.569389,620000
2017-09-20,57.0,57.759997999999996,56.950001,57.720001,57.435097,744500
2017-09-21,57.830002,57.959998999999996,57.380001,57.41,57.126625,601000
2017-09-22,57.400002,57.630001,56.880001,57.540001000000004,57.255984999999995,816100
2017-09-25,57.52,58.439999,57.509997999999996,58.259997999999996,57.97243100000001,611500
2017-09-26,58.310001,58.490002000000004,57.82,58.299999,58.012234,583300
2017-09-27,58.5,58.509997999999996,57.900002,58.34,58.052036,558600
2017-09-28,58.279999,58.459998999999996,57.580002,58.169998,57.882874,668000
2017-09-29,58.18,58.299999,57.669998,58.27,57.982380000000006,588200
2017-10-02,58.139998999999996,58.790001000000004,57.93,58.790001000000004,58.49981700000001,914600
2017-10-03,58.849998,58.98,57.990002000000004,58.439999,58.151543000000004,629600
2017-10-04,58.43,58.82,58.119999,58.599998,58.310749,678900
2017-10-05,58.799999,59.130001,58.529999,58.790001000000004,58.49981700000001,452100
2017-10-06,58.509997999999996,58.98,58.240002000000004,58.959998999999996,58.668972,433000
2017-10-09,58.91,59.049999,58.130001,58.380001,58.091839,552100
2017-10-10,58.959998999999996,58.959998999999996,58.169998,58.360001000000004,58.071938,437700
2017-10-11,58.369999,58.369999,57.799999,58.009997999999996,57.723663,605100
2017-10-12,57.82,58.599998,57.779999,58.52,58.382111,508000
2017-10-13,58.77,58.77,58.400002,58.549999,58.412037,571400
2017-10-16,59.009997999999996,59.27,58.73,59.0,58.860977,488600
2017-10-17,58.91,58.959998999999996,58.080002,58.23,58.09279300000001,589000
2017-10-18,58.23,58.529999,58.150002,58.169998,58.032931999999995,506200
2017-10-19,57.93,58.349998,57.93,58.299999,58.162628000000005,396700
2017-10-20,58.669998,58.860001000000004,58.459998999999996,58.82,58.681404,351400
2017-10-23,58.75,59.060001,58.209998999999996,58.34,58.202534,376000
2017-10-24,58.349998,58.91,58.349998,58.59,58.451946,573700
2017-10-25,58.560001,58.689999,57.57,58.080002,57.94315,423600
2017-10-26,58.0,58.919998,58.0,58.73,58.591614,465300
2017-10-27,58.490002000000004,59.0,58.419998,58.709998999999996,58.571663,338100
2017-10-30,58.34,58.860001000000004,58.34,58.459998999999996,58.32225,395800
2017-10-31,58.599998,58.84,58.169998,58.209998999999996,58.072838,563600
2017-11-01,58.380001,58.869999,58.119999,58.290001000000004,58.152653,516100
2017-11-02,58.200001,58.93,58.040001000000004,58.740002000000004,58.60159300000001,376800
2017-11-03,58.630001,59.43,58.189999,59.290001000000004,59.15029499999999,589700
2017-11-06,59.25,61.18,59.16,61.110001000000004,60.966007,954700
2017-11-07,61.200001,61.330002,60.700001,60.93,60.78643,825400
2017-11-08,60.77,61.139998999999996,60.169998,61.119999,60.97598299999999,692800
2017-11-09,60.639998999999996,60.639998999999996,59.68,60.279999,60.137962,540100
2017-11-10,60.040001000000004,60.299999,59.73,60.029999,59.88855,619200
2017-11-13,59.330002,59.830002,58.880001,59.82,59.679047,503400
2017-11-14,59.419998,59.43,57.810001,57.939999,57.803474,618400
2017-11-15,57.490002000000004,57.970001,57.209998999999996,57.349998,57.214867000000005,445200
2017-11-16,57.549999,58.43,57.32,58.43,58.292324,581100
2017-11-17,58.259997999999996,58.860001000000004,58.23,58.630001,58.491852,390300
2017-11-20,58.610001000000004,59.779999,58.540001000000004,59.34,59.200176,679000
2017-11-21,62.060001,65.290001,61.41,64.860001,64.707169,1966100
2017-11-22,64.91999799999999,65.800003,64.279999,64.779999,64.62735699999999,864700
2017-11-24,64.809998,64.809998,63.029999,63.290001000000004,63.140873,619300
2017-11-27,63.330002,63.900002,62.889998999999996,63.32,63.170799,903100
2017-11-28,63.389998999999996,64.75,62.73,64.559998,64.407875,1483100
2017-11-29,64.459999,65.339996,64.120003,64.83000200000001,64.677246,764800
2017-11-30,65.010002,66.199997,64.66999799999999,65.629997,65.47535699999999,1024900
2017-12-01,65.870003,65.989998,63.880001,65.459999,65.305756,733600
2017-12-04,66.300003,67.690002,66.120003,66.690002,66.53286,1110500
2017-12-05,66.849998,66.889999,66.040001,66.459999,66.303398,795600
2017-12-06,66.360001,68.120003,66.309998,67.690002,67.530502,1247300
2017-12-07,68.970001,68.970001,67.489998,67.690002,67.530502,1041700
2017-12-08,68.0,68.690002,67.559998,68.510002,68.34857199999999,854100
2017-12-11,68.440002,68.57,67.83000200000001,68.379997,68.21887199999999,731700
2017-12-12,68.459999,68.949997,68.199997,68.389999,68.228851,714500
2017-12-13,68.629997,69.349998,67.91999799999999,68.160004,67.999397,906900
2017-12-14,67.059998,67.120003,65.900002,66.129997,65.974174,1190600
2017-12-15,66.43,67.18,65.93,66.190002,66.034042,1636100
2017-12-18,66.43,67.199997,66.300003,66.739998,66.582741,1244400
2017-12-19,66.629997,67.010002,66.339996,66.389999,66.233566,919100
2017-12-20,66.949997,67.029999,66.370003,66.389999,66.233566,885200
2017-12-21,66.739998,66.809998,66.059998,66.480003,66.323357,735400
2017-12-22,66.900002,66.900002,66.010002,66.279999,66.123825,495900
2017-12-26,65.940002,66.400002,65.160004,66.050003,65.89437099999999,733700
2017-12-27,66.269997,66.309998,65.599998,66.279999,66.123825,729100
2017-12-28,66.610001,66.75,66.139999,66.57,66.413139,506700
2017-12-29,66.57,66.809998,65.940002,65.959999,65.804581,519500
2018-01-02,66.5,67.339996,66.25,66.870003,66.71244,1145400
2018-01-03,67.0,67.449997,66.760002,67.099998,66.941895,1108600
2018-01-04,67.5,68.0,66.970001,67.790001,67.630264,1510000
2018-01-05,68.010002,68.309998,67.370003,68.139999,67.979439,1059100
2018-01-08,68.0,68.160004,67.339996,67.959999,67.79986600000001,1041200
2018-01-09,68.07,68.519997,67.470001,67.709999,67.550453,913600
2018-01-10,67.790001,68.190002,67.260002,67.809998,67.650215,735300
2018-01-11,68.129997,69.519997,67.949997,69.5,69.336235,1234900
2018-01-12,69.860001,69.860001,69.269997,69.559998,69.39609499999999,1177100
2018-01-16,70.0,70.349998,69.25,69.41999799999999,69.256424,1411900
2018-01-17,69.790001,69.900002,69.089996,69.58000200000001,69.416054,649700
2018-01-18,69.900002,70.050003,69.25,69.389999,69.22649399999999,748300
2018-01-19,69.43,69.989998,68.769997,69.949997,69.785172,923900
2018-01-22,69.709999,70.470001,69.470001,70.230003,70.064522,986200
2018-01-23,70.150002,70.400002,69.519997,69.879997,69.71534,643900
2018-01-24,70.300003,70.900002,69.83000200000001,70.239998,70.074493,733900
2018-01-25,70.620003,70.790001,69.400002,69.860001,69.695389,576900
2018-01-26,70.040001,70.129997,69.32,69.949997,69.785172,755400
2018-01-29,71.0,72.18,70.519997,71.050003,70.882591,1447000
2018-01-30,70.66999799999999,71.019997,68.529999,69.699997,69.535767,1179900
2018-01-31,70.790001,70.989998,69.010002,69.459999,69.29633299999999,894600
2018-02-01,69.089996,70.190002,68.519997,70.019997,69.855011,817400
2018-02-02,69.620003,69.68,66.709999,67.120003,66.961845,1043300
2018-02-05,66.209999,66.83000200000001,63.060001,63.150002,63.001202,1819800
2018-02-06,59.450001,65.0,56.549999,64.139999,63.988868999999994,2537800
2018-02-07,64.099998,67.099998,62.919998,66.010002,65.854462,2075000
2018-02-08,66.139999,66.260002,62.810001,62.82,62.671978,3666200
2018-02-09,63.66,63.66,60.349998,62.23,62.083366000000005,2030200
2018-02-12,62.990002000000004,63.900002,61.470001,63.09,62.941341,2032900
2018-02-13,62.450001,63.009997999999996,61.48,62.27,62.123276000000004,1327100
2018-02-14,61.580002,63.779999,61.32,63.66,63.509997999999996,1669000
2018-02-15,64.0,64.110001,62.77,63.709998999999996,63.709998999999996,1508500
2018-02-16,63.400002,64.300003,63.139998999999996,63.189999,63.189999,1486300
2018-02-20,62.759997999999996,63.48,62.110001000000004,62.470001,62.470001,982900
