Date,Open,High,Low,Close,Adj Close,Volume
2017-01-03,28.48,28.99,28.4,28.6,28.203051000000002,5170200
2017-01-04,28.450001,28.98,28.309998999999998,28.9,28.498884000000004,2778200
2017-01-05,28.879998999999998,29.1,28.620001000000002,28.84,28.439718,2136700
2017-01-06,28.870001000000002,28.91,28.610001,28.860001,28.45944,1394200
2017-01-09,28.620001000000002,28.700001,28.26,28.389999,27.995964,2217500
2017-01-10,28.379998999999998,28.540001,28.219998999999998,28.4,28.005823,2206900
2017-01-11,27.5,27.940001000000002,27.32,27.85,27.463459000000004,4790000
2017-01-12,27.870001000000002,27.940001000000002,27.4,27.799999,27.41415,2502700
2017-01-13,27.83,27.98,27.76,27.870001000000002,27.483181,1503300
2017-01-17,27.700001,27.799999,27.290001,27.41,27.029567999999998,2508800
2017-01-18,27.549999,27.65,27.33,27.34,26.960537,3229700
2017-01-19,27.41,27.610001,27.219998999999998,27.42,27.039427000000003,2972300
2017-01-20,27.469998999999998,27.610001,27.110001,27.43,27.049290000000003,3054800
2017-01-23,27.370001000000002,27.57,27.299999,27.5,27.118319,3083300
2017-01-24,27.530001000000002,27.959999,27.43,27.84,27.453596,2293600
2017-01-25,28.0,28.34,27.91,28.139999,27.749434,3302600
2017-01-26,28.24,28.299999,27.559998999999998,27.719998999999998,27.335264000000002,6920300
2017-01-27,25.1,27.040001,24.9,26.67,26.299837,18320400
2017-01-30,26.59,26.6,26.200001,26.450001,26.082893,5402200
2017-01-31,26.450001,26.790001,26.35,26.780001000000002,26.408312,6013400
2017-02-01,26.74,26.889999,26.57,26.809998999999998,26.437893,5880100
2017-02-02,26.690001000000002,27.27,26.57,27.24,26.861925,6030100
2017-02-03,27.4,27.459999,27.200001,27.35,26.9704,3521800
2017-02-06,27.219998999999998,27.360001,27.1,27.280001000000002,26.901371,3873700
2017-02-07,27.219998999999998,27.24,26.98,27.200001,26.822481,5245900
2017-02-08,27.200001,27.27,27.02,27.24,26.861925,3036700
2017-02-09,27.24,27.620001000000002,27.24,27.4,27.019705,2945900
2017-02-10,27.43,27.73,27.379998999999998,27.639999,27.256372,2316400
2017-02-13,27.700001,28.030001000000002,27.700001,27.93,27.542351,3700300
2017-02-14,27.84,27.969998999999998,27.75,27.879998999999998,27.493042,3576400
2017-02-15,27.879998999999998,28.040001,27.809998999999998,27.959999,27.571932,2805600
2017-02-16,27.950001,28.200001,27.860001,28.09,27.700127000000002,3301900
2017-02-17,28.059998999999998,28.43,27.98,28.389999,27.995964,3280600
2017-02-21,28.290001,28.77,28.26,28.690001000000002,28.2918,2933200
2017-02-22,28.59,28.700001,28.379998999999998,28.530001000000002,28.134021999999998,2817500
2017-02-23,28.549999,28.719998999999998,28.32,28.43,28.03541,2329500
2017-02-24,28.16,28.42,28.049999,28.42,28.025545,1800500
2017-02-27,28.370001000000002,28.51,28.200001,28.33,28.035444000000002,1489600
2017-02-28,28.26,28.290001,27.889999,28.0,27.708876,3944900
2017-03-01,28.200001,28.370001000000002,28.15,28.25,27.956276000000003,2760400
2017-03-02,28.129998999999998,28.280001000000002,27.99,28.26,27.966172999999998,3700300
2017-03-03,28.290001,28.33,28.049999,28.290001,27.995860999999998,2446400
2017-03-06,28.16,28.25,28.01,28.16,27.867212,3428600
2017-03-07,28.1,28.23,27.99,28.15,27.857313,2645000
2017-03-08,28.030001000000002,28.030001000000002,27.440001000000002,27.700001,27.411993,6221600
2017-03-09,27.74,27.959999,27.65,27.809998999999998,27.520849,2385400
2017-03-10,27.889999,28.09,27.84,28.01,27.718771000000004,4548800
2017-03-13,28.02,28.129998999999998,27.83,27.969998999999998,27.679185999999998,3630400
2017-03-14,27.959999,28.16,27.83,28.139999,27.847417999999998,2708500
2017-03-15,28.219998999999998,28.4,28.02,28.299999,28.005754,2887000
2017-03-16,28.42,28.559998999999998,28.26,28.52,28.223471000000004,3494800
2017-03-17,28.639999,28.82,28.52,28.68,28.381805,4417900
2017-03-20,28.280001000000002,28.4,28.07,28.18,27.887003000000004,4389100
2017-03-21,28.01,28.190001000000002,27.73,27.809998999999998,27.520849,7346400
2017-03-22,27.809998999999998,28.15,27.700001,28.01,27.718771000000004,2778800
2017-03-23,28.0,28.18,27.77,27.84,27.550539,2707200
2017-03-24,27.93,28.1,27.719998999999998,27.82,27.530745,2656100
2017-03-27,27.639999,27.82,27.52,27.75,27.461472999999998,2724000
2017-03-28,27.75,28.0,27.639999,27.790001,27.501059,2277700
2017-03-29,27.76,27.85,27.57,27.65,27.362513,3905100
2017-03-30,27.690001000000002,27.82,27.639999,27.700001,27.411993,4283600
2017-03-31,27.68,27.889999,27.629998999999998,27.83,27.540644,5097700
2017-04-03,27.860001,27.93,27.42,27.719998999999998,27.431784000000004,2512400
2017-04-04,27.73,28.200001,27.719998999999998,27.959999,27.669289000000003,4391600
2017-04-05,28.049999,28.209999,27.790001,27.82,27.530745,3312400
2017-04-06,27.83,28.02,27.719998999999998,27.809998999999998,27.520849,2468700
2017-04-07,27.809998999999998,28.059998999999998,27.76,27.870001000000002,27.580227,3500100
2017-04-10,27.950001,28.02,27.799999,27.879998999999998,27.590121999999997,2347900
2017-04-11,27.84,27.860001,27.620001000000002,27.790001,27.501059,3215400
2017-04-12,27.83,27.83,27.5,27.629998999999998,27.34272,2944500
2017-04-13,27.700001,27.85,27.549999,27.559998999999998,27.273446999999997,3459300
2017-04-17,27.6,27.76,27.58,27.709999,27.421888,1992500
2017-04-18,27.620001000000002,27.889999,27.620001000000002,27.700001,27.411993,6493600
2017-04-19,27.780001000000002,27.879998999999998,27.709999,27.73,27.441681,9401100
2017-04-20,27.870001000000002,28.0,27.709999,27.799999,27.510952000000003,5844300
2017-04-21,27.77,27.950001,27.76,27.780001000000002,27.491163,3359900
2017-04-24,28.139999,28.41,28.040001,28.27,27.976067999999998,5327400
2017-04-25,28.309998999999998,28.42,27.77,27.780001000000002,27.491163,13535400
2017-04-26,28.469998999999998,30.0,27.92,29.459999,29.153694,25291300
2017-04-27,29.59,29.99,29.41,29.99,29.678183,11311900
2017-04-28,29.65,30.309998999999998,29.629998999999998,30.07,29.757351,9751500
2017-05-01,30.139999,30.67,30.049999,30.6,30.281840999999996,7849000
2017-05-02,30.610001,30.959999,30.549999,30.889999,30.568827000000002,5698700
2017-05-03,30.790001,30.889999,30.290001,30.299999,29.984961,6722300
2017-05-04,30.42,30.6,30.32,30.5,30.182879999999997,8795500
2017-05-05,30.629998999999998,30.719998999999998,30.33,30.549999,30.232360999999997,5655600
2017-05-08,30.49,30.629998999999998,30.43,30.49,30.172984999999997,7182100
2017-05-09,30.5,30.74,30.469998999999998,30.68,30.361009999999997,5084700
2017-05-10,30.74,30.9,30.559998999999998,30.85,30.529242,3839000
2017-05-11,30.82,30.860001,30.540001,30.559998999999998,30.242258000000003,6463500
2017-05-12,30.549999,30.690001000000002,30.459999,30.59,30.271944,7067100
2017-05-15,30.629998999999998,30.68,30.5,30.610001,30.291739,7148100
2017-05-16,30.68,30.68,30.440001000000002,30.59,30.271944,6337900
2017-05-17,30.59,30.59,29.76,29.76,29.450573,5059300
2017-05-18,29.51,29.889999,29.17,29.59,29.282341,7004700
2017-05-19,29.67,29.940001000000002,29.5,29.530001000000002,29.222969,3285100
2017-05-22,29.469998999999998,29.74,29.469998999999998,29.629998999999998,29.321926,4905800
2017-05-23,29.780001000000002,29.879998999999998,29.370001000000002,29.450001,29.143798999999998,4162800
2017-05-24,29.42,29.459999,29.18,29.34,29.034943,3357000
2017-05-25,29.469998999999998,29.57,29.360001,29.440001000000002,29.133903999999998,8431400
2017-05-26,29.559998999999998,29.559998999999998,29.290001,29.32,29.01515,2904300
2017-05-30,29.15,29.43,29.1,29.299999,29.094589000000003,3073200
2017-05-31,29.35,29.440001000000002,29.139999,29.33,29.124378000000004,4841000
2017-06-01,29.65,30.139999,29.58,30.08,29.869121999999997,5158700
2017-06-02,30.190001000000002,30.23,29.77,30.030001000000002,29.819471000000004,3344700
2017-06-05,29.959999,30.200001,29.860001,30.16,29.948560999999998,6384300
2017-06-06,30.110001,30.440001000000002,30.0,30.059998999999998,29.849259999999997,4675600
2017-06-07,30.01,30.110001,29.01,29.190001000000002,28.985360999999997,6957500
2017-06-08,29.190001000000002,29.629998999999998,29.1,29.49,29.283258,6477800
2017-06-09,29.459999,29.6,28.110001,28.610001,28.409428000000002,5710300
2017-06-12,28.389999,28.860001,28.01,28.860001,28.657675,9244500
2017-06-13,28.959999,29.25,28.799999,29.200001,28.995290999999998,4420500
2017-06-14,29.25,29.290001,28.469998999999998,28.709999,28.508724,6204000
2017-06-15,28.49,28.99,28.440001000000002,28.860001,28.657675,4906000
2017-06-16,28.870001000000002,28.950001,28.530001000000002,28.67,28.469006,4716800
2017-06-19,28.799999,29.190001000000002,28.719998999999998,29.190001000000002,28.985360999999997,2991200
2017-06-20,29.15,29.25,28.73,28.77,28.568306,5154000
2017-06-21,28.4,28.860001,28.35,28.860001,28.657675,5115500
2017-06-22,28.85,28.9,28.139999,28.360001,28.161178999999997,6640100
2017-06-23,28.4,28.43,28.23,28.290001,28.091671,16676800
2017-06-26,28.299999,28.360001,27.959999,28.110001,27.912931,8257800
2017-06-27,27.969998999999998,28.379998999999998,27.77,27.940001000000002,27.744123,18018900
2017-06-28,28.17,28.309998999999998,28.02,28.17,27.972510999999997,3990900
2017-06-29,28.09,28.17,27.620001000000002,27.82,27.624965999999997,5513300
2017-06-30,27.860001,28.040001,27.76,27.879998999999998,27.684544,6127900
2017-07-03,28.049999,28.15,27.719998999999998,27.74,27.545525,1818500
2017-07-05,27.860001,28.24,27.76,28.18,27.982440999999998,3979100
2017-07-06,28.01,28.129998999999998,27.75,27.790001,27.595177000000003,4180900
2017-07-07,27.860001,28.49,27.860001,28.450001,28.250546999999997,3434300
2017-07-10,28.9,29.280001000000002,28.780001000000002,29.200001,28.995290999999998,10964600
2017-07-11,29.200001,29.27,28.91,29.110001,28.905921999999997,3341000
2017-07-12,29.27,29.360001,28.98,29.17,28.9655,4221300
2017-07-13,29.24,29.299999,29.07,29.09,28.886060999999998,2771100
2017-07-14,29.110001,29.139999,28.879998999999998,29.01,28.806623,2615700
2017-07-17,29.0,29.16,28.93,29.129998999999998,28.925781,3705000
2017-07-18,28.940001000000002,29.110001,28.620001000000002,28.860001,28.657675,3199400
2017-07-19,29.0,29.450001,28.9,29.370001000000002,29.164099,6228700
2017-07-20,29.379998999999998,29.48,29.01,29.219998999999998,29.01515,3361700
2017-07-21,29.59,29.65,29.25,29.43,29.223678999999997,4103300
2017-07-24,29.379998999999998,29.57,29.26,29.459999,29.253467999999998,4279000
2017-07-25,29.52,30.290001,29.5,29.959999,29.749962,8213400
2017-07-26,28.209999,29.059998999999998,27.77,28.059998999999998,27.863283000000003,13815300
2017-07-27,28.15,28.190001000000002,27.540001,27.809998999999998,27.615036,8122200
2017-07-28,27.67,27.879998999999998,27.66,27.77,27.575315000000003,4950200
2017-07-31,27.870001000000002,28.030001000000002,27.809998999999998,27.950001,27.754054999999997,5388200
2017-08-01,28.02,28.290001,27.85,28.27,28.07181,4641900
2017-08-02,28.290001,28.41,27.969998999999998,28.219998999999998,28.022159999999996,4711100
2017-08-03,28.26,28.459999,28.17,28.34,28.141321,4061100
2017-08-04,28.440001000000002,28.459999,28.02,28.139999,27.94272,4398700
2017-08-07,28.18,28.35,28.09,28.290001,28.091671,3775600
2017-08-08,28.26,28.469998999999998,28.23,28.25,28.05195,3203400
2017-08-09,28.08,28.450001,28.030001000000002,28.33,28.131390000000003,4806900
2017-08-10,28.16,28.32,27.4,27.440001000000002,27.247628999999996,8143500
2017-08-11,27.440001000000002,27.73,27.379998999999998,27.41,27.217838,5516100
2017-08-14,27.709999,27.959999,27.709999,27.92,27.724264,2825100
2017-08-15,28.02,28.059998999999998,27.440001000000002,27.530001000000002,27.337,5624000
2017-08-16,27.6,27.780001000000002,27.559998999999998,27.75,27.555453999999997,2437100
2017-08-17,27.59,27.719998999999998,27.129998999999998,27.16,26.969590999999998,3039300
2017-08-18,27.110001,27.379998999999998,27.08,27.16,26.969590999999998,2880400
2017-08-21,27.129998999999998,27.23,26.92,27.139999,26.949732,2460300
2017-08-22,27.299999,27.610001,27.27,27.57,27.376717,2082600
2017-08-23,27.42,27.5,27.280001000000002,27.33,27.138399,1511100
2017-08-24,27.440001000000002,27.5,27.34,27.440001000000002,27.247628999999996,1932300
2017-08-25,27.610001,27.790001,27.530001000000002,27.540001,27.34693,1317200
2017-08-28,27.6,27.690001000000002,27.42,27.530001000000002,27.337,1082500
2017-08-29,27.309998999999998,27.450001,27.23,27.43,27.2377,1461700
2017-08-30,27.42,27.65,27.26,27.639999,27.546652,2508700
2017-08-31,27.620001000000002,27.780001000000002,27.51,27.73,27.636349,2990500
2017-09-01,27.85,27.870001000000002,27.639999,27.68,27.586516999999997,1497900
2017-09-05,27.530001000000002,27.620001000000002,27.01,27.17,27.078239,3617100
2017-09-06,27.26,27.559998999999998,27.040001,27.5,27.407125,3309400
2017-09-07,27.41,27.450001,26.9,27.02,26.928746999999998,3473900
2017-09-08,26.969998999999998,27.040001,26.5,26.620001000000002,26.530098,4357800
2017-09-11,26.84,27.16,26.780001000000002,26.98,26.888882000000002,4321400
2017-09-12,27.040001,27.620001000000002,26.99,27.530001000000002,27.437025,4870000
2017-09-13,27.4,27.610001,27.299999,27.6,27.506788,2635000
2017-09-14,27.43,27.57,27.290001,27.559998999999998,27.466922999999998,2883400
2017-09-15,27.610001,27.809998999999998,27.459999,27.799999,27.706112,7151600
2017-09-18,27.76,27.84,27.58,27.709999,27.616415000000003,2824400
2017-09-19,27.809998999999998,27.809998999999998,27.459999,27.620001000000002,27.52672,2220000
2017-09-20,27.719998999999998,27.84,27.52,27.690001000000002,27.596484999999998,2177100
2017-09-21,27.809998999999998,27.82,27.440001000000002,27.709999,27.616415000000003,3730300
2017-09-22,27.74,28.09,27.690001000000002,27.99,27.89547,2306700
2017-09-25,28.1,28.209999,27.780001000000002,27.860001,27.765911,3466000
2017-09-26,27.99,28.09,27.799999,27.84,27.745977000000003,1982900
2017-09-27,27.950001,28.23,27.879998999999998,28.110001,28.015065999999997,2643400
2017-09-28,27.959999,28.09,27.709999,27.709999,27.616415000000003,3032700
2017-09-29,27.85,27.860001,27.5,27.83,27.736012,2129200
2017-10-02,27.940001000000002,28.389999,27.780001000000002,28.379998999999998,28.284153000000003,2946200
2017-10-03,28.370001000000002,28.549999,28.129998999999998,28.540001,28.443613,3125300
2017-10-04,28.540001,28.77,28.34,28.690001000000002,28.593107,5707900
2017-10-05,28.700001,28.809998999999998,28.370001000000002,28.450001,28.353918,4444500
2017-10-06,28.42,28.629998999999998,28.360001,28.43,28.333984,5952100
2017-10-09,28.360001,28.360001,27.200001,27.32,27.227734,8478800
2017-10-10,27.4,27.610001,27.24,27.309998999999998,27.217765999999997,4844200
2017-10-11,27.0,27.0,26.26,26.860001,26.769287,11180700
2017-10-12,25.719998999999998,26.700001,25.08,25.469998999999998,25.383979999999998,19830800
2017-10-13,25.43,25.92,25.190001000000002,25.82,25.7328,7988800
2017-10-16,25.75,26.200001,25.75,26.040001,25.952057,6057700
2017-10-17,26.0,26.120001000000002,25.93,26.110001,26.02182,4045700
2017-10-18,26.120001000000002,26.24,26.040001,26.08,25.99192,3580100
2017-10-19,25.93,26.09,25.790001,25.82,25.7328,3198400
2017-10-20,26.059998999999998,26.200001,26.0,26.030001000000002,25.942091,3499000
2017-10-23,26.120001000000002,26.16,25.75,25.76,25.673002,4954600
2017-10-24,25.809998999999998,26.23,25.790001,26.16,26.071651,5946000
2017-10-25,24.07,25.1,23.870001000000002,24.559998999999998,24.477055,14040900
2017-10-26,24.559998999999998,24.93,24.5,24.860001,24.776041,9890300
2017-10-27,24.940001000000002,25.280001000000002,24.780001000000002,25.200001,25.114893,7826100
2017-10-30,25.209999,25.23,24.73,24.92,24.835838,7205300
2017-10-31,24.92,25.18,24.799999,24.83,24.746143,6696900
2017-11-01,25.0,25.0,24.51,24.860001,24.776041,6596400
2017-11-02,24.790001,24.82,24.370001000000002,24.4,24.317595,5532300
2017-11-03,24.5,24.68,24.34,24.549999,24.467087,4562500
2017-11-06,24.469998999999998,24.860001,24.42,24.74,24.656446,6048600
2017-11-07,24.73,24.82,24.459999,24.5,24.417257,5097100
2017-11-08,24.48,24.860001,24.33,24.790001,24.706278,5457900
2017-11-09,24.59,25.469998999999998,24.549999,25.35,25.264387,13396800
2017-11-10,25.1,25.18,24.74,25.0,24.915569,7274400
2017-11-13,24.889999,25.5,24.870001000000002,25.360001,25.274353,6157100
2017-11-14,25.35,26.67,25.33,26.43,26.340740000000004,12605000
2017-11-15,26.26,26.91,25.9,25.950001,25.86236,8717900
2017-11-16,26.129998999999998,26.459999,26.049999,26.190001000000002,26.101551,5920500
2017-11-17,26.129998999999998,26.42,26.0,26.299999,26.211178,4505600
2017-11-20,26.049999,27.09,26.01,26.969998999999998,26.878914,6867800
2017-11-21,27.200001,27.280001000000002,26.790001,26.98,26.888882000000002,5201700
2017-11-22,27.1,27.41,26.969998999999998,27.01,26.918781,4819500
2017-11-24,27.01,27.440001000000002,26.91,27.34,27.247665,2490000
2017-11-27,27.459999,27.629998999999998,27.1,27.379998999999998,27.287529,6885700
2017-11-28,27.4,28.290001,27.35,28.190001000000002,28.094795,9066100
2017-11-29,28.25,29.950001,28.200001,29.610001,29.51,28435400
2017-11-30,27.049999,28.73,27.049999,27.76,27.76,33462100
2017-12-01,27.77,29.0,27.57,28.379998999999998,28.379998999999998,12056000
2017-12-04,28.469998999999998,28.469998999999998,27.889999,27.959999,27.959999,7976200
2017-12-05,28.15,28.27,27.59,27.610001,27.610001,7139200
2017-12-06,27.68,28.120001000000002,27.629998999999998,27.959999,27.959999,4316000
2017-12-07,28.0,28.469998999999998,27.969998999999998,28.42,28.42,4306800
2017-12-08,28.41,28.549999,28.18,28.379998999999998,28.379998999999998,3218300
2017-12-11,28.459999,28.549999,28.290001,28.389999,28.389999,3382500
2017-12-12,28.43,29.57,28.35,28.92,28.92,6974600
2017-12-13,29.0,29.26,28.309998999999998,29.110001,29.110001,4061900
2017-12-14,28.99,29.1,28.790001,28.799999,28.799999,3182900
2017-12-15,28.940001000000002,28.98,28.35,28.4,28.4,8804900
2017-12-18,28.540001,29.07,28.5,28.6,28.6,4946900
2017-12-19,28.49,28.73,28.24,28.440001000000002,28.440001000000002,4122000
2017-12-20,28.25,28.610001,28.18,28.5,28.5,2304000
2017-12-21,28.58,28.93,28.5,28.68,28.68,2341200
2017-12-22,28.700001,28.91,28.629998999999998,28.860001,28.860001,1904000
2017-12-26,28.780001000000002,29.09,28.780001000000002,28.860001,28.860001,2329700
2017-12-27,28.799999,28.99,28.68,28.879998999999998,28.879998999999998,1326200
2017-12-28,29.08,29.280001000000002,28.74,28.870001000000002,28.870001000000002,1676000
2017-12-29,28.799999,28.92,28.49,28.5,28.5,1765600
2018-01-02,28.73,28.93,28.610001,28.700001,28.700001,1903400
2018-01-03,28.790001,28.9,28.629998999999998,28.809998999999998,28.809998999999998,2168500
2018-01-04,28.940001000000002,29.15,28.66,28.790001,28.790001,3015000
2018-01-05,28.9,28.93,28.379998999999998,28.51,28.51,4774000
2018-01-08,28.5,28.85,28.059998999999998,28.780001000000002,28.780001000000002,4717300
2018-01-09,28.92,28.93,28.59,28.629998999999998,28.629998999999998,2696400
2018-01-10,28.41,28.66,28.25,28.4,28.4,3166900
2018-01-11,28.379998999999998,28.77,28.32,28.76,28.76,2632800
2018-01-12,28.860001,28.940001000000002,28.57,28.889999,28.889999,3057700
2018-01-16,28.98,29.200001,28.51,28.610001,28.610001,2870900
2018-01-17,27.799999,28.74,27.780001000000002,28.67,28.67,3289800
2018-01-18,28.459999,28.469998999999998,27.540001,27.66,27.66,5759800
2018-01-19,27.73,28.040001,27.700001,27.85,27.85,3952600
2018-01-22,28.59,28.6,27.82,28.360001,28.360001,5711300
2018-01-23,28.450001,28.459999,27.969998999999998,28.129998999999998,28.129998999999998,4127100
2018-01-24,28.299999,28.450001,27.940001000000002,27.969998999999998,27.969998999999998,3763100
2018-01-25,28.120001000000002,28.16,27.57,27.67,27.67,2899700
2018-01-26,27.98,28.209999,27.59,28.190001000000002,28.190001000000002,3097200
2018-01-29,28.049999,28.67,28.049999,28.48,28.48,4454500
2018-01-30,28.299999,28.549999,28.17,28.32,28.32,5281200
2018-01-31,25.83,26.309998999999998,25.049999,26.15,26.15,16168400
2018-02-01,25.959999,26.58,25.799999,26.549999,26.549999,4949300
2018-02-02,26.41,26.75,26.24,26.26,26.26,5380600
2018-02-05,26.01,26.27,25.190001000000002,25.200001,25.200001,3866500
2018-02-06,25.01,25.639999,24.559998999999998,25.540001,25.540001,4795800
2018-02-07,25.51,25.73,25.26,25.389999,25.389999,3196100
2018-02-08,25.42,25.540001,24.65,24.66,24.66,4350500
2018-02-09,24.92,25.67,24.559998999999998,25.440001000000002,25.440001000000002,6416000
2018-02-12,25.610001,25.889999,25.209999,25.799999,25.799999,3977800
2018-02-13,25.65,26.25,25.65,26.190001000000002,26.190001000000002,3846200
2018-02-14,25.969998999999998,26.360001,25.959999,26.17,26.17,6977400
2018-02-15,26.440001000000002,27.129998999999998,26.309998999999998,26.91,26.91,6866400
2018-02-16,26.9,27.299999,26.35,26.35,26.35,5780300
2018-02-20,26.059998999999998,26.690001000000002,26.049999,26.23,26.23,5335700
