Date,Open,High,Low,Close,Adj Close,Volume
2017-01-03,18.51,18.66,18.16,18.26,17.881505999999998,13641800
2017-01-04,18.35,18.620001000000002,18.35,18.51,18.126324,9966400
2017-01-05,18.459999,18.59,18.15,18.280001000000002,17.901091,13709200
2017-01-06,18.4,18.5,18.290001,18.32,17.940262,9897900
2017-01-09,18.24,18.35,18.02,18.26,17.881505999999998,9473900
2017-01-10,18.309998999999998,18.6,18.17,18.48,18.096945,9456500
2017-01-11,18.42,18.59,18.219998999999998,18.59,18.204664,10540900
2017-01-12,18.49,18.530001000000002,18.110001,18.290001,17.910883,11324400
2017-01-13,18.379998999999998,18.77,18.379998999999998,18.58,18.194874,10607500
2017-01-17,18.4,18.4,17.690001000000002,17.709999,17.342905,24968600
2017-01-18,17.84,18.139999,17.610001,18.129998999999998,17.7542,20128300
2017-01-19,18.16,18.209999,17.65,17.84,17.470211,18762900
2017-01-20,17.860001,18.040001,17.75,17.860001,17.489798,12979800
2017-01-23,17.860001,17.92,17.610001,17.690001000000002,17.323322,10614000
2017-01-24,17.76,18.08,17.68,18.049999,17.675857999999998,15465400
2017-01-25,18.33,18.43,18.139999,18.4,18.018604,9305500
2017-01-26,18.43,18.57,18.33,18.450001,18.067567999999998,10799700
2017-01-27,18.4,18.450001,18.27,18.299999,17.920675,6536900
2017-01-30,18.18,18.18,17.790001,18.07,17.695442,10050400
2017-01-31,18.07,18.209999,17.809998999999998,17.969998999999998,17.597514999999998,8012800
2017-02-01,18.190001000000002,18.33,17.959999,18.040001,17.666065,10218200
2017-02-02,17.879998999999998,17.879998999999998,17.67,17.84,17.470211,12656400
2017-02-03,18.110001,18.440001000000002,17.93,18.370001000000002,17.989227,11745300
2017-02-06,18.24,18.43,18.200001,18.27,17.891296,9110300
2017-02-07,18.379998999999998,18.41,18.030001000000002,18.09,17.715027,7904300
2017-02-08,17.93,17.940001000000002,17.58,17.83,17.460417,11923000
2017-02-09,17.99,18.18,17.85,18.139999,17.763992000000002,11387200
2017-02-10,18.219998999999998,18.32,18.120001000000002,18.26,17.881505999999998,8965600
2017-02-13,18.389999,18.639999,18.35,18.459999,18.077358,10405900
2017-02-14,18.48,18.93,18.440001000000002,18.870001000000002,18.478863,9939900
2017-02-15,19.120001000000002,19.209999,18.879998999999998,19.1,18.704094,14833700
2017-02-16,19.1,19.110001,18.85,18.99,18.596373,7250200
2017-02-17,18.799999,19.0,18.65,18.959999,18.566996,8007200
2017-02-21,19.1,19.17,18.950001,19.059998999999998,18.664921,7715300
2017-02-22,18.91,19.02,18.82,18.93,18.537617,8672400
2017-02-23,18.940001000000002,19.07,18.700001,19.059998999999998,18.664921,10621800
2017-02-24,18.76,18.879998999999998,18.559998999999998,18.74,18.433761999999998,16457100
2017-02-27,18.780001000000002,18.889999,18.73,18.84,18.532127,6799400
2017-02-28,18.719998999999998,18.83,18.67,18.77,18.463272,8761400
2017-03-01,19.1,19.530001000000002,19.1,19.360001,19.043633,14867000
2017-03-02,19.469998999999998,19.5,18.85,18.879998999999998,18.571474,12370800
2017-03-03,18.940001000000002,19.110001,18.9,19.07,18.758371,9912700
2017-03-06,18.940001000000002,19.07,18.74,18.99,18.679678,10382400
2017-03-07,18.99,19.030001000000002,18.77,18.790001,18.482946,8113000
2017-03-08,19.049999,19.139999,18.73,18.790001,18.482946,7924600
2017-03-09,18.83,19.09,18.799999,18.84,18.532127,8503200
2017-03-10,18.969998999999998,19.01,18.32,18.58,18.276379000000002,14500100
2017-03-13,18.6,18.67,18.42,18.530001000000002,18.227196,8302100
2017-03-14,18.4,18.469998999999998,18.120001000000002,18.469998999999998,18.168175,9310800
2017-03-15,18.559998999999998,18.75,18.309998999999998,18.33,18.030462,15198900
2017-03-16,18.42,18.6,18.33,18.469998999999998,18.168175,9758300
2017-03-17,18.469998999999998,18.549999,18.25,18.35,18.050137,18996400
2017-03-20,18.280001000000002,18.389999,18.08,18.08,17.784548,11919900
2017-03-21,18.190001000000002,18.200001,16.85,16.9,16.623831,25665400
2017-03-22,16.809998999999998,17.27,16.549999,17.15,16.869745,19036600
2017-03-23,17.08,17.5,17.0,17.25,16.968110999999997,10054500
2017-03-24,17.309998999999998,17.4,17.07,17.24,16.958275,9196200
2017-03-27,16.66,17.200001,16.540001,17.18,16.899256,10809500
2017-03-28,17.139999,17.610001,17.129998999999998,17.49,17.204191,9128400
2017-03-29,17.49,17.58,17.34,17.51,17.223864000000003,9244900
2017-03-30,17.5,18.040001,17.49,17.99,17.696018,14973700
2017-03-31,17.85,17.950001,17.76,17.780001000000002,17.489452,11159600
2017-04-03,17.84,17.870001000000002,17.450001,17.73,17.440268,8265700
2017-04-04,17.549999,17.73,17.5,17.59,17.302554999999998,8678900
2017-04-05,17.9,17.9,17.190001000000002,17.200001,16.91893,16060200
2017-04-06,17.209999,17.57,17.1,17.52,17.233701999999997,9486500
2017-04-07,17.360001,17.59,17.299999,17.440001000000002,17.155006,7101100
2017-04-10,17.4,17.530001000000002,17.139999,17.309998999999998,17.027132,10017300
2017-04-11,17.209999,17.34,17.02,17.33,17.046804,7534300
2017-04-12,17.309998999999998,17.360001,17.059998999999998,17.17,16.88942,8820300
2017-04-13,17.07,17.370001000000002,16.91,17.0,16.722197,13661700
2017-04-17,17.01,17.379998999999998,16.950001,17.34,17.056641,8082500
2017-04-18,17.17,17.370001000000002,17.02,17.200001,16.91893,10552700
2017-04-19,17.32,17.58,17.23,17.370001000000002,17.086151,11069700
2017-04-20,17.870001000000002,18.469998999999998,17.809998999999998,18.209999,17.912423999999998,16549100
2017-04-21,18.09,18.35,17.91,18.15,17.853403,13161300
2017-04-24,18.77,18.950001,18.52,18.549999,18.246868,14744800
2017-04-25,18.709999,18.879998999999998,18.6,18.620001000000002,18.315725,9324900
2017-04-26,18.6,18.870001000000002,18.559998999999998,18.68,18.374744,8655000
2017-04-27,18.690001000000002,18.74,18.32,18.370001000000002,18.069809,9381100
2017-04-28,18.35,18.559998999999998,18.219998999999998,18.24,17.941935,8567700
2017-05-01,18.389999,18.700001,18.26,18.549999,18.246868,9209600
2017-05-02,18.58,18.6,18.309998999999998,18.48,18.178010999999998,5467400
2017-05-03,18.379998999999998,18.870001000000002,18.35,18.860001,18.551802,9104200
2017-05-04,18.940001000000002,19.09,18.790001,18.9,18.591148,10109700
2017-05-05,18.940001000000002,18.98,18.719998999999998,18.73,18.423925,6969300
2017-05-08,18.709999,18.799999,18.629998999999998,18.67,18.364908,6396500
2017-05-09,18.68,18.85,18.4,18.469998999999998,18.168175,6760700
2017-05-10,18.370001000000002,18.549999,18.309998999999998,18.5,18.197685,6786700
2017-05-11,18.43,18.49,18.129998999999998,18.24,17.941935,9310200
2017-05-12,18.1,18.219998999999998,17.92,18.209999,17.912423999999998,8477000
2017-05-15,18.299999,18.459999,18.27,18.41,18.109156,4305700
2017-05-16,18.440001000000002,18.57,18.200001,18.540001,18.237032,10647600
2017-05-17,18.540001,18.540001,17.48,17.65,17.361576,14381600
2017-05-18,17.629998999999998,17.82,17.469998999999998,17.68,17.391085,10633300
2017-05-19,17.75,17.940001000000002,17.690001000000002,17.73,17.440268,6391300
2017-05-22,17.83,17.870001000000002,17.610001,17.709999,17.420593,7368800
2017-05-23,17.73,18.139999,17.58,18.049999,17.755036999999998,7992400
2017-05-24,18.110001,18.129998999999998,17.85,18.07,17.774712,10659600
2017-05-25,18.01,18.25,17.93,18.139999,17.937872,9942700
2017-05-26,18.07,18.190001000000002,17.91,17.99,17.789545,7116300
2017-05-30,17.860001,17.92,17.67,17.83,17.631327,6391900
2017-05-31,17.84,17.889999,17.4,17.469998999999998,17.275337,14720400
2017-06-01,17.58,17.76,17.35,17.66,17.463221,22276100
2017-06-02,17.41,17.52,17.26,17.41,17.216007,15596400
2017-06-05,17.43,17.690001000000002,17.41,17.49,17.295115,14822500
2017-06-06,17.290001,17.6,17.200001,17.49,17.295115,10812400
2017-06-07,17.59,17.9,17.5,17.799999,17.60166,15073300
2017-06-08,17.799999,18.43,17.690001000000002,18.200001,17.997206,15636300
2017-06-09,18.379998999999998,18.74,18.35,18.620001000000002,18.412525,13901900
2017-06-12,18.65,18.91,18.58,18.58,18.372971,11281300
2017-06-13,18.700001,18.82,18.610001,18.67,18.461967,10203400
2017-06-14,18.5,18.82,18.299999,18.799999,18.590519,10790800
2017-06-15,18.639999,18.9,18.620001000000002,18.68,18.471854999999998,6848600
2017-06-16,18.67,18.709999,18.48,18.540001,18.333417999999998,12042800
2017-06-19,18.68,18.889999,18.67,18.790001,18.580631,8896800
2017-06-20,18.76,18.76,18.57,18.57,18.363081,5331700
2017-06-21,18.629998999999998,18.629998999999998,18.32,18.389999,18.185087,6954000
2017-06-22,18.35,18.4,18.08,18.200001,17.997206,7246000
2017-06-23,18.299999,18.299999,17.790001,17.9,17.700548,9008200
2017-06-26,17.940001000000002,18.25,17.860001,18.120001000000002,17.918097,7524200
2017-06-27,18.23,18.540001,18.200001,18.200001,17.997206,8513600
2017-06-28,18.360001,18.610001,18.32,18.379998999999998,18.175198,10452200
2017-06-29,18.82,19.1,18.52,18.73,18.521297,12974700
2017-06-30,18.799999,18.889999,18.549999,18.74,18.531187,8456700
2017-07-03,18.9,19.18,18.870001000000002,19.02,18.808067,4962100
2017-07-05,19.07,19.200001,18.799999,19.200001,18.986063,9349500
2017-07-06,19.18,19.34,18.959999,19.0,18.78829,10376100
2017-07-07,19.09,19.290001,18.969998999999998,19.219998999999998,19.005838,8669500
2017-07-10,19.25,19.389999,19.16,19.290001,19.07506,7303900
2017-07-11,19.4,19.48,19.219998999999998,19.24,19.025616,9377200
2017-07-12,19.16,19.27,19.0,19.15,18.936619,7816900
2017-07-13,19.200001,19.379998999999998,19.16,19.370001000000002,19.154167,6481300
2017-07-14,19.110001,19.33,18.9,19.209999,18.995949,10806400
2017-07-17,19.18,19.18,18.99,19.139999,18.926731,8731000
2017-07-18,19.0,19.09,18.84,18.950001,18.738848,8289800
2017-07-19,19.0,19.120001000000002,18.84,19.07,18.85751,9973300
2017-07-20,18.74,18.75,18.139999,18.370001000000002,18.165312,24780700
2017-07-21,18.42,18.49,17.959999,18.02,17.81921,18742900
2017-07-24,18.01,18.4,18.01,18.299999,18.096088,12013300
2017-07-25,18.639999,18.77,18.459999,18.48,18.274084,14646300
2017-07-26,18.549999,18.549999,17.969998999999998,18.030001000000002,17.8291,12352700
2017-07-27,18.09,18.120001000000002,17.91,18.059998999999998,17.858765,13765000
2017-07-28,18.07,18.139999,17.73,17.91,17.710435999999998,13865000
2017-07-31,18.02,18.219998999999998,17.98,18.040001,17.838987,12128900
2017-08-01,18.16,18.200001,17.98,18.110001,17.908209,9126700
2017-08-02,18.09,18.200001,18.030001000000002,18.07,17.868651999999997,8669600
2017-08-03,18.059998999999998,18.139999,17.98,18.030001000000002,17.8291,9883000
2017-08-04,18.23,18.700001,18.219998999999998,18.4,18.194975,14673600
2017-08-07,18.440001000000002,18.5,18.290001,18.32,18.115868,8134700
2017-08-08,18.299999,18.700001,18.23,18.35,18.145533,8701200
2017-08-09,18.16,18.27,18.049999,18.120001000000002,17.918097,8139600
2017-08-10,17.940001000000002,17.969998999999998,17.6,17.620001000000002,17.423668,10471800
2017-08-11,17.65,17.790001,17.389999,17.52,17.324783,12267600
2017-08-14,17.799999,17.92,17.68,17.91,17.710435999999998,8548100
2017-08-15,18.09,18.209999,17.9,17.91,17.710435999999998,7790500
2017-08-16,18.0,18.059998999999998,17.860001,17.98,17.779654999999998,15221000
2017-08-17,17.9,18.16,17.76,17.790001,17.591773999999997,36375900
2017-08-18,17.719998999999998,17.809998999999998,17.52,17.59,17.394001,16152500
2017-08-21,17.57,17.6,17.299999,17.41,17.216007,8797000
2017-08-22,17.48,17.67,17.440001000000002,17.620001000000002,17.423668,8196600
2017-08-23,17.450001,17.780001000000002,17.440001000000002,17.68,17.483,8521300
2017-08-24,17.74,17.799999,17.58,17.639999,17.443443,8795600
2017-08-25,17.610001,17.709999,17.57,17.59,17.488184,6758600
2017-08-28,17.6,17.67,17.370001000000002,17.389999,17.289341,4875300
2017-08-29,17.139999,17.290001,16.99,17.25,17.150152,9544400
2017-08-30,17.299999,17.41,17.219998999999998,17.280001000000002,17.179979,6742600
2017-08-31,17.360001,17.4,17.200001,17.209999,17.110382,6444300
2017-09-01,17.27,17.469998999999998,17.190001000000002,17.360001,17.259516,7520900
2017-09-05,17.18,17.209999,16.780001000000002,16.790001,16.692816,11862500
2017-09-06,16.889999,17.09,16.790001,16.91,16.812119,7144500
2017-09-07,16.889999,16.889999,16.280001000000002,16.469998999999998,16.374666,12218500
2017-09-08,16.440001000000002,16.75,16.42,16.620001000000002,16.523798,7748700
2017-09-11,16.84,17.18,16.84,17.030001000000002,16.931425,8059100
2017-09-12,17.129998999999998,17.610001,17.110001,17.459999,17.358934,12452600
2017-09-13,17.43,17.870001000000002,17.379998999999998,17.860001,17.75662,13308100
2017-09-14,17.92,18.110001,17.82,17.879998999999998,17.776505,14608700
2017-09-15,17.82,17.93,17.65,17.92,17.816273000000002,12743300
2017-09-18,17.969998999999998,18.200001,17.91,18.09,17.985289,9390100
2017-09-19,18.1,18.209999,17.959999,18.120001000000002,18.015116,11923200
2017-09-20,18.110001,18.190001000000002,17.780001000000002,18.15,18.044941,19322800
2017-09-21,18.110001,18.309998999999998,17.99,18.25,18.144363000000002,14381300
2017-09-22,18.200001,18.360001,18.059998999999998,18.32,18.213957,7692400
2017-09-25,18.27,18.43,18.15,18.27,18.164248,6628600
2017-09-26,18.32,18.41,18.209999,18.34,18.233843,5586100
2017-09-27,18.66,18.790001,18.450001,18.67,18.561932000000002,10743800
2017-09-28,18.690001000000002,18.719998999999998,18.42,18.66,18.551991,7268900
2017-09-29,18.58,18.940001000000002,18.58,18.82,18.711063,6927600
2017-10-02,18.879998999999998,18.969998999999998,18.68,18.9,18.7906,11678900
2017-10-03,18.91,18.969998999999998,18.66,18.74,18.631527,6771800
2017-10-04,18.700001,18.76,18.540001,18.57,18.462511,8185100
2017-10-05,18.59,18.879998999999998,18.49,18.77,18.661354,13747800
2017-10-06,18.83,19.030001000000002,18.67,18.690001000000002,18.581818,11723600
2017-10-09,18.73,18.75,18.52,18.57,18.462511,8619700
2017-10-10,18.559998999999998,18.719998999999998,18.549999,18.65,18.542048,11992800
2017-10-11,18.58,18.639999,18.42,18.440001000000002,18.333263,12377800
2017-10-12,18.5,18.549999,18.219998999999998,18.24,18.134420000000002,16322800
2017-10-13,18.190001000000002,18.4,17.969998999999998,18.190001000000002,18.084711,13147600
2017-10-16,18.219998999999998,18.459999,18.18,18.43,18.323322,13249800
2017-10-17,18.450001,18.52,18.15,18.190001000000002,18.084711,8031900
2017-10-18,18.290001,18.620001000000002,18.09,18.58,18.472452,25823000
2017-10-19,17.969998999999998,18.290001,17.76,18.25,18.144363000000002,22308200
2017-10-20,18.459999,18.52,18.309998999999998,18.49,18.382973,12365400
2017-10-23,18.530001000000002,18.68,18.43,18.450001,18.343206,10385300
2017-10-24,18.549999,18.74,18.43,18.459999,18.353148,11723000
2017-10-25,18.809998999999998,18.82,18.200001,18.32,18.213957,12014600
2017-10-26,18.34,18.620001000000002,18.290001,18.52,18.4128,14302400
2017-10-27,18.450001,18.49,18.32,18.370001000000002,18.26367,10633100
2017-10-30,18.25,18.41,18.139999,18.23,18.124479,6444800
2017-10-31,18.27,18.450001,18.23,18.25,18.144363000000002,8859800
2017-11-01,18.33,18.58,18.27,18.280001000000002,18.174191,7484600
2017-11-02,18.23,18.469998999999998,18.110001,18.440001000000002,18.333263,10790100
2017-11-03,18.4,18.559998999999998,18.25,18.51,18.402859,8553400
2017-11-06,18.469998999999998,18.639999,18.389999,18.58,18.472452,11972500
2017-11-07,18.59,18.700001,18.030001000000002,18.1,17.995232,14024500
2017-11-08,18.049999,18.09,17.870001000000002,17.93,17.826216,11375000
2017-11-09,17.799999,18.01,17.549999,17.85,17.746679,11972200
2017-11-10,17.93,18.040001,17.629998999999998,17.639999,17.537893,11448700
2017-11-13,17.5,17.969998999999998,17.4,17.92,17.816273000000002,8340000
2017-11-14,17.85,18.280001000000002,17.82,18.25,18.144363000000002,12813900
2017-11-15,18.059998999999998,18.32,17.92,18.139999,18.035,11023000
2017-11-16,18.24,18.34,18.110001,18.129998999999998,18.025057,7449200
2017-11-17,18.02,18.35,18.0,18.309998999999998,18.204016,9553700
2017-11-20,18.360001,18.469998999999998,18.219998999999998,18.459999,18.353148,10361800
2017-11-21,18.49,18.49,18.24,18.280001000000002,18.174191,8848500
2017-11-22,18.309998999999998,18.379998999999998,18.15,18.16,18.054884,9207900
2017-11-24,18.290001,18.290001,18.120001000000002,18.139999,18.035,3628800
2017-11-27,18.059998999999998,18.110001,17.950001,18.01,18.01,8470600
2017-11-28,18.08,18.52,18.01,18.48,18.48,19384500
2017-11-29,18.66,19.129998999999998,18.610001,19.01,19.01,17054200
2017-11-30,19.139999,19.379998999999998,18.940001000000002,18.98,18.98,19812000
2017-12-01,19.01,19.209999,18.540001,19.129998999999998,19.129998999999998,15610000
2017-12-04,19.51,19.93,19.469998999999998,19.629998999999998,19.629998999999998,16942200
2017-12-05,19.629998999999998,19.74,19.280001000000002,19.33,19.33,9827700
2017-12-06,19.23,19.65,19.209999,19.379998999999998,19.379998999999998,10170300
2017-12-07,19.68,19.780001000000002,19.27,19.74,19.74,10268300
2017-12-08,19.82,19.889999,19.6,19.889999,19.889999,10344200
2017-12-11,19.870001000000002,20.07,19.629998999999998,19.73,19.73,9581800
2017-12-12,19.83,20.059998999999998,19.75,20.0,20.0,8910400
2017-12-13,19.969998999999998,20.15,19.690001000000002,19.700001,19.700001,9142100
2017-12-14,19.809998999999998,19.93,19.440001000000002,19.52,19.52,8270500
2017-12-15,19.629998999999998,19.969998999999998,19.59,19.76,19.76,16624300
2017-12-18,20.0,20.200001,19.969998999999998,20.16,20.16,11163100
2017-12-19,20.23,20.299999,20.1,20.120001000000002,20.120001000000002,9227700
2017-12-20,20.280001000000002,20.33,19.92,20.09,20.09,7105600
2017-12-21,20.23,20.52,20.18,20.43,20.43,6616900
2017-12-22,20.559998999999998,20.58,20.33,20.440001000000002,20.440001000000002,5494400
2017-12-26,20.440001000000002,20.57,20.219998999999998,20.33,20.33,3762500
2017-12-27,20.299999,20.35,20.18,20.24,20.24,4663100
2017-12-28,20.309998999999998,20.360001,20.190001000000002,20.35,20.35,4168400
2017-12-29,20.33,20.41,20.17,20.17,20.17,5497400
2018-01-02,20.32,20.370001000000002,20.040001,20.17,20.17,6022800
2018-01-03,20.23,20.299999,20.1,20.24,20.24,9274400
2018-01-04,20.440001000000002,20.59,20.280001000000002,20.32,20.32,10503300
2018-01-05,20.469998999999998,20.469998999999998,20.219998999999998,20.33,20.33,5887400
2018-01-08,20.35,20.35,20.16,20.280001000000002,20.280001000000002,7924700
2018-01-09,20.370001000000002,20.889999,20.299999,20.74,20.74,9833900
2018-01-10,20.82,21.280001000000002,20.76,21.01,21.01,8898100
2018-01-11,21.129998999999998,21.24,21.030001000000002,21.190001000000002,21.190001000000002,6688300
2018-01-12,21.360001,21.469998999999998,21.190001000000002,21.42,21.42,10075300
2018-01-16,21.540001,21.709999,21.17,21.32,21.32,10278700
2018-01-17,21.33,21.4,21.059998999999998,21.26,21.26,11754800
2018-01-18,20.66,21.0,20.620001000000002,20.82,20.82,20398100
2018-01-19,20.77,21.370001000000002,20.77,21.16,21.16,13614700
2018-01-22,21.129998999999998,21.42,21.08,21.389999,21.389999,9070500
2018-01-23,21.299999,21.77,21.26,21.610001,21.610001,9896600
2018-01-24,21.709999,21.870001000000002,21.58,21.73,21.73,10367900
2018-01-25,21.879998999999998,21.879998999999998,21.57,21.67,21.67,10159600
2018-01-26,21.700001,21.860001,21.440001000000002,21.83,21.83,8426200
2018-01-29,21.780001000000002,21.99,21.700001,21.799999,21.799999,9114500
2018-01-30,21.65,21.84,21.43,21.43,21.43,11783500
2018-01-31,21.459999,21.629998999999998,21.32,21.4,21.4,7680600
2018-02-01,21.370001000000002,21.93,21.32,21.93,21.93,8649700
2018-02-02,21.84,22.219998999999998,21.690001000000002,21.76,21.76,15179500
2018-02-05,21.4,21.860001,20.48,20.610001,20.610001,12567400
2018-02-06,20.129998999999998,21.09,19.9,21.01,21.01,18623700
2018-02-07,20.92,21.450001,20.85,21.129998999999998,21.129998999999998,12236200
2018-02-08,21.209999,21.209999,20.07,20.08,20.08,12803500
2018-02-09,20.379998999999998,20.559998999999998,19.639999,20.389999,20.389999,16405400
2018-02-12,20.51,20.85,20.290001,20.59,20.59,10383000
2018-02-13,20.440001000000002,20.59,20.280001000000002,20.549999,20.549999,9756600
2018-02-14,20.5,21.190001000000002,20.43,21.17,21.17,10234300
2018-02-15,21.280001000000002,21.32,20.889999,20.950001,20.950001,8448600
2018-02-16,20.85,21.16,20.82,21.02,21.02,6807300
2018-02-20,20.969998999999998,21.309998999999998,20.82,20.950001,20.950001,6580600
