Date,Open,High,Low,Close,Adj Close,Volume
2017-01-03,87.019997,87.800003,85.870003,86.879997,83.556709,2560300
2017-01-04,87.25,89.279999,87.230003,88.790001,85.39364599999999,3022900
2017-01-05,88.400002,89.589996,87.910004,88.68,85.28785699999999,2330800
2017-01-06,88.82,88.879997,87.379997,88.16999799999999,84.797363,1937600
2017-01-09,87.809998,88.5,86.790001,86.889999,83.566322,3122300
2017-01-10,87.019997,87.540001,86.300003,86.879997,83.556709,2707900
2017-01-11,87.18,88.459999,86.559998,88.440002,85.057037,2841000
2017-01-12,88.449997,90.0,88.199997,89.620003,86.191902,3429400
2017-01-13,89.730003,90.699997,89.25,89.730003,86.297691,1920000
2017-01-17,89.639999,90.220001,89.370003,89.970001,86.528511,2757500
2017-01-18,89.989998,90.709999,89.610001,90.050003,86.605453,2030500
2017-01-19,90.239998,90.470001,89.059998,89.760002,86.326546,2095200
2017-01-20,90.91999799999999,91.949997,90.160004,90.889999,87.41330699999999,3372700
2017-01-23,90.589996,91.199997,90.230003,91.160004,87.672997,2396700
2017-01-24,91.879997,95.889999,91.75,95.129997,91.491127,4948400
2017-01-25,95.099998,96.83000200000001,94.190002,96.379997,92.693314,4606500
2017-01-26,95.82,97.639999,94.879997,95.389999,91.74118,4841400
2017-01-27,95.32,95.68,94.480003,95.300003,91.654625,2579300
2017-01-30,94.970001,94.970001,93.639999,94.300003,90.692886,2846600
2017-01-31,93.769997,93.879997,92.809998,93.269997,89.702278,3850100
2017-02-01,93.75,95.379997,93.68,95.07,91.433426,2506300
2017-02-02,94.860001,95.190002,93.400002,93.75,90.16391800000001,4174800
2017-02-03,93.75,95.91999799999999,93.0,94.690002,91.067963,5093800
2017-02-06,94.209999,95.41999799999999,94.120003,94.940002,91.308403,2788400
2017-02-07,93.16999799999999,94.209999,91.400002,92.349998,88.81746700000001,4435000
2017-02-08,92.400002,92.5,91.33000200000001,91.660004,88.15387,4523100
2017-02-09,91.660004,92.809998,91.660004,92.239998,88.71167,3110500
2017-02-10,92.0,92.790001,91.370003,91.860001,88.346214,3765200
2017-02-13,92.66999799999999,92.779999,91.760002,92.220001,88.692436,2646700
2017-02-14,92.300003,93.25,92.059998,93.150002,89.586876,1983300
2017-02-15,93.019997,93.279999,92.349998,93.089996,89.52916,1765000
2017-02-16,93.0,93.540001,92.41999799999999,92.690002,89.14447,1698400
2017-02-17,92.470001,93.5,92.25,92.910004,89.35605600000001,2401800
2017-02-21,93.239998,94.709999,92.860001,94.519997,90.904465,2704500
2017-02-22,94.019997,94.790001,93.66999799999999,94.010002,90.413979,2244400
2017-02-23,94.220001,94.650002,92.599998,93.129997,89.567627,2015100
2017-02-24,92.230003,92.5,91.360001,92.43,88.894402,2639200
2017-02-27,91.32,92.639999,90.58000200000001,91.33000200000001,87.836487,2683900
2017-02-28,91.019997,91.68,89.860001,91.239998,87.749931,4352800
2017-03-01,92.610001,94.83000200000001,92.550003,93.889999,90.29856099999999,3413400
2017-03-02,92.940002,93.510002,92.220001,92.290001,89.570663,2671900
2017-03-03,92.300003,92.66999799999999,91.739998,92.239998,89.522133,1672600
2017-03-06,91.949997,92.32,91.400002,91.550003,88.85247,2361900
2017-03-07,91.33000200000001,91.5,90.260002,91.230003,88.541893,2455300
2017-03-08,91.190002,91.5,89.519997,89.790001,87.144325,2968300
2017-03-09,89.900002,89.910004,88.610001,89.5,86.862877,3085600
2017-03-10,90.07,90.089996,88.809998,89.790001,87.144325,2666400
2017-03-13,89.839996,90.32,89.540001,90.18,87.522835,1673600
2017-03-14,89.199997,89.410004,87.900002,88.58000200000001,85.969978,3030500
2017-03-15,89.66999799999999,91.400002,89.239998,90.889999,88.211922,3070100
2017-03-16,91.120003,91.18,90.089996,90.349998,87.687828,1900800
2017-03-17,90.650002,90.980003,90.010002,90.08000200000001,87.425781,2405900
2017-03-20,90.129997,90.470001,89.33000200000001,90.300003,87.639297,1694100
2017-03-21,90.239998,90.879997,87.949997,88.150002,85.55265,2728600
2017-03-22,88.16999799999999,88.68,87.589996,88.150002,85.55265,2252200
2017-03-23,88.050003,89.059998,87.32,88.300003,85.698235,2165500
2017-03-24,88.349998,88.809998,87.040001,87.559998,84.980034,1698100
2017-03-27,86.739998,88.879997,85.660004,88.620003,86.008804,2467100
2017-03-28,88.650002,91.660004,88.650002,90.900002,88.221626,3151600
2017-03-29,90.650002,91.529999,90.269997,90.730003,88.05663299999999,1996100
2017-03-30,90.860001,91.91999799999999,90.610001,91.269997,88.580711,1487700
2017-03-31,90.980003,91.519997,90.610001,91.190002,88.503075,1850300
2017-04-03,91.489998,91.75,89.239998,90.260002,87.600487,1643900
2017-04-04,90.370003,90.879997,89.720001,90.690002,88.01780699999999,2083800
2017-04-05,91.389999,92.029999,88.33000200000001,88.400002,85.795288,4072900
2017-04-06,88.559998,89.440002,88.0,89.190002,86.562012,2492900
2017-04-07,88.91999799999999,89.360001,87.75,88.790001,86.17379,2198100
2017-04-10,89.550003,89.900002,88.360001,88.529999,85.92145500000001,1822600
2017-04-11,88.459999,88.690002,87.370003,88.019997,85.426476,2212700
2017-04-12,88.08000200000001,88.230003,86.050003,86.339996,83.795975,2838400
2017-04-13,86.25,87.139999,84.68,84.910004,82.40812700000001,3579000
2017-04-17,85.279999,85.519997,84.910004,85.279999,82.767204,2377500
2017-04-18,84.91999799999999,86.25,84.730003,85.839996,83.310707,2726800
2017-04-19,86.300003,86.989998,85.230003,85.529999,83.009842,2426800
2017-04-20,86.010002,86.82,85.470001,85.510002,82.99044,2569800
2017-04-21,85.519997,86.279999,85.339996,85.41999799999999,82.90308399999999,2529200
2017-04-24,86.610001,86.879997,86.160004,86.519997,83.97068,2194700
2017-04-25,86.980003,87.730003,86.57,87.010002,84.44624300000001,2020200
2017-04-26,86.769997,87.57,86.43,87.059998,84.494766,1863800
2017-04-27,86.91999799999999,87.480003,86.089996,87.41999799999999,84.844154,3117300
2017-04-28,86.400002,86.400002,84.099998,84.760002,82.262535,4563700
2017-05-01,85.0,85.190002,83.400002,83.459999,81.000839,3379500
2017-05-02,83.239998,83.720001,82.470001,83.540001,81.078491,5118800
2017-05-03,83.0,83.650002,81.75,81.879997,79.467392,3729300
2017-05-04,81.879997,81.980003,80.540001,81.41999799999999,79.020958,3873200
2017-05-05,81.66999799999999,84.16999799999999,81.510002,84.160004,81.680214,3830800
2017-05-08,81.610001,82.620003,80.5,80.779999,78.399811,5066800
2017-05-09,80.940002,82.120003,80.849998,81.910004,79.496521,3279900
2017-05-10,82.18,83.040001,81.91999799999999,82.459999,80.030304,3111800
2017-05-11,82.480003,83.099998,81.470001,81.970001,79.554741,2192700
2017-05-12,81.43,82.050003,80.889999,81.040001,78.65214499999999,1980900
2017-05-15,81.809998,83.68,81.639999,82.529999,80.098236,2948100
2017-05-16,82.699997,83.360001,82.349998,83.059998,80.612625,2690900
2017-05-17,83.059998,83.059998,79.879997,79.980003,77.62338299999999,3411800
2017-05-18,79.550003,80.790001,79.029999,80.410004,78.04071,3130500
2017-05-19,80.839996,81.839996,80.540001,81.099998,78.71038100000001,3608200
2017-05-22,81.75,82.040001,79.760002,80.300003,77.933952,2569000
2017-05-23,80.650002,80.989998,80.160004,80.57,78.195999,1557600
2017-05-24,81.559998,82.58000200000001,81.010002,81.629997,79.224762,2542600
2017-05-25,81.75,82.269997,80.0,80.66999799999999,78.29304499999999,2906500
2017-05-26,80.620003,80.970001,80.019997,80.730003,78.35128,1841700
2017-05-30,80.540001,80.870003,80.260002,80.559998,78.186287,2086000
2017-05-31,80.33000200000001,80.599998,79.470001,80.519997,78.14746099999999,3092600
2017-06-01,79.739998,80.809998,79.57,80.550003,79.060272,3605200
2017-06-02,80.459999,80.959999,79.75,80.040001,78.559708,4657600
2017-06-05,79.779999,79.980003,78.849998,78.910004,77.45060699999999,2901900
2017-06-06,78.440002,79.279999,78.010002,79.139999,77.676346,3710500
2017-06-07,79.25,80.349998,78.91999799999999,79.239998,77.77449,2934600
2017-06-08,79.239998,80.16999799999999,79.059998,79.480003,78.010063,2379800
2017-06-09,79.599998,82.230003,79.559998,81.879997,80.365669,3394500
2017-06-12,81.860001,82.970001,81.459999,81.779999,80.267525,2419200
2017-06-13,81.309998,83.220001,81.07,82.949997,81.415878,2714600
2017-06-14,83.16999799999999,83.16999799999999,80.68,80.93,79.433243,4056800
2017-06-15,80.18,80.75,79.529999,80.139999,78.657852,2326000
2017-06-16,80.120003,80.900002,79.75,80.879997,79.384163,3133400
2017-06-19,81.470001,81.860001,81.129997,81.300003,79.796402,1535500
2017-06-20,80.389999,80.639999,78.879997,80.099998,78.618584,2052400
2017-06-21,80.41999799999999,80.599998,79.260002,79.57,78.098396,2440100
2017-06-22,79.889999,80.550003,79.58000200000001,80.010002,78.53025799999999,1994700
2017-06-23,80.099998,80.610001,79.599998,80.16999799999999,78.687294,2426200
2017-06-26,80.57,81.370003,80.190002,80.889999,79.393982,2879300
2017-06-27,81.349998,82.83000200000001,81.110001,82.07,80.552155,2845400
2017-06-28,82.68,84.0,82.58000200000001,83.800003,82.25016,2870800
2017-06-29,84.379997,84.82,83.300003,83.769997,82.220711,3253000
2017-06-30,84.470001,85.08000200000001,83.900002,84.389999,82.829247,2600600
2017-07-03,85.050003,85.91999799999999,84.870003,85.360001,83.781311,1428100
2017-07-05,85.650002,85.75,82.900002,83.360001,81.818298,2367600
2017-07-06,82.910004,84.25,82.889999,83.050003,81.514038,2487600
2017-07-07,83.290001,84.449997,82.540001,83.93,82.37775400000001,2257700
2017-07-10,83.5,84.599998,83.230003,84.199997,82.642761,1918900
2017-07-11,84.199997,84.75,83.730003,84.459999,82.89795699999999,2083600
2017-07-12,84.940002,85.980003,84.860001,85.720001,84.134651,3004100
2017-07-13,85.75,85.989998,85.0,85.480003,83.89909399999999,1890200
2017-07-14,85.779999,86.629997,85.620003,85.870003,84.281883,1760500
2017-07-17,85.949997,86.290001,85.540001,85.650002,84.06594799999999,1442300
2017-07-18,85.58000200000001,86.08000200000001,84.949997,85.25,83.67334699999999,1496300
2017-07-19,85.260002,87.339996,85.260002,87.160004,85.548027,2109400
2017-07-20,87.18,87.949997,86.870003,87.019997,85.410606,3159000
2017-07-21,87.160004,87.160004,86.209999,86.870003,85.26339,2152200
2017-07-24,86.839996,87.43,86.690002,87.25,85.63636,1853500
2017-07-25,88.019997,88.57,87.559998,87.949997,86.323402,1993200
2017-07-26,88.410004,88.809998,87.0,87.339996,85.724693,1806700
2017-07-27,87.550003,87.720001,86.099998,86.529999,84.929665,2959900
2017-07-28,88.510002,90.68,88.040001,89.889999,88.227531,3977300
2017-07-31,90.370003,91.269997,89.620003,90.089996,88.423828,2670300
2017-08-01,90.279999,90.279999,88.379997,89.260002,87.609184,2642700
2017-08-02,88.75,89.300003,87.849998,88.370003,86.735641,2620600
2017-08-03,88.480003,89.269997,88.269997,88.75,87.10862,4259900
2017-08-04,89.160004,89.389999,88.66999799999999,88.779999,87.138054,1514200
2017-08-07,89.129997,89.400002,88.860001,89.120003,87.471779,1832300
2017-08-08,88.989998,89.459999,88.370003,88.730003,87.088989,2375200
2017-08-09,88.610001,89.480003,88.389999,89.199997,87.55029300000001,2593400
2017-08-10,88.58000200000001,89.019997,87.58000200000001,87.599998,85.979881,2176700
2017-08-11,86.959999,87.980003,86.959999,87.190002,85.577469,1893200
2017-08-14,87.379997,88.25,87.25,88.029999,86.40193199999999,1606100
2017-08-15,88.059998,88.510002,87.83000200000001,87.949997,86.323402,1548400
2017-08-16,87.949997,88.360001,87.300003,87.660004,86.03878,2052900
2017-08-17,87.510002,87.889999,86.190002,86.230003,84.635223,2470900
2017-08-18,86.099998,87.629997,85.349998,87.339996,85.724693,2683700
2017-08-21,87.33000200000001,88.400002,87.16999799999999,88.099998,86.47063399999999,2454500
2017-08-22,88.650002,89.309998,88.389999,88.769997,87.128242,1550300
2017-08-23,88.389999,90.0,88.339996,89.360001,87.707329,1410000
2017-08-24,89.400002,89.769997,88.980003,89.510002,87.854561,1294400
2017-08-25,90.300003,91.410004,89.989998,90.260002,88.590691,2309400
2017-08-28,90.57,90.93,89.68,90.32,88.649574,1392400
2017-08-29,89.66999799999999,89.83000200000001,88.900002,89.599998,87.942894,1803200
2017-08-30,89.41999799999999,90.949997,89.370003,90.33000200000001,88.65939300000001,2194200
2017-08-31,90.860001,91.07,89.410004,90.589996,88.91458100000001,2609400
2017-09-01,90.099998,90.989998,89.83000200000001,90.25,89.46974200000001,1529100
2017-09-05,90.58000200000001,90.839996,88.809998,89.389999,88.617172,2453000
2017-09-06,89.800003,92.279999,89.029999,91.720001,90.927032,2674700
2017-09-07,91.760002,92.269997,90.970001,91.720001,90.927032,2360100
2017-09-08,91.57,92.08000200000001,91.33000200000001,91.599998,90.80806700000001,1747000
2017-09-11,92.290001,93.970001,92.120003,93.660004,92.850266,2426200
2017-09-12,93.5,94.699997,93.389999,94.58000200000001,93.76230600000001,2182700
2017-09-13,94.5,94.739998,94.08000200000001,94.16999799999999,93.35585,1588500
2017-09-14,94.0,94.83000200000001,93.940002,94.43,93.613602,1559500
2017-09-15,94.290001,95.720001,94.0,95.16999799999999,94.347206,7251700
2017-09-18,95.489998,95.889999,95.059998,95.58000200000001,94.753662,3637500
2017-09-19,95.889999,96.690002,95.440002,96.559998,95.72518199999999,1971600
2017-09-20,96.68,97.059998,95.510002,96.050003,95.219597,2375600
2017-09-21,95.940002,96.25,95.540001,95.790001,94.961845,2309000
2017-09-22,95.75,97.0,95.610001,96.870003,96.03250899999999,1531600
2017-09-25,96.879997,98.089996,96.790001,97.91999799999999,97.073425,2508700
2017-09-26,98.110001,100.099998,97.989998,99.760002,98.897522,3017400
2017-09-27,100.010002,100.690002,99.25,99.779999,98.917351,2989300
2017-09-28,100.010002,100.279999,99.57,99.779999,98.917351,2652300
2017-09-29,99.809998,99.970001,98.779999,99.050003,98.193665,2185400
2017-10-02,98.57,100.720001,98.57,100.550003,99.680695,2268800
2017-10-03,100.650002,100.739998,98.91999799999999,99.760002,98.897522,2535300
2017-10-04,99.949997,100.360001,98.790001,98.879997,98.025124,1932200
2017-10-05,99.43,99.610001,99.050003,99.480003,98.619949,2182100
2017-10-06,98.82,99.230003,98.16999799999999,98.900002,98.04496,2506900
2017-10-09,99.209999,99.209999,98.66999799999999,99.040001,98.183746,1476300
2017-10-10,98.379997,98.629997,97.68,98.059998,97.21221899999999,2181800
2017-10-11,97.83000200000001,97.910004,97.019997,97.260002,96.419136,2425200
2017-10-12,96.879997,97.620003,96.199997,97.529999,96.686798,1999300
2017-10-13,98.599998,98.860001,97.5,97.68,96.835503,1474900
2017-10-16,98.279999,98.379997,97.33000200000001,97.699997,96.855331,1196600
2017-10-17,97.889999,98.400002,97.449997,98.209999,97.360924,1527100
2017-10-18,98.040001,98.599998,97.809998,98.260002,97.410492,1540300
2017-10-19,97.910004,99.779999,97.610001,99.389999,98.530716,1941200
2017-10-20,99.959999,100.0,98.610001,98.940002,98.08461,2142200
2017-10-23,98.900002,99.410004,98.5,98.559998,97.707893,1570100
2017-10-24,99.050003,101.470001,98.989998,100.940002,100.06732199999999,2973700
2017-10-25,100.57,100.620003,99.07,99.75,98.88761099999999,2435100
2017-10-26,100.41999799999999,101.709999,99.66999799999999,101.230003,100.35481300000001,3166900
2017-10-27,99.0,100.699997,97.730003,99.010002,98.154007,3433900
2017-10-30,99.120003,107.83000200000001,98.82,106.0,105.083572,8374600
2017-10-31,104.769997,105.339996,102.989998,103.529999,102.63492600000001,4100700
2017-11-01,104.209999,105.220001,103.160004,103.43,102.53578900000001,3111700
2017-11-02,103.559998,104.25,102.949997,103.540001,102.64484399999999,2547900
2017-11-03,103.040001,105.91999799999999,102.360001,105.58000200000001,104.66720600000001,2075400
2017-11-06,105.82,106.989998,105.489998,106.489998,105.569336,1786900
2017-11-07,106.57,107.199997,105.209999,105.91999799999999,105.00426499999999,1778300
2017-11-08,105.629997,106.019997,104.91999799999999,105.860001,104.94478600000001,1615100
2017-11-09,105.300003,105.980003,103.900002,104.190002,103.28922299999999,2271600
2017-11-10,104.18,104.790001,103.449997,104.260002,103.35862,1533200
2017-11-13,103.620003,104.720001,103.010002,104.190002,103.28922299999999,1547800
2017-11-14,103.16999799999999,104.75,103.139999,103.739998,102.843109,1796600
2017-11-15,103.190002,103.449997,101.779999,102.5,101.613831,1438000
2017-11-16,103.040001,103.599998,102.239998,103.199997,102.307777,2331500
2017-11-17,103.050003,104.650002,102.519997,103.900002,103.00173199999999,1544200
2017-11-20,103.860001,104.410004,103.410004,104.269997,103.36853,1940400
2017-11-21,104.639999,104.91999799999999,103.620003,103.82,102.92241700000001,1916000
2017-11-22,104.089996,104.349998,103.269997,103.41999799999999,102.525879,1436900
2017-11-24,104.0,104.66999799999999,103.870003,104.339996,103.43791999999999,929700
2017-11-27,104.629997,104.790001,103.559998,104.379997,103.477577,1627300
2017-11-28,104.16999799999999,105.290001,103.470001,104.940002,104.032738,2009200
2017-11-29,105.199997,105.889999,104.790001,105.010002,104.102135,1704000
2017-11-30,105.510002,105.860001,104.160004,104.699997,103.79480699999999,2758000
2017-12-01,105.160004,105.489998,102.959999,104.099998,103.199997,2332700
2017-12-04,103.459999,105.099998,103.010002,103.809998,103.809998,2143500
2017-12-05,103.860001,105.940002,103.68,104.58000200000001,104.58000200000001,2171100
2017-12-06,104.410004,105.220001,104.410004,104.690002,104.690002,2102100
2017-12-07,104.959999,106.58000200000001,104.769997,106.510002,106.510002,1604300
2017-12-08,106.800003,107.629997,106.620003,107.139999,107.139999,1720800
2017-12-11,107.33000200000001,108.050003,107.110001,107.510002,107.510002,1462900
2017-12-12,107.660004,108.129997,106.790001,106.989998,106.989998,2484400
2017-12-13,107.260002,107.599998,106.440002,107.5,107.5,2463100
2017-12-14,107.709999,107.970001,105.129997,105.43,105.43,2380200
2017-12-15,106.0,106.470001,105.129997,106.029999,106.029999,3640800
2017-12-18,107.519997,110.07,107.010002,109.559998,109.559998,2502000
2017-12-19,109.470001,110.0,108.860001,108.949997,108.949997,2030000
2017-12-20,109.550003,111.470001,109.269997,109.91999799999999,109.91999799999999,1815200
2017-12-21,109.849998,110.940002,109.239998,110.279999,110.279999,1680600
2017-12-22,109.540001,110.239998,109.43,109.980003,109.980003,1202100
2017-12-26,110.239998,110.239998,109.510002,109.93,109.93,462100
2017-12-27,109.93,110.120003,109.589996,110.029999,110.029999,677100
2017-12-28,110.379997,111.260002,110.150002,111.160004,111.160004,1058100
2017-12-29,111.620003,111.620003,110.199997,110.32,110.32,1019700
2018-01-02,111.050003,112.260002,110.690002,112.230003,112.230003,1127800
2018-01-03,111.82,112.41999799999999,110.699997,112.260002,112.260002,1437300
2018-01-04,112.800003,113.440002,111.809998,112.800003,112.800003,1631000
2018-01-05,113.25,114.459999,112.33000200000001,114.370003,114.370003,1082000
2018-01-08,114.400002,114.400002,113.040001,114.110001,114.110001,1283200
2018-01-09,114.33000200000001,116.339996,114.209999,115.150002,115.150002,1794000
2018-01-10,114.709999,115.370003,114.160004,115.029999,115.029999,1236000
2018-01-11,116.489998,117.940002,115.129997,117.699997,117.699997,1892000
2018-01-12,117.650002,118.0,116.389999,117.68,117.68,2070100
2018-01-16,117.970001,118.129997,115.110001,115.889999,115.889999,1996300
2018-01-17,116.260002,117.040001,115.720001,116.879997,116.879997,1704000
2018-01-18,116.260002,117.32,115.5,116.889999,116.889999,2248400
2018-01-19,117.389999,119.989998,117.150002,119.91999799999999,119.91999799999999,2864000
2018-01-22,118.980003,119.699997,118.519997,118.940002,118.940002,2067800
2018-01-23,118.519997,119.050003,117.650002,118.43,118.43,1479400
2018-01-24,119.18,120.43,118.43,118.940002,118.940002,1701400
2018-01-25,119.599998,120.949997,119.599998,120.739998,120.739998,1585000
2018-01-26,121.300003,121.779999,120.18,121.489998,121.489998,2157200
2018-01-29,121.620003,121.949997,120.690002,120.910004,120.910004,1228200
2018-01-30,119.910004,121.139999,118.379997,118.849998,118.849998,3319100
2018-01-31,119.239998,120.349998,118.849998,119.839996,119.839996,3213900
2018-02-01,119.099998,119.739998,116.889999,117.559998,117.559998,3431700
2018-02-02,117.559998,117.839996,111.529999,112.16999799999999,112.16999799999999,4224600
2018-02-05,111.739998,112.989998,107.449997,108.769997,108.769997,3146600
2018-02-06,106.089996,114.349998,106.0,113.82,113.82,4939500
2018-02-07,113.129997,114.230003,110.199997,110.269997,110.269997,3163700
2018-02-08,110.089996,110.559998,105.510002,105.790001,105.790001,2543600
2018-02-09,107.150002,107.83000200000001,102.82,106.989998,106.989998,3151800
2018-02-12,108.230003,110.709999,108.139999,109.699997,109.699997,2260700
2018-02-13,109.370003,110.589996,108.040001,109.639999,109.639999,1852800
2018-02-14,108.709999,112.639999,108.239998,112.0,112.0,1757500
2018-02-15,113.300003,114.449997,108.739998,109.970001,109.970001,3118300
2018-02-16,109.800003,110.480003,108.260002,108.610001,108.610001,2782400
2018-02-20,108.0,109.629997,107.410004,108.589996,108.589996,2295800
