Date,Open,High,Low,Close,Adj Close,Volume
2017-01-03,16.639999,16.9,16.360001,16.620001000000002,15.875175,2919700
2017-01-04,16.33,16.84,16.33,16.83,16.075764000000003,2787100
2017-01-05,16.799999,16.950001,16.440001000000002,16.52,15.779656,1972400
2017-01-06,16.68,16.945,16.559998999999998,16.809998999999998,16.05666,2240200
2017-01-09,16.75,16.785,16.42,16.5,15.760551999999999,1893700
2017-01-10,16.610001,16.92,16.5,16.82,16.06621,2685400
2017-01-11,16.799999,16.860001,16.629998999999998,16.85,16.094867999999998,2505100
2017-01-12,16.77,16.809998999999998,16.290001,16.549999,15.808310999999998,2154000
2017-01-13,16.639999,17.049999,16.559998999999998,16.85,16.094867999999998,2185500
2017-01-17,16.58,16.605,15.675,15.77,15.063267999999999,3637300
2017-01-18,15.78,16.07,15.06,16.049999,15.330718,6852700
2017-01-19,15.76,15.92,15.56,15.86,15.149232999999999,2760200
2017-01-20,15.94,16.26,15.77,15.96,15.244751999999998,3225000
2017-01-23,15.93,16.16,15.7,15.91,15.196992000000002,1945400
2017-01-24,16.0,16.290001,15.85,16.209999,15.483548,2842700
2017-01-25,15.19,15.785,15.11,15.72,15.015507000000001,4151400
2017-01-26,15.5,15.5,15.2,15.29,14.604778,2985700
2017-01-27,15.25,15.32,15.12,15.21,14.528363,2174900
2017-01-30,15.04,15.13,14.76,15.11,14.432844000000001,2015200
2017-01-31,15.07,15.28,14.76,15.04,14.365982,3265100
2017-02-01,15.17,15.39,14.94,15.0,14.327775,3864100
2017-02-02,14.94,15.24,14.9,15.11,14.432844000000001,2629700
2017-02-03,15.22,15.505,15.13,15.49,14.795815,2813700
2017-02-06,15.39,15.61,15.29,15.48,14.786263,1964800
2017-02-07,15.48,15.55,15.21,15.33,14.642984,1869600
2017-02-08,15.26,15.35,15.08,15.29,14.604778,1688100
2017-02-09,15.38,15.51,15.24,15.39,14.700296,2593700
2017-02-10,15.47,15.66,15.39,15.58,14.881782999999999,1474600
2017-02-13,15.67,15.84,15.57,15.66,14.958197,1830200
2017-02-14,15.53,15.86,15.52,15.79,15.082370999999998,1735500
2017-02-15,15.71,15.844,15.535,15.69,14.986851999999999,2188400
2017-02-16,15.66,15.76,15.44,15.49,14.795815,1780700
2017-02-17,15.43,15.5,15.02,15.45,14.757607,1852600
2017-02-21,15.45,15.76,15.4,15.46,14.767159,2068300
2017-02-22,15.37,15.6,15.32,15.51,14.814919,1569300
2017-02-23,15.54,15.7,15.27,15.47,14.776710999999999,1439500
2017-02-24,15.25,15.505,15.12,15.38,14.690745000000001,1554700
2017-02-27,15.38,15.62,15.35,15.57,14.872229999999998,1326700
2017-02-28,15.55,15.57,15.18,15.41,14.719398000000002,3356900
2017-03-01,15.44,15.82,15.22,15.34,14.806270000000001,2611300
2017-03-02,15.3,15.353,14.93,14.93,14.410535000000001,2710500
2017-03-03,15.02,15.1,14.75,14.905,14.386404,3047300
2017-03-06,14.72,14.85,14.36,14.6,14.092017000000002,2595400
2017-03-07,14.64,14.83,14.51,14.54,14.034104000000001,2810900
2017-03-08,14.56,14.795,14.43,14.51,14.005148000000002,2693400
2017-03-09,14.55,14.695,14.36,14.46,13.956887,2071300
2017-03-10,14.53,14.66,14.355,14.52,14.014798999999998,1870000
2017-03-13,14.55,14.61,14.44,14.51,14.005148000000002,1511300
2017-03-14,14.4,14.5,14.14,14.46,13.956887,1891100
2017-03-15,14.52,14.75,14.49,14.66,14.149928,1742100
2017-03-16,14.78,14.84,14.52,14.64,14.130626000000001,3089700
2017-03-17,14.69,15.02,14.615,14.99,14.468447,6737600
2017-03-20,14.93,14.99,14.67,14.71,14.198189000000001,2185000
2017-03-21,14.78,14.78,14.05,14.06,13.570806,2911900
2017-03-22,13.98,14.06,13.77,13.92,13.435676999999998,3719000
2017-03-23,13.96,14.195,13.87,14.03,13.541848000000002,2867100
2017-03-24,14.02,14.11,13.87,13.99,13.503241000000001,1768200
2017-03-27,13.79,14.02,13.67,14.0,13.512892,2008600
2017-03-28,13.96,14.62,13.75,14.5,13.995496,2181600
2017-03-29,14.49,14.655,14.4,14.52,14.014798999999998,1524100
2017-03-30,14.53,14.93,14.38,14.87,14.352622,1527700
2017-03-31,14.82,14.92,14.73,14.76,14.246448999999998,1961400
2017-04-03,14.83,14.92,14.54,14.75,14.236797,2609700
2017-04-04,14.67,14.825,14.54,14.73,14.217492000000002,2203600
2017-04-05,14.85,14.97,14.41,14.43,13.927932,2970500
2017-04-06,14.44,14.72,14.36,14.62,14.111320000000001,2256400
2017-04-07,14.56,14.79,14.46,14.68,14.169232999999998,1934500
2017-04-10,14.73,14.89,14.585,14.63,14.120972,1925200
2017-04-11,14.52,14.9,14.46,14.89,14.371926,1593800
2017-04-12,14.88,14.925,14.575,14.67,14.159579999999998,2401200
2017-04-13,14.6,14.95,14.6,14.68,14.169232999999998,2313200
2017-04-17,14.71,14.96,14.61,14.93,14.410535000000001,1636700
2017-04-18,14.81,15.12,14.78,15.05,14.526359,3190500
2017-04-19,15.1,15.19,14.15,15.11,14.584271,4949300
2017-04-20,15.13,16.129998999999998,15.09,16.01,15.452957999999999,4143600
2017-04-21,16.0,16.389999,15.77,15.78,15.230959,4301300
2017-04-24,16.16,16.24,15.76,15.76,15.211657,3788600
2017-04-25,15.88,15.98,15.8,15.87,15.317829000000001,2038100
2017-04-26,15.92,16.049999,15.73,15.86,15.308176000000001,1809400
2017-04-27,15.86,15.96,15.53,15.54,14.999310000000001,2348000
2017-04-28,15.51,15.51,15.115,15.2,14.67114,2791100
2017-05-01,15.23,15.48,15.205,15.45,14.912442,3756400
2017-05-02,15.46,15.51,15.27,15.41,14.873834,2536000
2017-05-03,15.34,15.5,15.29,15.45,14.912442,1912200
2017-05-04,15.5,15.67,15.115,15.16,14.632531,1848100
2017-05-05,15.18,15.285,14.97,14.98,14.458794000000001,1833500
2017-05-08,15.02,15.09,14.68,14.74,14.227144000000001,1915200
2017-05-09,14.74,14.83,14.52,14.6,14.092017000000002,2608700
2017-05-10,14.52,14.595,14.2,14.47,13.966539000000001,2887900
2017-05-11,14.4,14.47,14.16,14.35,13.850715,2737000
2017-05-12,14.3,14.32,13.96,14.0,13.512892,1889500
2017-05-15,14.01,14.4,14.0,14.4,13.898973999999999,2840200
2017-05-16,14.4,14.5,14.31,14.42,13.918279,2353600
2017-05-17,14.12,14.19,13.61,13.64,13.165419,2528300
2017-05-18,13.62,13.82,13.36,13.71,13.232982999999999,2467100
2017-05-19,13.73,14.14,13.655,13.94,13.454979000000002,1912800
2017-05-22,14.06,14.13,13.92,14.07,13.580457000000001,1688100
2017-05-23,14.05,14.34,13.97,14.24,13.744541,3004100
2017-05-24,14.29,14.42,14.18,14.41,13.908628,2456700
2017-05-25,14.4,14.6,14.31,14.39,13.889323000000001,2465000
2017-05-26,14.33,14.555,14.27,14.48,13.976192000000001,1803600
2017-05-30,14.38,14.77,14.34,14.68,14.169232999999998,3536500
2017-05-31,14.6,14.6,14.06,14.43,14.081407,5220300
2017-06-01,14.48,14.645,14.3,14.63,14.276576,2537900
2017-06-02,14.61,14.62,14.2,14.22,13.876479999999999,3431000
2017-06-05,14.21,14.39,14.09,14.27,13.925273,2003100
2017-06-06,14.14,14.455,14.02,14.43,14.081407,2092500
2017-06-07,14.52,14.7,14.46,14.63,14.276576,2704400
2017-06-08,14.6,15.06,14.52,14.91,14.549810999999998,3125000
2017-06-09,14.96,15.39,14.96,15.26,14.891356,2689900
2017-06-12,15.23,15.67,15.21,15.48,15.106041000000001,3164100
2017-06-13,15.5,15.65,15.33,15.57,15.193867000000001,2689500
2017-06-14,15.48,15.695,15.26,15.65,15.271935000000001,1921600
2017-06-15,15.54,15.97,15.54,15.85,15.467103,1989300
2017-06-16,15.57,15.86,15.43,15.525,15.149954000000001,7499600
2017-06-19,15.62,16.525,15.405,16.43,16.033092,4101300
2017-06-20,16.389999,16.57,16.27,16.440001000000002,16.04285,3096400
2017-06-21,16.4,16.43,15.78,15.98,15.593962,3294700
2017-06-22,15.97,16.02,15.72,15.87,15.486620000000002,2330600
2017-06-23,15.95,16.165001,15.82,15.96,15.574446,3278500
2017-06-26,16.049999,16.43,15.99,16.290001,15.896475,1930300
2017-06-27,16.33,16.559998999999998,16.299999,16.49,16.091642,2000000
2017-06-28,16.59,16.709999,16.41,16.65,16.247778,2583500
2017-06-29,16.75,16.969998999999998,16.459999,16.639999,16.238020000000002,1967000
2017-06-30,16.719998999999998,16.799999,16.59,16.65,16.247778,2313700
2017-07-03,16.799999,16.93,16.65,16.809998999999998,16.403912,1557700
2017-07-05,16.82,16.889999,16.459999,16.68,16.277051999999998,3164600
2017-07-06,16.620001000000002,16.700001,16.035,16.049999,15.662270999999999,4329300
2017-07-07,16.129998999999998,16.25,15.95,16.18,15.789131,2868600
2017-07-10,16.190001000000002,16.530001000000002,16.049999,16.389999,15.994059,2297700
2017-07-11,16.35,16.4,16.16,16.32,15.925749,1292900
2017-07-12,16.34,16.665001,16.290001,16.57,16.169710000000002,1365200
2017-07-13,16.6,16.719998999999998,16.290001,16.629998999999998,16.228260000000002,1836100
2017-07-14,16.5,16.684998999999998,16.370001000000002,16.57,16.169710000000002,1199100
2017-07-17,16.52,16.68,16.4,16.49,16.091642,1882700
2017-07-18,16.43,16.48,16.242001000000002,16.4,16.003817,2104400
2017-07-19,16.92,16.92,15.27,15.29,14.920632000000001,4403700
2017-07-20,15.2,15.29,14.89,14.93,14.569328,3467700
2017-07-21,14.94,15.09,14.8,14.95,14.588845000000001,2394200
2017-07-24,14.9,15.07,14.82,14.86,14.501019,1815900
2017-07-25,14.96,15.235,14.84,15.0,14.637637,2814900
2017-07-26,14.95,14.99,14.61,14.65,14.296091,2018300
2017-07-27,14.63,14.73,14.46,14.59,14.237542000000001,1550000
2017-07-28,14.59,14.735,14.56,14.68,14.325368,1227800
2017-07-31,14.73,14.955,14.69,14.75,14.393676000000001,1641800
2017-08-01,14.75,14.95,14.7,14.85,14.491260999999998,1919400
2017-08-02,14.79,14.88,14.32,14.32,13.974064000000002,2661300
2017-08-03,14.31,14.59,14.195,14.22,13.876479999999999,1957800
2017-08-04,14.29,14.4,14.09,14.27,13.925273,3011400
2017-08-07,14.295,14.68,14.295,14.55,14.198507999999999,1404900
2017-08-08,14.5,14.665,14.365,14.48,14.130198000000002,1452600
2017-08-09,14.34,14.41,14.08,14.15,13.80817,1689500
2017-08-10,14.04,14.15,13.69,13.7,13.369041000000001,1797900
2017-08-11,13.77,13.91,13.56,13.68,13.349525,1485300
2017-08-14,13.78,14.1,13.78,13.93,13.593485999999999,1459000
2017-08-15,13.98,14.06,13.79,13.81,13.476385,1288600
2017-08-16,13.9,14.15,13.88,14.0,13.661795000000001,1668600
2017-08-17,13.93,14.05,13.635,13.64,13.310493,1380700
2017-08-18,13.6,13.71,13.54,13.6,13.271457999999999,1600900
2017-08-21,13.57,13.64,13.36,13.51,13.183632000000001,1411400
2017-08-22,13.57,13.7,13.51,13.66,13.330009,1291000
2017-08-23,13.54,13.81,13.44,13.63,13.300734,1154100
2017-08-24,13.69,13.74,13.6,13.62,13.290975,1000600
2017-08-25,13.67,13.79,13.63,13.63,13.300734,1077900
2017-08-28,13.67,13.72,13.51,13.6,13.271457999999999,1127700
2017-08-29,13.38,13.64,13.38,13.52,13.193391,1563300
2017-08-30,13.38,13.455,13.25,13.28,13.114388,2187100
2017-08-31,13.39,13.39,13.17,13.2,13.035385,3318200
2017-09-01,13.25,13.8,13.25,13.75,13.578526,3378700
2017-09-05,13.86,13.96,13.62,13.84,13.667404000000001,2894800
2017-09-06,13.91,14.205,13.76,13.8,13.627903,3066000
2017-09-07,13.78,13.8,13.09,13.14,12.976134,3294600
2017-09-08,13.36,13.91,13.27,13.51,13.341520000000001,4252800
2017-09-11,13.61,14.21,13.61,14.13,13.953788000000001,3198600
2017-09-12,14.14,14.57,14.04,14.42,14.240170999999998,2487900
2017-09-13,14.41,14.58,14.36,14.44,14.259920999999999,2254100
2017-09-14,14.22,14.351,13.76,13.78,13.608151999999999,3936800
2017-09-15,13.75,13.94,13.55,13.94,13.766157000000002,7229100
2017-09-18,14.03,14.16,13.84,13.96,13.785908,3333400
2017-09-19,13.95,14.12,13.87,14.07,13.894535999999999,1803800
2017-09-20,14.05,14.15,13.8,14.06,13.884661999999999,2275500
2017-09-21,14.08,14.13,13.76,14.03,13.855035,2658000
2017-09-22,14.02,14.8,14.0,14.78,14.595680999999999,2810100
2017-09-25,14.78,14.97,14.64,14.82,14.635182,2041200
2017-09-26,14.86,15.22,14.7,15.18,14.990694,2797300
2017-09-27,15.25,15.605,15.09,15.53,15.336329000000001,2746100
2017-09-28,15.56,15.61,14.885,14.92,14.733935999999998,3877000
2017-09-29,14.95,15.22,14.89,15.02,14.832689000000002,2675500
2017-10-02,15.01,15.02,14.69,14.9,14.714185,4943600
2017-10-03,14.97,15.1,14.91,14.96,14.773438,1694800
2017-10-04,14.96,14.97,14.65,14.7,14.51668,2076700
2017-10-05,13.86,13.94,12.554,12.605,12.447805,15151900
2017-10-06,12.61,12.78,12.51,12.6,12.442867999999999,5211000
2017-10-09,12.71,12.71,12.09,12.22,12.067607,4379500
2017-10-10,12.28,12.53,12.24,12.47,12.314489,4037600
2017-10-11,12.43,12.47,11.71,11.79,11.642969,6284000
2017-10-12,11.76,11.98,11.67,11.8,11.652845,6118700
2017-10-13,11.77,11.88,11.481,11.62,11.475089,3938700
2017-10-16,11.58,11.76,11.51,11.73,11.583717,3978000
2017-10-17,11.96,12.285,11.71,12.2,12.047856,8466400
2017-10-18,12.38,12.45,11.93,11.98,11.8306,5183900
2017-10-19,11.93,12.4,11.85,12.31,12.156486,3784600
2017-10-20,12.46,12.51,12.25,12.36,12.205861,4259800
2017-10-23,12.34,12.43,12.14,12.18,12.028106,2741700
2017-10-24,12.25,12.25,12.06,12.1,11.949104,2975800
2017-10-25,12.36,12.37,11.54,11.79,11.642969,6657100
2017-10-26,11.84,12.18,11.8,11.95,11.800974,5395500
2017-10-27,11.88,12.02,11.71,11.85,11.702222,3526700
2017-10-30,11.81,12.09,11.71,11.83,11.68247,5152800
2017-10-31,11.85,12.5,11.81,12.46,12.304614,5168900
2017-11-01,12.46,12.665,12.06,12.1,11.949104,5353400
2017-11-02,12.11,12.42,11.91,12.36,12.205861,6609500
2017-11-03,12.33,12.42,12.09,12.22,12.067607,3923200
2017-11-06,12.17,12.59,12.105,12.38,12.225612,3132600
2017-11-07,12.35,12.415,12.07,12.09,11.939228,2511900
2017-11-08,12.11,12.35,11.88,12.05,11.899727,2538000
2017-11-09,11.96,12.33,11.91,12.14,11.988605,2526000
2017-11-10,12.1,12.28,12.045,12.21,12.057732000000001,2371900
2017-11-13,12.16,12.17,11.84,12.08,11.929353,2585800
2017-11-14,12.01,12.43,11.865,12.35,12.195986,5162800
2017-11-15,12.19,12.67,11.94,12.61,12.452744000000001,5210600
2017-11-16,12.62,12.95,12.4,12.76,12.600873,4847400
2017-11-17,12.55,12.84,12.43,12.49,12.33424,4874600
2017-11-20,12.5,12.83,12.43,12.82,12.660124,3530300
2017-11-21,12.85,12.9,12.325,12.59,12.432993,3921100
2017-11-22,12.62,12.73,12.39,12.45,12.294739,2174600
2017-11-24,12.49,12.54,12.28,12.34,12.186110000000001,1252800
2017-11-27,12.35,12.35,11.95,11.98,11.8306,3549900
2017-11-28,11.94,12.5,11.86,12.46,12.304614,3668900
2017-11-29,12.16,12.88,11.88,12.83,12.67,5452000
2017-11-30,12.69,12.83,12.36,12.61,12.61,20582400
2017-12-01,12.65,13.1,12.41,13.01,13.01,5355900
2017-12-04,13.25,13.37,13.06,13.27,13.27,5168200
2017-12-05,13.3,13.42,13.03,13.13,13.13,3389900
2017-12-06,13.16,13.175,12.825,12.91,12.91,2958000
2017-12-07,12.88,13.02,12.67,12.73,12.73,5089000
2017-12-08,12.82,12.87,12.19,12.76,12.76,5990800
2017-12-11,12.83,12.94,12.6,12.76,12.76,4837400
2017-12-12,12.8,13.21,12.77,12.96,12.96,4229100
2017-12-13,12.94,13.305,12.9,12.94,12.94,6669700
2017-12-14,12.91,13.14,12.58,12.62,12.62,5138300
2017-12-15,12.64,13.27,12.56,13.2,13.2,12664100
2017-12-18,13.34,13.53,13.21,13.27,13.27,4178700
2017-12-19,13.31,13.38,13.13,13.13,13.13,3371100
2017-12-20,13.2,13.22,13.0,13.09,13.09,2911600
2017-12-21,13.16,13.285,13.07,13.12,13.12,2370400
2017-12-22,13.27,13.38,13.16,13.35,13.35,2534400
2017-12-26,13.38,13.64,13.35,13.46,13.46,1736600
2017-12-27,13.46,13.58,13.16,13.21,13.21,1750200
2017-12-28,13.23,13.4,13.144,13.37,13.37,1343000
2017-12-29,13.4,13.515,13.27,13.32,13.32,1856500
2018-01-02,13.45,13.77,13.34,13.63,13.63,3568200
2018-01-03,13.57,13.79,13.55,13.78,13.78,2737000
2018-01-04,13.86,14.03,13.805,13.94,13.94,2975800
2018-01-05,14.0,14.03,13.82,14.01,14.01,2062800
2018-01-08,13.97,13.98,13.48,13.69,13.69,3288900
2018-01-09,13.64,13.71,13.48,13.52,13.52,3381700
2018-01-10,13.61,13.78,13.54,13.68,13.68,3608300
2018-01-11,13.74,14.06,13.73,13.97,13.97,3750600
2018-01-12,13.71,14.03,13.66,13.88,13.88,3882800
2018-01-16,14.0,14.13,13.73,13.75,13.75,3871200
2018-01-17,13.83,13.9,13.62,13.71,13.71,1948100
2018-01-18,13.67,13.81,13.3,13.35,13.35,2560900
2018-01-19,13.31,13.61,13.31,13.6,13.6,3080300
2018-01-22,13.62,13.685,13.45,13.52,13.52,3511300
2018-01-23,13.46,13.59,13.15,13.44,13.44,5346200
2018-01-24,13.27,14.65,13.27,14.51,14.51,8550700
2018-01-25,14.76,14.87,14.565,14.66,14.66,2932500
2018-01-26,14.65,14.7,14.27,14.54,14.54,2207800
2018-01-29,14.48,14.58,14.38,14.39,14.39,2152700
2018-01-30,14.29,14.49,14.23,14.23,14.23,2890300
2018-01-31,14.23,14.45,14.13,14.25,14.25,2616800
2018-02-01,14.19,14.55,14.09,14.53,14.53,2643100
2018-02-02,14.5,14.515,14.075,14.21,14.21,3150500
2018-02-05,14.04,14.23,13.425,13.63,13.63,3943300
2018-02-06,13.19,13.81,13.08,13.76,13.76,3963900
2018-02-07,13.66,14.25,13.66,14.04,14.04,4277500
2018-02-08,14.02,14.08,13.38,13.38,13.38,3328700
2018-02-09,13.58,13.71,12.98,13.46,13.46,5059700
2018-02-12,13.49,13.66,13.165,13.56,13.56,2095900
2018-02-13,13.47,13.67,13.4,13.6,13.6,2088500
2018-02-14,13.5,14.02,13.46,14.0,14.0,1974500
2018-02-15,14.09,14.1,13.64,13.8,13.8,2485300
2018-02-16,13.75,14.04,13.75,13.99,13.99,1796200
2018-02-20,13.96,14.12,13.54,13.64,13.64,3118200
