Date,Open,High,Low,Close,Adj Close,Volume
2017-01-03,234.100006,235.24000499999997,233.13999900000002,234.88999900000002,231.511002,1178900
2017-01-04,235.24000499999997,236.99000499999997,234.830002,235.25,231.865829,664100
2017-01-05,235.210007,237.419998,234.350006,235.99000499999997,232.595184,891200
2017-01-06,235.899994,237.5,235.770004,236.729996,233.32453900000002,619200
2017-01-09,236.83999599999999,237.919998,235.690002,235.809998,232.41777000000002,703600
2017-01-10,235.460007,235.789993,232.69999700000002,233.11000099999998,229.75662200000002,1361200
2017-01-11,233.80000299999998,234.83999599999999,230.13999900000002,231.55000299999998,228.21905499999997,1142300
2017-01-12,231.38000499999998,231.789993,227.86999500000002,229.149994,225.853577,1159100
2017-01-13,229.0,230.99000499999997,228.5,230.169998,226.858902,1007400
2017-01-17,230.77999900000003,230.77999900000003,227.42999300000002,228.479996,225.19320699999997,978900
2017-01-18,228.460007,231.080002,228.0,230.24000499999997,226.927902,863600
2017-01-19,231.25999500000003,233.789993,230.100006,232.38999900000002,229.046967,966800
2017-01-20,233.11000099999998,233.16000400000001,230.75999500000003,232.11000099999998,228.771011,864500
2017-01-23,233.0,233.33999599999999,230.13000499999998,231.690002,228.357025,779200
2017-01-24,229.399994,232.94999700000002,227.49000499999997,232.58999599999999,229.24409500000002,1034300
2017-01-25,233.190002,233.24000499999997,230.00999500000003,230.83999599999999,227.51927200000003,1073000
2017-01-26,229.210007,230.83999599999999,223.88000499999998,226.960007,223.69509900000003,2499100
2017-01-27,227.02999900000003,234.580002,227.02999900000003,229.830002,226.523804,1948300
2017-01-30,230.100006,231.83999599999999,227.83999599999999,229.479996,226.178818,1270700
2017-01-31,227.88999900000002,229.72000099999997,226.00999500000003,229.080002,225.784592,1495800
2017-02-01,228.72000099999997,230.149994,227.729996,228.82000699999998,225.52832,1148800
2017-02-02,228.399994,230.13999900000002,227.92999300000002,229.850006,226.543518,916000
2017-02-03,230.059998,232.92999300000002,229.50999500000003,231.36000099999998,228.03179900000003,1297900
2017-02-06,231.559998,233.42999300000002,231.41000400000001,232.82000699999998,229.470779,1097600
2017-02-07,232.330002,233.86999500000002,232.100006,232.979996,229.628479,817000
2017-02-08,232.91000400000001,233.41000400000001,232.25999500000003,232.419998,229.076538,972100
2017-02-09,232.419998,235.38000499999998,231.979996,234.83999599999999,231.46171600000002,1094400
2017-02-10,234.580002,236.559998,234.07000699999998,236.25,232.85144,949200
2017-02-13,237.05000299999998,239.850006,236.520004,239.080002,235.64073199999999,1029500
2017-02-14,239.00999500000003,240.330002,238.42999300000002,239.61999500000002,236.172974,790800
2017-02-15,239.13999900000002,241.99000499999997,238.94999700000002,241.58999599999999,238.11460899999997,739700
2017-02-16,241.600006,243.67999300000002,240.809998,243.52999900000003,240.02670299999997,951100
2017-02-17,243.38999900000002,243.99000499999997,241.88999900000002,243.580002,240.07598900000002,778000
2017-02-21,242.270004,244.830002,241.69999700000002,244.11999500000002,240.608215,828900
2017-02-22,243.350006,243.52999900000003,242.00999500000003,242.979996,239.48463399999997,949600
2017-02-23,242.32000699999998,243.99000499999997,241.600006,243.86000099999998,240.351974,724900
2017-02-24,243.58999599999999,245.289993,242.539993,245.05000299999998,241.524841,815100
2017-02-27,245.58999599999999,249.42999300000002,245.11000099999998,248.600006,245.023804,1041800
2017-02-28,247.5,248.30000299999998,245.520004,247.08999599999999,243.535492,1564400
2017-03-01,247.86999500000002,248.88000499999998,245.88000499999998,245.92999300000002,242.392166,1899100
2017-03-02,245.0,245.38999900000002,242.58999599999999,243.07000699999998,240.45329300000003,1172500
2017-03-03,243.0,243.75999500000003,242.100006,242.92999300000002,240.31478900000002,866100
2017-03-06,242.42999300000002,243.66000400000001,241.97000099999997,242.919998,240.30491600000002,932700
2017-03-07,242.50999500000003,243.919998,242.07000699999998,243.77999900000003,241.15563999999998,917200
2017-03-08,244.0,245.080002,243.059998,243.57000699999998,240.94792200000003,675600
2017-03-09,244.080002,244.74000499999997,243.520004,244.11999500000002,241.49198900000002,611200
2017-03-10,244.559998,244.830002,242.44999700000002,243.58999599999999,240.96769700000002,688600
2017-03-13,243.539993,244.729996,242.75999500000003,244.419998,241.788773,750600
2017-03-14,243.520004,244.36999500000002,242.75,243.770004,241.145767,460700
2017-03-15,243.80000299999998,244.44999700000002,243.13000499999998,243.83999599999999,241.21499599999999,756200
2017-03-16,244.0,244.13000499999998,239.72000099999997,240.27999900000003,237.693329,1081700
2017-03-17,241.11999500000002,244.69999700000002,240.690002,244.25,241.62059,1225000
2017-03-20,244.770004,245.460007,242.690002,242.99000499999997,240.374161,527000
2017-03-21,243.69999700000002,243.69999700000002,239.350006,239.72000099999997,237.13935899999998,805700
2017-03-22,239.729996,242.0,239.100006,241.13999900000002,238.544083,677500
2017-03-23,241.0,241.38000499999998,239.13000499999998,239.5,236.92173799999998,596500
2017-03-24,239.25,239.830002,236.58999599999999,236.88000499999998,234.32994100000002,753200
2017-03-27,235.77999900000003,236.36999500000002,233.19999700000002,235.830002,233.29122900000002,969000
2017-03-28,235.11000099999998,237.979996,234.350006,237.190002,234.63659700000002,733000
2017-03-29,236.66000400000001,236.919998,235.07000699999998,236.520004,233.97381600000003,612700
2017-03-30,236.27999900000003,239.22000099999997,235.55000299999998,239.059998,236.48646499999998,853000
2017-03-31,238.72000099999997,238.92999300000002,237.690002,237.83999599999999,235.27958700000002,964700
2017-04-03,237.580002,238.559998,236.80000299999998,237.809998,235.24992400000002,671500
2017-04-04,236.99000499999997,238.07000699999998,236.42999300000002,237.63999900000002,235.08175699999998,701900
2017-04-05,238.0,239.809998,235.86000099999998,236.100006,233.55833399999997,958200
2017-04-06,235.99000499999997,237.520004,235.16000400000001,236.669998,234.12219199999998,703900
2017-04-07,239.72000099999997,240.11999500000002,237.38999900000002,238.809998,236.239166,722700
2017-04-10,238.63999900000002,240.44999700000002,237.99000499999997,239.33999599999999,236.76344300000002,712800
2017-04-11,239.22000099999997,241.149994,238.22000099999997,241.05000299999998,238.455048,679400
2017-04-12,240.94999700000002,240.94999700000002,239.039993,239.36000099999998,236.783234,560000
2017-04-13,239.039993,241.789993,239.039993,240.19999700000002,237.61418199999997,739100
2017-04-17,240.32000699999998,243.27999900000003,240.25999500000003,243.100006,240.482971,750500
2017-04-18,242.63999900000002,244.77999900000003,242.419998,243.17999300000002,240.56210299999998,894300
2017-04-19,243.55000299999998,244.42999300000002,242.559998,243.74000499999997,241.11608900000002,694700
2017-04-20,243.86000099999998,245.94999700000002,243.50999500000003,244.850006,242.21414199999998,662400
2017-04-21,245.11999500000002,247.42999300000002,244.88000499999998,246.330002,243.678192,802200
2017-04-24,248.979996,249.75,247.580002,249.13999900000002,246.45794700000002,1059900
2017-04-25,248.13000499999998,249.61999500000002,247.38000499999998,248.13000499999998,245.45883199999997,1539100
2017-04-26,249.80000299999998,250.0,243.05000299999998,248.059998,245.389557,1753500
2017-04-27,248.960007,249.82000699999998,247.41000400000001,248.399994,245.72589100000002,1010300
2017-04-28,248.899994,249.36000099999998,245.600006,245.960007,243.31219500000003,853300
2017-05-01,246.30000299999998,246.52999900000003,244.32000699999998,244.33999599999999,241.70961,778900
2017-05-02,244.460007,245.67999300000002,243.5,245.330002,242.68898,882600
2017-05-03,244.91000400000001,245.83999599999999,243.94999700000002,245.50999500000003,242.86702000000002,614200
2017-05-04,245.44999700000002,246.020004,243.63000499999998,245.75,243.104431,893500
2017-05-05,246.289993,249.039993,245.5,248.91000400000001,246.230423,719400
2017-05-08,248.69999700000002,249.309998,248.02999900000003,249.13999900000002,246.45794700000002,619500
2017-05-09,249.100006,249.649994,248.649994,249.49000499999997,246.804199,732100
2017-05-10,249.94999700000002,251.00999500000003,246.899994,248.11000099999998,245.439041,780100
2017-05-11,247.08999599999999,248.05000299999998,246.210007,247.520004,244.855408,628700
2017-05-12,247.16000400000001,248.149994,246.5,247.44999700000002,244.786133,523500
2017-05-15,247.11000099999998,248.49000499999997,246.940002,248.25,245.57752999999997,674300
2017-05-16,248.11000099999998,249.36999500000002,246.99000499999997,247.38000499999998,244.71688799999998,549300
2017-05-17,247.38000499999998,248.74000499999997,245.539993,246.32000699999998,243.66832000000002,1030500
2017-05-18,245.919998,248.99000499999997,243.38999900000002,246.88000499999998,244.22229,1033600
2017-05-19,248.020004,250.38000499999998,247.600006,249.88000499999998,247.189987,716900
2017-05-22,252.919998,254.0,249.41000400000001,249.44999700000002,246.76460299999997,1062600
2017-05-23,250.0,251.44999700000002,248.580002,250.649994,247.951691,801400
2017-05-24,251.25,253.580002,251.0,253.38000499999998,250.652313,775000
2017-05-25,254.100006,256.820007,253.5,256.519989,253.75849900000003,976500
2017-05-26,256.519989,257.929993,256.299988,256.98999,254.223434,552700
2017-05-30,256.899994,257.320007,254.94999700000002,256.209991,253.45182799999998,584600
2017-05-31,257.040009,259.22000099999997,255.63000499999998,259.22000099999997,256.429443,1536300
2017-06-01,257.730011,258.459991,256.190002,257.609985,255.823669,840200
2017-06-02,257.799988,259.230011,257.22000099999997,258.519989,256.727356,687500
2017-06-05,258.5,258.549988,255.600006,255.61000099999998,253.83752400000003,509300
2017-06-06,254.86999500000002,256.549988,253.080002,253.190002,251.43431099999998,676400
2017-06-07,254.039993,255.07000699999998,253.100006,254.669998,252.90405299999998,708700
2017-06-08,254.669998,257.140015,254.190002,256.140015,254.36387599999998,710300
2017-06-09,255.850006,257.119995,255.0,256.690002,254.91004900000001,623600
2017-06-12,256.559998,256.559998,253.669998,255.99000499999997,254.214905,723100
2017-06-13,255.77999900000003,258.339996,254.770004,257.589996,255.803802,570800
2017-06-14,258.01001,262.429993,258.0,259.660004,257.859467,793000
2017-06-15,258.079987,259.52999900000003,256.02999900000003,258.640015,256.846527,719200
2017-06-16,259.350006,259.730011,258.27999900000003,258.589996,256.796875,734800
2017-06-19,260.079987,262.089996,259.100006,261.269989,259.458282,604900
2017-06-20,261.0,262.589996,260.109985,260.160004,258.35598799999997,491200
2017-06-21,260.200012,261.399994,259.0,260.290009,258.485077,576400
2017-06-22,259.869995,260.190002,256.850006,256.890015,255.108688,633800
2017-06-23,256.75,258.549988,256.75,257.399994,255.615112,679000
2017-06-26,257.829987,259.910004,255.66000400000001,255.94999700000002,254.175171,840500
2017-06-27,255.49000499999997,257.329987,255.169998,255.330002,253.559479,546200
2017-06-28,256.649994,258.309998,256.130005,257.559998,255.774017,404700
2017-06-29,257.839996,257.839996,252.82000699999998,254.88000499999998,253.11259500000003,643900
2017-06-30,255.770004,257.769989,255.57000699999998,256.709991,254.92990099999997,581400
2017-07-03,257.52999900000003,259.399994,256.649994,257.700012,255.91305499999999,273000
2017-07-05,257.799988,261.089996,257.77999900000003,260.27999900000003,258.47515899999996,442200
2017-07-06,260.059998,261.359985,257.630005,258.940002,257.14447,540100
2017-07-07,259.76001,263.73999,259.329987,261.98999,260.17330899999996,642700
2017-07-10,261.609985,263.549988,260.549988,261.77999900000003,259.964752,507900
2017-07-11,262.01001,263.0,260.140015,262.640015,260.81881699999997,523800
2017-07-12,263.619995,265.109985,263.0,263.959991,262.129608,533600
2017-07-13,264.369995,265.290009,263.27999900000003,263.859985,262.030304,476300
2017-07-14,263.950012,265.51001,263.690002,264.829987,262.99359100000004,576900
2017-07-17,264.839996,266.269989,263.26001,264.809998,262.973724,609600
2017-07-18,265.040009,266.73999,263.640015,264.23999,262.40768399999996,471500
2017-07-19,264.420013,265.320007,264.070007,264.920013,263.082977,388500
2017-07-20,264.920013,265.559998,263.420013,264.769989,262.93399,519100
2017-07-21,263.630005,265.299988,262.140015,265.299988,263.460327,575700
2017-07-24,265.51001,266.329987,265.070007,265.269989,263.430542,530900
2017-07-25,266.450012,266.809998,263.660004,264.049988,262.218994,708200
2017-07-26,264.230011,265.359985,259.390015,263.859985,262.030304,815900
2017-07-27,264.23999,264.290009,259.0,260.76001,258.951813,1315600
2017-07-28,261.130005,264.27999900000003,260.22000099999997,264.100006,262.268677,587700
2017-07-31,264.890015,266.0,263.070007,263.130005,261.30542,638700
2017-08-01,263.320007,264.72000099999997,263.040009,264.640015,262.804932,673000
2017-08-02,264.519989,266.869995,264.140015,266.829987,264.979736,755700
2017-08-03,267.0,268.899994,265.119995,268.77999900000003,266.916199,980100
2017-08-04,268.899994,269.23999,267.459991,269.23999,267.373016,653000
2017-08-07,269.51001,269.730011,268.519989,269.579987,267.710663,696700
2017-08-08,269.339996,270.200012,269.079987,269.820007,267.949005,616100
2017-08-09,270.850006,273.799988,270.170013,273.100006,271.206268,978900
2017-08-10,274.0,274.609985,270.230011,270.549988,268.67395,865300
2017-08-11,271.109985,272.769989,269.100006,269.27999900000003,267.41272000000004,700600
2017-08-14,270.23999,271.890015,269.23999,271.399994,269.518036,686400
2017-08-15,271.25,271.480011,270.019989,271.140015,269.259857,456400
2017-08-16,271.359985,271.359985,269.079987,269.98999,268.117798,931300
2017-08-17,270.040009,270.809998,268.0,268.130005,266.270752,581700
2017-08-18,268.980011,269.170013,267.170013,267.609985,265.754303,551200
2017-08-21,267.709991,268.040009,264.350006,267.700012,265.843719,517600
2017-08-22,269.0,273.48999,268.570007,272.820007,270.92819199999997,613200
2017-08-23,271.72000099999997,272.600006,270.48999,270.769989,268.892395,413900
2017-08-24,269.880005,270.640015,268.299988,268.540009,267.66641200000004,393600
2017-08-25,269.98999,270.570007,268.549988,269.329987,268.453827,616100
2017-08-28,270.0,270.649994,267.179993,267.899994,267.028473,492900
2017-08-29,269.709991,271.519989,268.609985,270.72000099999997,269.839325,473700
2017-08-30,270.809998,271.209991,269.799988,271.01001,270.12838700000003,303900
2017-08-31,271.730011,272.769989,270.019989,272.209991,271.324463,689500
2017-09-01,272.02999900000003,272.320007,268.829987,268.829987,267.955444,552800
2017-09-05,270.920013,270.920013,267.799988,268.070007,267.197937,632800
2017-09-06,268.950012,268.950012,265.25,265.269989,264.40704300000004,543600
2017-09-07,265.52999900000003,266.02999900000003,264.359985,265.869995,265.005096,504300
2017-09-08,265.829987,268.149994,265.0,267.450012,266.579956,861000
2017-09-11,268.600006,269.820007,268.040009,269.299988,268.42392,765300
2017-09-12,268.880005,270.380005,268.410004,268.959991,268.08502200000004,492400
2017-09-13,268.26001,268.829987,266.51001,266.700012,265.832397,516700
2017-09-14,266.410004,266.630005,264.690002,265.690002,264.82568399999997,562900
2017-09-15,265.75,267.200012,265.040009,267.02999900000003,266.161316,864500
2017-09-18,267.02999900000003,276.200012,264.809998,275.97000099999997,275.07223500000003,1854500
2017-09-19,276.140015,279.899994,275.019989,278.329987,277.424561,1412600
2017-09-20,278.25,281.570007,278.0,280.040009,279.128998,1068000
2017-09-21,279.890015,281.01001,278.700012,280.420013,279.50778199999996,565400
2017-09-22,281.540009,282.929993,280.209991,281.549988,280.634064,641300
2017-09-25,281.5,281.609985,278.880005,281.369995,280.454681,716600
2017-09-26,281.600006,284.929993,281.47000099999997,284.73999,283.81369,922600
2017-09-27,285.040009,287.269989,284.829987,286.839996,285.90689100000003,890100
2017-09-28,285.730011,286.23999,283.929993,284.619995,283.694092,671700
2017-09-29,285.269989,287.809998,283.769989,287.72000099999997,286.784027,618600
2017-10-02,288.5,289.950012,287.22000099999997,289.899994,288.956909,499300
2017-10-03,289.799988,292.320007,289.019989,291.079987,290.133087,576800
2017-10-04,291.0,292.609985,290.209991,292.179993,291.229492,572200
2017-10-05,291.890015,293.22000099999997,290.959991,292.679993,291.727875,540500
2017-10-06,292.940002,293.380005,291.850006,293.329987,292.375763,382000
2017-10-09,293.75,294.980011,292.149994,293.859985,292.904022,727800
2017-10-10,294.709991,294.709991,292.070007,293.329987,292.375763,638900
2017-10-11,293.790009,295.359985,292.940002,295.190002,294.229706,487400
2017-10-12,295.119995,298.880005,295.0,298.679993,297.708344,705900
2017-10-13,299.179993,299.329987,296.22000099999997,296.399994,295.43576,771100
2017-10-16,297.0,297.570007,294.309998,295.77999900000003,294.81781,525400
2017-10-17,295.5,295.869995,293.73999,294.320007,293.362549,585100
2017-10-18,294.670013,294.670013,290.850006,292.0,291.050079,863300
2017-10-19,292.0,293.100006,288.570007,292.649994,291.697968,662500
2017-10-20,293.75,294.619995,292.040009,294.600006,293.64163199999996,606100
2017-10-23,295.410004,297.100006,294.0,294.049988,293.093414,733000
2017-10-24,293.200012,294.549988,292.23999,294.02999900000003,293.073486,969200
2017-10-25,300.630005,306.609985,299.73999,304.75,303.758606,1545100
2017-10-26,306.0,306.0,295.559998,297.98999,297.020599,1057700
2017-10-27,298.0,299.019989,296.790009,297.660004,296.691681,642900
2017-10-30,296.869995,298.290009,295.200012,296.369995,295.40588399999996,469200
2017-10-31,296.98999,297.410004,295.390015,295.52999900000003,294.568604,462700
2017-11-01,295.670013,296.48999,293.980011,294.170013,293.213043,580800
2017-11-02,293.880005,301.48999,293.880005,301.359985,300.379639,711800
2017-11-03,301.179993,303.359985,299.149994,301.660004,300.67868,517700
2017-11-06,300.859985,303.48999,300.269989,301.859985,300.877991,366700
2017-11-07,301.98999,304.670013,301.98999,303.309998,302.32330299999995,510800
2017-11-08,303.299988,304.25,302.5,303.299988,302.313324,524600
2017-11-09,302.869995,303.579987,298.089996,299.140015,298.16687,529800
2017-11-10,298.5,299.660004,297.559998,298.130005,297.16015600000003,391900
2017-11-13,297.730011,298.959991,294.440002,298.480011,297.509033,656100
2017-11-14,297.170013,300.52999900000003,296.149994,300.459991,299.482574,521600
2017-11-15,300.769989,302.339996,299.640015,299.940002,298.964264,804900
2017-11-16,300.380005,301.25,299.52999900000003,300.549988,299.572266,440600
2017-11-17,299.570007,300.089996,296.670013,296.850006,295.88430800000003,457200
2017-11-20,296.959991,301.25,296.76001,300.940002,299.961029,703200
2017-11-21,302.140015,304.929993,301.089996,304.309998,303.320038,706800
2017-11-22,303.23999,303.619995,300.299988,302.019989,301.03747599999997,463700
2017-11-24,302.820007,303.899994,302.190002,302.72000099999997,301.735229,273000
2017-11-27,302.890015,304.25,302.079987,303.630005,302.642273,511600
2017-11-28,305.22000099999997,309.23999,304.820007,307.899994,306.898376,911000
2017-11-29,308.140015,308.329987,306.049988,306.690002,305.69232200000005,786000
2017-11-30,307.0,309.76001,304.77999900000003,307.399994,306.399994,3033200
2017-12-01,307.0,307.809998,297.0,299.630005,299.630005,1097300
2017-12-04,301.730011,303.100006,300.5,300.559998,300.559998,1180700
2017-12-05,301.52999900000003,301.839996,297.519989,297.75,297.75,584800
2017-12-06,297.959991,301.290009,297.820007,300.200012,300.200012,629600
2017-12-07,300.26001,303.869995,300.200012,302.679993,302.679993,655100
2017-12-08,303.25,305.670013,301.01001,305.670013,305.670013,684300
2017-12-11,306.519989,307.170013,303.859985,304.559998,304.559998,674700
2017-12-12,306.22000099999997,307.920013,305.100006,307.27999900000003,307.27999900000003,977700
2017-12-13,306.959991,311.079987,306.959991,308.459991,308.459991,746300
2017-12-14,309.450012,310.079987,306.320007,306.910004,306.910004,904500
2017-12-15,308.52999900000003,311.149994,307.519989,310.47000099999997,310.47000099999997,1333500
2017-12-18,311.019989,311.130005,306.730011,308.399994,308.399994,675200
2017-12-19,308.72000099999997,309.880005,307.040009,307.119995,307.119995,612300
2017-12-20,307.929993,308.51001,306.380005,306.619995,306.619995,593400
2017-12-21,307.540009,307.73999,304.070007,304.48999,304.48999,818100
2017-12-22,305.769989,305.769989,303.700012,303.77999900000003,303.77999900000003,567100
2017-12-26,304.420013,306.429993,303.730011,303.839996,303.839996,498500
2017-12-27,304.649994,306.329987,304.079987,306.160004,306.160004,468200
2017-12-28,306.820007,308.51001,305.850006,308.290009,308.290009,376700
2017-12-29,308.25,309.190002,306.910004,306.910004,306.910004,430900
2018-01-02,307.350006,307.72000099999997,303.209991,305.23999,305.23999,715000
2018-01-03,304.73999,307.25,304.609985,306.649994,306.649994,722100
2018-01-04,306.579987,308.709991,305.609985,308.549988,308.549988,582400
2018-01-05,309.089996,310.23999,307.209991,308.22000099999997,308.22000099999997,842800
2018-01-08,308.950012,309.339996,307.570007,308.26001,308.26001,660800
2018-01-09,309.230011,312.929993,308.709991,310.390015,310.390015,828900
2018-01-10,309.339996,309.480011,306.359985,307.609985,307.609985,676100
2018-01-11,308.880005,309.709991,308.26001,309.549988,309.549988,493200
2018-01-12,310.0,315.709991,309.670013,315.149994,315.149994,706100
2018-01-16,317.420013,318.700012,312.329987,312.540009,312.540009,756100
2018-01-17,314.98999,317.809998,313.320007,317.51001,317.51001,613100
2018-01-18,317.5,318.700012,314.0,314.299988,314.299988,598700
2018-01-19,316.230011,317.190002,314.690002,316.369995,316.369995,874000
2018-01-22,316.100006,316.579987,313.559998,315.140015,315.140015,731300
2018-01-23,315.230011,315.350006,312.670013,313.480011,313.480011,653700
2018-01-24,313.450012,316.320007,312.679993,313.459991,313.459991,857500
2018-01-25,316.73999,325.98999,314.47000099999997,325.0,325.0,1406000
2018-01-26,326.079987,335.570007,323.630005,335.559998,335.559998,1297900
2018-01-29,336.0,341.26001,335.049988,338.339996,338.339996,1389800
2018-01-30,335.27999900000003,341.27999900000003,333.519989,339.459991,339.459991,1297400
2018-01-31,340.630005,344.200012,339.619995,340.52999900000003,340.52999900000003,1318300
2018-02-01,340.52999900000003,349.179993,340.23999,342.859985,342.859985,1455200
2018-02-02,340.899994,344.170013,336.72000099999997,336.790009,336.790009,1227000
2018-02-05,333.75,339.52999900000003,316.269989,322.369995,322.369995,1541600
2018-02-06,314.109985,329.0,313.01001,327.5,327.5,1716400
2018-02-07,326.76001,342.140015,326.01001,337.660004,337.660004,2099900
2018-02-08,338.410004,341.670013,323.459991,324.01001,324.01001,1520900
2018-02-09,327.910004,338.0,323.459991,332.690002,332.690002,1750000
2018-02-12,334.600006,341.339996,330.570007,337.440002,337.440002,1284800
2018-02-13,335.119995,344.380005,335.119995,343.359985,343.359985,897900
2018-02-14,346.149994,350.420013,342.399994,349.619995,349.619995,1536800
2018-02-15,352.98999,357.0,352.059998,356.910004,356.910004,1316900
2018-02-16,355.910004,358.839996,354.73999,356.0,356.0,957900
2018-02-20,352.450012,355.160004,348.579987,350.359985,350.359985,1171800
