Date,Open,High,Low,Close,Adj Close,Volume
2017-01-03,12.32,12.45,12.19,12.3,12.212569,3228300
2017-01-04,12.32,13.07,12.3,13.03,12.937381,8040900
2017-01-05,13.01,13.31,12.92,13.28,13.185602,8121200
2017-01-06,13.31,13.45,12.96,13.36,13.265034,8693200
2017-01-09,13.35,13.51,13.13,13.47,13.374251000000001,8444500
2017-01-10,13.43,13.71,13.24,13.62,13.523185999999999,8770600
2017-01-11,13.68,14.1,13.68,14.1,13.999773999999999,14526800
2017-01-12,14.05,14.44,13.95,14.38,14.277784,7591100
2017-01-13,14.33,14.63,14.3,14.6,14.496220999999998,6953100
2017-01-17,15.45,15.92,15.05,15.34,15.230959,10914400
2017-01-18,15.39,15.56,15.13,15.26,15.151527999999999,6565500
2017-01-19,15.17,15.57,15.11,15.56,15.449395999999998,13204100
2017-01-20,15.68,16.41,15.66,16.110001,15.995485999999998,8393900
2017-01-23,16.209999,16.5,15.89,16.209999,16.094776,5812700
2017-01-24,16.32,16.620001000000002,16.200001,16.370001000000002,16.253641000000002,6634400
2017-01-25,16.389999,16.559998999999998,16.309998999999998,16.440001000000002,16.323141,5031100
2017-01-26,16.459999,16.639999,16.33,16.459999,16.342999,4412700
2017-01-27,16.41,16.6,16.309998999999998,16.450001,16.333071,3317600
2017-01-30,16.4,16.42,16.02,16.26,16.173918,4848300
2017-01-31,16.18,16.58,16.18,16.540001,16.452436,3836500
2017-02-01,16.49,16.6,16.18,16.34,16.253494,3379100
2017-02-02,16.280001000000002,16.790001,16.08,16.709999,16.621534,6049700
2017-02-03,16.74,17.559998999999998,16.57,17.08,16.989576,11968900
2017-02-06,17.120001000000002,17.209999,16.389999,16.700001,16.611588,6966300
2017-02-07,16.639999,16.700001,16.23,16.27,16.183865,5060100
2017-02-08,16.200001,16.51,16.02,16.360001,16.273388,4443500
2017-02-09,16.23,16.5,16.209999,16.42,16.333071,4257500
2017-02-10,16.5,16.66,16.32,16.66,16.5718,3186500
2017-02-13,16.6,16.940001000000002,16.540001,16.75,16.661324,5708900
2017-02-14,16.629998999999998,16.809998999999998,16.32,16.790001,16.701113,6751800
2017-02-15,16.74,17.75,16.73,17.49,17.397404,8390700
2017-02-16,17.49,17.49,17.09,17.110001,17.019419,4478900
2017-02-17,17.110001,17.129998999999998,16.73,17.1,17.00947,3987000
2017-02-21,16.790001,17.299999,16.52,17.120001000000002,17.029366,3779100
2017-02-22,17.049999,17.049999,16.68,16.83,16.7409,4705800
2017-02-23,17.01,17.280001000000002,16.940001000000002,17.040001,16.949789000000003,6036000
2017-02-24,17.190001000000002,17.57,17.129998999999998,17.459999,17.367563,6467900
2017-02-27,17.41,17.709999,16.66,16.77,16.681217,9383100
2017-02-28,16.43,16.879998999999998,15.83,16.559998999999998,16.472328,9653000
2017-03-01,16.860001,17.1,16.700001,16.85,16.760794,14262200
2017-03-02,16.73,17.469998999999998,16.73,17.030001000000002,16.939842000000002,8078900
2017-03-03,17.030001000000002,17.309998999999998,16.889999,17.299999,17.20841,4584500
2017-03-06,17.280001000000002,17.43,16.950001,17.360001,17.268095000000002,10790000
2017-03-07,17.49,17.66,16.950001,17.1,17.00947,5974700
2017-03-08,17.059998999999998,17.27,16.59,17.17,17.079102,7587500
2017-03-09,17.09,17.870001000000002,17.040001,17.860001,17.765446,7437100
2017-03-10,17.959999,18.059998999999998,17.57,17.860001,17.765446,5923900
2017-03-13,17.870001000000002,18.059998999999998,17.27,17.33,17.238253,9000200
2017-03-14,17.35,17.35,16.790001,17.01,16.919947,6336200
2017-03-15,17.139999,17.610001,17.08,17.459999,17.367563,8199800
2017-03-16,17.469998999999998,17.98,17.219998999999998,17.889999,17.795285999999997,9434900
2017-03-17,18.0,18.559998999999998,18.0,18.059998999999998,17.964384,12065100
2017-03-20,18.129998999999998,18.4,17.93,18.33,18.232958,6020600
2017-03-21,18.32,18.51,18.17,18.24,18.143435999999998,3805800
2017-03-22,18.280001000000002,18.33,17.889999,18.01,17.914652,4262300
2017-03-23,18.030001000000002,18.27,18.0,18.139999,18.043962,3395400
2017-03-24,18.15,18.26,18.1,18.16,18.063858,3133000
2017-03-27,18.120001000000002,18.190001000000002,17.969998999999998,18.18,18.083752,2915800
2017-03-28,18.110001,18.16,17.92,18.110001,18.014124,4216700
2017-03-29,18.68,18.950001,18.450001,18.73,18.63084,7569700
2017-03-30,18.700001,18.73,18.23,18.370001000000002,18.272747,3167200
2017-03-31,18.379998999999998,18.950001,18.290001,18.700001,18.601,4979700
2017-04-03,18.58,18.75,18.309998999999998,18.73,18.63084,4489900
2017-04-04,18.74,19.07,18.629998999999998,18.879998999999998,18.780045,4466300
2017-04-05,18.879998999999998,19.059998999999998,18.6,18.690001000000002,18.591051,3784500
2017-04-06,18.700001,18.98,18.6,18.9,18.799942,5780200
2017-04-07,18.92,18.969998999999998,18.469998999999998,18.51,18.412004,3658500
2017-04-10,18.51,18.879998999999998,18.51,18.76,18.660683,2997600
2017-04-11,18.690001000000002,18.77,18.49,18.709999,18.610947,2695500
2017-04-12,18.66,18.799999,18.450001,18.73,18.63084,3962900
2017-04-13,18.75,18.790001,18.35,18.389999,18.292641,2724000
2017-04-17,18.379998999999998,18.48,18.33,18.450001,18.352324,2724700
2017-04-18,18.389999,18.549999,18.32,18.440001000000002,18.342377,3685500
2017-04-19,18.469998999999998,18.65,17.860001,17.879998999999998,17.785337,4801100
2017-04-20,18.01,18.02,17.200001,17.24,17.148731,6910400
2017-04-21,17.26,17.35,16.76,17.07,16.97963,6418700
2017-04-24,17.15,17.48,17.059998999999998,17.299999,17.20841,4138800
2017-04-25,17.07,17.17,16.84,17.01,16.919947,4951200
2017-04-26,17.030001000000002,17.41,16.93,17.280001000000002,17.188519,8660700
2017-04-27,17.18,17.309998999999998,16.790001,16.84,16.779978,3956300
2017-04-28,16.92,17.219998999999998,16.799999,16.9,16.839764000000002,4053100
2017-05-01,16.700001,16.92,16.629998999999998,16.67,16.610584,5518200
2017-05-02,16.27,16.780001000000002,15.55,15.77,15.713792000000002,10205700
2017-05-03,15.76,15.76,14.94,14.98,14.926607999999998,8193600
2017-05-04,14.98,15.03,14.52,14.6,14.547963000000001,11847800
2017-05-05,14.67,15.12,14.53,15.03,14.976429000000001,7759800
2017-05-08,14.96,14.97,14.53,14.79,14.737286,6579700
2017-05-09,14.95,15.07,14.59,14.72,14.667535,6700300
2017-05-10,14.75,15.33,14.58,15.13,15.076073000000001,7121400
2017-05-11,15.02,15.67,14.87,15.27,15.215575,5532000
2017-05-12,15.29,15.29,15.0,15.07,15.016287,3264100
2017-05-15,15.08,15.32,14.98,15.08,15.026251,4169900
2017-05-16,15.05,15.16,14.85,14.92,14.866822,4205700
2017-05-17,14.92,15.2,14.7,15.05,14.996357999999999,3762000
2017-05-18,15.0,15.31,14.76,15.24,15.18568,3992000
2017-05-19,15.92,16.1,15.56,15.71,15.654005999999999,5644200
2017-05-22,15.73,16.02,15.53,15.96,15.903115,5800900
2017-05-23,16.59,16.790001,15.87,15.88,15.8234,7323300
2017-05-24,15.88,16.799999,15.84,16.76,16.700262,6612700
2017-05-25,16.73,16.889999,16.35,16.450001,16.391369,4819100
2017-05-26,16.48,16.559998999999998,16.27,16.469998999999998,16.411299,4007300
2017-05-30,16.440001000000002,16.469998999999998,16.17,16.209999,16.152224,3232800
2017-05-31,16.209999,16.280001000000002,15.83,16.059998999999998,16.002758,4360000
2017-06-01,16.51,16.77,16.24,16.76,16.700262,4620400
2017-06-02,16.709999,17.18,16.67,16.92,16.859694,5383800
2017-06-05,16.860001,17.01,16.610001,16.700001,16.640478,3633100
2017-06-06,16.709999,16.9,16.540001,16.780001000000002,16.720192,5652700
2017-06-07,16.73,16.75,16.26,16.4,16.341547,4679600
2017-06-08,16.4,16.450001,16.15,16.4,16.341547,3130700
2017-06-09,16.360001,16.709999,16.290001,16.690001000000002,16.630512,2969000
2017-06-12,16.67,16.82,16.540001,16.709999,16.65044,4641100
2017-06-13,16.74,16.99,16.690001000000002,16.940001000000002,16.879622,3589800
2017-06-14,16.879998999999998,16.969998999999998,16.32,16.469998999999998,16.411299,6925300
2017-06-15,16.469998999999998,16.75,16.25,16.610001,16.550798,3483100
2017-06-16,16.620001000000002,16.93,16.26,16.91,16.849728,5700000
2017-06-19,16.959999,17.09,16.77,16.950001,16.889587,3212000
2017-06-20,16.860001,16.91,16.49,16.76,16.700262,3131100
2017-06-21,16.860001,17.139999,16.73,16.780001000000002,16.720192,3899400
2017-06-22,16.83,17.450001,16.83,17.23,17.168589,4316400
2017-06-23,17.23,17.42,17.120001000000002,17.389999,17.328018,5152000
2017-06-26,17.42,17.75,17.42,17.639999,17.577126999999997,8019300
2017-06-27,17.65,17.74,17.209999,17.209999,17.148660999999997,2920500
2017-06-28,17.32,17.58,17.299999,17.32,17.258266,2814900
2017-06-29,17.26,17.34,16.85,17.02,16.959336999999998,3308400
2017-06-30,17.049999,17.4,17.049999,17.219998999999998,17.158623000000002,3403600
2017-07-03,17.34,17.629998999999998,17.110001,17.17,17.108802999999998,1807000
2017-07-05,17.129998999999998,17.379998999999998,16.799999,16.799999,16.74012,3659000
2017-07-06,16.879998999999998,16.950001,16.33,16.360001,16.301691,4213600
2017-07-07,16.34,16.4,15.95,16.24,16.182117,4773500
2017-07-10,16.209999,16.370001000000002,16.040001,16.120001000000002,16.062544,5976400
2017-07-11,16.34,16.52,16.139999,16.299999,16.241901000000002,7656000
2017-07-12,19.51,21.139999,18.9,21.09,21.014832000000002,53494000
2017-07-13,21.530001000000002,23.360001,21.440001000000002,22.200001,22.120874,36824800
2017-07-14,22.24,23.280001000000002,22.200001,23.24,23.157167,17236700
2017-07-17,23.24,23.26,22.41,22.92,22.838307999999998,11527800
2017-07-18,22.959999,23.469998999999998,22.67,23.42,23.336527,8665100
2017-07-19,23.42,24.120001000000002,23.1,24.0,23.914459,10103400
2017-07-20,24.0,24.16,23.67,24.110001,24.024069,8014400
2017-07-21,24.15,24.59,23.84,24.49,24.402712,8096700
2017-07-24,24.42,25.290001,24.27,25.280001000000002,25.189898,9173800
2017-07-25,25.370001000000002,25.43,24.91,25.01,24.920858,8829900
2017-07-26,25.059998999999998,25.25,24.549999,24.67,24.582071,8624600
2017-07-27,24.75,25.1,24.469998999999998,24.610001,24.522284,9561600
2017-07-28,24.639999,25.24,24.49,25.17,25.110899,4679800
2017-07-31,25.18,25.209999,24.559998999999998,24.620001000000002,24.562191000000002,5065500
2017-08-01,24.66,24.870001000000002,24.24,24.530001000000002,24.472403,5016300
2017-08-02,24.4,24.74,24.18,24.469998999999998,24.412542000000002,5252300
2017-08-03,24.35,24.92,23.82,23.98,23.923693,4122200
2017-08-04,24.059998999999998,24.700001,24.0,24.450001,24.39259,4126100
2017-08-07,24.4,24.65,24.219998999999998,24.5,24.442472,5418400
2017-08-08,24.440001000000002,24.799999,24.0,24.25,24.19306,4799000
2017-08-09,24.33,24.42,24.129998999999998,24.33,24.272873,2899700
2017-08-10,24.24,25.68,24.139999,24.389999,24.332731,6914700
2017-08-11,24.15,24.809998999999998,24.15,24.67,24.612074,3422000
2017-08-14,24.82,25.610001,24.780001000000002,25.469998999999998,25.410194,5259500
2017-08-15,25.370001000000002,25.58,25.049999,25.469998999999998,25.410194,3567100
2017-08-16,25.709999,25.940001000000002,25.530001000000002,25.67,25.609726000000002,3725800
2017-08-17,25.620001000000002,25.790001,25.17,25.25,25.190711999999998,3477600
2017-08-18,25.290001,25.99,25.139999,25.77,25.709492,5441100
2017-08-21,25.76,25.83,25.309998999999998,25.719998999999998,25.659609,4640400
2017-08-22,25.83,26.25,25.709999,25.860001,25.799278,6389900
2017-08-23,26.0,26.0,25.389999,25.610001,25.549868,8988300
2017-08-24,25.620001000000002,25.65,25.059998999999998,25.43,25.370289,4948600
2017-08-25,25.32,25.379998999999998,24.360001,24.58,24.522284,7480300
2017-08-28,24.6,24.82,24.43,24.57,24.512307999999997,5501500
2017-08-29,24.48,25.129998999999998,24.32,24.950001,24.891417,4618300
2017-08-30,24.940001000000002,24.969998999999998,24.629998999999998,24.85,24.791653,2929900
2017-08-31,24.83,25.059998999999998,24.66,24.91,24.851509,6573500
2017-09-01,24.91,24.959999,24.6,24.809998999999998,24.751745,2568500
2017-09-05,24.93,25.0,24.059998999999998,24.4,24.342707,4004900
2017-09-06,24.52,24.52,23.639999,23.940001000000002,23.883786999999998,11715900
2017-09-07,24.1,24.27,23.940001000000002,24.129998999999998,24.073339,5267400
2017-09-08,24.110001,24.200001,23.780001000000002,23.92,23.863836,2427500
2017-09-11,23.98,24.15,23.799999,23.879998999999998,23.823929,3382600
2017-09-12,23.940001000000002,24.120001000000002,23.790001,23.879998999999998,23.823929,2929700
2017-09-13,23.879998999999998,23.940001000000002,23.5,23.559998999999998,23.504679,6402300
2017-09-14,23.5,23.700001,22.98,23.1,23.045759,7055100
2017-09-15,23.120001000000002,23.459999,22.9,22.93,22.876160000000002,12235100
2017-09-18,23.02,23.98,22.950001,23.84,23.784023,6512600
2017-09-19,23.889999,24.66,23.780001000000002,24.620001000000002,24.562191000000002,8214200
2017-09-20,24.67,24.690001000000002,24.110001,24.139999,24.083317,5866700
2017-09-21,23.940001000000002,24.25,23.92,24.190001000000002,24.133202,3491400
2017-09-22,24.120001000000002,24.18,23.799999,23.940001000000002,23.883786999999998,3382600
2017-09-25,23.98,24.049999,23.33,23.389999,23.335079,3497000
2017-09-26,23.389999,24.16,23.18,24.1,24.043411,7919300
2017-09-27,24.040001,24.959999,24.040001,24.9,24.841532,9426800
2017-09-28,24.73,24.950001,24.32,24.9,24.841532,7020200
2017-09-29,24.879998999999998,25.709999,24.82,25.59,25.529913,7162400
2017-10-02,25.6,25.68,25.25,25.58,25.519938,5043400
2017-10-03,25.700001,26.030001000000002,25.4,25.889999,25.829207999999998,8176800
2017-10-04,26.0,26.059998999999998,25.700001,25.77,25.709492,6803900
2017-10-05,25.809998999999998,25.85,25.190001000000002,25.57,25.50996,4479900
2017-10-06,25.48,25.610001,25.209999,25.49,25.430147,4376400
2017-10-09,25.51,25.93,25.43,25.74,25.679562,2407000
2017-10-10,25.92,25.950001,25.58,25.690001000000002,25.629679,3354800
2017-10-11,25.450001,25.690001000000002,25.27,25.469998999999998,25.410194,4273400
2017-10-12,25.540001,25.83,25.219998999999998,25.68,25.619703,4492100
2017-10-13,25.83,26.139999,25.469998999999998,26.059998999999998,25.99881,7584000
2017-10-16,25.99,26.68,25.85,26.620001000000002,26.557496999999998,5441600
2017-10-17,26.6,26.6,25.91,26.0,25.93895,6414200
2017-10-18,25.9,26.17,25.84,25.950001,25.889069,4471300
2017-10-19,25.84,26.0,25.290001,25.540001,25.480032,4846700
2017-10-20,25.620001000000002,25.68,25.299999,25.4,25.340359,3744100
2017-10-23,25.450001,25.540001,24.85,24.889999,24.831556,7504100
2017-10-24,25.030001000000002,25.25,24.950001,25.110001,25.051041,3752800
2017-10-25,24.92,25.049999,24.549999,24.92,24.861486,7443700
2017-10-26,25.040001,25.1,24.58,24.77,24.71184,3408500
2017-10-27,24.799999,25.35,24.690001000000002,25.34,25.2805,2922400
2017-10-30,25.290001,25.84,24.91,25.01,24.951275,4083900
2017-10-31,25.01,25.15,24.73,25.0,24.971252,4420500
2017-11-01,25.200001,25.32,24.65,24.84,24.811438,7077700
2017-11-02,25.85,27.440001000000002,25.59,25.969998999999998,25.940136,17476800
2017-11-03,26.1,28.09,26.1,27.620001000000002,27.588241999999997,11615000
2017-11-06,27.74,28.49,27.74,28.25,28.217515999999996,6282800
2017-11-07,28.299999,28.67,28.24,28.42,28.387320000000003,4122100
2017-11-08,28.33,28.450001,27.59,28.02,27.987779999999997,4859400
2017-11-09,28.07,28.530001000000002,27.65,27.82,27.788009999999996,3664600
2017-11-10,27.75,28.440001000000002,27.559998999999998,28.35,28.3174,6410000
2017-11-13,28.26,28.860001,28.030001000000002,28.780001000000002,28.746906,5968300
2017-11-14,28.620001000000002,29.059998999999998,28.469998999999998,28.92,28.886745,3970500
2017-11-15,28.870001000000002,29.459999,28.559998999999998,29.370001000000002,29.336229,3483600
2017-11-16,29.379998999999998,29.780001000000002,29.049999,29.440001000000002,29.406146999999997,3628300
2017-11-17,29.4,29.65,29.18,29.49,29.456089000000002,3061300
2017-11-20,29.540001,29.639999,29.200001,29.32,29.286284999999996,5796300
2017-11-21,29.620001000000002,29.639999,29.290001,29.469998999999998,29.436111,3474800
2017-11-22,29.48,29.66,28.99,29.219998999999998,29.186398999999998,6876400
2017-11-24,29.43,29.469998999999998,28.84,29.030001000000002,28.99662,1931500
2017-11-27,29.01,29.24,28.709999,28.77,28.736917,5932600
2017-11-28,28.969998999999998,29.059998999999998,28.42,28.860001,28.826815000000003,4728500
2017-11-29,28.209999,28.84,28.049999,28.200001,28.167574,6191400
2017-11-30,28.24,28.459999,27.52,27.65,27.618206,6950300
2017-12-01,27.76,28.43,27.76,27.950001,27.917862,5373100
2017-12-04,27.860001,28.139999,27.34,27.41,27.378481,9520300
2017-12-05,27.360001,27.77,27.17,27.32,27.288584000000004,3109300
2017-12-06,27.34,27.690001000000002,27.049999,27.290001,27.258621,3730700
2017-12-07,27.16,27.85,27.059998999999998,27.73,27.698112,4023100
2017-12-08,27.780001000000002,28.34,27.73,28.25,28.217515999999996,3357700
2017-12-11,28.219998999999998,29.209999,28.219998999999998,29.129998999999998,29.096502,3959800
2017-12-12,29.08,29.129998999999998,28.68,28.700001,28.666998,4409400
2017-12-13,28.809998999999998,28.809998999999998,28.07,28.15,28.11763,3664100
2017-12-14,28.139999,28.139999,27.629998999999998,27.68,27.64817,3441200
2017-12-15,27.75,27.93,27.42,27.5,27.468378,6005100
2017-12-18,27.610001,28.08,27.459999,27.59,27.558275,4655800
2017-12-19,27.540001,27.74,27.200001,27.25,27.218666,7813700
2017-12-20,27.379998999999998,27.41,26.690001000000002,27.0,26.968952,7280000
2017-12-21,27.059998999999998,27.77,26.959999,27.459999,27.428423,5046400
2017-12-22,27.549999,28.5,27.33,28.16,28.127619,8527900
2017-12-26,27.99,28.459999,27.91,28.43,28.397308000000002,2622600
2017-12-27,28.459999,28.530001000000002,27.66,27.700001,27.668148,4329000
2017-12-28,27.799999,28.120001000000002,27.24,28.01,27.977790999999996,3265100
2017-12-29,27.91,28.77,27.91,28.48,28.44725,4888400
2018-01-02,28.57,29.0,28.43,28.9,28.866768,6522600
2018-01-03,28.950001,29.610001,28.610001,28.879998999999998,28.846790000000002,7780700
2018-01-04,28.879998999999998,29.290001,28.49,28.549999,28.51717,4346700
2018-01-05,28.639999,28.85,28.379998999999998,28.73,28.696962,4539200
2018-01-08,28.75,29.4,28.74,29.17,29.136457,12297800
2018-01-09,29.32,29.379998999999998,28.68,28.719998999999998,28.686974,3402100
2018-01-10,28.49,28.51,28.030001000000002,28.24,28.207527000000002,3241100
2018-01-11,28.370001000000002,28.809998999999998,28.209999,28.610001,28.577103,6183600
2018-01-12,28.540001,28.9,28.43,28.700001,28.666998,4825500
2018-01-16,28.799999,28.879998999999998,27.85,27.9,27.867918,4521300
2018-01-17,28.1,28.16,27.280001000000002,27.43,27.398458,6914000
2018-01-18,27.040001,27.43,26.459999,26.809998999999998,26.779171,10096100
2018-01-19,26.73,27.0,26.32,26.9,26.869068,8706000
2018-01-22,26.99,27.27,26.709999,26.92,26.889046,10257900
2018-01-23,27.0,27.459999,26.85,27.139999,27.108790999999997,3161500
2018-01-24,27.02,27.52,27.0,27.25,27.218666,4660000
2018-01-25,27.34,27.870001000000002,27.190001000000002,27.65,27.618206,4606300
2018-01-26,28.049999,28.049999,27.24,27.4,27.368492,5814000
2018-01-29,27.290001,27.4,26.85,26.860001,26.829115,4122800
2018-01-30,26.709999,26.73,25.709999,26.09,26.059998999999998,7600100
2018-01-31,26.110001,26.299999,25.790001,26.01,26.01,5764800
2018-02-01,25.889999,26.68,25.700001,26.43,26.43,5319100
2018-02-02,26.15,26.379998999999998,25.73,26.190001000000002,26.190001000000002,4394200
2018-02-05,26.02,26.139999,25.07,25.16,25.16,7126700
2018-02-06,24.629998999999998,25.690001000000002,24.15,25.51,25.51,8603100
2018-02-07,26.73,27.040001,25.32,25.360001,25.360001,12115800
2018-02-08,25.219998999999998,25.280001000000002,24.0,24.0,24.0,8448500
2018-02-09,24.15,24.790001,23.75,24.59,24.59,8992300
2018-02-12,24.700001,24.889999,24.25,24.719998999999998,24.719998999999998,8545300
2018-02-13,24.68,24.76,24.450001,24.610001,24.610001,4256700
2018-02-14,24.290001,25.07,24.200001,24.799999,24.799999,4243900
2018-02-15,25.0,25.309998999999998,24.780001000000002,25.26,25.26,3629600
2018-02-16,25.08,25.559998999999998,25.049999,25.219998999999998,25.219998999999998,2938500
2018-02-20,25.16,25.950001,25.030001000000002,25.690001000000002,25.690001000000002,5603900
