Date,Open,High,Low,Close,Adj Close,Volume
2017-01-03,87.309998,87.91999799999999,86.650002,86.790001,83.367012,2257900
2017-01-04,87.16999799999999,88.260002,87.08000200000001,87.260002,83.818481,2306900
2017-01-05,87.260002,88.120003,86.660004,86.739998,83.318985,2056300
2017-01-06,86.779999,86.970001,85.279999,85.400002,82.031837,1989400
2017-01-09,84.910004,84.910004,83.75,84.019997,80.706261,2576300
2017-01-10,84.0,85.18,83.589996,83.760002,80.45652,3697700
2017-01-11,83.910004,85.599998,83.800003,84.889999,81.541946,3543500
2017-01-12,85.089996,85.120003,83.510002,84.339996,81.013641,2169400
2017-01-13,84.059998,84.160004,83.07,83.290001,80.005051,2242900
2017-01-17,83.209999,84.650002,83.08000200000001,83.559998,80.264397,2377800
2017-01-18,83.519997,84.510002,83.5,84.129997,80.811913,1967400
2017-01-19,83.949997,84.08000200000001,82.68,82.989998,79.716888,1929600
2017-01-20,83.489998,84.029999,82.58000200000001,83.040001,79.764915,2068200
2017-01-23,83.279999,83.370003,82.019997,82.199997,78.958031,2033700
2017-01-24,82.639999,84.459999,82.550003,84.190002,80.869553,2398500
2017-01-25,84.709999,85.290001,84.470001,85.0,81.647614,1707900
2017-01-26,85.18,85.339996,84.029999,84.239998,80.91758,1618200
2017-01-27,84.010002,84.349998,82.5,82.769997,79.505562,2099300
2017-01-30,82.5,82.75,81.690002,82.33000200000001,79.082909,2375000
2017-01-31,82.0,82.370003,81.150002,81.620003,78.400917,2740200
2017-02-01,82.110001,82.32,80.360001,80.75,77.56523100000001,3030200
2017-02-02,80.93,81.260002,80.230003,81.050003,77.853409,3386800
2017-02-03,80.5,81.199997,78.82,79.949997,76.796776,3672500
2017-02-06,80.0,80.190002,79.0,79.139999,76.01873,3016700
2017-02-07,79.099998,79.139999,77.809998,78.550003,75.451996,3255400
2017-02-08,78.25,79.019997,77.809998,78.860001,75.749763,3042800
2017-02-09,78.860001,79.629997,78.860001,79.25,76.124397,2596900
2017-02-10,79.41999799999999,79.980003,79.379997,79.860001,76.710335,2030700
2017-02-13,79.860001,80.120003,79.57,79.900002,76.748756,2111900
2017-02-14,79.980003,80.099998,79.150002,79.980003,76.825592,2543900
2017-02-15,79.730003,80.389999,79.660004,80.08000200000001,76.921654,2272800
2017-02-16,79.599998,79.690002,78.400002,78.5,76.001892,2939200
2017-02-17,78.489998,79.239998,78.349998,78.660004,76.15679899999999,2219200
2017-02-21,79.08000200000001,79.389999,78.760002,79.029999,76.515022,2833700
2017-02-22,79.0,79.0,78.220001,78.379997,75.885704,2017500
2017-02-23,79.0,79.349998,78.360001,78.610001,76.108391,1864600
2017-02-24,78.389999,78.489998,77.690002,78.029999,75.546852,2225500
2017-02-27,78.199997,79.190002,78.0,78.860001,76.350433,2648400
2017-02-28,78.779999,79.139999,78.110001,78.190002,75.701759,3243100
2017-03-01,78.910004,80.029999,78.879997,79.370003,76.8442,3204500
2017-03-02,79.279999,79.349998,78.160004,78.33000200000001,75.837296,2550400
2017-03-03,78.5,79.029999,78.18,78.339996,75.846977,1737700
2017-03-06,78.160004,78.889999,78.010002,78.720001,76.21489,1848200
2017-03-07,78.610001,78.809998,77.389999,77.480003,75.014359,2679200
2017-03-08,77.610001,78.309998,77.129997,77.25,74.79167199999999,2817600
2017-03-09,77.019997,77.400002,76.279999,76.839996,74.39471400000001,2684500
2017-03-10,77.18,78.980003,76.589996,78.860001,76.350433,5038100
2017-03-13,78.910004,79.489998,78.709999,79.010002,76.495667,2178700
2017-03-14,78.5,78.769997,78.160004,78.510002,76.011566,2343400
2017-03-15,78.940002,80.279999,78.940002,80.150002,77.59938000000001,2411800
2017-03-16,80.059998,80.099998,79.41999799999999,79.690002,77.154022,2474600
2017-03-17,79.860001,80.089996,79.629997,79.940002,77.396072,2799600
2017-03-20,79.879997,79.989998,79.099998,79.410004,76.882935,2285400
2017-03-21,79.489998,79.779999,78.260002,78.599998,76.098701,4631300
2017-03-22,78.300003,78.940002,77.839996,78.83000200000001,76.321388,3026800
2017-03-23,78.57,79.190002,78.43,78.480003,75.982529,2211800
2017-03-24,78.41999799999999,78.66999799999999,77.120003,77.269997,74.81102800000001,2359700
2017-03-27,76.970001,77.790001,76.660004,77.25,74.79167199999999,2089300
2017-03-28,77.410004,78.110001,77.08000200000001,77.91999799999999,75.44034599999999,2388500
2017-03-29,77.809998,78.5,77.540001,78.32,75.827621,2282000
2017-03-30,78.379997,78.849998,77.940002,78.589996,76.08901999999999,3241500
2017-03-31,78.489998,79.43,78.410004,79.220001,76.69896700000001,2744100
2017-04-03,79.089996,79.220001,78.0,78.290001,75.798569,1711600
2017-04-04,78.5,78.550003,77.66999799999999,78.43,75.93412,1368100
2017-04-05,78.739998,79.480003,77.529999,77.57,75.101486,2867200
2017-04-06,77.589996,77.650002,76.650002,76.879997,74.433441,3322400
2017-04-07,76.959999,77.660004,76.529999,77.150002,74.694855,2484300
2017-04-10,77.510002,78.650002,77.5,78.050003,75.56620799999999,2503900
2017-04-11,77.809998,77.970001,77.150002,77.879997,75.401619,2042900
2017-04-12,78.129997,78.260002,77.260002,77.379997,74.917526,2006100
2017-04-13,77.260002,77.690002,76.459999,76.66999799999999,74.230125,2606600
2017-04-17,76.660004,77.010002,76.57,77.010002,74.559303,1548800
2017-04-18,76.650002,76.989998,75.639999,75.93,73.51368000000001,2326300
2017-04-19,75.940002,76.150002,75.139999,75.33000200000001,72.93276999999999,2511300
2017-04-20,75.5,76.370003,75.33000200000001,75.75,73.339401,1682300
2017-04-21,75.599998,76.589996,75.599998,76.349998,73.920303,2561100
2017-04-24,77.120003,77.589996,76.739998,77.510002,75.04338800000001,2483300
2017-04-25,77.599998,78.18,77.25,78.08000200000001,75.595261,2632800
2017-04-26,77.93,78.889999,77.660004,78.110001,75.624298,2977500
2017-04-27,78.010002,78.129997,76.93,78.050003,75.56620799999999,3001200
2017-04-28,79.599998,80.940002,79.07,79.559998,77.028152,5252400
2017-05-01,79.519997,80.349998,79.32,79.559998,77.028152,2632700
2017-05-02,79.93,80.07,79.059998,79.260002,76.737701,2202900
2017-05-03,78.910004,79.75,78.739998,79.589996,77.05719,1946200
2017-05-04,79.300003,79.300003,78.0,78.239998,75.75016,2163800
2017-05-05,78.33000200000001,79.43,78.32,79.349998,76.824837,1764000
2017-05-08,79.07,79.730003,78.790001,79.639999,77.10560600000001,1867800
2017-05-09,79.540001,80.110001,79.379997,79.599998,77.066879,1455800
2017-05-10,79.769997,80.040001,79.459999,79.75,77.21210500000001,1690500
2017-05-11,79.900002,80.019997,79.209999,79.519997,76.989426,1440400
2017-05-12,79.470001,79.980003,79.300003,79.790001,77.25083199999999,1439900
2017-05-15,80.290001,80.68,79.83000200000001,80.120003,77.570328,1725800
2017-05-16,79.440002,79.470001,78.220001,78.540001,76.710831,2011800
2017-05-17,78.540001,78.779999,77.629997,77.66999799999999,75.86108399999999,2208700
2017-05-18,77.379997,77.940002,76.809998,77.550003,75.743889,2534400
2017-05-19,77.660004,78.529999,77.349998,78.25,76.427582,2293200
2017-05-22,78.309998,78.790001,78.209999,78.550003,76.72060400000001,1386600
2017-05-23,78.75,78.790001,78.089996,78.139999,76.32015200000001,2977000
2017-05-24,78.110001,78.610001,77.910004,78.279999,76.456886,1424900
2017-05-25,78.510002,78.879997,77.220001,77.41999799999999,75.616913,2765100
2017-05-26,77.629997,77.910004,77.150002,77.440002,75.636452,2300400
2017-05-30,77.279999,77.68,76.82,77.0,75.206696,1920200
2017-05-31,76.900002,77.230003,76.0,76.110001,74.33743299999999,3842300
2017-06-01,76.379997,76.709999,75.900002,76.620003,74.835541,2503800
2017-06-02,76.16999799999999,76.809998,75.849998,76.370003,74.59137,2150900
2017-06-05,76.190002,77.230003,76.190002,76.860001,75.069962,2251900
2017-06-06,76.690002,77.099998,76.32,77.040001,75.245773,1707200
2017-06-07,76.639999,77.160004,76.349998,76.959999,75.167625,2556000
2017-06-08,76.959999,77.940002,76.800003,77.400002,75.597382,2427900
2017-06-09,77.360001,79.699997,77.300003,79.57,77.71684300000001,2832800
2017-06-12,79.57,80.480003,79.57,80.209999,78.341934,2971200
2017-06-13,80.290001,80.730003,79.900002,80.629997,78.752151,1843100
2017-06-14,80.589996,80.639999,78.75,78.779999,76.94524399999999,2810800
2017-06-15,78.610001,79.379997,78.529999,79.08000200000001,77.238258,2157300
2017-06-16,79.43,80.980003,79.209999,80.940002,79.054947,4870900
2017-06-19,80.989998,81.519997,80.849998,81.239998,79.347954,2757400
2017-06-20,80.300003,80.599998,78.910004,79.550003,77.697319,2299700
2017-06-21,79.550003,79.769997,78.629997,78.889999,77.052673,2073900
2017-06-22,79.019997,79.410004,78.629997,78.910004,77.072212,1016100
2017-06-23,78.82,80.370003,78.800003,80.269997,78.400536,2696600
2017-06-26,80.279999,80.650002,80.059998,80.239998,78.371239,1512900
2017-06-27,80.389999,81.300003,80.239998,80.540001,78.664253,1653900
2017-06-28,81.0,82.129997,80.989998,81.790001,79.885139,2317500
2017-06-29,82.099998,82.82,81.790001,81.870003,79.963272,2514000
2017-06-30,82.32,83.110001,81.91999799999999,82.690002,80.764183,2458700
2017-07-03,82.970001,83.870003,82.91999799999999,83.339996,81.39904,1076900
2017-07-05,83.25,83.25,82.150002,82.33000200000001,80.41256700000001,1974200
2017-07-06,82.400002,82.599998,81.690002,81.889999,79.982811,1590800
2017-07-07,81.91999799999999,82.82,81.550003,82.599998,80.676277,1710800
2017-07-10,82.480003,82.870003,82.33000200000001,82.459999,80.539536,1498700
2017-07-11,82.279999,82.75,81.910004,82.360001,80.441864,1365400
2017-07-12,82.83000200000001,83.099998,81.910004,82.239998,80.32465400000001,1606000
2017-07-13,81.940002,82.25,81.110001,81.720001,79.816765,2318400
2017-07-14,81.860001,82.349998,81.650002,82.199997,80.285583,1435800
2017-07-17,81.91999799999999,82.220001,81.639999,81.809998,79.904671,1843700
2017-07-18,82.089996,82.129997,81.510002,81.959999,80.05117800000001,1339100
2017-07-19,81.949997,82.940002,81.860001,82.91999799999999,80.988815,1666200
2017-07-20,82.970001,83.120003,81.989998,82.360001,80.441864,1167700
2017-07-21,82.309998,83.33000200000001,81.980003,82.849998,80.920456,2190600
2017-07-24,82.690002,83.019997,82.519997,82.650002,80.72511300000001,1417900
2017-07-25,83.209999,84.68,83.209999,84.449997,82.48318499999999,2335600
2017-07-26,84.690002,84.720001,83.620003,83.699997,81.750656,1753700
2017-07-27,83.529999,84.93,83.339996,84.510002,82.541794,2188400
2017-07-28,84.239998,84.650002,83.489998,83.650002,81.70182,2169400
2017-07-31,83.879997,84.389999,83.75,83.75,81.7995,3641500
2017-08-01,84.040001,85.809998,84.0,85.629997,83.635704,2696700
2017-08-02,85.449997,87.300003,85.379997,86.66999799999999,84.651482,2952400
2017-08-03,86.769997,87.120003,85.589996,85.650002,83.655235,2430100
2017-08-04,85.690002,86.190002,85.58000200000001,85.599998,83.6064,2087500
2017-08-07,85.529999,85.589996,84.879997,85.07,83.08874499999999,2187200
2017-08-08,84.839996,85.309998,84.529999,85.019997,83.039902,1848000
2017-08-09,85.0,85.559998,84.32,84.489998,82.522247,2297100
2017-08-10,84.41999799999999,84.75,83.480003,83.639999,81.69205500000001,1850500
2017-08-11,83.089996,83.800003,82.959999,83.440002,81.496712,1858200
2017-08-14,83.599998,84.300003,83.440002,83.879997,81.92645999999999,1758700
2017-08-15,83.75,84.08000200000001,83.239998,83.68,81.731125,1907600
2017-08-16,83.309998,83.480003,82.760002,83.029999,81.780373,2138400
2017-08-17,82.66999799999999,83.010002,80.889999,80.889999,79.672577,2359100
2017-08-18,80.800003,82.16999799999999,80.730003,81.559998,80.332489,2288900
2017-08-21,81.410004,82.040001,81.139999,81.900002,80.667381,1686900
2017-08-22,82.120003,82.599998,81.989998,82.230003,80.992416,1709100
2017-08-23,81.970001,82.650002,81.879997,82.360001,81.120453,1159800
2017-08-24,82.059998,84.410004,82.059998,83.870003,82.607727,2463200
2017-08-25,84.300003,84.839996,83.370003,83.41999799999999,82.164497,1778600
2017-08-28,84.110001,84.599998,83.519997,83.650002,82.391037,2285600
2017-08-29,83.5,83.989998,83.25,83.5,82.24329399999999,1696800
2017-08-30,83.5,83.739998,82.949997,83.599998,82.341789,1853600
2017-08-31,83.970001,83.980003,83.120003,83.809998,82.54863,2446000
2017-09-01,83.870003,84.610001,83.190002,84.43,83.159302,2048800
2017-09-05,84.32,84.400002,82.660004,83.239998,81.987213,2491400
2017-09-06,83.639999,83.949997,83.18,83.360001,82.105408,1885900
2017-09-07,83.480003,84.199997,83.110001,84.040001,82.77516899999999,1853200
2017-09-08,84.029999,85.110001,83.959999,84.699997,83.425232,1936700
2017-09-11,84.900002,85.41999799999999,84.43,85.190002,83.90786700000001,1508900
2017-09-12,85.199997,85.839996,85.08000200000001,85.730003,84.439743,1567300
2017-09-13,85.889999,86.459999,85.519997,86.349998,85.0504,1748100
2017-09-14,86.18,86.760002,85.949997,86.239998,84.94205500000001,2002600
2017-09-15,86.300003,87.82,86.290001,87.66999799999999,86.350533,4363600
2017-09-18,87.610001,88.349998,87.5,88.309998,86.98090400000001,1815900
2017-09-19,88.370003,89.309998,88.019997,89.089996,87.74916800000001,1928600
2017-09-20,89.029999,89.510002,88.769997,89.07,87.729462,2279000
2017-09-21,88.900002,89.709999,88.800003,89.139999,87.79840899999999,2035700
2017-09-22,89.139999,90.099998,89.019997,89.889999,88.537125,2036600
2017-09-25,89.970001,91.5,89.849998,91.010002,89.640274,2039700
2017-09-26,91.150002,91.68,90.910004,91.349998,89.975151,1986500
2017-09-27,91.389999,92.08000200000001,90.58000200000001,91.800003,90.41838800000001,2468200
2017-09-28,91.980003,92.190002,91.290001,91.790001,90.408524,2197400
2017-09-29,91.660004,92.08000200000001,91.349998,91.610001,90.231239,1947300
2017-10-02,91.360001,92.66999799999999,91.209999,92.379997,90.98964699999999,1929500
2017-10-03,93.800003,94.690002,93.25,93.629997,92.220833,2606100
2017-10-04,93.389999,93.709999,92.760002,93.43,92.023849,2214300
2017-10-05,93.529999,94.120003,93.099998,93.33000200000001,91.925354,2046000
2017-10-06,92.769997,93.33000200000001,92.410004,92.82,91.423027,1769400
2017-10-09,93.449997,93.760002,93.040001,93.32,91.915504,1238700
2017-10-10,93.660004,94.0,93.32,93.470001,92.06324000000001,1109900
2017-10-11,93.470001,93.949997,92.91999799999999,93.68,92.270081,1644300
2017-10-12,93.449997,94.459999,93.33000200000001,94.339996,92.920151,1692800
2017-10-13,94.690002,95.0,94.220001,94.43,93.008797,1608600
2017-10-16,93.5,93.790001,90.699997,90.870003,89.50237299999999,3563000
2017-10-17,90.690002,91.099998,90.400002,90.629997,89.265984,2398400
2017-10-18,90.739998,90.879997,89.900002,90.239998,88.88185899999999,1942200
2017-10-19,89.709999,90.58000200000001,89.260002,90.389999,89.029602,1899800
2017-10-20,90.790001,91.029999,90.389999,90.800003,89.43343399999999,2109800
2017-10-23,90.889999,91.760002,90.699997,91.239998,89.86680600000001,2036000
2017-10-24,91.279999,91.889999,90.66999799999999,91.83000200000001,90.447929,1425700
2017-10-25,91.82,92.349998,91.230003,91.709999,90.329735,2187400
2017-10-26,91.510002,92.0,90.800003,91.18,89.807709,1683300
2017-10-27,91.050003,92.08000200000001,90.199997,91.989998,90.605515,2082900
2017-10-30,91.58000200000001,92.32,90.989998,91.019997,89.650116,1922900
2017-10-31,90.940002,91.440002,90.290001,91.08000200000001,89.709213,1442200
2017-11-01,91.029999,92.650002,90.91999799999999,92.300003,90.91085799999999,2152200
2017-11-02,92.209999,93.599998,91.910004,93.459999,92.053391,1822800
2017-11-03,93.33000200000001,94.41999799999999,93.059998,93.58000200000001,92.171593,1868100
2017-11-06,93.589996,94.949997,93.290001,94.43,93.008797,1927100
2017-11-07,94.66999799999999,94.870003,93.949997,94.57,93.14669,1370900
2017-11-08,94.519997,94.66999799999999,94.019997,94.550003,93.126991,2035400
2017-11-09,93.610001,94.629997,93.610001,94.41999799999999,92.998947,1532600
2017-11-10,94.309998,94.510002,93.32,93.660004,92.250389,1347800
2017-11-13,93.660004,94.209999,93.199997,93.32,91.915504,1264000
2017-11-14,92.589996,93.389999,92.389999,92.83000200000001,91.432884,1774800
2017-11-15,92.199997,93.059998,91.449997,92.57,91.176788,1766000
2017-11-16,92.0,92.739998,91.540001,92.459999,91.762337,2197900
2017-11-17,92.239998,93.190002,91.970001,92.650002,91.950905,1340700
2017-11-20,92.489998,92.980003,92.150002,92.620003,91.92113499999999,919600
2017-11-21,92.93,94.040001,92.860001,93.620003,92.913589,1509100
2017-11-22,93.66999799999999,93.959999,92.699997,93.290001,92.586075,1414100
2017-11-24,93.33000200000001,93.860001,93.290001,93.639999,92.93343399999999,605700
2017-11-27,93.540001,93.639999,92.550003,92.809998,92.109695,2066200
2017-11-28,93.459999,94.220001,92.839996,94.050003,93.340347,1584200
2017-11-29,94.050003,95.040001,94.050003,94.910004,94.193855,2004100
2017-11-30,95.0,97.690002,94.91999799999999,97.559998,96.823853,3332600
2017-12-01,97.980003,98.160004,95.349998,97.57,96.833786,2329600
2017-12-04,96.989998,99.349998,96.989998,97.529999,96.794083,1953800
2017-12-05,97.75,99.349998,97.540001,98.269997,97.52849599999999,1820200
2017-12-06,98.120003,98.620003,97.290001,97.589996,96.85363000000001,1612400
2017-12-07,97.5,98.290001,97.32,97.860001,97.121597,1485700
2017-12-08,98.519997,99.870003,98.199997,99.550003,98.798843,2360000
2017-12-11,99.370003,100.25,99.370003,99.720001,98.96755999999999,1299500
2017-12-12,99.879997,100.129997,99.0,99.07,98.322464,1670400
2017-12-13,99.33000200000001,100.389999,98.989998,99.989998,99.235519,1912700
2017-12-14,99.849998,100.459999,99.550003,99.550003,98.798843,1455900
2017-12-15,100.0,100.410004,99.58000200000001,99.91999799999999,99.166046,2957300
2017-12-18,99.91999799999999,100.41999799999999,99.66999799999999,99.980003,99.225601,1833000
2017-12-19,100.040001,100.139999,99.07,99.139999,98.391937,1552300
2017-12-20,99.650002,100.980003,99.220001,100.720001,99.960014,2223100
2017-12-21,100.66999799999999,100.839996,99.910004,100.08000200000001,99.324844,2359900
2017-12-22,100.650002,101.279999,100.309998,100.889999,100.128731,1092600
2017-12-26,101.139999,101.809998,100.860001,101.639999,100.87307,900400
2017-12-27,101.809998,102.43,101.269997,102.059998,101.289902,1226000
2017-12-28,102.099998,102.160004,101.41999799999999,101.959999,101.190659,1258300
2017-12-29,102.25,102.290001,101.150002,101.150002,100.386772,1267600
2018-01-02,101.660004,101.83000200000001,101.07,101.75,100.982239,1222300
2018-01-03,101.449997,102.800003,101.410004,102.43,101.657112,1351700
2018-01-04,102.400002,102.720001,101.82,102.150002,101.379227,1110600
2018-01-05,102.199997,102.349998,101.639999,102.160004,101.38915300000001,1752500
2018-01-08,102.5,102.5,101.459999,102.059998,101.289902,1236500
2018-01-09,101.900002,102.25,101.370003,101.720001,100.952469,1537000
2018-01-10,101.91999799999999,102.410004,101.300003,102.08000200000001,101.309753,977500
2018-01-11,102.620003,102.620003,101.510002,102.370003,101.597565,1358600
2018-01-12,102.540001,105.089996,102.5,104.970001,104.177948,1849300
2018-01-16,104.540001,104.889999,103.16999799999999,103.5,102.71904,2601200
2018-01-17,103.949997,106.910004,103.83000200000001,106.160004,105.358971,2333400
2018-01-18,106.43,106.43,104.550003,105.290001,104.495529,1514000
2018-01-19,105.529999,105.650002,104.82,105.629997,104.832962,1657500
2018-01-22,105.589996,106.82,105.389999,106.660004,105.855194,1348000
2018-01-23,106.900002,107.339996,106.559998,106.900002,106.09338400000001,1436500
2018-01-24,107.220001,107.470001,103.800003,104.629997,103.840508,1945300
2018-01-25,105.010002,105.33000200000001,103.970001,104.16999799999999,103.38398000000001,1864000
2018-01-26,104.620003,106.91999799999999,104.519997,106.589996,105.785721,2645100
2018-01-29,106.120003,106.440002,103.949997,104.25,103.463379,2563500
2018-01-30,103.050003,103.690002,101.889999,102.279999,101.50824,2049800
2018-01-31,102.599998,102.949997,101.639999,102.400002,101.627342,3388700
2018-02-01,102.33000200000001,102.989998,99.66999799999999,100.860001,100.098961,3243600
2018-02-02,101.099998,101.099998,96.08000200000001,97.010002,96.278008,4492300
2018-02-05,95.82,99.57,93.550003,95.209999,94.491592,4252500
2018-02-06,92.879997,97.0,92.699997,96.879997,96.148987,2894200
2018-02-07,96.82,98.089996,95.589996,95.610001,94.888573,2199700
2018-02-08,95.489998,95.519997,92.410004,92.440002,91.74249300000001,2621100
2018-02-09,93.120003,94.129997,89.139999,92.599998,91.90128299999999,2679300
2018-02-12,93.459999,94.769997,92.610001,93.589996,92.883812,1809000
2018-02-13,93.239998,94.290001,92.959999,93.760002,93.052536,1441200
2018-02-14,93.389999,93.809998,91.32,93.33000200000001,92.625778,4091300
2018-02-15,93.980003,94.400002,91.620003,92.769997,92.07,2639600
2018-02-16,91.779999,92.91999799999999,90.949997,91.989998,91.989998,2224800
2018-02-20,91.949997,92.58000200000001,90.260002,90.989998,90.989998,2957100
