Date,Open,High,Low,Close,Adj Close,Volume
2017-01-03,68.959999,69.150002,68.099998,68.889999,66.077309,1012000
2017-01-04,69.120003,70.099998,68.779999,69.989998,67.132401,718900
2017-01-05,69.400002,70.230003,68.959999,70.150002,67.285866,629300
2017-01-06,69.860001,70.510002,69.760002,70.300003,67.429733,582900
2017-01-09,70.339996,70.339996,69.129997,69.33000200000001,66.499344,749000
2017-01-10,69.08000200000001,69.360001,68.68,68.699997,65.89505799999999,578200
2017-01-11,68.760002,68.879997,68.059998,68.18,65.396301,834200
2017-01-12,68.190002,69.019997,67.540001,69.0,66.182816,961200
2017-01-13,68.970001,69.339996,68.709999,68.879997,66.067711,385600
2017-01-17,69.08000200000001,69.760002,68.739998,69.709999,66.863823,712600
2017-01-18,69.660004,70.16999799999999,69.190002,70.010002,67.151588,553100
2017-01-19,69.589996,69.82,68.800003,68.910004,66.09648100000001,464300
2017-01-20,69.239998,69.809998,68.870003,69.760002,66.911781,581500
2017-01-23,69.849998,71.16999799999999,69.739998,71.010002,68.11075600000001,711400
2017-01-24,71.07,71.5,70.790001,71.139999,68.235435,824600
2017-01-25,71.110001,71.199997,69.849998,70.150002,67.285866,643900
2017-01-26,70.349998,70.5,69.790001,69.879997,67.026886,477000
2017-01-27,69.949997,70.300003,69.18,69.449997,66.614441,551400
2017-01-30,69.360001,69.639999,68.629997,68.949997,66.134857,580600
2017-01-31,69.160004,70.059998,68.83000200000001,69.730003,66.883011,719400
2017-02-01,69.639999,70.08000200000001,68.620003,68.690002,65.885468,495300
2017-02-02,68.849998,69.540001,68.709999,69.489998,66.65280200000001,571500
2017-02-03,70.07,70.089996,69.279999,69.849998,66.998108,723600
2017-02-06,69.940002,70.309998,69.510002,69.889999,67.036484,579000
2017-02-07,69.58000200000001,70.379997,69.199997,69.300003,66.470566,621900
2017-02-08,69.57,70.379997,69.190002,70.040001,67.18034399999999,648700
2017-02-09,70.639999,71.279999,70.07,70.910004,68.014824,774700
2017-02-10,70.660004,71.339996,70.660004,71.300003,68.388908,565900
2017-02-13,71.5,71.730003,70.790001,71.239998,68.331352,355700
2017-02-14,70.900002,71.349998,70.050003,70.120003,67.25709499999999,695400
2017-02-15,69.790001,69.83000200000001,68.989998,69.239998,66.41301,757600
2017-02-16,69.18,69.959999,69.099998,69.519997,66.681572,543700
2017-02-17,69.650002,69.800003,68.800003,69.75,66.902199,572900
2017-02-21,69.650002,70.589996,69.440002,70.510002,67.631165,666100
2017-02-22,70.019997,70.43,69.300003,70.010002,67.631165,454700
2017-02-23,70.32,71.230003,69.91999799999999,70.949997,68.539215,734600
2017-02-24,70.620003,71.449997,69.559998,71.190002,68.771072,2595300
2017-02-27,71.059998,72.050003,70.730003,71.699997,69.263733,1551300
2017-02-28,71.470001,71.540001,69.889999,70.349998,67.959602,4661100
2017-03-01,69.730003,70.559998,68.370003,68.400002,66.075874,27410600
2017-03-02,68.400002,69.849998,68.400002,69.129997,66.781059,3453400
2017-03-03,68.589996,68.629997,66.760002,67.739998,65.438293,3126800
2017-03-06,67.370003,67.5,66.389999,66.629997,64.366005,1818400
2017-03-07,66.800003,67.089996,65.489998,65.720001,63.486931000000006,1618100
2017-03-08,65.199997,65.459999,63.919998,64.779999,62.578873,1839100
2017-03-09,64.610001,65.040001,62.91,62.950001,60.811046999999995,1700400
2017-03-10,62.950001,63.68,61.900002,62.580002,60.453621,2390100
2017-03-13,62.59,63.759997999999996,62.509997999999996,63.720001,61.55489,3215800
2017-03-14,63.349998,65.16999799999999,63.07,64.849998,62.646492,2610200
2017-03-15,64.889999,67.239998,64.559998,66.769997,64.501244,2616100
2017-03-16,66.589996,66.809998,66.190002,66.480003,64.22110699999999,1089100
2017-03-17,66.480003,66.93,66.019997,66.910004,64.63649000000001,4358400
2017-03-20,66.900002,67.440002,66.620003,66.769997,64.501244,1052900
2017-03-21,66.900002,67.290001,66.470001,66.699997,64.433624,1660200
2017-03-22,66.779999,66.82,65.620003,66.33000200000001,64.07621,1116300
2017-03-23,66.239998,67.66999799999999,66.190002,67.269997,64.984261,1143100
2017-03-24,67.25,67.660004,66.989998,67.110001,64.829704,814600
2017-03-27,67.209999,67.779999,66.150002,66.449997,64.192131,979700
2017-03-28,66.349998,66.809998,65.57,66.620003,64.35635400000001,818700
2017-03-29,66.510002,66.980003,66.260002,66.470001,64.211449,1112300
2017-03-30,66.389999,66.66999799999999,65.959999,66.5,64.240425,726300
2017-03-31,66.599998,66.839996,66.349998,66.389999,64.134163,1225100
2017-04-03,66.43,67.129997,66.150002,66.449997,64.192131,1446500
2017-04-04,66.489998,66.91999799999999,66.230003,66.349998,64.09552,1212200
2017-04-05,66.440002,66.639999,66.08000200000001,66.129997,63.882996,1427300
2017-04-06,66.08000200000001,66.370003,65.730003,66.029999,63.786392000000006,1090900
2017-04-07,66.029999,66.459999,65.93,66.07,63.82504300000001,1001100
2017-04-10,65.970001,66.860001,65.790001,66.690002,64.423973,757700
2017-04-11,66.720001,67.529999,66.690002,67.209999,64.926292,867700
2017-04-12,67.239998,67.57,66.980003,67.349998,65.06154599999999,720500
2017-04-13,67.389999,67.650002,66.839996,67.309998,65.022903,654400
2017-04-17,67.529999,67.889999,67.220001,67.83000200000001,65.52523000000001,545900
2017-04-18,67.849998,68.400002,67.589996,68.309998,65.98893000000001,641300
2017-04-19,68.279999,69.07,68.190002,68.489998,66.16280400000001,911000
2017-04-20,68.529999,68.660004,67.940002,68.440002,66.114502,539000
2017-04-21,68.389999,68.43,67.400002,67.470001,65.17746,606900
2017-04-24,68.059998,68.059998,65.16999799999999,65.239998,63.02323199999999,1154200
2017-04-25,65.260002,65.629997,64.970001,65.160004,62.94595699999999,904100
2017-04-26,64.949997,65.18,64.050003,64.07,61.892993999999995,896300
2017-04-27,64.07,65.120003,63.790001000000004,63.880001,61.70945,795000
2017-04-28,63.720001,63.720001,62.900002,63.18,61.033234,912700
2017-05-01,63.560001,63.990002000000004,62.57,63.509997999999996,61.352019999999996,989000
2017-05-02,63.59,64.709999,63.459998999999996,64.239998,62.057217,937700
2017-05-03,64.410004,64.43,62.950001,63.110001000000004,60.965614,777600
2017-05-04,62.830002,62.849998,61.509997999999996,62.549999,60.424637,1045400
2017-05-05,62.610001000000004,63.290001000000004,62.27,62.669998,60.540558,729100
2017-05-08,62.790001000000004,62.849998,61.380001,61.490002000000004,59.400661,936200
2017-05-09,61.57,61.689999,60.849998,61.529999,59.439296999999996,1120700
2017-05-10,61.529999,63.57,61.529999,62.93,60.791732999999994,2012300
2017-05-11,62.540001000000004,62.619999,61.34,62.240002000000004,60.125172,2335900
2017-05-12,62.490002000000004,62.490002000000004,60.529999,60.720001,58.656826,1248500
2017-05-15,60.669998,61.419998,60.509997999999996,60.959998999999996,58.888664,2078500
2017-05-16,60.849998,60.849998,58.82,58.959998999999996,56.956623,1795200
2017-05-17,58.630001,60.639998999999996,58.630001,60.240002000000004,58.193130000000004,1938100
2017-05-18,59.59,60.439999,59.200001,60.240002000000004,58.709663,1673000
2017-05-19,60.110001000000004,61.419998,59.700001,60.630001,59.08976,1702400
2017-05-22,60.630001,61.330002,60.380001,60.759997999999996,59.216454000000006,1454600
2017-05-23,60.830002,61.130001,60.52,60.759997999999996,59.216454000000006,1026000
2017-05-24,60.880001,62.150002,60.740002000000004,61.970001,60.395718,1345900
2017-05-25,62.259997999999996,62.75,61.82,62.48,60.892761,1066000
2017-05-26,62.619999,63.009997999999996,61.77,62.0,60.42495699999999,1236200
2017-05-30,61.959998999999996,62.209998999999996,60.669998,60.689999,59.148235,1211100
2017-05-31,60.48,61.169998,60.07,60.860001000000004,59.313915,1962900
2017-06-01,60.639998999999996,61.169998,60.169998,60.939999,59.391884,1188500
2017-06-02,61.259997999999996,61.93,60.73,60.91,59.362648,874700
2017-06-05,60.669998,60.849998,60.009997999999996,60.200001,58.670685,848300
2017-06-06,60.25,61.689999,59.77,61.16,59.60629300000001,1019400
2017-06-07,61.220001,62.799999,61.220001,62.16,60.580891,1345600
2017-06-08,62.16,62.490002000000004,61.490002000000004,61.810001,60.23978,1144400
2017-06-09,61.75,62.740002000000004,61.220001,62.369999,60.785553,758400
2017-06-12,62.669998,63.919998,62.400002,63.860001000000004,62.237705000000005,1200000
2017-06-13,63.560001,64.339996,63.060001,63.889998999999996,62.266941,841800
2017-06-14,64.529999,64.66999799999999,63.09,63.490002000000004,61.877106000000005,733800
2017-06-15,63.119999,64.110001,63.119999,64.059998,62.432621,1039100
2017-06-16,64.260002,65.25,61.0,61.450001,59.888923999999996,4343600
2017-06-19,61.389998999999996,61.389998999999996,59.860001000000004,60.23,58.699920999999996,2649700
2017-06-20,60.23,60.57,59.209998999999996,59.759997999999996,58.241863,1951400
2017-06-21,59.779999,60.419998,59.299999,59.970001,58.446529000000005,1849900
2017-06-22,59.759997999999996,60.48,59.369999,60.279999,58.748645999999994,1409100
2017-06-23,60.290001000000004,61.419998,60.290001000000004,61.07,59.518581000000005,1631500
2017-06-26,61.080002,62.82,61.02,62.450001,60.863525,1483200
2017-06-27,62.290001000000004,62.68,61.810001,62.310001,60.727081000000005,1082100
2017-06-28,62.59,63.52,62.459998999999996,63.150002,61.545745999999994,1096000
2017-06-29,62.869999,63.82,62.630001,62.98,61.380058,1339100
2017-06-30,63.290001000000004,63.82,62.369999,62.639998999999996,61.048694999999995,1455500
2017-07-03,62.860001000000004,63.950001,62.509997999999996,63.810001,62.188976000000004,495200
2017-07-05,63.740002000000004,63.880001,62.43,62.650002,61.05844499999999,1107300
2017-07-06,62.400002,62.73,61.490002000000004,61.709998999999996,60.142323,978200
2017-07-07,61.82,62.509997999999996,61.580002,62.380001,60.795303000000004,678500
2017-07-10,62.490002000000004,62.66,61.439999,61.439999,59.879181,691800
2017-07-11,61.639998999999996,61.700001,60.799999,61.400002,59.840199,644000
2017-07-12,61.740002000000004,63.080002,61.740002000000004,62.16,60.580891,770000
2017-07-13,62.09,62.830002,62.0,62.450001,60.863525,798700
2017-07-14,62.560001,63.73,62.560001,63.549999,61.935577,857700
2017-07-17,63.639998999999996,64.25,63.41,63.959998999999996,62.335163,805300
2017-07-18,63.93,64.139999,63.389998999999996,63.580002,61.964817000000004,715400
2017-07-19,63.59,64.489998,63.48,64.480003,62.841956999999994,592200
2017-07-20,64.610001,64.879997,64.220001,64.5,62.861445999999994,418800
2017-07-21,64.540001,64.82,63.630001,64.230003,62.598305,499800
2017-07-24,64.309998,64.519997,63.48,64.309998,62.676269999999995,594300
2017-07-25,64.449997,64.91999799999999,63.849998,64.889999,63.241535,613200
2017-07-26,64.809998,65.83000200000001,64.709999,65.66999799999999,64.001717,723400
2017-07-27,65.540001,67.389999,64.970001,67.190002,65.483109,1115000
2017-07-28,66.940002,67.309998,66.08000200000001,66.160004,64.479279,847600
2017-07-31,66.269997,66.32,65.209999,66.220001,64.53775,850300
2017-08-01,66.510002,67.66999799999999,66.129997,67.300003,65.590317,1286600
2017-08-02,66.889999,67.260002,65.75,66.099998,64.420792,783700
2017-08-03,65.849998,66.589996,65.68,66.129997,64.450027,678000
2017-08-04,65.599998,67.379997,65.41999799999999,66.730003,65.034798,1128000
2017-08-07,66.739998,67.07,66.160004,66.739998,65.04454,571800
2017-08-08,66.480003,67.220001,66.029999,66.540001,64.849625,626000
2017-08-09,66.300003,67.339996,66.279999,66.860001,65.16149899999999,657200
2017-08-10,66.82,67.129997,66.389999,66.410004,64.722931,884500
2017-08-11,66.279999,66.309998,64.739998,65.110001,63.455952,763900
2017-08-14,64.989998,66.260002,64.519997,65.91999799999999,64.77262900000001,701000
2017-08-15,65.489998,65.889999,64.68,65.059998,63.927593,827600
2017-08-16,65.190002,65.889999,64.980003,65.519997,64.37958499999999,826800
2017-08-17,65.970001,66.199997,65.33000200000001,65.33000200000001,64.192902,949300
2017-08-18,64.980003,65.089996,64.300003,64.68,63.554214,970100
2017-08-21,64.82,65.690002,64.389999,65.529999,64.389412,531800
2017-08-22,65.540001,65.849998,65.08000200000001,65.290001,64.153595,478000
2017-08-23,65.190002,66.029999,65.010002,65.769997,64.625237,642300
2017-08-24,66.07,67.099998,65.230003,65.260002,64.124115,1169200
2017-08-25,65.489998,66.07,64.879997,65.75,64.605591,766100
2017-08-28,65.870003,66.029999,64.199997,64.339996,63.220123,972300
2017-08-29,63.970001,64.5,63.139998999999996,63.380001,62.27684,1703400
2017-08-30,63.25,63.66,62.66,63.630001,62.522488,1659900
2017-08-31,63.950001,64.739998,63.669998,64.32,63.200474,1153500
2017-09-01,64.32,65.129997,63.950001,64.68,63.554214,779900
2017-09-05,64.720001,65.25,64.129997,64.519997,63.396992000000004,727600
2017-09-06,64.790001,65.5,64.550003,64.720001,63.593513,855700
2017-09-07,64.739998,65.099998,64.440002,64.800003,63.672127,1353700
2017-09-08,64.599998,64.889999,63.869999,64.18,63.062912,828400
2017-09-11,64.300003,65.349998,64.290001,65.0,63.868641000000004,1857000
2017-09-12,64.739998,65.379997,63.700001,63.919998,62.80743399999999,937600
2017-09-13,64.010002,64.010002,63.27,63.639998999999996,62.532309999999995,946900
2017-09-14,63.619999,65.559998,63.470001,65.470001,64.33046,1074500
2017-09-15,65.239998,65.269997,64.540001,65.0,63.868641000000004,1715400
2017-09-18,64.870003,64.980003,63.720001,63.950001,62.836914,978400
2017-09-19,63.84,63.84,63.119999,63.470001,62.365272999999995,1120900
2017-09-20,63.630001,63.75,62.240002000000004,62.610001000000004,61.520237,743700
2017-09-21,62.650002,63.009997999999996,62.279999,62.419998,61.333542,801600
2017-09-22,62.5,62.77,62.02,62.119999,61.038765000000005,563100
2017-09-25,62.259997999999996,63.32,62.150002,62.720001,61.628326,1061700
2017-09-26,62.790001000000004,63.450001,62.5,63.09,61.991882,1147600
2017-09-27,63.040001000000004,63.040001000000004,61.650002,61.860001000000004,60.783294999999995,1004900
2017-09-28,61.889998999999996,62.23,61.459998999999996,62.139998999999996,61.058418,814900
2017-09-29,61.849998,62.34,61.68,62.040001000000004,60.960163,785700
2017-10-02,62.049999,62.349998,61.529999,62.099998,61.019115,803500
2017-10-03,62.369999,62.509997999999996,61.700001,62.380001,61.294243,576600
2017-10-04,62.360001000000004,62.880001,62.040001000000004,62.869999,61.775711,557900
2017-10-05,62.990002000000004,63.82,62.900002,63.099998,62.001705,819700
2017-10-06,62.779999,62.779999,62.16,62.299999,61.215633,1093100
2017-10-09,62.509997999999996,63.110001000000004,62.439999,62.630001,61.53989,535700
2017-10-10,62.73,63.59,62.73,63.57,62.463531,642000
2017-10-11,63.57,64.08000200000001,63.57,63.91,62.797610999999996,637300
2017-10-12,63.790001000000004,64.050003,63.34,64.040001,62.92535,753800
2017-10-13,64.290001,64.93,63.66,64.66999799999999,63.544380000000004,707800
2017-10-16,64.57,64.760002,63.970001,64.230003,63.112044999999995,930000
2017-10-17,64.139999,65.07,64.029999,65.059998,63.927593,718200
2017-10-18,64.900002,65.25,64.33000200000001,64.760002,63.632819999999995,946200
2017-10-19,64.849998,65.220001,64.269997,64.379997,63.259426,629100
2017-10-20,64.459999,64.480003,63.27,63.650002,62.542141,683000
2017-10-23,63.849998,64.139999,63.389998999999996,63.740002000000004,62.630568999999994,550200
2017-10-24,63.619999,63.790001000000004,62.970001,63.360001000000004,62.257187,922400
2017-10-25,63.02,63.209998999999996,61.91,62.93,61.83467099999999,688200
2017-10-26,63.27,63.27,61.799999,62.380001,61.294243,590600
2017-10-27,62.209998999999996,62.700001,61.490002000000004,62.52,61.431805000000004,807200
2017-10-30,62.540001000000004,62.919998,62.189999,62.240002000000004,61.156681000000006,589000
2017-10-31,62.220001,62.419998,61.189999,61.549999,60.478691000000005,934500
2017-11-01,61.560001,62.580002,61.560001,62.119999,61.038765000000005,1043800
2017-11-02,63.98,65.510002,63.41,65.279999,64.143761,1448600
2017-11-03,64.690002,65.379997,63.950001,64.099998,62.984303000000004,1302100
2017-11-06,64.220001,64.93,63.939999,64.239998,63.121868000000006,711400
2017-11-07,64.33000200000001,65.860001,64.279999,65.260002,64.124115,872400
2017-11-08,65.309998,66.260002,65.309998,65.760002,64.61541,995000
2017-11-09,65.550003,66.940002,65.550003,66.32,65.165665,703800
2017-11-10,65.989998,66.720001,65.989998,66.449997,65.293396,932100
2017-11-13,66.730003,67.25,66.18,67.209999,66.040176,891900
2017-11-14,66.650002,66.980003,66.019997,66.910004,66.267975,646700
2017-11-15,66.949997,67.269997,66.349998,66.870003,66.22835500000001,880200
2017-11-16,66.739998,67.5,66.339996,67.260002,66.614609,803800
2017-11-17,67.110001,67.83000200000001,67.110001,67.400002,66.753265,564900
2017-11-20,67.470001,67.57,66.970001,67.190002,66.54528,818700
2017-11-21,67.190002,67.900002,67.08000200000001,67.809998,67.15933199999999,934500
2017-11-22,67.510002,68.199997,67.510002,67.66999799999999,67.020676,531000
2017-11-24,67.900002,67.980003,67.440002,67.809998,67.15933199999999,271900
2017-11-27,68.059998,68.110001,67.33000200000001,67.41999799999999,66.773071,482800
2017-11-28,67.58000200000001,68.110001,67.110001,67.989998,67.337601,928000
2017-11-29,67.839996,68.300003,67.459999,68.0,67.347511,812500
2017-11-30,68.0,68.449997,67.629997,67.809998,67.15933199999999,1281800
2017-12-01,68.059998,68.260002,67.489998,68.059998,67.406929,678900
2017-12-04,68.059998,68.739998,68.059998,68.599998,67.94175,1219600
2017-12-05,68.540001,68.709999,67.769997,67.790001,67.139526,746800
2017-12-06,68.099998,68.199997,66.889999,67.339996,66.69384000000001,626000
2017-12-07,67.410004,67.870003,67.059998,67.449997,66.80278,1074200
2017-12-08,67.610001,67.860001,67.25,67.58000200000001,66.93154100000001,639000
2017-12-11,67.540001,68.0,67.360001,67.68,67.030579,603300
2017-12-12,67.769997,68.75,67.32,68.589996,67.93184699999999,840000
2017-12-13,68.769997,69.230003,68.370003,68.760002,68.10022,937100
2017-12-14,68.790001,69.639999,68.550003,69.199997,68.535988,912000
2017-12-15,69.379997,70.110001,69.290001,70.0,69.328316,2053300
2017-12-18,70.110001,70.639999,70.0,70.370003,69.694771,1685700
2017-12-19,70.360001,70.519997,68.760002,69.0,68.337914,1212700
2017-12-20,68.970001,69.41999799999999,68.010002,68.010002,67.357414,713400
2017-12-21,68.010002,68.440002,67.489998,67.699997,67.05038499999999,1062000
2017-12-22,68.050003,68.220001,67.639999,68.089996,67.436646,720200
2017-12-26,68.33000200000001,69.089996,68.099998,68.690002,68.030891,562000
2017-12-27,68.949997,69.260002,68.519997,69.019997,68.35771899999999,899100
2017-12-28,69.220001,69.610001,68.690002,69.41999799999999,68.753883,677700
2017-12-29,69.410004,69.639999,69.150002,69.18,68.51619000000001,667100
2018-01-02,69.33000200000001,69.779999,68.889999,69.540001,68.872734,763800
2018-01-03,69.57,69.620003,68.66999799999999,69.050003,68.387436,781200
2018-01-04,69.08000200000001,69.08000200000001,66.760002,66.790001,66.149124,844900
2018-01-05,67.129997,67.360001,66.629997,66.769997,66.129311,944900
2018-01-08,66.82,67.559998,66.82,67.32,66.67403399999999,903800
2018-01-09,67.41999799999999,67.41999799999999,65.889999,65.900002,65.267662,789800
2018-01-10,65.309998,65.540001,64.400002,65.339996,64.71302800000001,932700
2018-01-11,65.339996,65.57,64.290001,64.370003,63.752342000000006,1305300
2018-01-12,64.449997,64.449997,63.529999,64.059998,63.445313,943900
2018-01-16,64.260002,64.970001,63.59,63.66,63.049152,985000
2018-01-17,63.919998,64.370003,63.529999,64.209999,63.593876,881400
2018-01-18,63.939999,64.129997,63.369999,63.639998999999996,63.029346,883500
2018-01-19,63.810001,64.050003,63.400002,63.77,63.1581,1026700
2018-01-22,63.73,64.360001,63.66,64.309998,63.692913,1159600
2018-01-23,64.529999,64.690002,64.18,64.589996,63.970226000000004,869800
2018-01-24,64.58000200000001,64.650002,63.98,64.300003,63.683014,1045200
2018-01-25,64.25,64.760002,63.830002,64.120003,63.50474200000001,796900
2018-01-26,64.300003,64.339996,63.029999,63.16,62.553951,1157300
2018-01-29,63.889998999999996,63.950001,62.07,62.57,61.969612,1492100
2018-01-30,62.41,62.59,61.580002,61.830002,61.236713,867100
2018-01-31,61.939999,62.970001,61.669998,62.91,62.306351,1730700
2018-02-01,62.939999,63.220001,60.66,60.689999,60.107651000000004,1343200
2018-02-02,60.360001000000004,60.740002000000004,59.669998,60.119999,59.543121,859100
2018-02-05,59.84,60.93,58.290001000000004,58.290001000000004,57.730681999999995,1190600
2018-02-06,57.689999,58.740002000000004,56.66,57.790001000000004,57.23548100000001,1955800
2018-02-07,57.830002,59.110001000000004,57.5,57.529999,56.977973999999996,1472900
2018-02-08,57.369999,57.73,55.580002,55.580002,55.046688,1445500
2018-02-09,56.169998,57.080002,55.029999,56.700001,56.155937,1468600
2018-02-12,57.110001000000004,57.509997999999996,54.869999,57.27,56.72047,1343800
2018-02-13,57.27,57.740002000000004,56.459998999999996,57.540001000000004,56.987877000000005,973300
2018-02-14,57.110001000000004,57.950001,56.009997999999996,57.66,57.106728000000004,1363900
2018-02-15,57.959998999999996,58.529999,57.669998,57.84,57.285,1324300
2018-02-16,56.889998999999996,58.34,56.849998,58.040001000000004,58.040001000000004,1796100
2018-02-20,57.779999,58.849998,57.779999,58.060001,58.060001,2551500
