Date,Open,High,Low,Close,Adj Close,Volume
2017-01-03,62.099998,62.099998,61.220001,61.950001,60.580906000000006,573900
2017-01-04,62.240002000000004,62.400002,61.720001,62.349998,60.97205699999999,758800
2017-01-05,62.52,62.619999,61.630001,61.869999,60.502666000000005,627000
2017-01-06,61.950001,62.369999,61.75,62.139998999999996,60.766697,481900
2017-01-09,62.080002,63.380001,62.040001000000004,63.259997999999996,61.86195,481000
2017-01-10,62.889998999999996,64.260002,62.889998999999996,64.25,62.83006999999999,630200
2017-01-11,63.330002,64.290001,63.220001,64.110001,62.693169,783100
2017-01-12,63.689999,64.32,63.259997999999996,64.260002,62.839851,529100
2017-01-13,64.68,65.779999,64.519997,65.33000200000001,63.886207999999996,696500
2017-01-17,64.639999,64.699997,63.639998999999996,64.18,62.761616000000004,1229000
2017-01-18,63.389998999999996,63.580002,62.75,63.290001000000004,61.891293000000005,1022300
2017-01-19,63.299999,63.529999,62.709998999999996,62.900002,61.509907,601200
2017-01-20,63.27,63.91,63.060001,63.650002,62.243336,614600
2017-01-23,62.639998999999996,63.639998999999996,62.639998999999996,63.599998,62.194435,1423000
2017-01-24,69.08000200000001,70.760002,67.32,69.720001,68.17918399999999,4248900
2017-01-25,69.5,70.589996,69.190002,69.849998,68.306313,1676600
2017-01-26,69.849998,69.989998,68.120003,68.389999,66.878571,1257400
2017-01-27,68.639999,69.07,67.910004,68.139999,66.634102,682400
2017-01-30,67.769997,68.099998,67.290001,67.699997,66.203827,1080800
2017-01-31,67.839996,68.010002,67.120003,67.540001,66.04735600000001,1164800
2017-02-01,67.440002,67.599998,66.18,66.949997,65.47040600000001,1020000
2017-02-02,66.91999799999999,67.239998,66.410004,67.0,65.519295,1122900
2017-02-03,67.160004,68.260002,67.0,68.209999,66.70255300000001,625800
2017-02-06,67.599998,68.709999,67.300003,68.690002,67.171951,1008200
2017-02-07,68.41999799999999,69.029999,68.41999799999999,68.93,67.73204,1039900
2017-02-08,68.470001,69.629997,68.239998,69.360001,68.154572,1006100
2017-02-09,69.360001,69.839996,69.16999799999999,69.800003,68.586922,579800
2017-02-10,69.790001,70.239998,69.449997,70.230003,69.00945300000001,631300
2017-02-13,70.059998,71.010002,69.980003,70.860001,69.62849399999999,1070800
2017-02-14,70.379997,71.230003,70.379997,71.07,69.834846,801500
2017-02-15,71.019997,71.699997,70.959999,71.699997,70.453888,579700
2017-02-16,72.07,72.300003,71.459999,71.91999799999999,70.670082,584600
2017-02-17,71.540001,72.349998,71.540001,72.269997,71.013992,395700
2017-02-21,72.110001,72.379997,71.629997,72.209999,70.95504,999700
2017-02-22,72.220001,72.699997,71.91999799999999,72.379997,71.122078,938600
2017-02-23,72.120003,72.279999,71.209999,71.620003,70.37529,665400
2017-02-24,70.709999,72.029999,70.709999,71.959999,70.70938100000001,487300
2017-02-27,72.190002,72.410004,71.459999,72.019997,70.768341,602900
2017-02-28,71.970001,72.339996,71.870003,72.029999,70.77816,602700
2017-03-01,72.08000200000001,73.059998,72.0,72.949997,71.682167,497900
2017-03-02,72.370003,73.459999,72.370003,72.480003,71.220345,578900
2017-03-03,72.220001,72.459999,71.839996,72.379997,71.122078,347800
2017-03-06,71.66999799999999,72.019997,71.32,71.82,70.571815,522300
2017-03-07,71.790001,71.879997,71.379997,71.519997,70.277023,614400
2017-03-08,71.300003,71.599998,70.699997,70.730003,69.500755,729700
2017-03-09,70.879997,71.239998,70.389999,70.779999,69.54988900000001,448600
2017-03-10,71.480003,71.480003,71.059998,71.440002,70.198418,614300
2017-03-13,71.230003,71.760002,71.010002,71.68,70.43425,495800
2017-03-14,71.43,71.599998,70.860001,71.0,69.766068,439600
2017-03-15,71.209999,71.629997,70.889999,71.489998,70.247551,700400
2017-03-16,70.900002,71.559998,70.900002,71.279999,70.041191,355700
2017-03-17,71.040001,71.959999,71.040001,71.639999,70.39494300000001,916700
2017-03-20,71.790001,71.900002,71.25,71.309998,70.070679,432400
2017-03-21,71.879997,72.379997,70.57,70.720001,69.490936,593300
2017-03-22,70.610001,71.449997,70.110001,71.290001,70.05103299999999,469400
2017-03-23,71.18,72.089996,71.040001,71.309998,70.070679,611100
2017-03-24,71.309998,72.019997,71.099998,71.57,70.326157,616200
2017-03-27,71.459999,71.75,70.900002,71.68,70.43425,407800
2017-03-28,71.550003,72.160004,71.120003,71.959999,70.70938100000001,814900
2017-03-29,71.970001,72.800003,71.970001,72.480003,71.220345,701900
2017-03-30,72.110001,72.260002,71.489998,71.519997,70.277023,471500
2017-03-31,71.32,72.18,71.25,71.970001,70.719208,541000
2017-04-03,71.650002,71.879997,70.75,71.379997,70.13945799999999,649600
2017-04-04,71.379997,71.629997,70.400002,70.550003,69.323891,687400
2017-04-05,70.449997,70.75,69.110001,69.260002,68.056313,1404800
2017-04-06,69.25,69.559998,68.790001,69.050003,67.849968,1002800
2017-04-07,68.849998,69.290001,68.849998,69.029999,67.830299,604100
2017-04-10,69.08000200000001,69.410004,68.790001,68.980003,67.781174,456100
2017-04-11,68.970001,69.470001,68.699997,69.43,68.223351,672300
2017-04-12,67.860001,69.230003,67.860001,68.410004,67.22107700000001,515800
2017-04-13,68.190002,68.540001,67.91999799999999,68.120003,66.936127,445800
2017-04-17,68.370003,69.360001,68.370003,69.25,68.04647800000001,448800
2017-04-18,68.860001,69.150002,68.610001,68.650002,67.456909,420700
2017-04-19,69.010002,69.16999799999999,68.58000200000001,69.099998,67.899086,473600
2017-04-20,68.690002,69.779999,68.209999,69.620003,68.410057,620200
2017-04-21,69.620003,69.93,68.349998,69.839996,68.626221,1183000
2017-04-24,70.260002,70.860001,69.889999,70.739998,69.510582,882200
2017-04-25,71.010002,71.239998,70.779999,70.940002,69.707115,899500
2017-04-26,70.989998,71.940002,70.66999799999999,71.75,70.503029,1153700
2017-04-27,71.449997,73.07,71.25,72.849998,71.583908,1387400
2017-04-28,67.199997,70.33000200000001,67.040001,67.989998,66.80836500000001,3020200
2017-05-01,68.58000200000001,68.959999,67.709999,68.91999799999999,67.72221400000001,1074000
2017-05-02,69.010002,70.519997,68.959999,69.790001,68.57710300000001,1118700
2017-05-03,69.639999,69.839996,68.839996,68.949997,67.751694,831200
2017-05-04,68.889999,69.150002,68.440002,69.0,67.800827,460100
2017-05-05,69.220001,69.779999,68.949997,69.389999,68.184044,515600
2017-05-08,69.150002,69.25,68.349998,68.550003,67.35865,623600
2017-05-09,68.150002,68.230003,67.160004,67.459999,66.608238,727600
2017-05-10,67.510002,68.239998,67.33000200000001,68.199997,67.33889,561700
2017-05-11,68.010002,68.150002,67.650002,67.93,67.072311,522100
2017-05-12,68.040001,68.449997,67.949997,68.360001,67.49688,493400
2017-05-15,68.410004,68.959999,68.410004,68.889999,68.02018000000001,526900
2017-05-16,69.089996,69.32,68.290001,68.480003,67.615364,310700
2017-05-17,68.480003,68.480003,67.470001,67.660004,66.805725,472700
2017-05-18,67.809998,67.910004,67.150002,67.5,66.647736,450100
2017-05-19,68.0,68.519997,67.610001,68.400002,67.536377,324400
2017-05-22,68.559998,69.589996,68.410004,69.510002,68.632362,482900
2017-05-23,69.650002,69.959999,69.279999,69.599998,68.721222,604600
2017-05-24,69.809998,70.150002,69.610001,69.93,69.04705799999999,518000
2017-05-25,70.150002,70.389999,69.970001,70.050003,69.16555,366600
2017-05-26,69.959999,70.190002,69.68,70.07,69.185287,238200
2017-05-30,69.910004,70.120003,69.589996,70.0,69.116173,2318400
2017-05-31,70.309998,71.300003,70.0,71.099998,70.202278,852200
2017-06-01,71.019997,71.900002,70.779999,71.900002,70.992188,505100
2017-06-02,72.099998,72.639999,71.730003,71.959999,71.051422,607300
2017-06-05,72.75,72.879997,72.410004,72.75,71.831451,773800
2017-06-06,72.470001,73.010002,72.470001,72.550003,71.63398000000001,401500
2017-06-07,72.75,73.360001,72.5,73.32,72.394249,393700
2017-06-08,73.309998,73.589996,73.010002,73.269997,72.344879,443700
2017-06-09,73.190002,73.83000200000001,72.790001,73.480003,72.552238,646700
2017-06-12,73.480003,73.66999799999999,72.849998,73.040001,72.117783,465200
2017-06-13,73.510002,75.540001,73.510002,75.160004,74.211021,747300
2017-06-14,75.209999,76.0,74.91999799999999,75.349998,74.39862099999999,559500
2017-06-15,75.370003,76.190002,75.0,76.16999799999999,75.208267,739100
2017-06-16,76.139999,77.449997,75.809998,77.099998,76.126518,1319300
2017-06-19,77.089996,79.220001,77.089996,78.910004,77.91368100000001,999200
2017-06-20,78.690002,78.91999799999999,78.099998,78.470001,77.479233,769000
2017-06-21,79.0,79.440002,78.099998,78.389999,77.400238,1086300
2017-06-22,78.379997,78.449997,77.559998,77.629997,76.649834,526000
2017-06-23,77.790001,78.57,77.529999,78.440002,77.449608,707200
2017-06-26,78.449997,78.529999,77.650002,77.690002,76.709076,955900
2017-06-27,77.900002,77.949997,76.970001,77.019997,76.047531,345900
2017-06-28,77.589996,77.629997,76.519997,77.16999799999999,76.19564100000001,524000
2017-06-29,77.529999,77.779999,76.410004,77.089996,76.116653,424600
2017-06-30,77.449997,78.139999,77.239998,77.870003,76.88681,528300
2017-07-03,77.400002,77.82,77.059998,77.790001,76.807808,358000
2017-07-05,77.099998,77.349998,75.769997,77.08000200000001,76.10678100000001,865600
2017-07-06,76.849998,76.860001,75.949997,76.040001,75.07991,1013900
2017-07-07,75.949997,77.110001,75.480003,76.82,75.85006,422300
2017-07-10,76.629997,77.18,76.58000200000001,76.82,75.85006,646200
2017-07-11,76.699997,76.809998,75.83000200000001,76.43,75.464989,741900
2017-07-12,76.949997,77.41999799999999,76.440002,77.099998,76.126518,611800
2017-07-13,77.5,77.5,76.160004,77.120003,76.14627800000001,379900
2017-07-14,77.43,77.989998,77.300003,77.589996,76.610336,834800
2017-07-17,77.510002,77.82,77.010002,77.620003,76.639961,417800
2017-07-18,77.230003,77.699997,77.059998,77.519997,76.541229,345000
2017-07-19,77.5,78.239998,77.230003,78.059998,77.074402,494700
2017-07-20,78.83000200000001,79.0,77.75,78.029999,77.044785,1944200
2017-07-21,78.040001,78.239998,76.68,77.0,76.02778599999999,1267900
2017-07-24,77.089996,77.33000200000001,76.559998,77.190002,76.215385,1065400
2017-07-25,77.690002,79.629997,77.349998,77.68,76.699203,30299300
2017-07-26,77.650002,78.879997,77.389999,77.660004,76.679466,1680300
2017-07-27,77.779999,78.190002,77.32,77.459999,76.48197900000001,872400
2017-07-28,77.379997,77.690002,76.58000200000001,77.389999,76.412865,736100
2017-07-31,77.650002,77.720001,76.83000200000001,77.120003,76.14627800000001,1269000
2017-08-01,77.489998,78.370003,77.059998,77.480003,76.50174,1017600
2017-08-02,77.480003,77.480003,71.290001,72.510002,71.59449000000001,4356000
2017-08-03,72.099998,73.690002,72.099998,73.449997,72.52260600000001,1243800
2017-08-04,74.199997,75.440002,74.099998,75.089996,74.14190699999999,1181400
2017-08-07,75.160004,75.470001,74.599998,75.050003,74.102417,572400
2017-08-08,74.940002,75.269997,74.110001,74.400002,73.460617,907200
2017-08-09,74.129997,74.209999,73.510002,74.120003,73.184151,845400
2017-08-10,73.83000200000001,73.989998,72.559998,72.620003,71.703094,693400
2017-08-11,72.620003,73.269997,72.519997,72.559998,71.643845,427200
2017-08-14,73.019997,73.650002,72.959999,73.620003,72.69046800000001,445900
2017-08-15,73.300003,73.300003,72.440002,72.440002,71.867035,506600
2017-08-16,72.68,72.959999,72.5,72.699997,72.124969,468000
2017-08-17,72.940002,73.489998,72.779999,72.790001,72.214264,460700
2017-08-18,72.82,73.260002,72.489998,73.07,72.49204300000001,529500
2017-08-21,73.059998,73.529999,72.739998,73.440002,72.859123,310800
2017-08-22,73.519997,74.849998,73.489998,74.550003,73.960342,500300
2017-08-23,74.440002,74.660004,73.75,73.910004,73.325401,510900
2017-08-24,73.82,74.160004,73.57,73.900002,73.315483,439500
2017-08-25,74.300003,74.410004,73.849998,74.199997,73.613106,459800
2017-08-28,74.230003,75.540001,74.230003,75.540001,74.942513,620600
2017-08-29,75.040001,75.68,74.870003,74.949997,74.357178,491800
2017-08-30,74.949997,75.760002,74.949997,75.58000200000001,74.98219300000001,439900
2017-08-31,76.0,77.68,75.75,77.58000200000001,76.96637700000001,743000
2017-09-01,77.559998,77.949997,77.059998,77.589996,76.976295,424600
2017-09-05,77.300003,77.5,76.260002,76.599998,75.994125,850100
2017-09-06,76.769997,77.779999,76.57,77.660004,77.045746,397900
2017-09-07,77.760002,78.860001,77.07,78.82,78.19657099999999,572700
2017-09-08,79.010002,80.379997,78.870003,79.839996,79.208488,557400
2017-09-11,80.589996,81.870003,80.010002,81.379997,80.736313,720800
2017-09-12,81.260002,81.290001,80.559998,80.879997,80.240273,606000
2017-09-13,80.790001,80.849998,79.220001,79.610001,78.980316,672100
2017-09-14,79.400002,80.610001,79.120003,80.550003,79.912888,783600
2017-09-15,80.449997,80.5,79.199997,79.230003,78.60333299999999,1256600
2017-09-18,79.639999,79.970001,79.300003,79.529999,78.900948,439000
2017-09-19,79.529999,79.639999,78.870003,79.449997,78.821579,440400
2017-09-20,79.589996,80.050003,78.959999,79.599998,78.970398,364900
2017-09-21,78.5,78.75,77.220001,77.32,76.708435,768900
2017-09-22,77.16999799999999,77.599998,77.120003,77.379997,76.76795200000001,601700
2017-09-25,77.349998,77.599998,76.620003,77.199997,76.589378,504100
2017-09-26,76.760002,76.989998,76.279999,76.300003,75.696503,445900
2017-09-27,76.620003,76.800003,75.279999,76.160004,75.55761,669700
2017-09-28,76.529999,76.760002,75.83000200000001,76.110001,75.508003,445600
2017-09-29,76.010002,77.0,75.83000200000001,76.959999,76.35128,423600
2017-10-02,76.940002,77.440002,76.559998,77.410004,76.797722,349800
2017-10-03,77.32,77.800003,76.18,76.529999,75.924675,528800
2017-10-04,76.449997,77.379997,76.32,77.269997,76.658829,508000
2017-10-05,77.260002,77.650002,76.910004,77.300003,76.688591,439500
2017-10-06,76.93,77.360001,76.760002,77.25,76.63898499999999,352500
2017-10-09,77.110001,77.230003,75.949997,76.139999,75.537766,388400
2017-10-10,76.110001,76.269997,75.620003,76.209999,75.607208,443300
2017-10-11,76.410004,76.82,76.019997,76.550003,75.94452700000001,419600
2017-10-12,76.900002,77.639999,76.800003,77.589996,76.976295,546600
2017-10-13,77.809998,78.059998,77.269997,77.629997,77.015976,465800
2017-10-16,77.620003,78.019997,77.33000200000001,77.730003,77.115196,449600
2017-10-17,77.75,78.510002,77.510002,78.41999799999999,77.799728,280700
2017-10-18,78.879997,79.129997,78.459999,78.870003,78.246178,422700
2017-10-19,78.550003,78.870003,77.75,78.790001,78.166801,337600
2017-10-20,79.18,79.440002,78.610001,79.0,78.37514499999999,462600
2017-10-23,78.599998,80.599998,78.599998,79.82,79.188652,652400
2017-10-24,78.989998,79.279999,78.5,79.050003,78.424751,677300
2017-10-25,78.58000200000001,79.910004,77.709999,78.400002,77.779892,724800
2017-10-26,78.529999,79.650002,77.870003,78.610001,77.988228,836700
2017-10-27,81.879997,87.809998,81.010002,84.41999799999999,83.752266,1970500
2017-10-30,84.550003,84.550003,82.739998,82.989998,82.333588,1142900
2017-10-31,83.349998,84.32,83.199997,84.18,83.514175,717200
2017-11-01,84.68,85.879997,84.5,85.769997,85.09159100000001,988900
2017-11-02,84.68,84.889999,82.33000200000001,82.860001,82.204613,1133400
2017-11-03,82.089996,83.730003,81.75,83.120003,82.46255500000001,1129000
2017-11-06,83.199997,83.93,82.650002,83.239998,82.581604,450200
2017-11-07,83.239998,83.379997,82.360001,82.489998,81.83754,824800
2017-11-08,82.160004,82.75,81.779999,82.190002,81.88736,1230800
2017-11-09,82.050003,82.900002,81.970001,82.720001,82.415405,598000
2017-11-10,82.32,83.07,81.519997,83.059998,82.75415,374900
2017-11-13,82.389999,84.370003,81.900002,84.0,83.690689,918200
2017-11-14,83.519997,84.25,82.769997,84.220001,83.909882,668600
2017-11-15,84.0,84.440002,83.370003,84.25,83.939774,497200
2017-11-16,84.290001,85.199997,84.269997,84.980003,84.667084,649900
2017-11-17,84.839996,84.910004,83.650002,84.629997,84.31836700000001,459000
2017-11-20,84.599998,84.730003,83.540001,84.709999,84.39807900000001,422700
2017-11-21,84.83000200000001,85.690002,84.360001,85.660004,85.34458199999999,611400
2017-11-22,85.410004,85.410004,84.769997,85.269997,84.956009,637400
2017-11-24,85.269997,85.559998,84.489998,85.110001,84.7966,153600
2017-11-27,84.900002,85.010002,84.379997,84.68,84.368187,506900
2017-11-28,84.709999,85.5,84.089996,85.190002,84.876312,521100
2017-11-29,84.82,85.489998,84.82,85.25,84.936089,406500
2017-11-30,85.370003,86.5,85.08000200000001,85.400002,85.085533,1042300
2017-12-01,85.360001,85.379997,82.809998,84.25,83.939774,726100
2017-12-04,84.309998,84.720001,83.57,83.57,83.262276,962200
2017-12-05,83.879997,85.07,83.599998,84.349998,84.03939799999999,588400
2017-12-06,84.33000200000001,85.279999,84.040001,85.18,84.866348,444500
2017-12-07,85.16999799999999,86.029999,84.93,85.769997,85.45416999999999,454400
2017-12-08,85.849998,86.540001,85.529999,86.370003,86.051964,550100
2017-12-11,86.300003,86.510002,85.870003,86.440002,86.121712,426900
2017-12-12,85.599998,86.699997,85.279999,85.839996,85.523911,493200
2017-12-13,85.33000200000001,85.980003,85.010002,85.010002,84.696976,656700
2017-12-14,84.790001,84.959999,83.879997,83.93,83.620949,562700
2017-12-15,84.510002,85.58000200000001,84.370003,85.290001,84.975945,1367200
2017-12-18,85.709999,86.519997,85.489998,85.699997,85.38443000000001,487000
2017-12-19,86.07,86.449997,85.529999,86.120003,85.802887,405600
2017-12-20,86.199997,86.300003,85.529999,85.57,85.254906,469700
2017-12-21,85.660004,85.93,84.699997,84.980003,84.667084,472000
2017-12-22,85.089996,85.5,84.639999,85.110001,84.7966,261300
2017-12-26,85.269997,86.07,85.269997,85.589996,85.274834,281300
2017-12-27,85.559998,86.019997,85.16999799999999,85.760002,85.444214,262000
2017-12-28,85.75,86.300003,85.610001,86.260002,85.942368,313000
2017-12-29,86.33000200000001,86.33000200000001,84.66999799999999,84.690002,84.378151,406200
2018-01-02,85.199997,86.120003,84.93,85.529999,85.215057,328500
2018-01-03,85.379997,86.650002,85.309998,86.41999799999999,86.101776,480800
2018-01-04,86.540001,86.849998,86.230003,86.540001,86.221336,627500
2018-01-05,86.589996,87.690002,86.120003,87.690002,87.367104,531600
2018-01-08,87.66999799999999,88.489998,87.239998,88.190002,87.86526500000001,713600
2018-01-09,87.93,88.470001,87.220001,88.0,87.67596400000001,463500
2018-01-10,87.32,87.610001,86.440002,87.099998,86.779274,340900
2018-01-11,86.489998,87.059998,86.260002,87.040001,86.719498,343100
2018-01-12,87.129997,87.940002,86.66999799999999,87.779999,87.456772,339200
2018-01-16,88.18,88.33000200000001,87.599998,87.860001,87.53647600000001,559400
2018-01-17,88.269997,89.099998,87.809998,88.730003,88.403275,569200
2018-01-18,88.150002,89.209999,87.910004,88.790001,88.46305100000001,585400
2018-01-19,89.209999,89.720001,88.510002,88.68,88.35345500000001,855100
2018-01-22,88.370003,88.650002,87.099998,87.510002,87.18776700000001,1119900
2018-01-23,98.730003,104.779999,97.370003,100.349998,99.98048399999999,4695800
2018-01-24,99.599998,100.889999,99.25,100.220001,99.850967,1923600
2018-01-25,100.68,101.949997,99.75,101.620003,101.245811,900700
2018-01-26,101.779999,102.980003,101.199997,102.800003,102.421471,673000
2018-01-29,102.800003,103.58000200000001,102.440002,102.82,102.44139100000001,733900
2018-01-30,99.879997,102.25,98.900002,100.66999799999999,100.299309,1258100
2018-01-31,101.230003,101.489998,100.08000200000001,100.790001,100.418869,798000
2018-02-01,100.25,101.370003,99.290001,99.650002,99.283066,743300
2018-02-02,98.75,99.139999,96.82,96.970001,96.61293,764500
2018-02-05,95.989998,97.410004,93.139999,93.33000200000001,92.986336,1024400
2018-02-06,91.790001,95.519997,91.470001,95.050003,94.700005,1203700
2018-02-07,93.32,94.93,92.559998,92.589996,92.589996,845800
2018-02-08,92.519997,92.959999,89.220001,89.260002,89.260002,764800
2018-02-09,90.260002,91.809998,87.66999799999999,91.050003,91.050003,814200
2018-02-12,91.730003,92.440002,90.470001,91.730003,91.730003,663500
2018-02-13,90.889999,91.949997,90.209999,91.519997,91.519997,423300
2018-02-14,90.629997,93.849998,90.410004,93.470001,93.470001,748300
2018-02-15,93.230003,94.43,92.800003,94.190002,94.190002,622000
2018-02-16,93.910004,95.150002,93.760002,93.809998,93.809998,810900
2018-02-20,93.0,93.730003,92.599998,92.83000200000001,92.83000200000001,656500
