Date,Open,High,Low,Close,Adj Close,Volume
2017-01-03,38.459998999999996,40.099998,38.400002,39.619999,37.224304,5129300
2017-01-04,39.73,40.27,38.93,39.119999,36.754539,3842700
2017-01-05,39.07,39.23,38.57,39.049999,36.688774,2889500
2017-01-06,39.060001,39.200001,38.18,38.490002000000004,36.16264,4529200
2017-01-09,38.490002000000004,38.740002000000004,38.02,38.049999,35.749241,3263400
2017-01-10,38.099998,38.639998999999996,37.57,37.630001,35.354637,4266900
2017-01-11,37.599998,38.060001,36.220001,36.869999,34.640591,6268100
2017-01-12,36.790001000000004,36.84,35.639998999999996,36.75,34.527846999999994,3849600
2017-01-13,36.75,37.389998999999996,36.75,36.900002,34.668777,2515300
2017-01-17,37.139998999999996,37.82,36.75,37.02,34.781525,3256000
2017-01-18,37.110001000000004,37.48,36.75,37.240002000000004,34.98822,2866800
2017-01-19,37.099998,37.310001,36.130001,36.34,34.142639,2958700
2017-01-20,36.360001000000004,37.049999,36.32,36.470001,34.264778,3041400
2017-01-23,36.669998,36.68,35.540001000000004,36.369999,34.170826,4955500
2017-01-24,37.860001000000004,38.0,36.599998,37.439999,35.176125,8551300
2017-01-25,42.450001,46.68,42.16,42.669998,40.089882,46074200
2017-01-26,42.619999,44.790001000000004,42.619999,43.900002,41.245509999999996,14711900
2017-01-27,44.07,44.990002000000004,43.619999,44.5,41.809235,7679900
2017-01-30,44.400002,45.209998999999996,44.110001000000004,44.900002,42.185043,6863600
2017-01-31,44.849998,45.189999,44.23,45.150002,42.41993,5597600
2017-02-01,45.610001000000004,45.650002,44.049999,44.779999,42.072296,5382100
2017-02-02,44.290001000000004,45.73,44.290001000000004,45.27,42.532672999999996,5447300
2017-02-03,45.310001,46.360001000000004,45.299999,46.290001000000004,43.490997,5768000
2017-02-06,46.040001000000004,46.389998999999996,45.080002,45.439999,42.69239,4651800
2017-02-07,45.48,46.459998999999996,45.139998999999996,46.099998,43.312481,4946800
2017-02-08,45.549999,46.09,45.139998999999996,45.799999,43.030621000000004,4852600
2017-02-09,46.450001,46.630001,45.75,46.369999,43.566158,3452400
2017-02-10,46.509997999999996,46.599998,45.830002,46.459998999999996,43.650715000000005,3657800
2017-02-13,46.889998999999996,48.080002,46.580002,47.799999,44.909690999999995,5521600
2017-02-14,47.650002,48.139998999999996,47.369999,47.849998,44.956661,4103500
2017-02-15,47.93,48.529999,47.5,48.150002,45.238529,5004200
2017-02-16,48.299999,48.349998,47.349998,47.57,44.6936,4450800
2017-02-17,47.41,47.48,46.880001,47.139998999999996,44.2896,3270800
2017-02-21,47.43,47.73,47.049999,47.43,44.562065000000004,3217100
2017-02-22,47.400002,47.509997999999996,47.189999,47.349998,44.4869,2658400
2017-02-23,47.5,47.740002000000004,47.040001000000004,47.389998999999996,44.524483000000004,4064600
2017-02-24,46.98,47.75,46.720001,47.75,44.862713,3172600
2017-02-27,47.220001,47.810001,46.889998999999996,47.689999,44.806343,5420600
2017-02-28,47.400002,48.68,47.369999,48.189999,45.276104,5592800
2017-03-01,48.650002,49.700001,48.349998,49.48,46.48811,4625300
2017-03-02,49.5,49.790001000000004,48.419998,48.919998,45.961967,4130200
2017-03-03,49.02,49.650002,48.75,48.959998999999996,45.99955,3098600
2017-03-06,48.59,48.82,48.0,48.509997999999996,45.576756,3474100
2017-03-07,48.549999,48.700001,47.959998999999996,48.279999,45.360664,2285400
2017-03-08,48.220001,48.75,47.959998999999996,48.110001000000004,45.200947,2081000
2017-03-09,47.549999,47.799999,45.580002,46.68,43.857414,6329500
2017-03-10,47.220001,47.290001000000004,46.599998,47.279999,44.421127,3527000
2017-03-13,47.349998,47.709998999999996,46.919998,47.57,44.6936,2949500
2017-03-14,47.240002000000004,47.360001000000004,46.009997999999996,46.700001,43.876202,3492600
2017-03-15,46.779999,47.189999,46.009997999999996,47.060001,44.214439,4056800
2017-03-16,47.299999,47.619999,46.799999,47.23,44.374161,3191600
2017-03-17,47.459998999999996,47.540001000000004,46.759997999999996,46.869999,44.035919,6829500
2017-03-20,46.240002000000004,46.790001000000004,45.790001000000004,46.080002,43.883553000000006,3441500
2017-03-21,46.07,46.23,44.259997999999996,44.509997999999996,42.388386,4693400
2017-03-22,44.419998,45.110001000000004,43.700001,45.009997999999996,42.864554999999996,4311100
2017-03-23,44.849998,45.470001,44.540001000000004,45.130001,42.978836,3662900
2017-03-24,46.439999,46.68,44.869999,45.240002000000004,43.083591,5278200
2017-03-27,44.669998,45.099998,44.279999,44.91,42.769318,3164900
2017-03-28,44.900002,45.439999,44.630001,45.279999,43.121685,3418200
2017-03-29,45.150002,45.689999,44.529999,45.669998,43.493095000000004,2608100
2017-03-30,45.560001,47.389998999999996,45.400002,47.119999,44.873981,5955200
2017-03-31,46.919998,47.040001000000004,45.91,45.93,43.740704,3387300
2017-04-03,45.630001,46.0,44.689999,45.299999,43.140728,6306700
2017-04-04,45.220001,46.09,45.080002,45.970001,43.778797,2353900
2017-04-05,46.34,47.200001,45.880001,46.0,43.807362,3669900
2017-04-06,46.25,46.59,45.669998,46.25,44.045448,2958200
2017-04-07,46.259997999999996,46.970001,45.689999,46.849998,44.616848,3589300
2017-04-10,47.16,48.27,47.130001,47.599998,45.331097,5389100
2017-04-11,48.5,49.470001,47.560001,49.09,46.750076,7672400
2017-04-12,49.009997999999996,49.09,47.709998999999996,48.34,46.035828,4226700
2017-04-13,48.099998,48.82,47.84,48.169998,45.873928,3791200
2017-04-17,48.360001000000004,48.790001000000004,47.970001,48.490002000000004,46.178677,2973900
2017-04-18,48.189999,48.599998,47.830002,48.540001000000004,46.226295,3322900
2017-04-19,48.540001000000004,49.189999,48.439999,48.560001,46.245338000000004,2957000
2017-04-20,47.880001,48.689999,47.220001,48.549999,46.235817,5842400
2017-04-21,48.52,48.709998999999996,47.889998999999996,48.259997999999996,45.959637,3359400
2017-04-24,49.080002,49.68,48.73,49.419998,47.064341999999996,4584600
2017-04-25,49.810001,50.959998999999996,49.529999,50.509997999999996,48.10239,7791500
2017-04-26,44.610001000000004,44.860001000000004,41.759997999999996,42.009997999999996,40.007553,34476600
2017-04-27,42.169998,43.0,41.790001000000004,42.299999,40.283726,9673200
2017-04-28,42.709998999999996,42.73,41.200001,42.130001,40.121829999999996,8598700
2017-05-01,42.080002,42.299999,41.73,42.18,40.169453000000004,7376800
2017-05-02,42.23,42.459998999999996,41.970001,42.439999,40.417053,6508900
2017-05-03,42.32,42.720001,42.080002,42.509997999999996,40.483715000000004,5381400
2017-05-04,42.580002,42.700001,42.349998,42.580002,40.550385,4947000
2017-05-05,42.34,43.560001,42.150002,43.549999,41.474144,4885400
2017-05-08,43.610001000000004,43.619999,42.75,42.869999,40.826557,3001400
2017-05-09,42.869999,43.099998,42.490002000000004,42.830002,40.788467,2798000
2017-05-10,42.900002,43.200001,42.779999,43.110001000000004,41.055119,3493500
2017-05-11,43.009997999999996,43.169998,42.43,42.48,40.455151,5224800
2017-05-12,42.48,43.07,42.27,43.040001000000004,40.988457000000004,3544700
2017-05-15,43.16,43.57,42.990002000000004,43.48,41.407482,4448700
2017-05-16,43.669998,44.060001,43.400002,44.0,41.902695,4080500
2017-05-17,43.459998999999996,43.630001,42.119999,42.16,40.150402,5852800
2017-05-18,42.66,42.66,41.669998,42.25,40.236115000000005,4102000
2017-05-19,42.380001,42.779999,42.360001000000004,42.509997999999996,40.483715000000004,3272100
2017-05-22,42.84,43.16,42.220001,42.77,40.731327,2506200
2017-05-23,43.099998,43.169998,42.450001,42.630001,40.598,2702300
2017-05-24,43.049999,43.200001,42.59,42.73,40.693233,2385100
2017-05-25,42.880001,43.419998,42.48,43.110001000000004,41.055119,2951200
2017-05-26,42.669998,43.0,42.200001,42.529999,40.502762,3272100
2017-05-30,42.209998999999996,43.549999,42.209998999999996,43.240002000000004,41.178925,3566900
2017-05-31,43.389998999999996,43.57,42.860001000000004,43.57,41.493195,4522300
2017-06-01,43.560001,43.560001,42.630001,42.880001,40.836086,3492900
2017-06-02,42.959998999999996,43.349998,42.91,43.220001,41.159878000000006,2682400
2017-06-05,42.860001000000004,42.990002000000004,42.060001,42.080002,40.074219,3322200
2017-06-06,42.0,42.349998,41.59,41.889998999999996,39.893269000000004,3406600
2017-06-07,42.09,42.560001,41.77,41.939999,39.940891,2397400
2017-06-08,42.049999,42.82,41.580002,42.77,40.731327,3204000
2017-06-09,42.860001000000004,43.529999,41.599998,42.369999,40.350390999999995,4759000
2017-06-12,41.75,41.939999,40.32,41.540001000000004,39.559956,6519300
2017-06-13,41.990002000000004,42.400002,41.779999,42.029999,40.0266,3981100
2017-06-14,42.23,42.23,40.810001,41.279999,39.312346999999995,3917200
2017-06-15,40.450001,41.650002,40.400002,41.52,39.540909,3694900
2017-06-16,41.400002,42.099998,41.330002,42.029999,40.0266,7267700
2017-06-19,41.650002,42.150002,41.549999,41.830002,40.442337,3068300
2017-06-20,41.68,41.740002000000004,41.029999,41.040001000000004,39.678543,3294500
2017-06-21,41.189999,41.869999,41.080002,41.66,40.277972999999996,2799300
2017-06-22,41.959998999999996,42.23,41.59,42.009997999999996,40.61636,2443800
2017-06-23,42.009997999999996,43.25,41.939999,42.669998,41.254467,3597000
2017-06-26,42.950001,43.27,42.240002000000004,42.389998999999996,40.983757000000004,3631500
2017-06-27,41.099998,41.200001,39.509997999999996,39.509997999999996,38.199298999999996,9008700
2017-06-28,40.0,40.299999,39.439999,40.18,38.847072999999995,4744000
2017-06-29,39.84,39.919998,38.279999,38.91,37.619202,6082400
2017-06-30,39.400002,39.450001,38.509997999999996,38.75,37.464508,3872600
2017-07-03,38.919998,39.27,38.57,38.59,37.309818,1975100
2017-07-05,38.799999,39.139998999999996,38.16,39.02,37.725555,5116900
2017-07-06,38.279999,38.439999,36.939999,37.290001000000004,36.052944000000004,9051800
2017-07-07,37.48,38.689999,37.220001,38.200001,36.932758,5852100
2017-07-10,38.139998999999996,38.599998,37.880001,38.389998999999996,37.116451,3632000
2017-07-11,38.369999,39.16,38.369999,38.720001,37.435509,3751200
2017-07-12,39.330002,40.169998,39.150002,39.700001,38.382999,4980200
2017-07-13,37.619999,39.009997999999996,37.32,38.32,37.048775,11523700
2017-07-14,38.400002,39.689999,38.380001,39.5,38.189629,5357200
2017-07-17,39.0,39.25,38.560001,39.07,37.773895,3813400
2017-07-18,39.060001,39.060001,38.299999,38.830002,37.541859,3497300
2017-07-19,39.0,39.439999,38.93,39.240002000000004,37.938255,4143900
2017-07-20,39.240002000000004,39.599998,38.869999,39.419998,38.112282,2778800
2017-07-21,39.48,39.720001,39.080002,39.580002,38.266979,3256600
2017-07-24,39.630001,40.130001,39.23,39.759997999999996,38.441002000000005,6279100
2017-07-25,32.330002,34.130001,31.879998999999998,33.200001,32.098628999999995,35475700
2017-07-26,33.349998,33.419998,32.080002,32.34,31.267157,12637600
2017-07-27,32.5,33.029999,32.099998,32.560001,31.479858,7709600
2017-07-28,32.299999,32.619999,31.879998999999998,32.610001000000004,31.528198,7865500
2017-07-31,32.73,33.139998999999996,32.48,32.959998999999996,31.866587,7171700
2017-08-01,33.049999,33.509997999999996,32.900002,33.369999,32.262985,6029200
2017-08-02,33.459998999999996,33.470001,33.029999,33.419998,32.311325,5838400
2017-08-03,33.509997999999996,33.77,33.259997999999996,33.57,32.456352,4934900
2017-08-04,33.709998999999996,34.029999,33.360001000000004,33.43,32.320995,6768000
2017-08-07,33.400002,33.66,33.240002000000004,33.48,32.369335,5520700
2017-08-08,33.389998999999996,33.619999,32.970001,32.990002000000004,31.895594,5981500
2017-08-09,32.740002000000004,32.990002000000004,32.470001,32.599998,31.51853,4285900
2017-08-10,32.360001000000004,32.52,31.51,31.549999,30.503360999999998,6368500
2017-08-11,32.25,33.25,31.969998999999998,32.290001000000004,31.218815000000003,5647200
2017-08-14,32.650002,33.16,32.540001000000004,32.549999,31.470188,4163000
2017-08-15,32.59,32.669998,32.259997999999996,32.279999,31.209145,2938600
2017-08-16,32.34,32.509997999999996,32.18,32.48,31.402509999999996,2533500
2017-08-17,32.299999,32.599998,31.469998999999998,31.51,30.464689,3483100
2017-08-18,31.58,31.74,31.040001,31.370001000000002,30.329334000000003,2901000
2017-08-21,31.469998999999998,31.540001,31.139999,31.459999,30.416348,3141400
2017-08-22,31.67,32.380001,31.559998999999998,32.290001000000004,31.218815000000003,2639500
2017-08-23,31.120001000000002,31.360001,30.6,31.01,29.981276,7757300
2017-08-24,31.110001,31.43,30.950001,31.02,29.990946,4542600
2017-08-25,31.07,31.4,30.85,31.25,30.213314,3504800
2017-08-28,31.34,31.700001,31.120001000000002,31.49,30.445353000000004,2856300
2017-08-29,31.200001,31.549999,30.950001,31.450001,30.406681,3357200
2017-08-30,31.360001,31.58,30.91,31.5,30.455021000000002,3807000
2017-08-31,31.799999,31.799999,31.26,31.530001000000002,30.484026,4289300
2017-09-01,31.59,32.02,31.549999,31.799999,30.745070000000002,2115300
2017-09-05,31.84,33.349998,31.83,32.75,31.663555,8454400
2017-09-06,32.849998,33.310001,32.650002,32.790001000000004,31.702229,5927700
2017-09-07,32.93,32.98,31.889999,32.34,31.267157,4284300
2017-09-08,32.310001,32.310001,31.9,31.99,30.928765999999996,3562500
2017-09-11,31.27,31.790001,30.889999,30.950001,29.923269,6630300
2017-09-12,31.0,32.0,30.959999,31.889999,30.832083,5159400
2017-09-13,32.119999,32.849998,31.940001000000002,32.779999,31.692558000000002,5299700
2017-09-14,32.509997999999996,32.790001000000004,32.349998,32.650002,31.566871999999996,3368200
2017-09-15,32.66,33.639998999999996,32.400002,33.549999,32.437012,9565600
2017-09-18,33.75,33.919998,32.310001,33.52,32.408009,8551000
2017-09-19,32.75,32.919998,31.700001,32.18,31.708415999999996,7963200
2017-09-20,32.189999,32.68,31.969998999999998,32.380001,31.905485,4594000
2017-09-21,32.380001,33.049999,32.049999,32.720001,32.240505,4696900
2017-09-22,32.669998,33.650002,32.560001,33.57,33.078045,4397600
2017-09-25,33.419998,33.700001,32.970001,33.16,32.674053,3625700
2017-09-26,33.18,33.5,32.799999,32.869999,32.388302,3423900
2017-09-27,33.02,33.470001,32.59,33.18,32.69376,3785400
2017-09-28,33.25,33.369999,32.41,32.98,32.496693,4585600
2017-09-29,32.990002000000004,33.23,32.75,33.169998,32.683907,2524400
2017-10-02,33.639998999999996,34.48,33.540001000000004,34.200001,33.698814,7402300
2017-10-03,34.200001,34.25,33.529999,34.049999,33.55101,3755400
2017-10-04,34.040001000000004,34.259997999999996,33.860001000000004,33.98,33.482037,3067400
2017-10-05,34.080002,34.279999,33.759997999999996,34.099998,33.600277,3210800
2017-10-06,33.860001000000004,34.130001,33.509997999999996,33.790001000000004,33.294823,3555600
2017-10-09,34.029999,34.82,33.84,33.849998,33.353943,3678900
2017-10-10,34.240002000000004,34.349998,33.360001000000004,33.75,33.255409,5237500
2017-10-11,33.580002,34.099998,33.400002,33.5,33.009071,3610700
2017-10-12,33.400002,33.77,33.220001,33.619999,33.127311999999996,5111100
2017-10-13,33.860001000000004,34.560001,33.66,34.400002,33.895885,4178500
2017-10-16,34.459998999999996,34.549999,34.09,34.490002000000004,33.984566,4041500
2017-10-17,34.040001000000004,34.189999,33.150002,33.959998999999996,33.46233,5936500
2017-10-18,34.110001000000004,34.330002,34.02,34.259997999999996,33.757931,3732200
2017-10-19,33.919998,34.349998,33.849998,34.34,33.836760999999996,4362900
2017-10-20,34.549999,35.279999,34.41,34.939999,34.427966999999995,8315300
2017-10-23,39.650002,40.900002,37.639998999999996,39.349998,38.773342,33601200
2017-10-24,39.5,40.34,38.509997999999996,38.84,38.270817,12140500
2017-10-25,38.470001,38.68,37.5,38.150002,37.590931,7430700
2017-10-26,38.310001,38.619999,37.57,38.18,37.620487,4276300
2017-10-27,38.259997999999996,38.259997999999996,36.849998,36.900002,36.359249,5297400
2017-10-30,36.950001,36.98,36.119999,36.68,36.142471,5870300
2017-10-31,36.82,37.73,36.57,36.970001,36.428222999999996,4432600
2017-11-01,37.380001,37.630001,36.66,36.959998999999996,36.418365,2784300
2017-11-02,36.970001,37.0,36.380001,36.77,36.231152,2745200
2017-11-03,36.599998,36.98,36.16,36.330002,35.7976,2280100
2017-11-06,36.279999,37.529999,36.07,37.459998999999996,36.911037,3186100
2017-11-07,37.43,37.490002000000004,36.84,37.119999,36.576019,2842300
2017-11-08,37.040001000000004,38.200001,36.73,37.709998999999996,37.157375,4241200
2017-11-09,37.130001,38.130001,37.130001,37.41,36.861771000000005,4349600
2017-11-10,37.200001,38.080002,37.200001,37.990002000000004,37.433273,3011500
2017-11-13,37.900002,37.939999,37.32,37.66,37.108109000000006,2305600
2017-11-14,37.619999,37.93,37.330002,37.490002000000004,36.940601,2598800
2017-11-15,37.34,37.849998,37.240002000000004,37.810001,37.255913,3497300
2017-11-16,37.959998999999996,39.279999,37.93,39.119999,38.546711,5258400
2017-11-17,39.240002000000004,39.599998,38.779999,39.419998,38.842316,3154700
2017-11-20,39.34,40.07,39.080002,39.849998,39.266014,3993100
2017-11-21,40.049999,40.639998999999996,39.959998999999996,40.139998999999996,39.551765,3848100
2017-11-22,40.02,40.470001,39.82,40.330002,39.738983000000005,2364900
2017-11-24,40.360001000000004,40.549999,39.970001,40.290001000000004,39.69957,1340100
2017-11-27,39.470001,39.700001,38.560001,39.080002,38.507301,5631700
2017-11-28,39.380001,40.049999,38.959998999999996,39.98,39.394108,3809300
2017-11-29,39.950001,40.5,38.66,38.75,38.182137,6069800
2017-11-30,38.990002000000004,39.16,38.209998999999996,38.560001,37.994923,6782500
2017-12-01,38.310001,39.279999,37.25,39.110001000000004,38.536861,5125100
2017-12-04,39.759997999999996,40.02,38.779999,39.200001,38.625541999999996,4592200
2017-12-05,39.52,39.950001,39.040001000000004,39.130001,38.556568,3945600
2017-12-06,39.169998,39.310001,38.560001,39.18,38.605835,2520300
2017-12-07,39.16,40.099998,38.98,39.580002,38.999973,3725000
2017-12-08,39.830002,40.619999,39.580002,40.490002000000004,39.896637,5502100
2017-12-11,40.349998,41.130001,40.169998,40.470001,39.87693,3740700
2017-12-12,40.669998,42.57,40.599998,42.119999,41.502747,6354900
2017-12-13,42.369999,42.650002,41.939999,42.080002,41.463337,4509100
2017-12-14,42.209998999999996,42.290001000000004,41.84,41.939999,41.325386,3301600
2017-12-15,42.200001,42.209998999999996,41.41,42.02,41.404216999999996,6241800
2017-12-18,42.360001000000004,43.07,42.23,42.990002000000004,42.360001000000004,4628900
2017-12-19,42.209998999999996,42.73,41.939999,42.18,42.18,4553200
2017-12-20,42.439999,42.5,41.360001000000004,41.529999,41.529999,3321900
2017-12-21,41.720001,42.529999,41.59,41.959998999999996,41.959998999999996,3425300
2017-12-22,41.93,42.389998999999996,41.900002,42.169998,42.169998,1713300
2017-12-26,41.990002000000004,42.700001,41.709998999999996,42.139998999999996,42.139998999999996,2968800
2017-12-27,42.240002000000004,42.490002000000004,41.73,42.110001000000004,42.110001000000004,1934600
2017-12-28,42.189999,42.259997999999996,41.740002000000004,42.02,42.02,1368800
2017-12-29,42.009997999999996,42.349998,41.84,41.84,41.84,1866400
2018-01-02,42.349998,43.139998999999996,41.91,42.93,42.93,2888400
2018-01-03,42.93,43.150002,42.48,42.849998,42.849998,3446100
2018-01-04,42.869999,43.23,41.970001,42.639998999999996,42.639998999999996,2825000
2018-01-05,42.84,42.990002000000004,42.439999,42.939999,42.939999,2183200
2018-01-08,48.779999,49.700001,45.619999,46.0,46.0,23460800
2018-01-09,46.48,47.290001000000004,46.040001000000004,46.389998999999996,46.389998999999996,10500200
2018-01-10,46.16,47.27,45.810001,47.07,47.07,3808800
2018-01-11,47.360001000000004,49.049999,47.110001000000004,49.009997999999996,49.009997999999996,6246600
2018-01-12,49.119999,51.880001,49.110001000000004,51.259997999999996,51.259997999999996,7747400
2018-01-16,50.77,52.34,50.419998,51.509997999999996,51.509997999999996,6885300
2018-01-17,51.27,52.419998,50.889998999999996,52.139998999999996,52.139998999999996,4113600
2018-01-18,52.200001,52.290001000000004,51.619999,52.009997999999996,52.009997999999996,3981600
2018-01-19,52.139998999999996,52.77,51.740002000000004,52.619999,52.619999,3871200
2018-01-22,52.490002000000004,53.25,52.040001000000004,53.16,53.16,3591700
2018-01-23,53.18,54.119999,52.93,54.060001,54.060001,3192200
2018-01-24,54.040001000000004,54.080002,52.299999,52.970001,52.970001,5551500
2018-01-25,53.459998999999996,53.799999,52.669998,53.169998,53.169998,3618300
2018-01-26,53.509997999999996,55.0,53.439999,54.939999,54.939999,7318600
2018-01-29,54.0,55.619999,53.509997999999996,55.110001000000004,55.110001000000004,8941000
2018-01-30,54.0,55.009997999999996,53.150002,54.98,54.98,7756300
2018-01-31,55.150002,56.450001,55.07,55.200001,55.200001,5110200
2018-02-01,54.720001,55.529999,53.799999,54.439999,54.439999,5356400
2018-02-02,53.990002000000004,54.0,51.380001,51.77,51.77,6567200
2018-02-05,51.259997999999996,52.419998,49.509997999999996,49.650002,49.650002,7359000
2018-02-06,48.080002,49.450001,47.200001,48.68,48.68,9556600
2018-02-07,49.200001,50.610001000000004,48.790001000000004,49.549999,49.549999,6042700
2018-02-08,49.459998999999996,49.66,47.43,47.439999,47.439999,4587900
2018-02-09,48.049999,48.5,46.119999,47.82,47.82,5633200
2018-02-12,48.150002,49.509997999999996,48.150002,49.169998,49.169998,3380100
2018-02-13,49.32,49.889998999999996,48.82,49.630001,49.630001,2919500
2018-02-14,49.02,51.73,49.02,51.369999,51.369999,3675000
2018-02-15,51.869999,52.16,50.549999,51.52,51.52,3207600
2018-02-16,51.459998999999996,51.93,51.099998,51.419998,51.419998,2738000
2018-02-20,51.259997999999996,52.400002,50.950001,52.119999,52.119999,2635600
