Date,Open,High,Low,Close,Adj Close,Volume
2017-01-03,119.809998,119.860001,117.860001,119.43,117.969872,1831500
2017-01-04,119.639999,120.650002,119.360001,120.099998,118.63166799999999,1504800
2017-01-05,120.099998,120.400002,118.400002,118.779999,117.327805,1772200
2017-01-06,117.5,118.379997,116.5,117.75,116.31041,2464200
2017-01-09,117.879997,119.650002,117.639999,119.019997,117.56488,1355700
2017-01-10,119.559998,122.720001,119.050003,121.900002,120.409668,2310300
2017-01-11,121.900002,127.230003,121.900002,123.660004,122.148155,3140900
2017-01-12,122.860001,123.370003,121.839996,123.260002,121.75304399999999,1417300
2017-01-13,123.220001,124.0,122.599998,122.91999799999999,121.41719099999999,1665100
2017-01-17,122.120003,122.989998,121.68,122.550003,121.051727,1598800
2017-01-18,122.93,123.089996,122.150002,122.400002,120.903557,1195400
2017-01-19,122.0,122.620003,121.389999,122.129997,120.63685600000001,1016100
2017-01-20,122.519997,123.08000200000001,121.449997,121.75,120.261505,1196600
2017-01-23,121.559998,122.290001,120.839996,121.410004,119.925652,1391700
2017-01-24,121.510002,122.360001,120.639999,121.5,120.01455700000001,1546500
2017-01-25,122.18,124.949997,121.050003,121.110001,119.629318,2562300
2017-01-26,121.110001,121.110001,119.16999799999999,120.83000200000001,119.352753,1891600
2017-01-27,121.029999,123.66999799999999,120.730003,123.290001,121.782669,1497600
2017-01-30,123.269997,123.269997,121.940002,122.510002,121.012207,1249300
2017-01-31,122.129997,123.589996,122.0,123.529999,122.019737,1148500
2017-02-01,123.43,123.82,122.41999799999999,123.120003,121.61476100000002,1586900
2017-02-02,122.879997,123.470001,122.300003,123.389999,121.881447,1330900
2017-02-03,123.720001,124.25,122.779999,123.360001,121.851822,986000
2017-02-06,123.08000200000001,123.290001,121.860001,122.33000200000001,120.83441200000001,1171300
2017-02-07,122.360001,122.839996,122.160004,122.510002,121.012207,1726400
2017-02-08,122.339996,122.949997,122.010002,122.410004,120.91343700000002,689500
2017-02-09,122.410004,123.58000200000001,122.279999,123.32,121.812302,1492700
2017-02-10,123.279999,123.709999,122.779999,123.309998,121.80242199999999,841600
2017-02-13,123.440002,124.760002,123.339996,124.33000200000001,122.809959,1121200
2017-02-14,124.43,125.510002,123.839996,125.260002,123.72859199999999,1115700
2017-02-15,124.699997,125.980003,124.610001,125.760002,124.222473,1039000
2017-02-16,125.589996,125.769997,124.889999,125.75,124.212601,887600
2017-02-17,125.650002,126.370003,125.120003,126.339996,124.79538000000001,863100
2017-02-21,126.010002,127.790001,126.0,127.160004,125.60536200000001,1358200
2017-02-22,127.050003,127.959999,126.839996,127.290001,125.73376499999999,806000
2017-02-23,127.5,128.720001,127.010002,128.669998,127.096893,1082800
2017-02-24,128.559998,129.300003,128.28999299999998,129.270004,127.68956000000001,770700
2017-02-27,129.0,129.66000400000001,128.41000400000001,128.580002,127.008003,1005600
2017-02-28,128.740005,129.199997,127.190002,128.559998,126.988243,1196800
2017-03-01,129.350006,131.360001,128.779999,131.050003,129.4478,1272000
2017-03-02,130.940002,131.309998,129.850006,130.78999299999998,129.190979,940400
2017-03-03,130.509995,130.850006,129.649994,130.199997,128.6082,1128100
2017-03-06,129.53999299999998,130.16000400000001,129.190002,129.690002,128.104446,1373300
2017-03-07,129.350006,129.809998,128.78999299999998,129.139999,127.56115,1724900
2017-03-08,129.53999299999998,129.869995,128.949997,129.33999599999999,127.758698,647300
2017-03-09,129.169998,130.149994,129.029999,129.809998,128.222961,1023300
2017-03-10,130.300003,130.690002,129.28999299999998,130.0,128.410645,1642300
2017-03-13,130.21000700000002,131.46000700000002,129.58999599999999,131.380005,129.773773,1334300
2017-03-14,130.820007,131.350006,130.479996,130.970001,129.36879,1487200
2017-03-15,131.309998,132.990005,131.0,132.830002,131.20603899999998,1110700
2017-03-16,132.619995,132.619995,130.509995,131.5,129.892319,1675100
2017-03-17,131.559998,133.020004,131.0,132.66000400000001,131.038116,2050700
2017-03-20,132.619995,132.91000400000001,132.139999,132.58999599999999,130.968979,714900
2017-03-21,132.779999,133.58999599999999,131.41000400000001,132.380005,130.761551,966900
2017-03-22,132.71000700000002,133.240005,131.610001,132.449997,130.830673,789700
2017-03-23,132.380005,132.770004,131.279999,131.58999599999999,129.981201,1247900
2017-03-24,131.830002,133.16000400000001,131.53999299999998,132.509995,130.88995400000002,1237000
2017-03-27,132.0,132.619995,131.729996,132.490005,130.870193,698200
2017-03-28,132.220001,132.889999,131.440002,132.699997,131.077621,750900
2017-03-29,131.919998,132.240005,131.139999,131.899994,130.70602399999999,1359000
2017-03-30,131.699997,132.509995,131.509995,131.949997,130.755569,607600
2017-03-31,131.53999299999998,132.199997,131.470001,131.649994,130.458282,753500
2017-04-03,131.649994,132.419998,130.58999599999999,131.929993,130.735748,998400
2017-04-04,131.919998,132.130005,130.630005,131.41000400000001,130.220459,710900
2017-04-05,131.21000700000002,132.259995,130.940002,131.179993,129.992538,669400
2017-04-06,131.300003,131.300003,130.259995,130.83999599999999,129.655624,752300
2017-04-07,130.889999,131.330002,130.529999,130.83999599999999,129.655624,867900
2017-04-10,130.669998,131.330002,130.550003,130.729996,129.5466,761200
2017-04-11,130.449997,131.179993,129.940002,130.58999599999999,129.407883,774500
2017-04-12,130.440002,130.850006,129.820007,130.41000400000001,129.229507,998500
2017-04-13,130.179993,130.66000400000001,129.83999599999999,129.929993,128.75386,758700
2017-04-17,130.270004,131.199997,130.190002,130.970001,129.784439,1606600
2017-04-18,130.550003,131.16000400000001,130.059998,130.91000400000001,129.724991,792800
2017-04-19,131.559998,132.270004,130.990005,131.820007,130.62677,1018500
2017-04-20,131.809998,133.029999,131.199997,132.759995,131.558228,972800
2017-04-21,132.600006,133.429993,132.270004,132.940002,131.736603,943100
2017-04-24,133.96000700000002,134.78999299999998,133.729996,134.449997,133.232925,1300300
2017-04-25,134.929993,136.03999299999998,134.46000700000002,135.58999599999999,134.362625,1481700
2017-04-26,134.649994,136.41000400000001,131.669998,136.190002,134.957199,2316800
2017-04-27,136.369995,136.600006,135.259995,135.369995,134.144592,995300
2017-04-28,135.100006,136.470001,135.100006,136.369995,135.135559,1528000
2017-05-01,136.429993,136.71000700000002,135.41000400000001,135.770004,134.541,851700
2017-05-02,136.020004,136.78999299999998,135.5,136.169998,134.937378,1271200
2017-05-03,136.0,136.270004,135.020004,135.71000700000002,134.481537,734000
2017-05-04,135.639999,135.649994,134.78999299999998,134.979996,133.75813300000002,1038400
2017-05-05,135.429993,136.0,134.770004,135.96000700000002,134.729279,710600
2017-05-08,135.78999299999998,136.0,134.600006,134.850006,133.629333,747600
2017-05-09,134.809998,135.46000700000002,134.5,134.869995,133.649139,926300
2017-05-10,134.58999599999999,134.66000400000001,133.509995,134.03999299999998,132.82664499999998,1653300
2017-05-11,133.889999,135.080002,133.330002,134.83999599999999,133.619415,822800
2017-05-12,134.630005,135.110001,134.330002,134.820007,133.59960900000002,654800
2017-05-15,134.809998,136.16000400000001,134.169998,136.029999,134.798645,772500
2017-05-16,135.820007,136.690002,134.360001,134.770004,133.550034,1108600
2017-05-17,134.770004,134.990005,133.479996,133.53999299999998,132.331177,937000
2017-05-18,133.53999299999998,135.630005,132.440002,134.83999599999999,133.619415,981400
2017-05-19,135.100006,136.830002,134.78999299999998,136.809998,135.571579,1339700
2017-05-22,136.820007,139.21000700000002,136.820007,138.639999,137.38501000000002,1475000
2017-05-23,138.699997,140.300003,138.639999,139.899994,138.63360600000001,1446600
2017-05-24,139.96000700000002,140.33999599999999,139.830002,139.990005,138.722794,1121400
2017-05-25,140.259995,141.21000700000002,139.770004,140.850006,139.57501200000002,1201800
2017-05-26,140.970001,141.58999599999999,140.399994,141.270004,139.99121100000002,827500
2017-05-30,140.990005,142.050003,140.850006,141.979996,140.694778,779100
2017-05-31,142.559998,143.199997,141.970001,142.96000700000002,141.665909,1764900
2017-06-01,142.800003,144.699997,142.440002,144.699997,143.390152,971600
2017-06-02,145.259995,145.619995,144.050003,144.479996,143.17215,1469600
2017-06-05,144.699997,144.78999299999998,143.770004,144.220001,142.914505,1098900
2017-06-06,143.75,144.66000400000001,143.75,144.050003,142.746063,777800
2017-06-07,144.600006,145.009995,143.529999,144.440002,143.132523,685500
2017-06-08,144.440002,144.619995,141.529999,142.429993,141.140701,1677800
2017-06-09,142.600006,143.0,141.220001,141.869995,140.58578500000002,1194600
2017-06-12,141.580002,141.759995,139.020004,140.619995,139.347092,1657200
2017-06-13,141.059998,141.809998,139.880005,141.179993,139.902008,1002200
2017-06-14,141.75,142.66000400000001,141.220001,141.889999,140.605606,1143800
2017-06-15,141.080002,141.470001,139.759995,141.229996,139.951569,1037400
2017-06-16,141.5,142.360001,140.830002,142.240005,140.952438,1583300
2017-06-19,142.649994,143.169998,140.869995,141.380005,140.100204,1307200
2017-06-20,141.440002,142.320007,140.820007,140.979996,139.703827,1053600
2017-06-21,141.449997,141.970001,140.41000400000001,140.800003,139.525467,1458200
2017-06-22,140.449997,141.399994,140.33999599999999,141.220001,139.94165,1252900
2017-06-23,141.190002,141.990005,140.679993,141.119995,139.84256000000002,1161200
2017-06-26,141.169998,141.720001,139.800003,139.91000400000001,138.64352399999999,702500
2017-06-27,139.91000400000001,140.53999299999998,139.240005,139.58999599999999,138.326401,804500
2017-06-28,139.949997,140.190002,139.479996,139.800003,138.957596,700900
2017-06-29,140.0,140.21000700000002,137.770004,138.809998,137.97354099999998,1270600
2017-06-30,138.970001,139.71000700000002,138.779999,138.779999,137.943726,1081900
2017-07-03,139.229996,139.429993,138.08999599999999,138.220001,137.387115,487600
2017-07-05,138.559998,139.979996,138.190002,139.740005,138.897949,1040900
2017-07-06,139.149994,139.46000700000002,138.0,139.270004,138.430771,1182400
2017-07-07,139.779999,141.21000700000002,139.360001,141.119995,140.269623,1239800
2017-07-10,140.860001,141.220001,140.429993,140.559998,139.712997,831100
2017-07-11,140.610001,141.059998,140.259995,140.5,139.653366,1006900
2017-07-12,141.029999,145.100006,140.880005,144.360001,143.490112,1884800
2017-07-13,144.360001,144.429993,142.91000400000001,143.199997,142.337097,1132500
2017-07-14,143.28999299999998,145.990005,143.28999299999998,145.399994,144.52383400000002,901800
2017-07-17,145.449997,145.779999,144.440002,144.809998,143.937393,702800
2017-07-18,144.600006,145.570007,144.0,145.369995,144.49401899999998,922500
2017-07-19,145.53999299999998,146.449997,145.380005,146.220001,145.338898,733300
2017-07-20,146.360001,147.779999,146.33999599999999,147.399994,146.51178000000002,1011700
2017-07-21,147.429993,148.149994,145.91000400000001,146.190002,145.30908200000002,1158600
2017-07-24,146.25,147.029999,145.300003,146.83999599999999,145.95516999999998,869500
2017-07-25,147.490005,147.490005,145.53999299999998,146.059998,145.179871,963000
2017-07-26,146.03999299999998,146.240005,144.850006,145.75,144.871735,1107800
2017-07-27,145.779999,145.990005,142.970001,144.050003,143.181976,1465700
2017-07-28,144.850006,147.91000400000001,144.850006,147.800003,146.909378,1927100
2017-07-31,147.91000400000001,147.91000400000001,146.580002,147.100006,146.213593,1452500
2017-08-01,147.580002,148.83999599999999,146.860001,147.869995,146.978943,1179900
2017-08-02,147.690002,147.899994,144.679993,145.139999,144.265411,1239100
2017-08-03,144.520004,146.419998,144.28999299999998,146.369995,145.487976,761100
2017-08-04,147.08999599999999,147.08999599999999,145.889999,146.529999,145.64703400000002,638400
2017-08-07,146.58999599999999,146.759995,146.100006,146.729996,145.84581,674900
2017-08-08,146.479996,146.729996,145.860001,146.139999,145.259384,645100
2017-08-09,146.25,146.25,144.880005,145.179993,144.305161,1081000
2017-08-10,144.820007,145.080002,143.809998,143.91000400000001,143.042831,768200
2017-08-11,144.520004,144.78999299999998,143.53999299999998,144.179993,143.311188,846900
2017-08-14,144.979996,146.279999,144.71000700000002,146.0,145.120224,1102800
2017-08-15,146.28999299999998,147.830002,146.220001,147.440002,146.551544,1429500
2017-08-16,147.860001,148.03999299999998,147.169998,147.41000400000001,146.521729,876000
2017-08-17,147.350006,147.429993,145.330002,145.360001,144.48408500000002,733300
2017-08-18,144.919998,145.440002,144.080002,144.28999299999998,143.420517,1673300
2017-08-21,144.25,145.270004,143.830002,145.130005,144.255463,1099700
2017-08-22,145.220001,146.690002,144.96000700000002,145.509995,144.633163,1491800
2017-08-23,141.0,141.429993,137.699997,138.360001,137.52626,4313100
2017-08-24,138.5,138.990005,138.139999,138.770004,137.93379199999998,1340000
2017-08-25,139.940002,140.33999599999999,139.33999599999999,139.880005,139.03710900000002,1397200
2017-08-28,140.600006,140.600006,139.100006,139.570007,138.728973,1190700
2017-08-29,139.0,139.570007,138.75,139.41000400000001,138.569946,785300
2017-08-30,139.199997,139.759995,138.559998,139.330002,138.49041699999998,789600
2017-08-31,139.330002,141.58999599999999,139.330002,141.369995,140.518112,1305900
2017-09-01,141.53999299999998,141.78999299999998,140.199997,141.08999599999999,140.239807,932300
2017-09-05,140.470001,142.259995,140.449997,141.610001,140.756683,1643600
2017-09-06,141.899994,141.91000400000001,139.509995,141.119995,140.269623,1108700
2017-09-07,141.330002,142.559998,141.0,142.220001,141.362991,746800
2017-09-08,142.229996,143.070007,142.220001,142.5,141.641312,863000
2017-09-11,143.21000700000002,143.690002,142.429993,143.690002,142.824142,1043700
2017-09-12,143.690002,143.820007,142.740005,143.529999,142.665115,802200
2017-09-13,143.5,144.16000400000001,142.720001,143.029999,142.168106,1423600
2017-09-14,142.78999299999998,144.929993,142.759995,144.490005,143.619324,1570400
2017-09-15,144.720001,145.03999299999998,143.309998,143.880005,143.013,3154000
2017-09-18,144.149994,144.830002,143.770004,144.529999,143.659073,810700
2017-09-19,144.949997,144.949997,142.899994,143.03999299999998,142.17803999999998,818200
2017-09-20,143.46000700000002,143.71000700000002,141.699997,142.71000700000002,141.850067,655500
2017-09-21,142.300003,142.639999,140.639999,140.669998,139.822342,848000
2017-09-22,141.009995,141.190002,140.270004,140.889999,140.04101599999998,713900
2017-09-25,140.889999,141.330002,138.940002,140.139999,139.295532,917200
2017-09-26,140.78999299999998,141.520004,140.279999,141.080002,140.229874,856600
2017-09-27,141.300003,141.5,139.740005,140.970001,140.120529,757400
2017-09-28,140.830002,141.0,139.509995,140.220001,139.79650900000001,686100
2017-09-29,140.41000400000001,142.080002,140.21000700000002,142.020004,141.59108,1204200
2017-10-02,142.419998,143.610001,141.679993,143.509995,143.076569,1056300
2017-10-03,143.800003,144.470001,143.429993,143.630005,143.196213,1105100
2017-10-04,143.880005,146.419998,143.860001,145.970001,145.529144,1177500
2017-10-05,145.96000700000002,148.350006,145.5,148.309998,147.862076,1686200
2017-10-06,148.16000400000001,149.229996,147.919998,149.0,148.54998799999998,1129000
2017-10-09,148.66000400000001,149.059998,145.520004,145.929993,145.489258,1472600
2017-10-10,145.729996,146.550003,143.550003,144.690002,144.253021,1714900
2017-10-11,145.490005,146.600006,144.91000400000001,146.41000400000001,145.967819,1394500
2017-10-12,146.149994,146.860001,145.779999,146.559998,146.117355,823500
2017-10-13,146.46000700000002,146.779999,146.100006,146.690002,146.246979,667200
2017-10-16,146.46000700000002,147.580002,146.259995,147.28999299999998,146.845154,950500
2017-10-17,147.0,148.970001,146.649994,148.78999299999998,148.340622,1249000
2017-10-18,149.0,150.0,148.46000700000002,148.639999,148.191086,866700
2017-10-19,148.820007,149.330002,148.050003,149.320007,148.869034,869000
2017-10-20,149.990005,150.509995,148.889999,150.490005,150.035507,1274400
2017-10-23,150.110001,151.880005,149.720001,149.919998,149.467209,798100
2017-10-24,149.630005,149.850006,148.419998,149.690002,149.237915,738100
2017-10-25,149.320007,150.559998,149.020004,150.179993,149.726425,1100000
2017-10-26,150.21000700000002,150.679993,148.779999,148.820007,148.370544,1226100
2017-10-27,155.0,160.619995,154.53999299999998,159.740005,159.257568,3209900
2017-10-30,159.490005,159.669998,153.83999599999999,155.369995,154.900757,2583500
2017-10-31,155.179993,156.550003,154.630005,154.869995,154.402267,1339400
2017-11-01,155.080002,155.240005,153.529999,154.429993,153.963593,1284600
2017-11-02,154.429993,155.679993,154.25,155.020004,154.551819,1348100
2017-11-03,154.779999,156.220001,154.399994,156.179993,155.70829799999998,1165600
2017-11-06,156.270004,156.740005,155.46000700000002,155.649994,155.179901,787500
2017-11-07,156.279999,156.429993,155.66000400000001,156.220001,155.748184,1114600
2017-11-08,156.020004,156.78999299999998,155.630005,156.46000700000002,155.987473,710200
2017-11-09,156.179993,157.070007,155.619995,156.619995,156.146973,728400
2017-11-10,156.0,156.0,152.25,154.479996,154.013443,1267300
2017-11-13,154.0,156.119995,153.899994,155.75,155.279602,910500
2017-11-14,155.279999,156.550003,154.179993,155.949997,155.479004,1011800
2017-11-15,155.690002,156.83999599999999,154.669998,154.800003,154.332474,701200
2017-11-16,156.630005,157.570007,156.020004,156.479996,156.007401,1281600
2017-11-17,155.690002,156.58999599999999,155.179993,155.399994,154.93066399999998,937000
2017-11-20,155.449997,155.5,154.550003,154.75,154.282623,889800
2017-11-21,155.759995,156.110001,155.220001,155.729996,155.259659,998000
2017-11-22,155.630005,155.880005,154.130005,154.78999299999998,154.322495,874400
2017-11-24,154.850006,155.149994,153.610001,154.669998,154.202866,581100
2017-11-27,154.940002,155.220001,154.350006,155.119995,154.65150500000001,1076800
2017-11-28,155.729996,155.919998,154.380005,155.779999,155.309525,979500
2017-11-29,155.869995,155.880005,153.619995,154.100006,153.634598,1284800
2017-11-30,154.46000700000002,156.889999,153.71000700000002,156.0,155.528854,3337700
2017-12-01,156.050003,156.470001,153.470001,155.869995,155.399246,1263900
2017-12-04,156.16000400000001,156.470001,152.149994,152.360001,151.89984099999998,1351000
2017-12-05,152.440002,153.850006,151.850006,152.029999,151.570847,982400
2017-12-06,152.119995,152.41000400000001,151.130005,151.759995,151.301651,1090500
2017-12-07,152.220001,153.470001,150.240005,151.149994,150.693497,1145400
2017-12-08,151.679993,152.449997,151.179993,151.929993,151.471146,688000
2017-12-11,151.809998,152.729996,151.66000400000001,152.71000700000002,152.248795,826200
2017-12-12,153.029999,154.320007,152.490005,153.669998,153.20588700000002,1078000
2017-12-13,153.770004,154.199997,152.96000700000002,153.309998,152.84697,1358800
2017-12-14,153.21000700000002,153.649994,151.220001,151.33999599999999,150.882919,1406700
2017-12-15,152.610001,154.550003,152.020004,154.25,153.784134,2103800
2017-12-18,154.940002,156.0,154.759995,155.490005,155.020401,1003600
2017-12-19,155.800003,156.529999,155.119995,155.259995,154.791077,853900
2017-12-20,155.58999599999999,156.330002,154.320007,154.779999,154.312531,1208500
2017-12-21,155.259995,155.41000400000001,153.619995,154.100006,153.634598,890100
2017-12-22,154.130005,154.449997,153.5,154.139999,153.674469,581300
2017-12-26,154.229996,155.139999,154.149994,154.21000700000002,153.744263,347500
2017-12-27,154.639999,155.860001,154.16000400000001,155.619995,155.149994,905400
2017-12-28,155.330002,156.25,154.979996,155.619995,155.619995,655700
2017-12-29,156.130005,156.259995,154.83999599999999,154.83999599999999,154.83999599999999,785700
2018-01-02,156.649994,158.399994,155.649994,157.899994,157.899994,1060800
2018-01-03,157.880005,160.320007,157.41000400000001,158.78999299999998,158.78999299999998,1398700
2018-01-04,159.229996,159.820007,158.479996,158.740005,158.740005,861700
2018-01-05,159.440002,161.320007,159.009995,161.059998,161.059998,962700
2018-01-08,160.679993,163.740005,160.449997,163.259995,163.259995,1240300
2018-01-09,163.53999299999998,164.199997,159.259995,160.779999,160.779999,1817400
2018-01-10,160.399994,160.899994,157.71000700000002,159.53999299999998,159.53999299999998,1255000
2018-01-11,159.570007,160.259995,157.850006,158.600006,158.600006,1129600
2018-01-12,159.0,161.75,158.029999,158.229996,158.229996,1139000
2018-01-16,159.360001,160.899994,158.850006,159.470001,159.470001,1369600
2018-01-17,160.0,160.46000700000002,159.050003,160.270004,160.270004,1299700
2018-01-18,160.08999599999999,160.820007,159.940002,160.279999,160.279999,1364200
2018-01-19,161.020004,161.83999599999999,160.300003,161.279999,161.279999,1196700
2018-01-22,161.300003,162.66000400000001,160.630005,162.520004,162.520004,1354700
2018-01-23,162.580002,163.649994,161.740005,161.940002,161.940002,1103500
2018-01-24,162.83999599999999,164.979996,162.630005,164.490005,164.490005,1332300
2018-01-25,165.16000400000001,165.71000700000002,164.229996,165.550003,165.550003,1009500
2018-01-26,165.649994,169.009995,165.28999299999998,168.91000400000001,168.91000400000001,1310200
2018-01-29,168.779999,170.0,168.300003,168.75,168.75,1558100
2018-01-30,167.479996,168.639999,166.309998,168.449997,168.449997,2171800
2018-01-31,168.110001,168.110001,163.449997,164.380005,164.380005,2846500
2018-02-01,163.850006,165.270004,163.28999299999998,164.779999,164.779999,1495500
2018-02-02,163.809998,164.53999299999998,162.03999299999998,162.25,162.25,1240900
2018-02-05,161.449997,162.669998,152.009995,154.399994,154.399994,2576000
2018-02-06,150.71000700000002,155.429993,150.330002,154.139999,154.139999,2754400
2018-02-07,153.600006,156.759995,153.270004,153.669998,153.669998,1607900
2018-02-08,153.669998,154.360001,147.919998,148.009995,148.009995,1654200
2018-02-09,149.270004,152.479996,146.800003,151.220001,151.220001,1550100
2018-02-12,152.5,154.770004,152.020004,153.66000400000001,153.66000400000001,1568600
2018-02-13,152.610001,155.009995,152.300003,154.559998,154.559998,950000
2018-02-14,153.699997,156.779999,153.330002,156.240005,156.240005,1792200
2018-02-15,157.41000400000001,158.58999599999999,156.130005,158.53999299999998,158.53999299999998,1161000
2018-02-16,158.229996,161.309998,158.179993,159.869995,159.869995,1064600
2018-02-20,159.139999,159.919998,157.770004,158.740005,158.740005,1118900
