Date,Open,High,Low,Close,Adj Close,Volume
2017-01-03,97.889999,98.589996,97.220001,97.879997,96.107933,1104900
2017-01-04,98.43,99.519997,98.220001,99.410004,97.610237,1213400
2017-01-05,99.480003,100.279999,99.010002,99.68,97.875343,2072700
2017-01-06,99.66999799999999,100.209999,99.32,99.790001,97.983345,879500
2017-01-09,99.68,99.68,97.93,98.279999,96.500694,1347700
2017-01-10,98.33000200000001,98.709999,95.879997,96.410004,94.664551,2558100
2017-01-11,96.489998,96.949997,95.610001,95.66999799999999,93.93795,1590700
2017-01-12,95.389999,95.720001,94.849998,95.43,93.70229300000001,2101400
2017-01-13,96.120003,97.790001,95.870003,97.620003,95.852646,1608400
2017-01-17,97.529999,98.839996,97.529999,97.910004,96.13739,1338500
2017-01-18,98.0,99.220001,97.93,98.199997,96.422134,1138500
2017-01-19,97.989998,98.470001,97.41999799999999,97.540001,95.774086,993600
2017-01-20,97.959999,98.139999,97.139999,97.620003,95.852646,908200
2017-01-23,97.059998,97.629997,95.839996,96.190002,94.448532,1698100
2017-01-24,96.190002,97.269997,94.5,96.879997,95.126038,2209300
2017-01-25,97.300003,97.849998,96.690002,96.989998,95.234039,2238900
2017-01-26,97.089996,97.440002,95.93,96.040001,94.301247,1305000
2017-01-27,95.989998,96.459999,95.18,95.349998,93.62374100000001,1017400
2017-01-30,95.510002,95.540001,94.41999799999999,95.470001,93.741577,1179300
2017-01-31,95.239998,96.690002,94.910004,96.519997,94.77256,1299300
2017-02-01,96.349998,96.980003,95.660004,96.41999799999999,94.674362,1300400
2017-02-02,96.879997,97.209999,95.889999,95.949997,94.212868,1094600
2017-02-03,96.620003,97.66999799999999,96.129997,97.0,95.243874,1519500
2017-02-06,97.129997,97.129997,96.209999,96.480003,94.733284,1904300
2017-02-07,96.400002,96.620003,94.510002,94.889999,93.172066,3250800
2017-02-08,94.910004,96.720001,94.650002,95.620003,93.888847,2693900
2017-02-09,95.620003,96.93,95.339996,96.66999799999999,94.91983,1655200
2017-02-10,96.66999799999999,96.940002,95.870003,95.949997,94.212868,1562100
2017-02-13,96.389999,96.559998,95.66999799999999,96.209999,94.468163,1653200
2017-02-14,97.16999799999999,100.099998,94.120003,99.5,97.698601,4140200
2017-02-15,99.0,99.349998,98.32,99.029999,97.237114,2634800
2017-02-16,98.809998,100.33000200000001,98.519997,99.800003,97.993179,1864900
2017-02-17,99.91999799999999,102.139999,99.629997,101.589996,99.750763,2856500
2017-02-21,101.139999,101.910004,100.290001,100.529999,98.70996099999999,2355700
2017-02-22,100.150002,100.809998,99.760002,100.220001,98.405563,1062500
2017-02-23,100.0,101.18,99.860001,100.050003,98.23865500000001,1036300
2017-02-24,99.800003,101.16999799999999,98.91999799999999,101.019997,99.599236,1729500
2017-02-27,100.699997,100.849998,99.32,99.519997,98.120323,1634000
2017-02-28,99.790001,100.699997,99.050003,100.389999,98.978096,1657100
2017-03-01,100.470001,100.889999,99.610001,99.660004,98.25836899999999,1325300
2017-03-02,98.970001,99.550003,98.410004,98.489998,97.10481300000001,1430700
2017-03-03,98.349998,99.860001,98.260002,99.849998,98.44569399999999,1912100
2017-03-06,99.5,99.650002,98.150002,98.230003,96.848488,986800
2017-03-07,98.230003,98.370003,96.790001,96.989998,95.625916,1546000
2017-03-08,96.760002,97.18,96.25,96.769997,95.409012,1952600
2017-03-09,96.629997,97.129997,96.220001,96.790001,95.42873399999999,1298900
2017-03-10,97.370003,97.5,96.470001,97.099998,95.734367,854400
2017-03-13,96.82,97.550003,96.650002,97.489998,96.118881,1494300
2017-03-14,97.550003,98.120003,97.0,97.110001,95.744232,735800
2017-03-15,97.139999,98.33000200000001,97.0,97.900002,96.523117,981500
2017-03-16,97.980003,98.489998,97.629997,98.230003,96.848488,980300
2017-03-17,98.75,99.370003,97.019997,98.379997,96.996368,1612300
2017-03-20,98.599998,98.870003,97.980003,98.639999,97.252708,1303700
2017-03-21,98.75,99.650002,97.980003,98.029999,96.65128299999999,1820700
2017-03-22,98.25,98.449997,97.360001,97.510002,96.138611,887100
2017-03-23,97.089996,97.91999799999999,97.059998,97.25,95.882263,872900
2017-03-24,97.290001,97.730003,96.739998,97.019997,95.655495,586700
2017-03-27,96.589996,96.980003,96.139999,96.459999,95.103371,1032100
2017-03-28,96.25,96.57,95.489998,96.300003,94.945625,1392500
2017-03-29,96.16999799999999,96.739998,95.75,96.660004,95.30056,1115700
2017-03-30,96.209999,96.559998,95.5,95.57,94.225891,1307600
2017-03-31,95.349998,96.18,95.199997,95.709999,94.36391400000001,1453700
2017-04-03,95.980003,96.269997,95.18,95.459999,94.117432,1328300
2017-04-04,95.279999,95.75,94.599998,95.589996,94.245605,1538100
2017-04-05,95.459999,96.239998,95.110001,95.459999,94.117432,1446500
2017-04-06,95.620003,97.0,95.599998,96.0,94.64984100000001,1449600
2017-04-07,95.860001,96.230003,95.18,95.370003,94.028702,995700
2017-04-10,95.260002,96.099998,95.059998,95.889999,94.541389,827400
2017-04-11,95.769997,95.769997,94.709999,95.58000200000001,94.235748,1092200
2017-04-12,95.529999,95.720001,95.16999799999999,95.559998,94.216026,834600
2017-04-13,95.5,95.610001,94.559998,94.559998,93.230087,855900
2017-04-17,94.779999,95.18,94.470001,95.129997,93.792076,676100
2017-04-18,94.980003,96.599998,94.720001,96.32,94.96534,1176100
2017-04-19,96.32,96.620003,95.760002,96.160004,94.807594,1473500
2017-04-20,95.480003,95.589996,94.599998,95.050003,93.71320300000001,1607300
2017-04-21,94.980003,95.199997,94.58000200000001,94.860001,93.525879,1807600
2017-04-24,95.620003,96.410004,95.489998,96.040001,94.689278,1185000
2017-04-25,96.339996,96.970001,96.32,96.519997,95.162529,1215900
2017-04-26,96.43,96.769997,95.790001,95.83000200000001,94.482231,972000
2017-04-27,96.199997,96.650002,95.559998,95.779999,94.43293,1319300
2017-04-28,95.760002,96.050003,95.16999799999999,95.889999,94.541389,957200
2017-05-01,95.940002,96.449997,95.230003,95.260002,93.92025,926000
2017-05-02,95.220001,95.699997,94.480003,95.360001,94.018845,1962400
2017-05-03,92.019997,93.040001,89.269997,90.889999,89.61171,8211200
2017-05-04,90.730003,93.349998,90.389999,91.730003,90.43989599999999,3582400
2017-05-05,92.309998,93.220001,92.160004,93.120003,91.810349,1983100
2017-05-08,93.43,94.0,93.099998,93.93,92.60895500000001,2386800
2017-05-09,93.68,93.889999,92.589996,92.800003,91.494843,1274400
2017-05-10,92.66999799999999,92.870003,92.239998,92.82,91.514565,933300
2017-05-11,92.58000200000001,93.510002,92.5,93.489998,92.17514,1116400
2017-05-12,93.459999,93.989998,93.029999,93.739998,92.421623,1307400
2017-05-15,93.5,94.279999,93.5,94.08000200000001,92.756844,959600
2017-05-16,94.050003,94.599998,93.959999,94.07,92.74697900000001,967500
2017-05-17,94.07,94.5,92.809998,93.029999,91.721611,1443100
2017-05-18,92.849998,92.860001,92.300003,92.519997,91.218781,1656200
2017-05-19,92.870003,94.220001,92.540001,94.129997,92.80613699999999,1968400
2017-05-22,94.610001,95.5,94.290001,95.16999799999999,93.831512,2202400
2017-05-23,95.309998,95.519997,94.309998,94.849998,93.51602199999999,2302400
2017-05-24,94.690002,94.910004,94.010002,94.440002,93.111778,1376900
2017-05-25,94.959999,95.190002,94.449997,94.660004,93.328682,1543500
2017-05-26,94.08000200000001,96.050003,93.809998,95.779999,94.843727,1733500
2017-05-30,95.410004,95.800003,94.779999,95.279999,94.348618,1609000
2017-05-31,95.5,96.290001,94.540001,94.790001,93.863411,2960900
2017-06-01,95.010002,96.589996,95.010002,96.589996,95.64580500000001,1786600
2017-06-02,96.879997,97.379997,96.41999799999999,96.860001,95.913177,1003400
2017-06-05,96.379997,96.559998,95.620003,96.25,95.309135,1816800
2017-06-06,96.139999,96.589996,95.82,96.019997,95.081375,1019700
2017-06-07,95.989998,97.5,88.32,89.779999,88.902374,9451700
2017-06-08,89.779999,89.949997,86.029999,87.160004,86.307999,8585700
2017-06-09,86.800003,87.41999799999999,86.150002,87.400002,86.545647,3918300
2017-06-12,87.199997,88.260002,86.879997,88.260002,87.39724,3622100
2017-06-13,88.449997,89.230003,88.0,88.980003,88.11020699999999,2734600
2017-06-14,89.33000200000001,89.769997,87.730003,88.120003,87.258606,2065900
2017-06-15,87.800003,87.980003,87.239998,87.639999,86.783295,2087300
2017-06-16,87.660004,87.839996,85.989998,86.849998,86.00102199999999,3149200
2017-06-19,87.059998,87.059998,85.910004,86.58000200000001,85.733665,3072500
2017-06-20,86.470001,87.209999,86.400002,86.660004,85.812881,1595600
2017-06-21,86.5,86.860001,85.589996,85.769997,84.931572,1376500
2017-06-22,85.709999,86.300003,85.459999,85.949997,85.109818,1684900
2017-06-23,85.980003,86.709999,85.760002,86.5,85.654442,1770600
2017-06-26,86.940002,87.16999799999999,86.349998,86.349998,85.505905,1161800
2017-06-27,86.400002,86.589996,85.769997,86.379997,85.535614,1257800
2017-06-28,86.779999,87.82,86.5,87.41999799999999,86.565453,1497500
2017-06-29,87.410004,87.410004,85.900002,86.459999,85.61483,1311200
2017-06-30,86.860001,86.959999,86.300003,86.339996,85.496002,1015600
2017-07-03,86.68,86.980003,86.190002,86.410004,85.56532299999999,516300
2017-07-05,86.150002,86.690002,85.91999799999999,86.440002,85.59503199999999,1719500
2017-07-06,86.32,86.860001,86.040001,86.199997,85.35736800000001,1011400
2017-07-07,86.199997,86.720001,85.839996,86.129997,85.288055,1330500
2017-07-10,86.550003,86.730003,85.550003,85.610001,84.77314799999999,837000
2017-07-11,85.559998,86.269997,85.339996,85.91999799999999,85.080109,988500
2017-07-12,86.709999,87.559998,86.260002,86.75,85.902,2656700
2017-07-13,87.040001,87.33000200000001,86.41999799999999,86.989998,86.139656,1921500
2017-07-14,87.279999,88.029999,87.110001,87.889999,87.03085300000001,983400
2017-07-17,88.040001,88.220001,87.470001,87.510002,86.654579,974400
2017-07-18,87.699997,87.800003,87.220001,87.620003,86.763504,665000
2017-07-19,87.75,88.589996,87.32,88.529999,87.664597,1312400
2017-07-20,88.620003,88.910004,87.489998,87.540001,86.68428,1253200
2017-07-21,87.510002,88.120003,87.290001,87.980003,87.11998,1869000
2017-07-24,87.940002,88.370003,87.739998,87.959999,87.100166,1334700
2017-07-25,87.970001,88.870003,87.800003,88.58000200000001,87.714111,1268200
2017-07-26,88.779999,89.360001,88.360001,89.040001,88.169617,2105800
2017-07-27,89.599998,90.5,89.110001,89.57,88.694435,1323200
2017-07-28,89.790001,89.800003,88.550003,89.110001,88.23893000000001,718000
2017-07-31,89.260002,89.360001,88.66999799999999,88.980003,88.11020699999999,872300
2017-08-01,89.099998,89.510002,88.800003,89.190002,88.31815300000001,1498600
2017-08-02,93.610001,94.019997,90.760002,91.83000200000001,90.932343,2702100
2017-08-03,91.699997,92.540001,90.800003,90.870003,89.981728,1566100
2017-08-04,90.980003,91.339996,90.120003,90.510002,89.625244,1209000
2017-08-07,90.43,90.510002,89.839996,89.849998,88.971695,1288800
2017-08-08,89.93,91.139999,89.910004,90.660004,89.773781,1778200
2017-08-09,90.610001,90.720001,90.010002,90.5,89.615341,1131900
2017-08-10,90.0,90.709999,89.470001,90.199997,89.318268,1150100
2017-08-11,90.32,91.099998,89.709999,90.400002,89.516319,688600
2017-08-14,90.599998,91.349998,90.540001,90.870003,89.981728,782500
2017-08-15,90.779999,91.260002,90.57,91.07,90.179771,719800
2017-08-16,91.08000200000001,91.739998,90.959999,91.339996,90.447128,803800
2017-08-17,91.150002,91.519997,89.940002,89.959999,89.08062,953300
2017-08-18,89.809998,90.099998,89.33000200000001,89.739998,88.86277,1091500
2017-08-21,89.790001,90.129997,89.510002,89.730003,88.852867,470100
2017-08-22,89.779999,90.16999799999999,88.300003,89.019997,88.149811,1973800
2017-08-23,88.849998,89.769997,88.339996,89.389999,88.51619699999999,1441200
2017-08-24,89.089996,89.870003,88.269997,89.809998,88.93208299999999,3484300
2017-08-25,90.190002,91.360001,89.809998,91.0,90.110458,2468000
2017-08-28,91.040001,91.120003,89.110001,89.489998,88.615219,3669600
2017-08-29,88.389999,89.540001,88.360001,89.389999,88.923599,1102700
2017-08-30,89.43,89.980003,89.43,89.629997,89.162346,711800
2017-08-31,89.870003,90.400002,89.589996,89.75,89.281723,1241800
2017-09-01,89.989998,90.620003,89.66999799999999,90.029999,89.560257,942500
2017-09-05,89.709999,90.110001,88.550003,88.879997,88.416252,1289900
2017-09-06,89.019997,89.339996,88.360001,88.720001,88.25709499999999,1987800
2017-09-07,88.870003,89.16999799999999,87.83000200000001,87.940002,87.481163,1547400
2017-09-08,88.08000200000001,88.41999799999999,87.639999,88.25,87.78954300000001,1786700
2017-09-11,88.550003,89.550003,88.400002,89.410004,88.943497,1194300
2017-09-12,89.559998,90.25,89.239998,89.699997,89.23197900000001,679300
2017-09-13,88.889999,89.370003,88.279999,88.58000200000001,88.117828,1717900
2017-09-14,88.410004,89.129997,87.68,87.769997,87.31205,1139000
2017-09-15,87.480003,87.879997,86.660004,87.25,86.794762,1724300
2017-09-18,87.25,87.25,85.889999,86.129997,85.680603,1407300
2017-09-19,86.139999,86.41999799999999,85.209999,85.470001,85.024055,1094900
2017-09-20,85.25,85.58000200000001,83.18,83.480003,83.044434,1777800
2017-09-21,83.550003,83.550003,82.139999,82.809998,82.37793,1537500
2017-09-22,82.809998,83.199997,82.510002,82.809998,82.37793,1475900
2017-09-25,82.83000200000001,83.0,81.910004,82.220001,81.79100799999999,2207300
2017-09-26,82.190002,82.870003,81.940002,82.349998,81.920326,1231200
2017-09-27,82.220001,82.349998,81.57,81.860001,81.432884,1460400
2017-09-28,81.690002,81.989998,80.91999799999999,81.349998,80.925545,1677800
2017-09-29,81.559998,82.300003,81.410004,81.639999,81.214035,1614100
2017-10-02,81.769997,82.220001,81.41999799999999,82.019997,81.592049,2365300
2017-10-03,82.230003,82.639999,81.699997,81.91999799999999,81.49256899999999,999200
2017-10-04,81.93,83.720001,81.93,83.18,82.746002,1192700
2017-10-05,83.690002,84.160004,82.959999,83.110001,82.676361,1469500
2017-10-06,82.800003,83.25,82.68,83.18,82.746002,867300
2017-10-09,83.150002,83.389999,82.08000200000001,82.260002,81.830803,1034400
2017-10-10,82.360001,84.089996,82.360001,83.970001,83.531876,1670800
2017-10-11,83.949997,84.279999,83.690002,84.139999,83.700989,1790100
2017-10-12,83.91999799999999,84.389999,83.779999,84.349998,83.909889,806900
2017-10-13,84.720001,84.910004,83.449997,83.589996,83.15385400000001,1236300
2017-10-16,83.41999799999999,83.870003,82.510002,82.75,82.31824499999999,1339100
2017-10-17,82.66999799999999,83.010002,82.239998,82.699997,82.268501,1354200
2017-10-18,82.989998,83.059998,82.459999,82.599998,82.169022,1789300
2017-10-19,82.5,83.870003,82.470001,83.58000200000001,83.143913,1640200
2017-10-20,83.860001,83.860001,82.989998,83.25,82.815636,1136000
2017-10-23,83.5,83.690002,83.139999,83.610001,83.17375899999999,1301500
2017-10-24,83.410004,83.66999799999999,82.849998,83.57,83.133965,846900
2017-10-25,83.440002,83.440002,81.209999,82.260002,81.830803,2454300
2017-10-26,82.0,82.0,80.349998,80.370003,79.950661,2009000
2017-10-27,80.150002,80.269997,78.099998,78.43,78.020782,2285300
2017-10-30,78.199997,79.279999,78.18,78.949997,78.538063,1497300
2017-10-31,79.239998,80.959999,79.120003,80.870003,80.448051,2011900
2017-11-01,81.589996,83.32,80.25,81.040001,80.617165,2501700
2017-11-02,80.75,80.860001,78.5,79.08000200000001,78.667397,2511300
2017-11-03,79.150002,80.309998,79.150002,79.760002,79.343849,1290300
2017-11-06,79.629997,79.849998,78.629997,78.889999,78.478378,1233900
2017-11-07,78.639999,79.459999,78.639999,78.879997,78.46843,1197300
2017-11-08,79.199997,79.809998,78.610001,79.629997,79.214516,1230200
2017-11-09,79.43,80.779999,79.43,80.529999,80.109825,946600
2017-11-10,80.57,80.790001,80.099998,80.339996,79.920815,1292100
2017-11-13,80.160004,81.230003,80.160004,80.839996,80.418205,982700
2017-11-14,80.5,81.25,80.120003,80.519997,80.099876,861900
2017-11-15,80.5,82.0,78.699997,78.790001,78.378906,1435500
2017-11-16,78.790001,80.18,78.599998,79.489998,79.075249,1207000
2017-11-17,79.239998,79.970001,78.879997,79.68,79.264259,748800
2017-11-20,79.480003,79.66999799999999,79.050003,79.199997,78.78675799999999,1184500
2017-11-21,79.410004,80.099998,79.199997,79.32,78.906136,872700
2017-11-22,79.610001,79.839996,79.269997,79.540001,79.124992,1473200
2017-11-24,79.93,79.93,79.489998,79.66999799999999,79.254311,294000
2017-11-27,79.589996,79.730003,78.91999799999999,79.379997,78.96582,951500
2017-11-28,79.360001,79.66999799999999,78.370003,78.58000200000001,78.16999799999999,1401900
2017-11-29,78.110001,78.269997,76.25,76.519997,76.519997,1999800
2017-11-30,76.510002,78.220001,76.279999,78.099998,78.099998,2076800
2017-12-01,78.220001,79.639999,78.08000200000001,79.209999,79.209999,1485900
2017-12-04,79.559998,81.0,79.010002,80.510002,80.510002,1587100
2017-12-05,80.699997,81.050003,79.690002,80.32,80.32,1248800
2017-12-06,80.57,81.379997,80.360001,81.07,81.07,1341000
2017-12-07,79.949997,80.809998,79.860001,79.949997,79.949997,816500
2017-12-08,79.940002,80.18,79.019997,80.139999,80.139999,980200
2017-12-11,80.0,81.019997,79.690002,80.790001,80.790001,979200
2017-12-12,80.760002,81.050003,80.089996,80.150002,80.150002,952700
2017-12-13,80.110001,80.230003,79.209999,79.5,79.5,931500
2017-12-14,79.5,80.33000200000001,79.279999,79.370003,79.370003,1062600
2017-12-15,79.58000200000001,80.550003,79.440002,79.800003,79.800003,2356600
2017-12-18,80.57,81.43,80.57,80.849998,80.849998,1516000
2017-12-19,81.16999799999999,81.470001,80.629997,80.699997,80.699997,1522800
2017-12-20,80.66999799999999,80.849998,79.540001,80.589996,80.589996,1105300
2017-12-21,80.699997,81.559998,80.58000200000001,81.18,81.18,1503600
2017-12-22,81.349998,81.550003,80.879997,81.099998,81.099998,803100
2017-12-26,81.190002,81.93,81.150002,81.82,81.82,558900
2017-12-27,82.019997,82.360001,81.639999,81.68,81.68,672200
2017-12-28,81.849998,82.150002,81.43,82.029999,82.029999,660000
2017-12-29,82.209999,82.550003,82.010002,82.07,82.07,798700
2018-01-02,82.239998,82.610001,81.639999,82.239998,82.239998,1136000
2018-01-03,81.910004,82.300003,81.25,81.449997,81.449997,1330900
2018-01-04,81.82,82.449997,81.58000200000001,82.0,82.0,966000
2018-01-05,82.43,83.07,82.050003,82.93,82.93,1206500
2018-01-08,82.860001,84.230003,82.559998,83.82,83.82,1592000
2018-01-09,83.879997,84.230003,82.559998,83.629997,83.629997,1442600
2018-01-10,83.790001,85.760002,83.690002,85.209999,85.209999,1795000
2018-01-11,85.440002,85.860001,84.370003,84.489998,84.489998,904100
2018-01-12,84.889999,85.16999799999999,84.5,84.879997,84.879997,1191300
2018-01-16,85.040001,85.08000200000001,84.389999,84.720001,84.720001,1832600
2018-01-17,85.0,85.370003,84.5,84.68,84.68,1090900
2018-01-18,84.660004,84.660004,83.099998,83.25,83.25,1719600
2018-01-19,83.510002,83.970001,83.25,83.769997,83.769997,1225600
2018-01-22,83.709999,84.120003,83.360001,84.059998,84.059998,1328700
2018-01-23,84.08000200000001,84.089996,83.190002,83.260002,83.260002,1047600
2018-01-24,83.58000200000001,84.099998,83.160004,83.889999,83.889999,884000
2018-01-25,83.900002,84.16999799999999,83.300003,83.790001,83.790001,905200
2018-01-26,83.66999799999999,84.440002,83.25,84.389999,84.389999,978100
2018-01-29,84.129997,84.629997,83.470001,83.480003,83.480003,805800
2018-01-30,83.449997,84.220001,83.43,83.480003,83.480003,979800
2018-01-31,83.690002,84.18,83.18,84.019997,84.019997,1053700
2018-02-01,83.849998,83.910004,83.110001,83.550003,83.550003,759700
2018-02-02,82.959999,83.089996,80.800003,81.059998,81.059998,1242600
2018-02-05,80.440002,81.58000200000001,77.349998,77.68,77.68,1763500
2018-02-06,76.980003,78.480003,76.760002,77.980003,77.980003,2208700
2018-02-07,77.610001,78.209999,75.790001,76.160004,76.160004,2525100
2018-02-08,76.790001,76.889999,74.5,74.510002,74.510002,2568800
2018-02-09,74.839996,75.269997,72.709999,74.209999,74.209999,2405100
2018-02-12,75.529999,76.68,75.160004,75.769997,75.769997,1989500
2018-02-13,75.620003,76.089996,74.110001,75.699997,75.699997,1669300
2018-02-14,77.25,80.690002,77.0,80.449997,80.449997,3886400
2018-02-15,80.489998,81.860001,79.150002,81.739998,81.739998,2086000
2018-02-16,81.709999,82.290001,80.889999,81.470001,81.470001,1706600
2018-02-20,81.059998,81.269997,79.709999,79.75,79.75,1688100
