Date,Open,High,Low,Close,Adj Close,Volume
2017-01-03,31.35,32.02,30.860001,31.459999,30.193689000000003,5750600
2017-01-04,31.459999,31.58,31.07,31.360001,30.097715,4273900
2017-01-05,31.42,31.91,31.26,31.74,30.46242,7443700
2017-01-06,31.91,32.689999,31.780001000000002,32.419998,31.115044,5847100
2017-01-09,32.060001,32.380001,31.700001,31.93,30.64477,5846100
2017-01-10,31.93,31.93,28.459999,28.5,27.352831,105693000
2017-01-11,28.57,28.85,28.26,28.780001000000002,27.621565000000004,21372100
2017-01-12,28.84,28.92,28.549999,28.700001,27.544784999999997,13638900
2017-01-13,28.620001000000002,28.809998999999998,28.5,28.559998999999998,27.410415999999998,7703700
2017-01-17,28.75,28.75,27.99,28.440001000000002,27.29525,9664300
2017-01-18,28.51,28.6,28.049999,28.34,27.199271999999997,9571600
2017-01-19,28.33,28.549999,28.139999,28.450001,27.304844,6709800
2017-01-20,28.549999,28.59,27.99,28.209999,27.074505,11521700
2017-01-23,28.450001,28.48,28.040001,28.209999,27.074505,9476700
2017-01-24,28.290001,28.620001000000002,28.07,28.48,27.333639,10927400
2017-01-25,28.43,28.84,28.360001,28.809998999999998,27.650353999999997,7551400
2017-01-26,28.959999,29.23,28.83,28.969998999999998,27.803913,11389900
2017-01-27,28.780001000000002,28.879998999999998,28.1,28.5,27.352831,7952200
2017-01-30,28.4,28.450001,27.75,28.17,27.036115999999996,7033300
2017-01-31,28.360001,28.9,28.23,28.84,27.67915,13708900
2017-02-01,29.0,29.219998999999998,28.200001,28.33,27.189674,8534800
2017-02-02,28.43,28.68,28.030001000000002,28.639999,27.487196,4913600
2017-02-03,28.73,28.99,28.610001,28.889999,27.727137,4755400
2017-02-06,29.299999,29.690001000000002,29.0,29.18,28.005463,9897700
2017-02-07,28.93,29.209999,28.459999,28.530001000000002,27.381626,5653600
2017-02-08,28.35,28.540001,27.9,28.299999,27.160883000000002,7745000
2017-02-09,28.299999,29.09,28.299999,28.67,27.515992999999998,5639600
2017-02-10,28.93,28.93,28.389999,28.440001000000002,27.29525,6219700
2017-02-13,28.379998999999998,29.08,28.370001000000002,29.040001,27.871097999999996,4798100
2017-02-14,29.01,29.219998999999998,28.65,28.889999,27.727137,10654600
2017-02-15,28.84,29.110001,28.75,28.99,27.823109000000002,5023500
2017-02-16,29.1,29.200001,27.959999,27.99,26.863359000000003,11752900
2017-02-17,27.959999,28.469998999999998,27.950001,28.200001,27.064911,6406300
2017-02-21,28.49,28.969998999999998,28.379998999999998,28.870001000000002,27.707940999999998,7566200
2017-02-22,28.57,28.799999,27.709999,28.0,26.872959,15363500
2017-02-23,28.389999,28.530001000000002,27.950001,28.27,27.132092,9523000
2017-02-24,28.15,28.24,27.68,27.969998999999998,26.844165999999998,8715700
2017-02-27,28.040001,28.43,27.950001,28.15,27.016920000000002,9119400
2017-02-28,28.120001000000002,28.83,28.09,28.34,27.199271999999997,10093400
2017-03-01,28.780001000000002,29.040001,28.629998999999998,28.790001,27.631159000000004,8215900
2017-03-02,28.790001,29.41,28.370001000000002,29.040001,27.871097999999996,9409000
2017-03-03,29.049999,29.879998999999998,28.969998999999998,29.65,28.456543,6797500
2017-03-06,29.52,29.870001000000002,29.290001,29.83,28.629296999999998,6454600
2017-03-07,29.84,29.93,29.18,29.42,28.235802000000003,7527500
2017-03-08,29.1,29.200001,28.51,28.549999,27.683109,8697600
2017-03-09,28.389999,28.870001000000002,28.110001,28.85,27.974001,7369000
2017-03-10,29.040001,29.139999,28.68,28.92,28.041874,7794400
2017-03-13,28.790001,29.110001,28.709999,28.85,27.974001,4649200
2017-03-14,28.52,28.67,28.09,28.110001,27.25647,4882100
2017-03-15,28.459999,28.93,28.280001000000002,28.84,27.964304,6635800
2017-03-16,28.9,28.940001000000002,28.57,28.629998999999998,27.760680999999998,6554200
2017-03-17,28.66,28.85,28.469998999999998,28.57,27.702501,12353300
2017-03-20,28.49,29.02,28.450001,28.74,27.867340000000002,5279200
2017-03-21,28.879998999999998,29.08,28.0,28.360001,27.498878,7804100
2017-03-22,28.379998999999998,28.629998999999998,28.1,28.440001000000002,27.57645,5845800
2017-03-23,28.450001,28.59,28.24,28.4,27.537663000000002,4897800
2017-03-24,28.58,28.92,28.51,28.690001000000002,27.818861,4886300
2017-03-27,28.4,28.709999,28.25,28.66,27.78977,4361100
2017-03-28,28.82,28.98,28.389999,28.59,27.721897,10944900
2017-03-29,28.59,29.51,28.52,29.34,28.449122999999997,8425500
2017-03-30,29.48,29.48,29.030001000000002,29.059998999999998,28.177623999999998,13720700
2017-03-31,29.059998999999998,29.690001000000002,29.059998999999998,29.59,28.69153,9239800
2017-04-03,29.6,29.85,29.27,29.84,28.933940999999997,8659100
2017-04-04,29.860001,29.99,29.540001,29.92,29.011511,4858800
2017-04-05,30.030001000000002,30.33,29.57,29.66,28.759407,7594400
2017-04-06,29.82,30.26,29.629998999999998,30.25,29.331490000000002,5870000
2017-04-07,30.4,30.6,30.26,30.35,29.428455,6736900
2017-04-10,30.530001000000002,30.59,30.360001,30.52,29.593291999999998,4685000
2017-04-11,30.52,30.690001000000002,30.200001,30.360001,29.43815,4207900
2017-04-12,30.48,30.690001000000002,30.16,30.379998999999998,29.457542,5303800
2017-04-13,30.42,30.530001000000002,30.0,30.059998999999998,29.147261,3898700
2017-04-17,30.15,30.559998999999998,30.110001,30.18,29.263617,5114500
2017-04-18,30.17,30.559998999999998,29.940001000000002,30.42,29.496328000000002,5411700
2017-04-19,30.459999,30.58,30.02,30.23,29.312099,5757500
2017-04-20,30.27,30.5,30.040001,30.26,29.341188,4967200
2017-04-21,30.17,30.24,29.719998999999998,30.01,29.098779999999998,7497400
2017-04-24,30.190001000000002,30.32,29.959999,29.98,29.069689,4966100
2017-04-25,29.950001,30.860001,29.870001000000002,30.809998999999998,29.874487,10917500
2017-04-26,30.58,31.02,30.530001000000002,30.780001000000002,29.845398,7149100
2017-04-27,30.59,30.9,30.35,30.75,29.816309000000004,5240100
2017-04-28,30.84,30.84,30.440001000000002,30.629998999999998,29.699953000000004,5955700
2017-05-01,30.629998999999998,30.860001,30.469998999999998,30.799999,29.864791999999998,4483700
2017-05-02,30.74,30.82,30.25,30.33,29.409063,5965900
2017-05-03,30.24,30.91,30.16,30.709999,29.777523,10180600
2017-05-04,30.309998999999998,30.5,29.24,29.530001000000002,28.633353999999997,13769000
2017-05-05,29.52,30.290001,29.469998999999998,30.25,29.331490000000002,5970600
2017-05-08,30.42,30.66,30.08,30.629998999999998,29.699953000000004,5142200
2017-05-09,30.540001,30.59,29.879998999999998,30.059998999999998,29.147261,4637600
2017-05-10,30.280001000000002,30.85,30.190001000000002,30.76,29.826006,7436200
2017-05-11,30.75,30.83,30.209999,30.27,29.350884999999998,7316700
2017-05-12,30.299999,30.440001000000002,29.969998999999998,30.32,29.399364000000002,6050200
2017-05-15,30.83,31.25,30.68,30.780001000000002,29.845398,6649000
2017-05-16,30.870001000000002,30.950001,30.49,30.620001000000002,29.690258,2899200
2017-05-17,30.620001000000002,30.620001000000002,30.049999,30.09,29.17635,4518300
2017-05-18,29.76,30.16,29.73,29.9,28.992116999999997,5336500
2017-05-19,30.1,30.440001000000002,30.01,30.200001,29.283009999999997,7059800
2017-05-22,30.360001,30.42,29.959999,30.24,29.321795,3610800
2017-05-23,30.33,30.73,30.299999,30.49,29.564203000000003,4019700
2017-05-24,30.4,30.690001000000002,30.040001,30.280001000000002,29.36058,4757800
2017-05-25,30.24,30.620001000000002,29.75,29.860001,28.953333,7004100
2017-05-26,29.879998999999998,29.9,29.4,29.690001000000002,28.788496000000002,5106300
2017-05-30,29.450001,29.559998999999998,28.65,28.690001000000002,27.818861,7473700
2017-05-31,28.450001,28.68,28.1,28.6,27.731592,10644600
2017-06-01,28.6,29.02,28.6,28.809998999999998,27.935215000000003,3667900
2017-06-02,28.719998999999998,28.9,28.48,28.879998999999998,28.003088,5130800
2017-06-05,28.719998999999998,29.110001,28.620001000000002,28.99,28.109751,4525700
2017-06-06,28.85,29.32,28.790001,29.25,28.361855,5110300
2017-06-07,28.9,29.190001000000002,28.459999,28.73,28.146324,5110400
2017-06-08,28.73,29.299999,28.58,28.93,28.342261999999998,7796500
2017-06-09,28.969998999999998,29.459999,28.940001000000002,29.389999,28.792915,4767800
2017-06-12,29.49,29.610001,29.129998999999998,29.469998999999998,28.871290000000002,5977500
2017-06-13,29.440001000000002,29.690001000000002,29.389999,29.549999,28.949665000000003,5917000
2017-06-14,29.549999,29.58,28.559998999999998,28.790001,28.205107,5931800
2017-06-15,28.639999,29.01,28.219998999999998,28.299999,27.72506,5195100
2017-06-16,28.52,29.209999,28.5,29.120001000000002,28.528402000000003,8328100
2017-06-19,29.139999,29.209999,28.74,28.870001000000002,28.283479999999997,3869400
2017-06-20,28.549999,28.549999,28.01,28.43,27.852421000000003,8115800
2017-06-21,28.58,28.74,27.73,27.85,27.284203,7249500
2017-06-22,27.92,28.200001,27.65,28.17,27.597702,5991800
2017-06-23,28.219998999999998,28.780001000000002,28.07,28.75,28.165917999999998,9003000
2017-06-26,28.76,29.049999,28.58,28.969998999999998,28.381449,3844600
2017-06-27,29.08,29.48,29.049999,29.17,28.577384999999996,7548300
2017-06-28,29.200001,29.84,29.16,29.75,29.145601,8364000
2017-06-29,29.82,30.25,29.719998999999998,29.799999,29.194585999999997,11878100
2017-06-30,29.959999,30.43,29.84,30.280001000000002,29.664834999999997,6854400
2017-07-03,30.49,31.02,30.450001,30.83,30.203661,3062100
2017-07-05,30.74,30.799999,30.219998999999998,30.35,29.733414,6948900
2017-07-06,30.5,30.77,30.299999,30.469998999999998,29.850973,5590600
2017-07-07,30.459999,30.559998999999998,30.209999,30.41,29.792194,6245900
2017-07-10,30.389999,30.58,30.26,30.440001000000002,29.821585,4915600
2017-07-11,30.440001000000002,30.51,30.18,30.43,29.811787,3698100
2017-07-12,30.82,31.030001000000002,30.68,30.790001,30.164474,4098000
2017-07-13,30.93,31.24,30.799999,31.16,30.526957,3801400
2017-07-14,31.120001000000002,31.629998999999998,31.110001,31.43,30.791473,4441100
2017-07-17,31.4,31.620001000000002,31.34,31.440001000000002,30.801268,2592700
2017-07-18,31.639999,31.76,31.139999,31.15,30.517159000000003,4599700
2017-07-19,31.15,31.34,30.959999,31.25,30.615129,5844600
2017-07-20,31.469998999999998,31.860001,31.26,31.43,30.791473,6070900
2017-07-21,31.440001000000002,31.65,31.290001,31.450001,30.811065999999997,5769600
2017-07-24,31.530001000000002,31.77,31.530001000000002,31.67,31.026596,4586100
2017-07-25,31.969998999999998,32.139998999999996,31.59,31.6,30.958016999999998,4716100
2017-07-26,31.73,32.07,31.549999,31.610001,30.967815,4663000
2017-07-27,31.559998999999998,32.02,31.52,31.98,31.330296,4622600
2017-07-28,31.92,32.18,31.870001000000002,31.99,31.340094,3464900
2017-07-31,32.0,32.07,31.58,31.780001000000002,31.134361,3355600
2017-08-01,31.870001000000002,31.940001000000002,31.59,31.719998999999998,31.075581,5497200
2017-08-02,31.5,31.74,31.370001000000002,31.639999,30.997206,3942200
2017-08-03,30.73,31.49,30.5,31.059998999999998,30.428988,5006700
2017-08-04,31.129998999999998,31.26,30.91,30.98,30.350613,4362300
2017-08-07,30.889999,31.059998999999998,30.65,31.02,30.389801000000002,5057300
2017-08-08,30.91,31.110001,30.389999,30.49,29.870569,5710400
2017-08-09,30.530001000000002,30.93,30.450001,30.629998999999998,30.007723,3547100
2017-08-10,30.639999,30.73,30.01,30.049999,29.439507,3679900
2017-08-11,30.049999,30.25,29.959999,30.08,29.468899,2391800
2017-08-14,30.209999,30.65,30.02,30.110001,29.498289,3849600
2017-08-15,30.02,30.16,29.74,29.969998999999998,29.361132,6760200
2017-08-16,30.0,30.02,29.440001000000002,29.620001000000002,29.018244,3488400
2017-08-17,29.440001000000002,29.709999,29.059998999999998,29.08,28.489214,3442500
2017-08-18,29.09,29.209999,28.76,29.07,28.479415999999997,4842800
2017-08-21,29.040001,29.129998999999998,28.84,29.01,28.420637,5400500
2017-08-22,29.120001000000002,29.629998999999998,29.1,29.5,28.900681,2909900
2017-08-23,29.4,29.809998999999998,29.4,29.49,28.890884000000003,4670600
2017-08-24,29.43,29.629998999999998,29.41,29.469998999999998,28.871290000000002,2182400
2017-08-25,29.549999,29.59,29.389999,29.389999,28.792915,3668400
2017-08-28,29.450001,29.49,28.92,29.17,28.577384999999996,3011000
2017-08-29,28.950001,29.23,28.799999,29.17,28.577384999999996,2918200
2017-08-30,29.1,29.24,28.950001,29.129998999999998,28.538196999999997,2932400
2017-08-31,29.209999,29.790001,29.1,29.73,29.126009000000003,3758600
2017-09-01,29.809998999999998,30.219998999999998,29.639999,30.059998999999998,29.449305,4311900
2017-09-05,30.17,30.34,29.92,30.15,29.537476,3707700
2017-09-06,30.23,30.52,30.08,30.110001,29.498289,6601800
2017-09-07,29.84,29.99,29.629998999999998,29.809998999999998,29.498287,2912200
2017-09-08,29.709999,29.93,29.549999,29.690001000000002,29.379542999999998,3272000
2017-09-11,29.74,30.41,29.709999,30.25,29.933687,4822900
2017-09-12,30.26,30.51,30.129998999999998,30.209999,29.894104,3205900
2017-09-13,30.33,30.49,30.209999,30.42,30.101909999999997,3078500
2017-09-14,30.41,30.780001000000002,30.299999,30.41,30.092014000000002,6581200
2017-09-15,30.549999,30.59,30.200001,30.299999,29.983164000000002,6718500
2017-09-18,30.25,30.610001,30.18,30.58,30.260237,6099900
2017-09-19,30.639999,30.76,30.48,30.5,30.181071999999997,3955500
2017-09-20,30.52,30.74,30.33,30.389999,30.072221999999996,5193500
2017-09-21,30.34,30.41,29.790001,29.99,29.676405,4455500
2017-09-22,29.99,30.1,29.77,30.0,29.686302,2886600
2017-09-25,30.09,30.76,30.08,30.59,30.270132,5957400
2017-09-26,30.5,30.639999,30.219998999999998,30.23,29.913897,6027700
2017-09-27,30.309998999999998,30.35,29.91,29.98,29.66651,3561800
2017-09-28,29.940001000000002,30.0,29.709999,30.0,29.686302,3270100
2017-09-29,29.860001,30.08,29.84,30.01,29.696198,2996200
2017-10-02,29.84,30.219998999999998,29.75,30.049999,29.735777000000002,3343400
2017-10-03,30.040001,30.379998999999998,29.91,30.290001,29.97327,3966600
2017-10-04,30.280001000000002,30.33,29.950001,30.040001,29.725883000000003,3600200
2017-10-05,30.08,30.4,29.950001,30.34,30.022747,2629800
2017-10-06,30.16,30.309998999999998,29.93,30.110001,29.795153000000003,2652000
2017-10-09,30.139999,30.27,30.030001000000002,30.059998999999998,29.745673999999998,2257600
2017-10-10,30.26,30.379998999999998,29.93,30.030001000000002,29.715988,3374800
2017-10-11,30.059998999999998,30.18,29.959999,30.16,29.844627000000003,3809100
2017-10-12,29.940001000000002,30.299999,29.940001000000002,30.17,29.854525,2561600
2017-10-13,30.379998999999998,30.389999,29.860001,29.870001000000002,29.557661,3711700
2017-10-16,29.98,30.07,29.860001,29.940001000000002,29.626928000000003,2241800
2017-10-17,29.85,29.959999,29.76,29.92,29.607138,2661000
2017-10-18,29.93,30.08,29.469998999999998,29.690001000000002,29.379542999999998,4727000
2017-10-19,29.52,29.75,29.309998999999998,29.6,29.290483000000002,3766600
2017-10-20,29.709999,29.719998999999998,29.26,29.33,29.023308,3634900
2017-10-23,29.299999,29.35,28.790001,28.84,28.538431,4587900
2017-10-24,29.07,29.07,28.58,28.77,28.469164000000003,4541700
2017-10-25,28.709999,28.809998999999998,27.799999,28.34,28.043659,8670000
2017-10-26,28.34,28.6,28.18,28.41,28.112926,5617400
2017-10-27,28.309998999999998,28.85,28.1,28.620001000000002,28.320732,6612200
2017-10-30,28.709999,28.969998999999998,28.5,28.540001,28.24157,4330500
2017-10-31,28.43,28.549999,28.27,28.5,28.201985999999998,5526700
2017-11-01,28.84,29.110001,28.690001000000002,28.790001,28.488954999999997,6665800
2017-11-02,28.549999,28.780001000000002,27.950001,28.110001,27.816065000000002,7214200
2017-11-03,28.129998999999998,28.440001000000002,27.91,28.26,27.964496999999998,3826200
2017-11-06,28.280001000000002,28.82,28.190001000000002,28.790001,28.488954999999997,4539200
2017-11-07,28.68,28.82,28.190001000000002,28.77,28.469164000000003,8228100
2017-11-08,28.74,28.75,28.23,28.379998999999998,28.083240999999997,6688700
2017-11-09,28.219998999999998,28.93,28.219998999999998,28.67,28.370209000000003,4398900
2017-11-10,28.66,28.85,28.34,28.620001000000002,28.320732,5926200
2017-11-13,28.49,28.530001000000002,28.18,28.23,27.934809,3943200
2017-11-14,28.139999,28.17,27.67,27.719998999999998,27.430141,5536300
2017-11-15,27.5,27.73,27.209999,27.5,27.212442,4466100
2017-11-16,27.469998999999998,27.51,26.98,27.02,26.737463,4871700
2017-11-17,27.030001000000002,27.35,26.82,27.26,26.974953000000003,4270400
2017-11-20,27.26,27.5,26.969998999999998,27.32,27.034325,3588800
2017-11-21,27.440001000000002,27.620001000000002,27.190001000000002,27.24,26.955161999999998,4742700
2017-11-22,27.33,27.889999,27.32,27.75,27.459829,4854600
2017-11-24,27.870001000000002,28.42,27.860001,28.07,27.776482,3377400
2017-11-27,28.0,28.17,27.790001,27.98,27.687424,8213200
2017-11-28,28.0,28.4,27.809998999999998,28.360001,28.063452,8732900
2017-11-29,28.35,28.49,28.049999,28.32,28.023869,6372700
2017-11-30,28.469998999999998,29.24,28.360001,29.049999,28.746235,8075500
2017-12-01,29.290001,29.620001000000002,29.120001000000002,29.290001,28.983727000000002,6037000
2017-12-04,29.33,29.49,29.0,29.049999,28.746235,5973500
2017-12-05,29.16,29.24,28.969998999999998,29.07,28.766026,3888700
2017-12-06,28.92,28.99,28.549999,28.690001000000002,28.389999,4161000
2017-12-07,28.370001000000002,28.549999,28.18,28.469998999999998,28.469998999999998,4848000
2017-12-08,28.6,28.700001,28.219998999999998,28.549999,28.549999,8941800
2017-12-11,28.530001000000002,29.09,28.42,28.9,28.9,6743700
2017-12-12,28.93,29.280001000000002,28.75,29.08,29.08,4870600
2017-12-13,29.040001,29.200001,28.9,29.059998999999998,29.059998999999998,4760800
2017-12-14,29.049999,29.870001000000002,29.040001,29.68,29.68,6172900
2017-12-15,29.799999,30.0,29.58,29.73,29.73,10207000
2017-12-18,29.799999,30.42,29.799999,30.139999,30.139999,7266200
2017-12-19,30.290001,30.35,30.030001000000002,30.059998999999998,30.059998999999998,4810200
2017-12-20,30.139999,30.15,29.639999,30.049999,30.049999,7750900
2017-12-21,30.059998999999998,30.389999,30.0,30.32,30.32,5162500
2017-12-22,30.299999,30.459999,30.219998999999998,30.309998999999998,30.309998999999998,4144300
2017-12-26,30.42,30.690001000000002,30.35,30.49,30.49,2427100
2017-12-27,30.549999,30.57,30.290001,30.389999,30.389999,4036000
2017-12-28,30.42,30.549999,30.280001000000002,30.51,30.51,2961100
2017-12-29,30.59,30.719998999999998,30.41,30.49,30.49,2914900
2018-01-02,30.67,31.190001000000002,30.540001,31.139999,31.139999,4480300
2018-01-03,31.17,32.060001,31.139999,32.0,32.0,8969500
2018-01-04,32.060001,32.599998,31.82,32.549999,32.549999,7298600
2018-01-05,32.599998,32.650002,32.049999,32.459998999999996,32.459998999999996,6366700
2018-01-08,32.450001,32.59,32.259997999999996,32.580002,32.580002,5546000
2018-01-09,32.66,32.869999,32.470001,32.73,32.73,3928200
2018-01-10,32.75,32.779999,32.43,32.75,32.75,4201200
2018-01-11,32.82,33.119999,32.599998,33.099998,33.099998,5733100
2018-01-12,33.09,33.380001,32.830002,33.209998999999996,33.209998999999996,4371400
2018-01-16,33.330002,33.43,32.529999,32.59,32.59,5560100
2018-01-17,32.740002000000004,32.740002000000004,32.240002000000004,32.52,32.52,5128700
2018-01-18,32.509997999999996,32.509997999999996,32.240002000000004,32.279999,32.279999,4128000
2018-01-19,32.200001,32.330002,31.940001000000002,32.299999,32.299999,4335200
2018-01-22,32.369999,32.849998,32.34,32.849998,32.849998,5515700
2018-01-23,32.919998,33.32,32.700001,33.150002,33.150002,6036400
2018-01-24,33.189999,33.669998,33.060001,33.099998,33.099998,6536800
2018-01-25,32.700001,33.07,32.27,32.400002,32.400002,8226700
2018-01-26,32.560001,32.75,32.389998999999996,32.529999,32.529999,4727600
2018-01-29,32.290001000000004,32.470001,31.940001000000002,31.98,31.98,4984800
2018-01-30,31.690001000000002,31.77,31.290001,31.51,31.51,5362800
2018-01-31,31.620001000000002,31.799999,31.27,31.389999,31.389999,5094200
2018-02-01,31.540001,31.790001,31.370001000000002,31.68,31.68,4304600
2018-02-02,31.379998999999998,31.450001,30.610001,30.700001,30.700001,4370800
2018-02-05,30.299999,30.76,29.0,29.48,29.48,8692400
2018-02-06,28.950001,30.209999,28.690001000000002,30.17,30.17,11131700
2018-02-07,30.08,30.690001000000002,30.0,30.0,30.0,7717400
2018-02-08,30.040001,30.25,28.559998999999998,28.559998999999998,28.559998999999998,9151800
2018-02-09,28.76,28.99,27.559998999999998,28.610001,28.610001,10986200
2018-02-12,28.969998999999998,29.610001,28.92,29.42,29.42,6354000
2018-02-13,29.17,29.879998999999998,29.110001,29.77,29.77,5151500
2018-02-14,29.440001000000002,30.26,29.360001,29.98,29.98,4899500
2018-02-15,29.559998999999998,30.33,29.530001000000002,29.98,29.98,5296100
2018-02-16,29.83,29.9,28.85,28.91,28.91,6909100
2018-02-20,28.870001000000002,29.540001,28.84,29.09,29.09,4534100
