Date,Open,High,Low,Close,Adj Close,Volume
2017-01-03,21.879998999999998,22.1,21.75,21.969998999999998,21.193275,5085700
2017-01-04,22.02,22.469998999999998,21.99,22.41,21.617720000000002,4106600
2017-01-05,22.41,22.67,22.190001000000002,22.309998999999998,21.521257000000002,3856700
2017-01-06,22.35,22.59,22.18,22.57,21.772064,3296300
2017-01-09,22.6,22.700001,22.49,22.549999,21.752771,3240800
2017-01-10,22.52,22.530001000000002,22.200001,22.23,21.444084,5102800
2017-01-11,22.200001,22.34,22.120001000000002,22.32,21.530904999999997,5508900
2017-01-12,22.15,22.25,21.98,22.120001000000002,21.337975,4451900
2017-01-13,22.110001,22.23,22.030001000000002,22.17,21.386206,3919400
2017-01-17,22.120001000000002,22.17,21.940001000000002,22.01,21.231865,2398500
2017-01-18,22.1,22.18,21.799999,21.85,21.077517999999998,5704900
2017-01-19,21.93,22.15,20.450001,21.129998999999998,20.382975,15154300
2017-01-20,20.860001,21.040001,20.629998999999998,20.98,20.238277,9698700
2017-01-23,20.870001000000002,20.9,20.59,20.719998999999998,19.987469,6576800
2017-01-24,20.690001000000002,20.690001000000002,20.309998999999998,20.42,19.698076,9922900
2017-01-25,20.48,20.559998999999998,20.030001000000002,20.08,19.370094,10725200
2017-01-26,19.709999,19.82,19.25,19.59,18.897420999999998,17041200
2017-01-27,19.549999,19.629998999999998,19.440001000000002,19.59,18.897420999999998,5023000
2017-01-30,19.540001,19.629998999999998,19.4,19.610001,18.916710000000002,5965000
2017-01-31,19.6,19.629998999999998,19.469998999999998,19.58,18.887774,5454900
2017-02-01,19.639999,19.73,19.370001000000002,19.540001,18.84919,5718600
2017-02-02,19.51,19.809998999999998,19.459999,19.73,19.032469,6009000
2017-02-03,19.9,20.1,19.85,19.969998999999998,19.263985,6532200
2017-02-06,19.99,19.99,19.790001,19.83,19.128935000000002,3651600
2017-02-07,19.83,19.9,19.73,19.84,19.138579999999997,2370000
2017-02-08,19.790001,20.08,19.790001,19.91,19.206104,7612300
2017-02-09,19.91,20.41,19.91,20.379998999999998,19.659487,8871100
2017-02-10,19.74,20.1,19.299999,19.74,19.042114,14984400
2017-02-13,19.790001,19.889999,19.41,19.530001000000002,18.83954,12411700
2017-02-14,19.440001000000002,19.780001000000002,19.42,19.68,18.984236,6142400
2017-02-15,19.65,19.700001,19.540001,19.59,18.897420999999998,5105100
2017-02-16,19.59,19.629998999999998,19.469998999999998,19.549999,18.858831,5949300
2017-02-17,19.5,19.83,19.49,19.82,19.119287,5810300
2017-02-21,19.780001000000002,20.0,19.719998999999998,19.809998999999998,19.10964,4782900
2017-02-22,19.780001000000002,20.139999,19.75,19.99,19.283276,6089300
2017-02-23,20.030001000000002,20.049999,19.870001000000002,19.92,19.215754,6015900
2017-02-24,19.860001,20.33,19.799999,20.17,19.456915,5241400
2017-02-27,20.139999,20.200001,20.01,20.129998999999998,19.418326999999998,4912500
2017-02-28,20.16,20.190001000000002,19.59,19.639999,18.94565,12166600
2017-03-01,19.77,20.110001,19.76,19.91,19.206104,8837700
2017-03-02,19.889999,19.959999,19.68,19.93,19.225399,8966900
2017-03-03,19.940001000000002,20.059998999999998,19.860001,19.959999,19.254337,4242000
2017-03-06,19.889999,19.969998999999998,19.719998999999998,19.9,19.196459,3421000
2017-03-07,19.870001000000002,20.030001000000002,19.83,19.9,19.196459,4738200
2017-03-08,19.969998999999998,19.98,19.690001000000002,19.83,19.128935000000002,4579100
2017-03-09,19.809998999999998,19.85,19.629998999999998,19.67,18.97459,3091600
2017-03-10,19.74,19.879998999999998,19.629998999999998,19.67,18.97459,3621600
2017-03-13,19.65,19.73,19.530001000000002,19.58,18.887774,6240500
2017-03-14,19.75,20.58,19.75,20.27,19.553379,11973000
2017-03-15,20.209999,20.32,20.07,20.18,19.636087,5422600
2017-03-16,20.25,20.33,20.18,20.209999,19.665277,3986600
2017-03-17,20.23,20.48,20.17,20.4,19.850157,5068800
2017-03-20,20.41,20.459999,20.15,20.209999,19.665277,3526200
2017-03-21,20.23,20.309998999999998,20.07,20.09,19.548512,4349700
2017-03-22,20.110001,20.190001000000002,19.950001,20.129998999999998,19.587435,3076200
2017-03-23,20.110001,20.280001000000002,20.09,20.129998999999998,19.587435,3674700
2017-03-24,20.18,20.4,20.1,20.25,19.704201,3417600
2017-03-27,20.01,20.1,19.889999,20.030001000000002,19.490129,3593300
2017-03-28,19.969998999999998,20.24,19.950001,20.15,19.606895,4049700
2017-03-29,19.99,20.26,19.950001,20.25,19.704201,3240300
2017-03-30,20.219998999999998,20.530001000000002,20.219998999999998,20.49,19.937732999999998,3927800
2017-03-31,20.459999,20.469998999999998,20.26,20.35,19.801506,5600300
2017-04-03,20.34,20.35,19.66,19.77,19.237139000000003,5805200
2017-04-04,19.76,19.790001,19.6,19.709999,19.178755,3722300
2017-04-05,19.809998999999998,19.969998999999998,19.66,19.66,19.130101999999997,3579300
2017-04-06,19.700001,19.74,19.559998999999998,19.59,19.061989,4535600
2017-04-07,19.6,19.6,19.26,19.360001,18.838188,8901400
2017-04-10,19.360001,19.540001,19.309998999999998,19.42,18.896572,7146300
2017-04-11,19.42,19.52,19.280001000000002,19.52,18.993876,7094200
2017-04-12,19.51,19.549999,19.370001000000002,19.42,18.896572,4760100
2017-04-13,19.370001000000002,19.51,19.32,19.35,18.828459,3462600
2017-04-17,19.4,19.51,19.389999,19.49,18.964685,2534200
2017-04-18,19.450001,19.76,19.379998999999998,19.67,19.139833,4696800
2017-04-19,19.709999,19.98,19.709999,19.780001000000002,19.24687,4227400
2017-04-20,19.85,20.030001000000002,19.82,19.99,19.451207999999998,3356300
2017-04-21,19.98,20.0,19.68,19.76,19.227407,3808100
2017-04-24,19.93,20.139999,19.93,20.08,19.538784,4244300
2017-04-25,20.17,20.27,20.120001000000002,20.120001000000002,19.577704999999998,3283400
2017-04-26,20.049999,20.200001,19.879998999999998,20.1,19.558243,4863800
2017-04-27,20.17,20.200001,19.889999,19.98,19.441475,3729600
2017-04-28,19.969998999999998,19.969998999999998,19.74,19.860001,19.324710999999997,3781600
2017-05-01,19.91,20.1,19.860001,19.969998999999998,19.431747,3256900
2017-05-02,19.969998999999998,20.23,19.889999,20.129998999999998,19.587435,4248400
2017-05-03,20.110001,20.110001,19.09,19.26,18.740885000000002,10451600
2017-05-04,19.33,19.49,19.299999,19.4,18.877110000000002,3873900
2017-05-05,19.41,19.43,19.309998999999998,19.389999,18.867379999999997,2407000
2017-05-08,19.379998999999998,19.620001000000002,19.360001,19.559998999999998,19.032799,3353400
2017-05-09,19.52,19.6,19.43,19.49,18.964685,4161500
2017-05-10,19.43,19.690001000000002,19.42,19.639999,19.110641,3130700
2017-05-11,19.549999,19.6,19.370001000000002,19.459999,18.935493,4095500
2017-05-12,19.41,19.530001000000002,19.25,19.280001000000002,18.760345,2478100
2017-05-15,19.26,19.43,19.26,19.41,18.886839000000002,2844900
2017-05-16,19.389999,19.42,19.08,19.15,18.63385,4167800
2017-05-17,19.15,19.15,18.889999,18.9,18.390587,3872000
2017-05-18,18.82,18.950001,18.790001,18.85,18.341935999999997,3484600
2017-05-19,18.870001000000002,19.08,18.870001000000002,19.01,18.497623,2709100
2017-05-22,19.0,19.139999,18.91,19.120001000000002,18.604657999999997,2441400
2017-05-23,19.129998999999998,19.190001000000002,18.799999,18.82,18.312742,4700000
2017-05-24,18.82,19.459999,18.809998999999998,19.27,18.750616,4576700
2017-05-25,19.280001000000002,19.41,19.26,19.309998999999998,18.789536,2211800
2017-05-26,19.27,19.34,19.049999,19.07,18.556004,2213500
2017-05-30,19.02,19.209999,18.93,19.18,18.66304,3450100
2017-05-31,19.18,19.280001000000002,18.879998999999998,19.02,18.507353,7722800
2017-06-01,19.09,19.52,19.07,19.440001000000002,18.916035,5124600
2017-06-02,19.41,19.440001000000002,19.18,19.280001000000002,18.760345,3296600
2017-06-05,19.290001,19.440001000000002,19.25,19.4,18.877110000000002,2744500
2017-06-06,19.32,19.360001,19.209999,19.219998999999998,18.70196,2591400
2017-06-07,19.23,19.26,19.120001000000002,19.129998999999998,18.614388,2569100
2017-06-08,19.129998999999998,19.18,18.83,18.940001000000002,18.42951,3472200
2017-06-09,18.92,19.15,18.780001000000002,19.01,18.497623,3359600
2017-06-12,18.91,19.530001000000002,18.91,19.26,18.740885000000002,5476300
2017-06-13,19.290001,19.51,19.27,19.450001,18.925762,5166300
2017-06-14,19.33,19.450001,19.17,19.23,18.881578,3377000
2017-06-15,19.07,19.18,18.860001,18.99,18.645926,4468200
2017-06-16,18.91,19.129998999999998,18.76,19.08,18.734295,7644300
2017-06-19,19.17,19.17,18.870001000000002,19.1,18.753933,3375000
2017-06-20,19.030001000000002,19.07,18.93,18.950001,18.606651,3544100
2017-06-21,18.99,19.030001000000002,18.83,18.84,18.498646,2056400
2017-06-22,18.799999,18.93,18.52,18.780001000000002,18.439734,4597200
2017-06-23,18.83,19.17,18.799999,19.17,18.822664000000003,4797700
2017-06-26,19.18,19.34,18.940001000000002,19.01,18.665564,2640400
2017-06-27,19.18,19.209999,18.870001000000002,18.879998999999998,18.53792,2104600
2017-06-28,18.879998999999998,19.0,18.76,18.969998999999998,18.626286999999998,3926500
2017-06-29,18.98,19.09,18.74,18.860001,18.518284,4246600
2017-06-30,18.870001000000002,19.139999,18.84,19.049999,18.704838,4475600
2017-07-03,19.120001000000002,19.26,19.110001,19.15,18.803026000000003,1805500
2017-07-05,19.18,19.219998999999998,18.6,18.690001000000002,18.351364,5171600
2017-07-06,18.6,18.629998999999998,18.42,18.469998999999998,18.135347,3997100
2017-07-07,18.559998999999998,18.73,18.5,18.65,18.312088,3080700
2017-07-10,18.629998999999998,18.84,18.59,18.700001,18.361183,2527200
2017-07-11,18.690001000000002,18.84,18.620001000000002,18.790001,18.449553,3097500
2017-07-12,18.9,19.07,18.870001000000002,19.01,18.665564,3144100
2017-07-13,19.049999,19.08,18.940001000000002,18.940001000000002,18.596834,1740800
2017-07-14,18.98,19.09,18.93,19.02,18.675383,1020400
2017-07-17,19.030001000000002,19.17,18.940001000000002,19.0,18.655745,1632700
2017-07-18,18.99,18.99,18.860001,18.959999,18.616467999999998,1893500
2017-07-19,18.969998999999998,19.200001,18.91,19.18,18.832483,2798900
2017-07-20,19.190001000000002,19.24,19.059998999999998,19.08,18.734295,1855300
2017-07-21,19.09,19.17,19.030001000000002,19.09,18.744114,1710200
2017-07-24,19.08,19.190001000000002,18.879998999999998,19.16,18.812845000000003,1745300
2017-07-25,19.25,19.610001,19.25,19.48,19.127048000000002,3884700
2017-07-26,19.469998999999998,19.49,19.34,19.48,19.127048000000002,2147800
2017-07-27,19.57,19.77,19.5,19.700001,19.343063,3255400
2017-07-28,19.66,19.74,19.58,19.65,19.293968,1979900
2017-07-31,19.68,19.809998999999998,19.65,19.75,19.392157,4050200
2017-08-01,19.77,19.860001,19.530001000000002,19.73,19.372519,2763200
2017-08-02,19.709999,19.74,19.379998999999998,19.49,19.136868,3184900
2017-08-03,19.440001000000002,19.66,19.389999,19.58,19.225237,4528500
2017-08-04,20.07,20.4,19.59,19.719998999999998,19.3627,8103200
2017-08-07,19.700001,19.73,19.35,19.379998999999998,19.02886,4443300
2017-08-08,19.33,19.559998999999998,19.290001,19.299999,18.95031,2898700
2017-08-09,19.209999,19.280001000000002,19.16,19.280001000000002,18.930674,2397000
2017-08-10,19.190001000000002,19.26,18.91,18.91,18.567377,3621800
2017-08-11,18.860001,19.07,18.85,18.9,18.557558,3227700
2017-08-14,19.049999,19.24,19.049999,19.139999,18.793207000000002,2538900
2017-08-15,19.139999,19.280001000000002,19.08,19.219998999999998,18.871759,3090900
2017-08-16,19.25,19.52,19.24,19.379998999999998,19.02886,3954600
2017-08-17,19.360001,19.49,18.99,19.0,18.655745,3817400
2017-08-18,18.950001,18.950001,18.799999,18.879998999999998,18.53792,3946900
2017-08-21,18.85,18.99,18.82,18.879998999999998,18.53792,2157300
2017-08-22,18.91,19.049999,18.879998999999998,19.030001000000002,18.685202,1991900
2017-08-23,18.99,19.120001000000002,18.969998999999998,18.969998999999998,18.626286999999998,3018300
2017-08-24,19.059998999999998,19.139999,18.959999,18.98,18.636105999999998,2451000
2017-08-25,19.0,19.16,18.959999,19.0,18.655745,1687400
2017-08-28,19.08,19.17,18.98,19.040001,18.695021,2604400
2017-08-29,18.969998999999998,19.129998999999998,18.83,19.07,18.724476,3047700
2017-08-30,19.02,19.059998999999998,18.76,18.93,18.587015,4001300
2017-08-31,19.049999,19.08,18.879998999999998,18.92,18.577196,4088200
2017-09-01,18.99,19.01,18.76,18.790001,18.449553,3893400
2017-09-05,18.719998999999998,18.780001000000002,18.5,18.68,18.341545,4923900
2017-09-06,18.74,18.809998999999998,18.48,18.51,18.174623,5363000
2017-09-07,18.540001,18.639999,18.389999,18.540001,18.204081,3800400
2017-09-08,18.540001,18.85,18.459999,18.690001000000002,18.351364,3119000
2017-09-11,18.790001,19.049999,18.790001,18.889999,18.547739,2715000
2017-09-12,18.879998999999998,19.280001000000002,18.84,19.219998999999998,18.871759,3432000
2017-09-13,19.24,19.32,19.1,19.110001,18.763752,3393100
2017-09-14,18.91,19.02,18.879998999999998,18.940001000000002,18.768709,2769400
2017-09-15,18.85,19.01,18.83,18.91,18.738979,5598700
2017-09-18,18.98,19.110001,18.92,19.1,18.927260999999998,2430500
2017-09-19,19.129998999999998,19.190001000000002,19.01,19.049999,18.877712,2146400
2017-09-20,19.049999,19.120001000000002,18.879998999999998,18.950001,18.778617999999998,2185700
2017-09-21,18.92,19.02,18.9,18.91,18.738979,2509700
2017-09-22,18.91,19.01,18.879998999999998,18.99,18.818255999999998,2575400
2017-09-25,18.940001000000002,19.09,18.860001,19.030001000000002,18.857895000000003,2726900
2017-09-26,19.08,19.08,18.700001,18.73,18.560606,3967200
2017-09-27,18.799999,19.02,18.74,19.0,18.828165,3541300
2017-09-28,18.969998999999998,19.09,18.92,19.059998999999998,18.887623,3027800
2017-09-29,19.030001000000002,19.200001,19.030001000000002,19.200001,19.026358,2905300
2017-10-02,19.23,19.459999,19.18,19.4,19.224546,4540200
2017-10-03,19.4,19.48,19.27,19.379998999999998,19.204727,3277900
2017-10-04,19.379998999999998,19.42,19.32,19.41,19.234457,3916300
2017-10-05,19.43,19.75,19.35,19.65,19.472285999999997,3887700
2017-10-06,19.65,19.67,19.43,19.52,19.343462,2515100
2017-10-09,19.559998999999998,19.610001,19.469998999999998,19.52,19.343462,1882800
2017-10-10,19.59,19.639999,19.52,19.6,19.422739,2000400
2017-10-11,19.6,19.74,19.540001,19.74,19.561472,3102600
2017-10-12,19.690001000000002,19.76,19.610001,19.74,19.561472,2787900
2017-10-13,19.790001,19.99,19.76,19.790001,19.611021,1934900
2017-10-16,19.82,19.879998999999998,19.65,19.76,19.581291,2634000
2017-10-17,19.77,19.9,19.68,19.700001,19.521835,3401400
2017-10-18,19.74,19.91,19.74,19.790001,19.611021,3712900
2017-10-19,19.73,19.870001000000002,19.639999,19.860001,19.680387,2580900
2017-10-20,20.0,20.389999,19.969998999999998,20.309998999999998,20.126317999999998,4094400
2017-10-23,20.34,20.4,20.18,20.200001,20.017313,2351800
2017-10-24,20.219998999999998,20.24,20.059998999999998,20.1,19.918217000000002,2768900
2017-10-25,20.09,20.15,19.889999,20.030001000000002,19.84885,2693400
2017-10-26,20.1,20.27,20.07,20.25,20.066860000000002,2169400
2017-10-27,20.34,20.4,20.049999,20.26,20.076771,2405300
2017-10-30,20.120001000000002,20.129998999999998,19.690001000000002,19.719998999999998,19.541653,3172000
2017-10-31,19.719998999999998,19.92,19.57,19.860001,19.680387,2919500
2017-11-01,19.969998999999998,20.040001,19.83,19.98,19.799301,3218700
2017-11-02,19.93,20.110001,19.809998999999998,20.08,19.898397,4774400
2017-11-03,20.1,20.67,19.43,19.5,19.323643,7262900
2017-11-06,19.41,19.85,19.27,19.43,19.254276,5339800
2017-11-07,19.52,19.610001,19.139999,19.16,18.986717000000002,4418000
2017-11-08,19.200001,19.76,19.129998999999998,19.75,19.571382999999997,4926800
2017-11-09,19.629998999999998,20.15,19.629998999999998,20.08,19.898397,5372900
2017-11-10,20.139999,20.209999,20.09,20.139999,19.957855,5479600
2017-11-13,20.08,20.1,19.5,19.52,19.343462,3133700
2017-11-14,19.48,19.75,19.450001,19.65,19.472285999999997,2996600
2017-11-15,19.549999,19.639999,19.360001,19.6,19.422739,3213300
2017-11-16,19.74,19.860001,19.629998999999998,19.77,19.591202,2399300
2017-11-17,19.68,19.809998999999998,19.530001000000002,19.68,19.502016,2463800
2017-11-20,19.73,19.82,19.59,19.68,19.502016,2029800
2017-11-21,19.690001000000002,19.84,19.66,19.700001,19.521835,2155700
2017-11-22,19.719998999999998,19.74,19.5,19.549999,19.37319,1831500
2017-11-24,19.58,19.700001,19.5,19.65,19.472285999999997,1551200
2017-11-27,19.67,19.73,19.4,19.48,19.303823,2838600
2017-11-28,19.52,19.700001,19.459999,19.690001000000002,19.511925,2692100
2017-11-29,19.719998999999998,19.85,19.65,19.700001,19.521835,3982800
2017-11-30,19.75,19.99,19.610001,19.690001000000002,19.511925,4978200
2017-12-01,19.66,19.84,19.4,19.709999,19.531744,5169800
2017-12-04,19.84,19.879998999999998,19.629998999999998,19.709999,19.531744,6123400
2017-12-05,19.73,19.870001000000002,19.52,19.549999,19.37319,4829600
2017-12-06,19.559998999999998,19.68,19.4,19.4,19.224546,4390100
2017-12-07,19.389999,19.620001000000002,19.360001,19.52,19.343462,3827800
2017-12-08,19.58,19.58,19.360001,19.389999,19.214638,3210900
2017-12-11,19.48,19.700001,19.41,19.530001000000002,19.353373,4719600
2017-12-12,19.49,19.66,19.309998999999998,19.5,19.323643,3672200
2017-12-13,19.49,19.67,19.34,19.370001000000002,19.19482,3591400
2017-12-14,19.059998999999998,19.67,19.049999,19.35,19.175001,6245400
2017-12-15,19.33,19.74,19.16,19.48,19.48,18819900
2017-12-18,19.620001000000002,19.74,19.52,19.559998999999998,19.559998999999998,5311400
2017-12-19,19.59,19.73,19.5,19.59,19.59,4211000
2017-12-20,19.629998999999998,19.68,19.43,19.469998999999998,19.469998999999998,3201100
2017-12-21,19.51,19.530001000000002,19.24,19.26,19.26,4371500
2017-12-22,19.33,19.450001,18.959999,19.08,19.08,3160200
2017-12-26,19.049999,19.1,18.85,18.889999,18.889999,2103800
2017-12-27,18.93,18.969998999999998,18.719998999999998,18.799999,18.799999,2929600
2017-12-28,18.889999,19.08,18.85,19.07,19.07,2969700
2017-12-29,19.08,19.15,19.01,19.01,19.01,2825800
2018-01-02,19.059998999999998,19.129998999999998,18.969998999999998,19.08,19.08,6822500
2018-01-03,19.15,19.360001,19.07,19.07,19.07,6250400
2018-01-04,19.17,19.49,18.950001,19.450001,19.450001,9184200
2018-01-05,19.450001,20.639999,19.42,20.6,20.6,16589600
2018-01-08,21.59,22.209999,21.23,21.49,21.49,23503200
2018-01-09,21.5,21.52,20.99,21.040001,21.040001,6739500
2018-01-10,20.809998999999998,21.27,20.700001,21.23,21.23,6453600
2018-01-11,21.299999,21.389999,21.040001,21.18,21.18,4058200
2018-01-12,21.219998999999998,21.280001000000002,21.0,21.120001000000002,21.120001000000002,3665200
2018-01-16,21.120001000000002,21.139999,20.540001,20.620001000000002,20.620001000000002,8158200
2018-01-17,20.469998999999998,20.48,20.01,20.24,20.24,8384900
2018-01-18,20.209999,20.33,20.129998999999998,20.190001000000002,20.190001000000002,6504200
2018-01-19,20.280001000000002,20.299999,20.129998999999998,20.24,20.24,4212900
2018-01-22,20.24,20.6,20.24,20.549999,20.549999,4526900
2018-01-23,20.52,20.82,20.48,20.73,20.73,4241700
2018-01-24,20.799999,20.91,20.51,20.52,20.52,4187400
2018-01-25,20.59,20.809998999999998,20.48,20.799999,20.799999,3745600
2018-01-26,20.9,21.18,20.780001000000002,21.16,21.16,3667500
2018-01-29,21.15,21.15,20.780001000000002,20.83,20.83,3536700
2018-01-30,20.66,20.84,20.51,20.6,20.6,3387600
2018-01-31,20.65,20.940001000000002,20.639999,20.790001,20.790001,4503700
2018-02-01,20.709999,20.85,20.629998999999998,20.690001000000002,20.690001000000002,6317900
2018-02-02,20.57,20.67,20.280001000000002,20.280001000000002,20.280001000000002,6520700
2018-02-05,20.15,20.24,19.530001000000002,19.540001,19.540001,5493200
2018-02-06,19.280001000000002,19.870001000000002,18.98,19.809998999999998,19.809998999999998,7243000
2018-02-07,19.73,20.049999,19.43,19.49,19.49,4430800
2018-02-08,19.469998999999998,19.5,18.809998999999998,18.809998999999998,18.809998999999998,7526600
2018-02-09,18.98,19.49,18.549999,19.360001,19.360001,7548000
2018-02-12,19.459999,19.940001000000002,19.4,19.77,19.77,7008900
2018-02-13,19.59,19.92,19.59,19.75,19.75,7356300
2018-02-14,20.5,20.74,19.83,20.299999,20.299999,13492300
2018-02-15,20.450001,20.540001,20.1,20.200001,20.200001,7922400
2018-02-16,20.15,20.450001,20.110001,20.26,20.26,7246400
2018-02-20,20.24,20.5,20.18,20.25,20.25,3932900
