Date,Open,High,Low,Close,Adj Close,Volume
2017-01-03,30.23,30.549999,30.110001,30.360001,29.256657,2650200
2017-01-04,30.49,30.879998999999998,30.389999,30.629998999999998,29.516838,3678500
2017-01-05,30.49,30.99,30.459999,30.950001,29.825212,3548000
2017-01-06,30.889999,31.049999,30.67,30.85,29.728846,2679300
2017-01-09,31.1,31.5,30.870001000000002,30.969998999999998,29.844486,4003900
2017-01-10,30.959999,31.09,30.59,30.73,29.613204999999997,3687200
2017-01-11,30.74,31.040001,30.530001000000002,30.959999,29.834847999999997,2322900
2017-01-12,30.780001000000002,30.790001,30.41,30.57,29.459023,3958700
2017-01-13,30.52,30.82,30.51,30.639999,29.526476000000002,3611000
2017-01-17,30.65,30.84,30.459999,30.6,29.487932,2115400
2017-01-18,30.58,30.780001000000002,30.440001000000002,30.5,29.391565000000003,2613500
2017-01-19,30.57,30.719998999999998,30.049999,30.209999,29.112106,4006500
2017-01-20,30.27,30.450001,29.879998999999998,30.23,29.131376,6518900
2017-01-23,30.24,30.6,30.17,30.43,29.324108000000003,3615900
2017-01-24,30.58,31.139999,30.549999,31.129998999999998,29.998671,5071900
2017-01-25,31.34,32.310001,31.34,32.189999,31.020145,6386900
2017-01-26,32.080002,32.27,31.709999,31.799999,30.64432,9356800
2017-01-27,31.799999,31.85,31.08,31.24,30.104671000000003,4277900
2017-01-30,31.129998999999998,31.25,30.860001,31.16,30.02758,3849400
2017-01-31,31.200001,31.51,31.059998999999998,31.33,30.191401000000003,4425300
2017-02-01,31.33,31.49,30.75,31.110001,29.979399,3624600
2017-02-02,30.98,31.5,30.790001,31.440001000000002,30.297403000000003,5669400
2017-02-03,31.07,32.23,30.940001000000002,32.110001000000004,30.943056,5458900
2017-02-06,31.84,32.049999,31.030001000000002,31.42,30.278131,5825100
2017-02-07,31.559998999999998,32.169998,31.299999,32.049999,30.885234999999998,5699400
2017-02-08,32.139998999999996,32.709998999999996,32.099998,32.41,31.232151,5467700
2017-02-09,32.419998,33.169998,32.400002,33.169998,31.964533000000003,7199100
2017-02-10,33.09,33.32,32.860001000000004,33.16,31.954896999999995,4083900
2017-02-13,33.23,34.0,33.150002,33.790001000000004,32.562003999999995,7372400
2017-02-14,33.52,33.57,32.970001,33.290001000000004,32.080177,4166200
2017-02-15,33.299999,33.700001,32.98,33.66,32.436721999999996,4667900
2017-02-16,33.709998999999996,33.779999,33.349998,33.52,32.301811,3402200
2017-02-17,33.470001,33.619999,33.34,33.52,32.301811,2754700
2017-02-21,33.509997999999996,34.099998,33.439999,33.98,32.745094,3641100
2017-02-22,33.950001,34.0,33.52,33.759997999999996,32.533089000000004,2360300
2017-02-23,33.880001,33.939999,33.560001,33.66,32.436721999999996,3555100
2017-02-24,33.529999,33.73,33.259997999999996,33.470001,32.253634999999996,4561500
2017-02-27,33.630001,34.099998,33.459998999999996,33.939999,32.706547,3649200
2017-02-28,33.619999,34.060001,33.580002,33.720001,32.494541,3792500
2017-03-01,33.66,34.189999,33.490002000000004,34.07,33.136459,4320500
2017-03-02,34.07,34.369999,33.830002,34.189999,33.253170000000004,4477500
2017-03-03,34.060001,34.200001,33.700001,34.139998999999996,33.204544,3239200
2017-03-06,33.939999,34.02,33.470001,33.720001,32.796046999999994,3228800
2017-03-07,33.599998,33.689999,33.349998,33.470001,32.552898,2418100
2017-03-08,33.439999,33.830002,33.389998999999996,33.599998,32.679337,2979400
2017-03-09,33.509997999999996,33.900002,33.16,33.220001,32.309753,3916700
2017-03-10,33.220001,33.669998,33.220001,33.279999,32.368107,2767200
2017-03-13,33.330002,33.540001000000004,33.16,33.34,32.426464,2119100
2017-03-14,33.25,33.34,32.950001,33.310001,32.397289,2210600
2017-03-15,33.5,34.0,33.150002,33.880001,32.951668,4321500
2017-03-16,33.82,34.0,33.68,33.740002000000004,32.815506,3073200
2017-03-17,33.860001000000004,33.919998,33.18,33.200001,32.290298,5014500
2017-03-20,33.259997999999996,33.52,32.869999,33.380001,32.465365999999996,3719000
2017-03-21,33.560001,33.619999,33.02,33.080002,32.173588,4433100
2017-03-22,33.080002,33.380001,32.740002000000004,33.16,32.251391999999996,3507600
2017-03-23,33.150002,33.700001,33.0,33.470001,32.552898,3467000
2017-03-24,33.43,33.59,32.919998,33.130001,32.222218,3401500
2017-03-27,32.950001,33.560001,32.830002,33.509997999999996,32.591801000000004,4018300
2017-03-28,33.330002,33.790001000000004,33.279999,33.630001,32.708515000000006,2450000
2017-03-29,33.549999,33.619999,33.299999,33.529999,32.611259000000004,1932500
2017-03-30,33.470001,33.919998,33.369999,33.889998999999996,32.961391,2309700
2017-03-31,33.75,34.23,33.59,33.98,33.048922999999995,3408400
2017-04-03,34.0,34.200001,33.389998999999996,33.709998999999996,32.786327,3730400
2017-04-04,33.610001000000004,33.98,33.5,33.959998999999996,33.029476,2527200
2017-04-05,34.049999,34.400002,33.91,33.970001,33.0392,3024600
2017-04-06,33.950001,34.52,33.740002000000004,34.41,33.467144,3155800
2017-04-07,34.419998,34.950001,34.32,34.860001000000004,33.904812,4725900
2017-04-10,34.869999,35.18,34.700001,34.73,33.778374,3854000
2017-04-11,34.759997999999996,34.759997999999996,34.119999,34.639998999999996,33.690841999999996,5591800
2017-04-12,34.400002,34.73,34.310001,34.580002,33.632492,3235300
2017-04-13,34.619999,34.790001000000004,34.41,34.43,33.486595,2780700
2017-04-17,34.43,34.98,34.43,34.959998999999996,34.002071,2882900
2017-04-18,34.779999,35.009997999999996,34.669998,34.759997999999996,33.807556,2657600
2017-04-19,34.880001,35.049999,34.119999,34.490002000000004,33.544952,5359600
2017-04-20,34.57,34.860001000000004,34.529999,34.779999,33.827003000000005,4268800
2017-04-21,34.75,34.77,34.419998,34.560001,33.613033,4338800
2017-04-24,35.0,35.0,34.470001,34.889998999999996,33.933994,5779400
2017-04-25,34.860001000000004,34.860001000000004,33.860001000000004,34.0,33.068378,7561600
2017-04-26,33.939999,34.580002,33.939999,34.259997999999996,33.321251000000004,8544700
2017-04-27,34.259997999999996,34.919998,34.259997999999996,34.669998,33.72002,4671100
2017-04-28,35.459998999999996,35.5,33.75,33.869999,32.94194,6613800
2017-05-01,33.75,33.869999,33.349998,33.580002,32.659889,4346800
2017-05-02,33.57,33.740002000000004,33.400002,33.700001,32.7766,7617000
2017-05-03,33.73,33.849998,33.16,33.259997999999996,32.348652,4535500
2017-05-04,33.259997999999996,33.259997999999996,32.830002,33.099998,32.193039,3556200
2017-05-05,33.099998,33.57,33.0,33.549999,32.630707,2219600
2017-05-08,33.580002,33.669998,33.259997999999996,33.34,32.426464,2593700
2017-05-09,33.389998999999996,33.439999,33.119999,33.209998999999996,32.300026,2288500
2017-05-10,33.200001,33.459998999999996,33.139998999999996,33.209998999999996,32.300026,2273600
2017-05-11,33.07,33.130001,32.709998999999996,32.970001,32.066601,2280100
2017-05-12,32.959998999999996,32.970001,32.77,32.869999,31.969340999999996,1743000
2017-05-15,32.919998,33.299999,32.889998999999996,33.099998,32.193039,1646600
2017-05-16,33.23,33.23,32.790001000000004,33.119999,32.21249,1786800
2017-05-17,32.869999,33.200001,32.740002000000004,32.759997999999996,31.86235,2637200
2017-05-18,32.779999,32.779999,32.459998999999996,32.700001,31.803998999999997,2639100
2017-05-19,32.759997999999996,33.32,32.57,33.02,32.115231,2925700
2017-05-22,33.02,33.220001,32.900002,33.130001,32.222218,2019100
2017-05-23,33.240002000000004,33.279999,33.02,33.07,32.163857,1977400
2017-05-24,33.150002,33.279999,33.029999,33.18,32.270846999999996,3617500
2017-05-25,33.209998999999996,33.41,33.060001,33.169998,32.26112,2147900
2017-05-26,33.150002,33.189999,32.919998,33.009997999999996,32.105503000000006,1962900
2017-05-30,32.860001000000004,33.41,32.860001000000004,33.139998999999996,32.231941,4450100
2017-05-31,33.130001,33.150002,32.939999,32.959998999999996,32.056872999999996,4857500
2017-06-01,33.07,33.52,32.830002,33.509997999999996,32.591801000000004,3381400
2017-06-02,33.580002,33.73,33.349998,33.509997999999996,32.591801000000004,2980500
2017-06-05,33.560001,33.560001,33.16,33.380001,32.465365999999996,2814300
2017-06-06,33.290001000000004,33.529999,33.139998999999996,33.41,32.494541,2236300
2017-06-07,33.200001,33.279999,32.889998999999996,33.02,32.416008000000005,2355200
2017-06-08,33.02,33.02,32.279999,32.59,31.993876,4339100
2017-06-09,32.599998,33.240002000000004,32.57,33.23,32.622169,4544800
2017-06-12,33.23,33.849998,33.139998999999996,33.599998,32.985397,3615000
2017-06-13,33.599998,33.939999,33.5,33.810001,33.191559000000005,2802200
2017-06-14,33.860001000000004,33.98,33.599998,33.77,33.15229,1926400
2017-06-15,33.599998,33.990002000000004,33.580002,33.599998,32.985397,2719700
2017-06-16,33.740002000000004,33.889998999999996,33.549999,33.66,33.0443,3771800
2017-06-19,33.799999,34.130001,33.75,34.040001000000004,33.417351000000004,1985700
2017-06-20,34.0,34.09,33.790001000000004,33.959998999999996,33.338809999999995,1958900
2017-06-21,34.0,34.049999,33.630001,33.759997999999996,33.142466999999996,2718800
2017-06-22,33.779999,34.07,33.52,33.939999,33.319176,1886200
2017-06-23,34.0,34.299999,33.91,34.139998999999996,33.515518,5325900
2017-06-26,34.240002000000004,34.240002000000004,33.619999,33.630001,33.014851,3298400
2017-06-27,33.68,33.740002000000004,32.830002,32.849998,32.249115,3806500
2017-06-28,33.02,33.27,32.77,33.200001,32.592715999999996,1652300
2017-06-29,33.240002000000004,33.41,33.029999,33.07,32.465092,3038600
2017-06-30,33.200001,33.630001,33.049999,33.5,32.887226,3210500
2017-07-03,33.630001,33.91,33.57,33.689999,33.073753,1514000
2017-07-05,33.490002000000004,33.52,32.98,33.209998999999996,32.602531,2581300
2017-07-06,33.049999,33.099998,32.029999,32.060001,31.473570000000002,12248800
2017-07-07,32.029999,32.279999,31.91,32.009997999999996,31.42448,3123700
2017-07-10,31.83,32.330002,31.799999,32.220001,31.630641999999998,3885800
2017-07-11,32.25,32.57,32.209998999999996,32.509997999999996,31.915333,4173700
2017-07-12,32.610001000000004,33.029999,32.610001000000004,32.93,32.327652,3744000
2017-07-13,32.990002000000004,33.049999,32.580002,32.720001,32.121497999999995,2681100
2017-07-14,32.720001,33.23,32.66,33.150002,32.543633,2290400
2017-07-17,33.209998999999996,33.450001,33.029999,33.400002,32.789059,1776900
2017-07-18,33.32,33.439999,33.02,33.080002,32.474911,2017500
2017-07-19,33.189999,33.849998,33.189999,33.82,33.201374,2274100
2017-07-20,33.880001,34.34,33.84,34.0,33.378078,3669400
2017-07-21,33.939999,34.459998999999996,33.91,34.43,33.800216999999996,2871700
2017-07-24,34.43,34.450001,34.060001,34.130001,33.505707,2797600
2017-07-25,34.259997999999996,34.259997999999996,33.869999,34.119999,33.495884000000004,2503600
2017-07-26,34.139998999999996,34.23,33.830002,33.919998,33.299541,2672700
2017-07-27,33.91,34.349998,33.639998999999996,34.23,33.603874,4104500
2017-07-28,34.259997999999996,34.259997999999996,32.849998,32.939999,32.337471,4462400
2017-07-31,32.799999,33.049999,32.689999,33.02,32.416008000000005,7513900
2017-08-01,33.080002,33.290001000000004,32.93,33.220001,32.61235,3247700
2017-08-02,33.130001,33.25,32.25,32.369999,31.777896999999996,3138900
2017-08-03,32.32,32.939999,32.259997999999996,32.860001000000004,32.258934,2745500
2017-08-04,32.900002,32.950001,32.669998,32.779999,32.180397,1894400
2017-08-07,32.790001000000004,32.82,32.560001,32.720001,32.121497999999995,1515900
2017-08-08,32.630001,32.720001,32.349998,32.459998999999996,31.866251000000002,1870200
2017-08-09,32.41,32.619999,32.209998999999996,32.43,31.8368,1691000
2017-08-10,32.360001000000004,32.41,32.060001,32.119999,31.532469,1933600
2017-08-11,32.07,32.360001000000004,32.0,32.220001,31.630641999999998,2027600
2017-08-14,32.16,32.509997999999996,32.080002,32.240002000000004,31.650276,2940300
2017-08-15,32.27,32.330002,31.73,31.940001000000002,31.355762,2388900
2017-08-16,32.099998,32.23,31.870001000000002,31.91,31.326310999999997,2007300
2017-08-17,31.879998999999998,32.029999,31.27,31.280001000000002,30.707836,3254000
2017-08-18,31.190001000000002,31.389999,30.950001,31.17,30.599847999999998,2798100
2017-08-21,31.219998999999998,31.52,31.16,31.48,30.904177,2167800
2017-08-22,31.5,31.77,31.290001,31.379998999999998,30.806003999999998,2174600
2017-08-23,31.27,31.5,31.200001,31.360001,30.786371000000003,1384100
2017-08-24,31.389999,31.99,31.290001,31.379998999999998,30.806003999999998,1533400
2017-08-25,31.559998999999998,31.98,31.51,31.700001,31.120153000000002,2943600
2017-08-28,31.790001,31.889999,31.540001,31.77,31.188872999999997,1968300
2017-08-29,31.75,32.0,31.49,31.52,30.943446999999995,3129300
2017-08-30,31.49,31.780001000000002,31.35,31.75,31.169239,2417400
2017-08-31,32.040001000000004,32.720001,31.9,32.610001000000004,32.013508,4681800
2017-09-01,32.700001,32.700001,32.029999,32.07,31.483385,2568100
2017-09-05,32.110001000000004,32.450001,31.83,32.299999,31.709177,3276800
2017-09-06,32.630001,33.389998999999996,32.52,33.23,32.622169,5037500
2017-09-07,33.130001,33.41,33.080002,33.150002,32.850086,3429400
2017-09-08,33.189999,33.73,33.130001,33.580002,33.276196,4372400
2017-09-11,33.84,33.860001000000004,33.02,33.330002,33.028458,3575700
2017-09-12,33.400002,33.400002,32.73,33.240002000000004,32.939274,2915300
2017-09-13,33.220001,33.330002,32.970001,33.099998,32.800537,8490800
2017-09-14,33.040001000000004,33.200001,32.91,33.060001,32.760902,1938200
2017-09-15,33.040001000000004,33.110001000000004,32.849998,32.990002000000004,32.691536,4022400
2017-09-18,32.93,33.439999,32.93,33.369999,33.068092,3764400
2017-09-19,33.389998999999996,33.450001,33.18,33.279999,32.978909,2810800
2017-09-20,33.43,33.700001,33.32,33.400002,33.097823999999996,2355300
2017-09-21,33.389998999999996,33.599998,33.049999,33.419998,33.117641,3213200
2017-09-22,33.43,33.650002,33.279999,33.580002,33.276196,2535100
2017-09-25,33.57,33.889998999999996,33.509997999999996,33.810001,33.504115999999996,2662900
2017-09-26,33.799999,33.880001,33.669998,33.720001,33.414928,2486500
2017-09-27,33.720001,33.830002,33.419998,33.799999,33.494202,2103900
2017-09-28,33.720001,34.049999,33.619999,34.009997999999996,33.702301,1614900
2017-09-29,34.0,34.200001,33.869999,34.029999,33.722122,2804700
2017-10-02,34.060001,34.279999,33.990002000000004,34.119999,33.81131,1951200
2017-10-03,34.110001000000004,34.299999,34.049999,34.119999,33.81131,1446700
2017-10-04,34.07,34.34,34.07,34.32,34.009499,1302700
2017-10-05,34.34,34.490002000000004,34.119999,34.220001,33.910404,2688800
2017-10-06,34.099998,34.200001,33.919998,34.200001,33.890587,1700000
2017-10-09,34.16,34.290001000000004,33.93,34.119999,33.81131,1627800
2017-10-10,34.189999,34.43,34.080002,34.32,34.009499,2044100
2017-10-11,34.349998,34.490002000000004,34.290001000000004,34.389998999999996,34.078865,1699700
2017-10-12,34.32,34.650002,34.139998999999996,34.59,34.277058000000004,1901200
2017-10-13,34.66,35.0,34.490002000000004,34.900002,34.584255,2423700
2017-10-16,34.869999,35.169998,34.740002000000004,35.02,34.703167,3119500
2017-10-17,34.950001,35.060001,34.82,35.029999,34.713074,1649500
2017-10-18,35.029999,35.380001,34.990002000000004,35.23,34.911266,2933400
2017-10-19,35.150002,35.259997999999996,34.900002,35.18,34.861721,2490400
2017-10-20,35.290001000000004,35.470001,35.150002,35.279999,34.960812,2216200
2017-10-23,35.400002,35.48,34.82,34.82,34.504974,2690400
2017-10-24,34.919998,35.0,34.689999,34.869999,34.554522999999996,2548500
2017-10-25,34.740002000000004,34.810001,34.450001,34.68,34.366240999999995,2256900
2017-10-26,34.849998,35.119999,34.73,34.880001,34.564434000000006,3212800
2017-10-27,34.779999,35.889998999999996,34.759997999999996,35.509997999999996,35.188732,4281700
2017-10-30,35.610001000000004,35.689999,35.380001,35.610001000000004,35.28783,2956200
2017-10-31,35.630001,36.0,35.529999,35.91,35.585114000000004,3378300
2017-11-01,36.0,36.299999,35.689999,35.810001,35.486019,3465400
2017-11-02,35.939999,36.299999,35.5,35.610001000000004,35.28783,4953500
2017-11-03,35.459998999999996,35.860001000000004,35.310001,35.709998999999996,35.386925,2431400
2017-11-06,35.669998,35.77,35.490002000000004,35.66,35.337376,2209800
2017-11-07,35.689999,35.990002000000004,35.650002,35.990002000000004,35.664394,2294000
2017-11-08,35.939999,36.48,35.91,36.41,36.080589,4025900
2017-11-09,36.27,36.34,35.93,36.27,35.941856,1885900
2017-11-10,36.200001,36.48,36.09,36.139998999999996,35.813034,3026400
2017-11-13,36.119999,36.470001,35.900002,35.959998999999996,35.634663,2375800
2017-11-14,35.75,36.25,35.549999,36.200001,35.87249,2370100
2017-11-15,36.049999,36.68,35.91,36.549999,36.219322,4002400
2017-11-16,36.639998999999996,36.919998,36.349998,36.549999,36.219322,2930500
2017-11-17,36.349998,36.619999,36.279999,36.279999,35.951767,2399500
2017-11-20,36.34,36.52,36.09,36.110001000000004,35.783306,2673200
2017-11-21,36.200001,36.27,36.0,36.110001000000004,35.783306,2825100
2017-11-22,36.110001000000004,36.299999,36.080002,36.189999,35.862579,1269400
2017-11-24,36.240002000000004,36.5,36.110001000000004,36.169998,35.842762,709600
2017-11-27,36.290001000000004,36.310001,35.490002000000004,35.529999,35.208553,3625900
2017-11-28,35.77,36.060001,35.66,35.68,35.357197,2429800
2017-11-29,35.639998999999996,35.68,35.209998999999996,35.369999,35.049999,2818400
2017-11-30,35.259997999999996,35.740002000000004,35.009997999999996,35.380001,35.380001,3921500
2017-12-01,35.549999,35.57,34.810001,35.400002,35.400002,2805600
2017-12-04,35.630001,35.759997999999996,34.959998999999996,35.130001,35.130001,3899600
2017-12-05,35.189999,35.439999,35.049999,35.189999,35.189999,1876800
2017-12-06,35.240002000000004,35.389998999999996,35.040001000000004,35.240002000000004,35.240002000000004,2235100
2017-12-07,35.25,35.650002,35.18,35.619999,35.619999,1787600
2017-12-08,35.709998999999996,35.75,35.34,35.43,35.43,2270900
2017-12-11,35.369999,35.48,35.049999,35.439999,35.439999,2124600
2017-12-12,35.869999,35.93,35.580002,35.630001,35.630001,3228500
2017-12-13,35.75,36.16,35.59,35.759997999999996,35.759997999999996,2567000
2017-12-14,35.779999,36.049999,35.639998999999996,35.650002,35.650002,2273200
2017-12-15,36.110001000000004,36.119999,35.779999,35.84,35.84,4765000
2017-12-18,36.02,36.25,35.880001,36.009997999999996,36.009997999999996,2672300
2017-12-19,35.98,36.119999,35.43,35.48,35.48,2034900
2017-12-20,35.560001,35.93,35.400002,35.419998,35.419998,2722000
2017-12-21,35.540001000000004,35.59,35.150002,35.209998999999996,35.209998999999996,3782300
2017-12-22,35.23,35.349998,34.700001,34.939999,34.939999,2861700
2017-12-26,34.959998999999996,35.169998,34.919998,35.060001,35.060001,1689100
2017-12-27,35.099998,35.25,34.990002000000004,35.099998,35.099998,1994000
2017-12-28,35.099998,35.299999,34.950001,35.259997999999996,35.259997999999996,1810100
2017-12-29,35.349998,35.5,35.09,35.259997999999996,35.259997999999996,2258500
2018-01-02,35.299999,35.349998,34.91,35.299999,35.299999,3144000
2018-01-03,35.23,35.669998,35.23,35.610001000000004,35.610001000000004,2922800
2018-01-04,35.700001,35.700001,35.290001000000004,35.32,35.32,2727800
2018-01-05,35.389998999999996,35.580002,35.220001,35.27,35.27,2924800
2018-01-08,35.299999,35.580002,35.27,35.5,35.5,2760800
2018-01-09,35.560001,35.560001,35.200001,35.259997999999996,35.259997999999996,2530300
2018-01-10,35.220001,35.220001,34.580002,34.830002,34.830002,4519700
2018-01-11,34.869999,35.049999,34.57,34.990002000000004,34.990002000000004,3405800
2018-01-12,35.09,35.360001000000004,34.849998,35.259997999999996,35.259997999999996,2891500
2018-01-16,35.349998,35.450001,34.75,34.759997999999996,34.759997999999996,3877000
2018-01-17,34.880001,35.299999,34.779999,35.209998999999996,35.209998999999996,3500100
2018-01-18,35.16,35.419998,34.880001,35.299999,35.299999,3099400
2018-01-19,35.32,35.810001,35.310001,35.799999,35.799999,3548600
2018-01-22,35.849998,36.150002,35.779999,35.98,35.98,3269400
2018-01-23,35.990002000000004,36.740002000000004,35.959998999999996,36.610001000000004,36.610001000000004,5291700
2018-01-24,36.98,37.66,36.75,37.59,37.59,8694600
2018-01-25,37.810001,37.860001000000004,37.380001,37.73,37.73,4612800
2018-01-26,37.880001,37.889998999999996,36.91,37.849998,37.849998,6003200
2018-01-29,37.830002,37.830002,36.560001,37.07,37.07,6127500
2018-01-30,36.84,37.060001,36.52,36.790001000000004,36.790001000000004,5452500
2018-01-31,36.889998999999996,37.68,36.849998,37.540001000000004,37.540001000000004,6448900
2018-02-01,37.470001,37.669998,37.080002,37.16,37.16,6208600
2018-02-02,34.950001,36.040001000000004,34.950001,35.68,35.68,10419400
2018-02-05,35.48,35.889998999999996,34.759997999999996,34.790001000000004,34.790001000000004,6984200
2018-02-06,34.189999,34.849998,33.68,34.68,34.68,7620600
2018-02-07,34.5,35.16,34.459998999999996,34.52,34.52,4260200
2018-02-08,34.419998,34.669998,33.599998,33.599998,33.599998,5743000
2018-02-09,33.790001000000004,34.029999,33.02,33.790001000000004,33.790001000000004,4781700
2018-02-12,34.009997999999996,34.41,33.490002000000004,34.360001000000004,34.360001000000004,4536500
2018-02-13,34.259997999999996,34.580002,34.189999,34.209998999999996,34.209998999999996,4346100
2018-02-14,33.959998999999996,35.009997999999996,33.860001000000004,34.959998999999996,34.959998999999996,4834200
2018-02-15,35.25,35.439999,34.549999,34.950001,34.950001,3574500
2018-02-16,35.0,35.5,34.93,35.18,35.18,4067500
2018-02-20,35.02,35.459998999999996,34.869999,34.939999,34.939999,4461500
