Date,Open,High,Low,Close,Adj Close,Volume
2015-01-02,758.5,761.5,737.5,748.0,716.981628,1579761
2015-01-05,747.0,759.0,721.0,722.0,692.059814,2704349
2015-01-06,726.5,734.0,715.5,717.5,687.746399,3154680
2015-01-07,724.0,732.0,711.5,719.5,689.663452,2334375
2015-01-08,728.5,751.0,726.5,746.0,715.0645139999999,3205061
2015-01-09,748.0,755.0,735.5,750.0,718.898621,2397875
2015-01-12,752.5,752.5,718.5,727.5,697.331665,3638649
2015-01-13,729.0,729.0,701.5,709.0,679.5988769999999,4272442
2015-01-14,660.0,680.0,620.0,675.0,647.008789,9561684
2015-01-15,678.0,683.0,652.5,670.0,642.216125,4743758
2015-01-16,667.5,696.5,660.5,691.0,662.345276,3958840
2015-01-19,706.5,708.330017,682.5,693.5,664.741577,2246614
2015-01-20,695.5,709.0,690.0,704.5,675.285522,2563453
2015-01-21,703.0,713.0,693.0,712.5,682.9537349999999,3063310
2015-01-22,716.0,743.5,694.8809809999999,719.0,689.184143,4809174
2015-01-23,714.0,714.0,681.5,684.5,656.114807,4866857
2015-01-26,664.0,698.0,659.0,697.0,668.096436,2876925
2015-01-27,699.0,703.0,684.0,693.5,664.741577,1901597
2015-01-28,696.0,696.0,664.0,673.5,645.570984,6420333
2015-01-29,660.0,665.5,646.0,655.0,627.838135,4507734
2015-01-30,653.0,663.0,649.0,650.0,623.045471,3809437
2015-02-02,651.0,672.5,649.0,672.0,644.133179,5171423
2015-02-03,682.0,709.0,682.0,706.0,676.723267,4892365
2015-02-04,709.0,718.0,682.0,697.5,668.575745,4951994
2015-02-05,694.0,712.0,684.0,711.0,681.5158690000001,2109267
2015-02-06,715.5,715.5,698.5,702.0,672.889099,2054422
2015-02-09,701.0,719.0,699.5,716.5,686.787781,1629425
2015-02-10,720.0,721.0,684.820007,693.5,664.741577,3278107
2015-02-11,697.0,697.0,682.89502,690.5,661.865967,2015169
2015-02-12,688.0,709.5,687.0,705.5,676.243958,2617609
2015-02-13,713.0,738.5,713.0,731.0,700.686584,3598033
2015-02-16,732.5,753.0,729.0,750.0,718.898621,2236736
2015-02-17,744.5,767.0,730.5,744.0,713.147461,3417611
2015-02-18,747.0,755.5,735.0,752.5,721.294983,2276841
2015-02-19,753.0,755.5,740.0,748.0,716.981628,1507215
2015-02-20,747.0,761.0,746.5,753.5,722.25354,2252880
2015-02-23,750.0,754.5,727.0,732.5,702.1243900000001,2891206
2015-02-24,736.5,756.5,723.0,754.5,723.211975,2828818
2015-02-25,753.0,766.5,747.5,754.0,722.732788,2568550
2015-02-26,755.0,786.0,754.0,768.0,736.1522219999999,3791395
2015-02-27,765.0,771.5,760.5,767.0,735.193665,2252190
2015-03-02,770.5,778.0,761.0,765.0,733.276672,2342287
2015-03-03,763.5,765.5,753.0,755.0,723.691284,3186360
2015-03-04,753.5,757.5,738.5,740.5,709.792603,1964412
2015-03-05,736.5,754.5,730.5,754.0,722.732788,6565329
2015-03-06,750.0,756.5,743.0,748.0,716.981628,1945381
2015-03-09,740.0,754.5,737.0,752.5,721.294983,2494202
2015-03-10,745.0,745.0,711.0,711.0,681.5158690000001,4655832
2015-03-11,711.0,717.098999,693.5,699.0,670.01355,3781246
2015-03-12,710.0,722.755005,700.5,700.5,671.451416,3139047
2015-03-13,702.0,714.0,692.0,698.5,669.5342410000001,2085609
2015-03-16,701.5,708.0,691.5,707.0,677.6817629999999,2881074
2015-03-17,687.5,703.5,675.5,687.0,658.511169,4401024
2015-03-18,690.0,692.5,675.0,681.5,653.2392580000001,4547429
2015-03-19,689.5,707.0,687.5,695.0,666.179382,4163869
2015-03-20,698.5,716.0,686.5,714.5,684.870728,3808132
2015-03-23,716.5,729.0,706.5,727.0,696.852417,2339986
2015-03-24,728.0,739.5,723.5,724.0,693.976807,3029473
2015-03-25,725.5,735.5,722.5,728.5,698.290161,1498932
2015-03-26,713.5,738.5,712.5,724.5,694.456055,2900075
2015-03-27,720.0,721.5,704.419983,715.0,685.349976,2696848
2015-03-30,724.0,746.8380129999999,715.0,739.5,708.8340450000001,2965245
2015-03-31,745.0,762.0,729.5,732.5,702.1243900000001,4742605
2015-04-01,732.0,739.5,720.5,733.5,703.082886,3514089
2015-04-02,729.5,732.0,715.0,718.0,688.225647,2317060
2015-04-07,718.0,740.5,718.0,740.5,709.792603,4644581
2015-04-08,742.0,752.5,732.0,733.0,702.603577,3718411
2015-04-09,735.0,741.0,717.0,738.5,707.875488,1988798
2015-04-10,740.5,743.0,732.5,740.5,709.792603,2099298
2015-04-13,737.0,740.5,716.5,722.0,692.059814,2010052
2015-04-14,718.0,745.0,717.0,743.0,712.188904,2240999
2015-04-15,742.0,757.849976,739.5,751.0,719.857117,1640852
2015-04-16,756.0,758.0,743.0,747.0,716.02301,2130954
2015-04-17,747.5,749.5,726.0,732.0,701.645081,2687722
2015-04-20,735.5,749.0,735.0,747.0,716.02301,2917812
2015-04-21,750.0,750.0,738.0,745.0,714.106018,2308858
2015-04-22,753.5,755.0,740.0,749.5,718.419312,3396672
2015-04-23,746.0,787.5,735.5,784.5,758.4381099999999,4438645
2015-04-24,796.0,805.0,783.0,793.5,767.13916,3436362
2015-04-27,803.0,809.5,781.5,807.5,780.6740110000001,3124699
2015-04-28,802.5,808.5,792.5,802.0,775.356812,2614331
2015-04-29,780.0,790.5,767.5,784.0,757.954773,4536503
2015-04-30,785.5,789.5,766.5,781.5,755.537842,2809244
2015-05-01,783.0,800.0,783.0,792.5,766.172424,1272292
2015-05-05,792.5,811.5,784.0,798.5,771.973022,3700991
2015-05-06,795.5,805.0,779.0,782.5,756.504639,2730090
2015-05-07,780.5,798.5,774.5,781.0,755.054443,3591693
2015-05-08,791.5,794.5,781.5,790.0,763.755432,3008566
2015-05-11,785.0,802.0,782.0,782.5,756.504639,2908176
2015-05-12,779.5,793.5,767.0,791.5,765.205566,4166380
2015-05-13,794.0,805.0,788.5,798.5,771.973022,1854512
2015-05-14,795.0,805.0,783.5,795.5,769.072693,1386342
2015-05-15,795.0,802.0,780.0,789.0,762.788696,2002751
2015-05-18,787.0,802.0,786.0,793.0,766.655762,1473574
2015-05-19,793.0,794.0,770.5,775.0,749.253723,2849741
2015-05-20,776.5,785.5,767.5,779.0,753.12085,3591211
2015-05-21,779.5,794.5,779.5,785.0,758.921509,1812228
2015-05-22,785.0,792.5,771.5,774.0,748.2869870000001,2942037
2015-05-26,774.0,779.6400150000001,753.0,755.5,730.40155,2219984
2015-05-27,754.5,765.5,753.0,761.5,736.2021480000001,1379145
2015-05-28,759.5,763.14502,750.5,756.0,730.8848879999999,1674216
2015-05-29,757.5,760.5,744.5,746.0,721.217163,3128602
2015-06-01,748.5,752.0,736.5,743.0,718.316833,2564439
2015-06-02,744.0,772.5,736.0,766.5,741.036072,2836151
2015-06-03,765.0,769.0,753.0,760.0,734.752075,1472045
2015-06-04,763.5,763.5,736.0,741.0,716.38324,3027401
2015-06-05,735.0,750.0,728.3599849999999,737.0,712.516174,2686655
2015-06-08,735.0,740.0,725.0,730.0,705.7487179999999,1564367
2015-06-09,732.0,734.5,721.5,726.5,702.364929,2192880
2015-06-10,728.0,742.0,727.0,736.0,711.5493769999999,2292338
2015-06-11,734.5,742.0,720.5,727.5,703.331787,2937026
2015-06-12,721.5,736.0,721.5,732.0,707.68219,3018499
2015-06-15,727.0,732.0,723.5,728.0,703.815125,2239492
2015-06-16,725.0,726.038025,706.5,712.5,688.830017,2682857
2015-06-17,715.0,717.5,708.5,711.0,687.379822,2221354
2015-06-18,709.0,725.0,707.5,717.0,693.180481,2201376
2015-06-19,713.5,719.0,709.0,713.0,689.313416,2926369
2015-06-22,720.0,721.0,708.5,715.5,691.7303469999999,1530193
2015-06-23,718.5,727.5,713.0,722.0,698.0144650000001,1772964
2015-06-24,722.0,727.5,718.5,721.0,697.0476679999999,1513589
2015-06-25,720.0,723.5,716.5,719.5,695.597473,1718513
2015-06-26,716.0,723.0,707.0,712.5,688.830017,1690023
2015-06-29,695.0,711.0,685.5,705.0,681.5792240000001,1989198
2015-06-30,698.5,701.5,687.5,689.5,666.594116,3039699
2015-07-01,689.5,691.5,677.5,680.5,657.8931269999999,3082726
2015-07-02,677.5,689.5,676.5,684.5,661.760254,2516787
2015-07-03,683.0,685.0,674.674988,682.0,659.343262,1402038
2015-07-06,671.5,674.0,665.3599849999999,669.0,646.775146,3066499
2015-07-07,666.5,668.0,641.6729740000001,642.5,621.155579,4160336
2015-07-08,640.0,652.5,629.0,644.0,622.605713,3949614
2015-07-09,647.5,657.0,642.0,650.0,628.406433,3412515
2015-07-10,665.0,666.5,652.0,657.0,635.1738280000001,2435016
2015-07-13,660.5,668.0,650.0,667.0,644.841553,4572007
2015-07-14,665.0,667.5,654.5,658.0,636.140625,1681904
2015-07-15,659.5,667.0,651.0,654.5,632.756897,4396339
2015-07-16,655.0,662.0,647.5,658.5,636.6239009999999,1839360
2015-07-17,658.5,658.5,646.5,651.0,629.3731690000001,2364779
2015-07-20,652.5,652.5,638.0,641.0,619.705383,2036584
2015-07-21,642.5,650.5,638.5,648.0,626.472839,1628871
2015-07-22,641.5,641.5,621.5,627.5,606.65387,3013284
2015-07-23,630.5,635.0,619.0,628.5,607.620605,2977182
2015-07-24,625.5,627.5,587.0,589.0,569.432861,4889966
2015-07-27,583.0,587.0,568.937988,573.0,553.964355,4340200
2015-07-28,574.0,591.5,568.5,586.0,566.5325320000001,4780870
2015-07-29,584.0,587.5,571.0,585.0,565.5656740000001,3956360
2015-07-30,585.0,588.5,577.5,580.5,561.21521,2158255
2015-07-31,577.0,577.0,552.5,567.0,548.163635,5440885
2015-08-03,566.0,572.0,561.5,568.0,549.130493,3292977
2015-08-04,566.5,581.0,564.0,574.5,555.414551,3263166
2015-08-05,573.5,600.5,573.5,591.0,571.366394,3675607
2015-08-06,589.0,590.5,568.0,580.0,560.731812,3016049
2015-08-07,582.0,595.0,580.5,589.5,569.91626,2347474
2015-08-10,589.5,594.0469969999999,573.5,594.0,574.2667240000001,2918703
2015-08-11,588.0,596.0,570.0,572.0,552.997559,2603411
2015-08-12,564.5,578.9959719999999,549.0,574.0,554.931152,4879813
2015-08-13,580.0,587.0,569.0,572.5,553.481018,2116140
2015-08-14,569.5,583.5,565.5,569.5,550.580688,2409811
2015-08-17,571.0,582.0,562.5,573.5,554.447754,2457546
2015-08-18,571.0,573.5,553.5,561.5,542.846375,2371988
2015-08-19,561.5,565.5,550.5,552.0,533.662048,2890600
2015-08-20,547.0,575.09198,546.8330080000001,571.5,552.51416,3308792
2015-08-21,563.5,572.0,560.0,563.0,544.296509,2602057
2015-08-24,548.0,552.0,519.5,533.0,515.293213,3971186
2015-08-25,540.5,583.5,540.5,579.5,560.248413,5372948
2015-08-26,573.0,578.5,557.0,561.5,542.846375,5246317
2015-08-27,574.5,618.0,568.0,611.5,591.1853639999999,5681456
2015-08-28,614.0,622.0,588.5,609.0,588.768433,5723638
2015-09-01,609.0,609.0,569.0,574.5,555.414551,6239606
2015-09-02,579.5,593.5,574.5,577.5,558.31488,5564318
2015-09-03,583.5,610.5,583.5,596.5,576.683716,4518603
2015-09-04,591.0,604.0,562.0,564.5,545.746704,3620915
2015-09-07,590.0,617.5,589.5,607.0,586.8349,5330476
2015-09-08,603.0,613.0,600.5,610.0,589.7351679999999,3333357
2015-09-09,625.0,633.5,613.5,615.0,594.569092,4216278
2015-09-10,610.0,622.5,601.5,604.5,584.417908,3065007
2015-09-11,606.0,621.0,606.0,607.5,587.3182370000001,2305483
2015-09-14,607.0,615.5,586.5,592.5,572.8165280000001,2607127
2015-09-15,589.5,608.0,576.0,605.5,585.384766,2673759
2015-09-16,612.0,616.0,587.5,604.5,584.417908,3350740
2015-09-17,606.0,608.7490230000001,587.0,589.5,572.853943,2714120
2015-09-18,586.0,592.5,571.5,579.5,563.136292,3259577
2015-09-21,576.5,583.5,564.0,565.5,549.531677,2155453
2015-09-22,563.5,563.5,521.3599849999999,524.5,509.689392,5128649
2015-09-23,526.5,534.0,517.0,524.5,509.689392,3208105
2015-09-24,524.5,528.5,511.0,511.5,497.056488,3281751
2015-09-25,522.0,531.5,504.0,506.0,491.711761,4240973
2015-09-28,502.0,506.10000599999995,481.0,481.0,467.417725,4915620
2015-09-29,478.0,500.5,476.428009,491.700012,477.815582,4302447
2015-09-30,503.0,505.5,493.10000599999995,499.700012,485.589691,4220779
2015-10-01,508.5,516.0,497.89999400000005,501.0,486.85296600000004,3165321
2015-10-02,502.0,512.0,498.10000599999995,509.5,495.112976,2351489
2015-10-05,523.0,539.5,518.5,537.5,522.322327,3049099
2015-10-06,542.5,544.0,523.5,537.0,521.836365,2615140
2015-10-07,544.5,602.5,544.5,576.5,560.221069,6645741
2015-10-08,574.0,586.5,564.0,578.0,561.67865,4072835
2015-10-09,589.5,610.5,584.0,596.0,579.17041,4437780
2015-10-12,599.0,599.0,573.0,576.5,560.221069,2669462
2015-10-13,573.5,574.0,560.0,566.5,550.503418,3172316
2015-10-14,560.0,593.0,559.0,580.5,564.1080929999999,3940783
2015-10-15,588.0,597.5,576.5,586.5,569.9385990000001,3806823
2015-10-16,592.0,592.0,577.5,579.5,563.136292,3083521
2015-10-19,576.5,576.5,557.5,559.5,543.70105,2850282
2015-10-20,557.5,562.0,547.0,558.0,542.243408,2434869
2015-10-21,557.0,562.375,539.0,545.5,530.096375,3175376
2015-10-22,543.0,570.0,538.0,561.0,545.158691,4461601
2015-10-23,565.0,584.5,558.0,574.5,558.277527,3864859
2015-10-26,575.0,586.0,565.0,567.5,551.475159,2565692
2015-10-27,567.5,568.0,543.0,544.5,529.124634,3377095
2015-10-28,536.5,540.0,513.5,536.5,521.350586,4463867
2015-10-29,532.0,532.0,507.125,526.5,511.632874,5311007
2015-10-30,527.0,536.5,522.5,526.5,511.632874,3299607
2015-11-02,521.0,529.0,516.5,522.0,507.259979,2172607
2015-11-03,526.0,537.0,510.5,535.5,520.378784,3696236
2015-11-04,541.0,558.179993,537.0,537.5,522.322327,3843587
2015-11-05,536.0,537.0,515.5,516.0,501.429413,2979987
2015-11-06,517.5,524.5,502.5,514.5,499.971741,2841554
2015-11-09,515.0,527.5,507.747009,509.5,495.112976,2904723
2015-11-10,509.5,510.639008,493.0,497.700012,483.646179,4003553
2015-11-11,498.5,513.0,493.299988,505.5,491.225891,2556111
2015-11-12,504.0,508.0,480.299988,480.799988,467.22338899999994,4623348
2015-11-13,480.0,486.175995,474.213013,479.60000599999995,466.05725099999995,4491256
2015-11-16,477.0,493.10000599999995,471.299988,475.299988,461.878662,3933650
2015-11-17,478.60000599999995,488.10000599999995,470.89999400000005,472.39999400000005,459.06057699999997,4386401
2015-11-18,472.0,505.5,465.89999400000005,500.0,485.88122599999997,5724928
2015-11-19,505.0,518.0,499.700012,501.0,486.85296600000004,2911284
2015-11-20,502.0,517.5,499.0,508.0,493.655334,3256367
2015-11-23,499.0,507.5,486.799988,496.200012,482.188507,3870279
2015-11-24,491.0,499.60000599999995,478.89999400000005,496.299988,482.285675,4571192
2015-11-25,499.39999400000005,502.5,493.5,498.60000599999995,484.52075199999996,2726588
2015-11-26,503.5,520.5,502.0,517.5,502.88708499999996,2212504
2015-11-27,515.0,516.0,492.60000599999995,496.700012,482.674408,2452178
2015-11-30,495.799988,509.0,483.200012,507.5,493.16943399999997,3687842
2015-12-01,507.0,516.5,506.5,512.5,498.028229,2938613
2015-12-02,513.5,520.5,508.5,514.5,499.971741,2473622
2015-12-03,511.5,515.0,500.964996,501.0,486.85296600000004,2640886
2015-12-04,502.0,508.5,489.299988,491.700012,477.815582,2526456
2015-12-07,494.700012,494.700012,477.299988,477.89999400000005,464.405243,1953228
2015-12-08,475.10000599999995,475.10000599999995,441.10000599999995,441.700012,429.227478,6409369
2015-12-09,445.200012,450.799988,422.799988,446.60000599999995,433.989105,5156774
2015-12-10,445.10000599999995,459.700012,441.0,446.0,433.40603600000003,2252609
2015-12-11,448.10000599999995,456.89999400000005,426.39999400000005,428.89999400000005,416.78891,3316821
2015-12-14,431.10000599999995,434.89999400000005,408.899994,412.299988,400.657623,2948937
2015-12-15,418.399994,420.799988,411.299988,412.899994,401.24069199999997,3409135
2015-12-16,413.5,426.39999400000005,412.200012,417.700012,405.905151,3382975
2015-12-17,427.39999400000005,431.5,413.399994,415.0,403.281433,3117076
2015-12-18,410.299988,421.700012,409.399994,416.299988,404.544678,3392339
2015-12-21,414.100006,432.5,412.799988,425.200012,413.19338999999997,3378916
2015-12-22,429.299988,445.5,424.0,445.0,432.43423499999994,2855644
2015-12-23,455.200012,466.799988,455.0,463.10000599999995,450.023193,2514846
2015-12-24,473.89999400000005,473.89999400000005,458.299988,462.60000599999995,449.537292,425927
2015-12-29,462.60000599999995,462.60000599999995,449.299988,460.700012,447.69094800000005,2077960
2015-12-30,457.299988,475.39999400000005,457.299988,472.10000599999995,458.76904299999995,2395327
2015-12-31,466.89999400000005,471.200012,465.299988,469.299988,456.04806500000007,568322
2016-01-04,469.299988,469.299988,443.10000599999995,445.700012,433.11450199999996,2330765
2016-01-05,452.5,458.299988,438.10000599999995,446.89999400000005,434.28060899999997,3324256
2016-01-06,442.299988,442.299988,423.10000599999995,433.700012,421.4534,2261401
2016-01-07,417.100006,417.899994,402.399994,410.600006,399.005646,3810553
2016-01-08,408.100006,418.899994,396.899994,398.299988,387.052948,2704439
2016-01-11,394.0,405.5,380.360992,387.700012,376.752289,4114658
2016-01-12,383.0,397.899994,372.5,374.100006,363.536346,5349282
2016-01-13,380.0,386.0,366.799988,368.799988,358.385986,3773527
2016-01-14,367.299988,379.68798799999996,354.399994,372.899994,362.370209,8836452
2016-01-15,367.5,368.600006,348.600006,350.600006,340.699921,4336389
2016-01-18,350.600006,356.600006,343.100006,350.0,340.116852,4101810
2016-01-19,358.899994,370.0,352.200012,355.5,345.461548,4425832
2016-01-20,344.5,354.200012,340.600006,346.100006,336.326996,4000970
2016-01-21,345.799988,366.0,343.399994,365.399994,355.08194,3200375
2016-01-22,399.0,399.200012,369.200012,372.200012,361.690002,6607261
2016-01-25,374.299988,374.403992,359.600006,363.200012,352.944122,4368793
2016-01-26,353.5,381.399994,350.399994,378.0,367.326202,5392448
2016-01-27,369.100006,376.700012,358.0,375.399994,364.799591,5135190
2016-01-28,376.799988,393.100006,374.0,384.0,373.156769,6120086
2016-01-29,391.0,391.899994,364.299988,380.200012,369.464081,4370248
2016-02-01,380.0,383.0,364.700012,374.0,363.43917799999997,3797322
2016-02-02,372.200012,373.600006,359.299988,365.5,355.179169,4444903
2016-02-03,365.700012,379.0,361.100006,375.600006,364.993958,4416340
2016-02-04,391.0,445.10000599999995,389.5,430.299988,418.149384,7057162
2016-02-05,427.89999400000005,449.89999400000005,417.200012,446.299988,433.69754000000006,6339893
2016-02-08,449.39999400000005,456.700012,426.0,453.39999400000005,440.59707599999996,6577188
2016-02-09,431.10000599999995,439.10000599999995,406.200012,410.899994,399.29717999999997,6451977
2016-02-10,411.0,420.200012,394.100006,398.399994,387.150146,4551312
2016-02-11,392.0,399.600006,373.0,389.5,378.501465,5144203
2016-02-12,390.600006,433.799988,390.600006,433.299988,421.064636,5125467
2016-02-15,444.0,449.5,430.791992,442.799988,430.29638700000004,3215251
2016-02-16,448.799988,456.39999400000005,426.299988,440.60000599999995,428.158508,2944621
2016-02-17,440.89999400000005,478.700012,434.60000599999995,478.39999400000005,464.89114400000005,4530074
2016-02-18,480.700012,486.5,463.39999400000005,477.299988,463.822174,4083114
2016-02-19,473.0,481.0,468.299988,480.5,466.931854,2767099
2016-02-22,488.0,520.0,488.0,517.5,502.88708499999996,2441192
2016-02-23,510.5,511.0,492.700012,496.60000599999995,482.577209,3652669
2016-02-24,495.10000599999995,495.10000599999995,467.799988,476.5,463.04483,3957563
2016-02-25,479.799988,490.89999400000005,472.299988,477.60000599999995,464.11373899999995,2749837
2016-02-26,473.700012,489.0,473.700012,484.39999400000005,470.72171,3375950
2016-02-29,476.799988,501.0,475.10000599999995,494.0,480.050629,4056023
2016-03-01,490.60000599999995,511.5,483.5,490.39999400000005,476.55230700000004,3105679
2016-03-02,519.5,519.5,500.0,508.0,493.655334,4989947
2016-03-03,512.5,531.98999,503.0,511.0,496.570587,3404891
2016-03-04,520.5,552.0,520.5,550.5,534.9551389999999,4398963
2016-03-07,548.0,594.5,533.5,592.5,575.769226,4715881
2016-03-08,581.0,581.0,527.5,536.5,521.350586,5157994
2016-03-09,535.5,542.0,518.5,534.5,519.4070429999999,3400966
2016-03-10,533.5,541.5,506.0,509.5,495.112976,4704691
2016-03-11,514.5,525.0,506.0,524.0,509.20352199999996,3106841
2016-03-14,529.5,550.0,520.5,537.5,522.322327,3465415
2016-03-15,480.5,518.5,476.700012,513.5,499.0,6367985
2016-03-16,510.0,515.0,478.5,496.39999400000005,482.382843,4857584
2016-03-17,506.5,550.5,506.5,537.5,522.322327,5554633
2016-03-18,539.5,544.0,509.0,514.5,499.971741,6539570
2016-03-21,506.5,507.5,493.10000599999995,495.700012,481.702667,4545385
2016-03-22,492.799988,502.15799000000004,487.39999400000005,497.700012,483.646179,3352038
2016-03-23,491.200012,497.10000599999995,476.700012,482.200012,468.58383200000003,3556233
2016-03-24,472.0,474.10000599999995,456.299988,469.39999400000005,456.14529400000004,2784095
2016-03-29,469.39999400000005,476.39999400000005,451.5,454.0,441.18011500000006,2515919
2016-03-30,459.39999400000005,476.60000599999995,459.10000599999995,469.700012,456.43679800000007,3950987
2016-03-31,469.0,485.299988,458.700012,469.39999400000005,456.14529400000004,5015380
2016-04-01,465.0,472.299988,446.299988,453.89999400000005,441.082947,5225132
2016-04-04,452.700012,457.60000599999995,441.0,444.200012,431.65689100000003,4149460
2016-04-05,435.60000599999995,453.67999299999997,427.0,432.700012,420.481628,4074988
2016-04-06,435.799988,443.799988,434.200012,438.5,426.11782800000003,6230732
2016-04-07,438.0,443.299988,426.299988,426.89999400000005,414.845367,5507862
2016-04-08,430.89999400000005,438.799988,424.700012,433.700012,421.4534,3179912
2016-04-11,431.200012,442.200012,427.60000599999995,439.299988,426.895233,3045679
2016-04-12,441.700012,448.39999400000005,439.60000599999995,446.5,433.891937,3751935
2016-04-13,455.299988,470.5,447.89999400000005,469.5,456.242462,6017630
2016-04-14,465.5,473.20599400000003,454.60000599999995,465.0,451.86950700000006,4761244
2016-04-15,462.299988,472.200012,454.0,471.0,457.700104,4119390
2016-04-18,463.200012,465.39999400000005,451.700012,458.200012,445.261566,3647038
2016-04-19,462.299988,497.5,458.39999400000005,492.799988,478.884521,5178303
2016-04-20,488.39999400000005,513.5,465.200012,500.0,485.88122599999997,4054664
2016-04-21,510.0,516.0,478.10000599999995,486.10000599999995,472.37374900000003,4376591
2016-04-22,484.10000599999995,484.299988,461.5,479.799988,466.25158700000003,2518919
2016-04-25,477.5,477.5,463.10000599999995,470.0,456.728333,3254233
2016-04-26,469.5,478.60000599999995,464.200012,471.0,457.700104,3719307
2016-04-27,462.60000599999995,485.700012,461.799988,478.799988,465.27981600000004,2907144
2016-04-28,472.89999400000005,477.60000599999995,463.299988,476.0,462.558899,4775143
2016-04-29,471.5,486.39999400000005,465.306,483.200012,469.555634,5045067
2016-05-03,483.200012,483.799988,442.39999400000005,447.700012,435.05804400000005,5428284
2016-05-04,440.0,445.5,427.0,435.39999400000005,423.105316,4124813
2016-05-05,434.39999400000005,445.700012,431.200012,442.299988,429.810516,2905188
2016-05-06,439.200012,445.0,427.39999400000005,441.5,429.033112,3672248
2016-05-09,431.799988,431.799988,410.399994,416.600006,404.836212,4712593
2016-05-10,419.5,428.5,405.600006,418.399994,406.58538799999997,3945093
2016-05-11,418.600006,429.60000599999995,418.243988,425.700012,413.67929100000003,2703953
2016-05-12,421.39999400000005,423.335999,402.0,406.100006,394.632721,3814818
2016-05-13,402.0,421.0,400.835999,411.799988,400.171783,4052744
2016-05-16,412.200012,434.5,412.200012,425.60000599999995,413.582123,2489262
2016-05-17,428.700012,437.89999400000005,423.200012,433.799988,421.550537,2690718
2016-05-18,430.60000599999995,430.60000599999995,412.0,421.10000599999995,409.209167,3749767
2016-05-19,412.0,419.5,406.0,419.0,407.168457,3247191
2016-05-20,425.5,433.60000599999995,424.299988,429.0,416.886078,4222850
2016-05-23,426.799988,433.39999400000005,423.200012,431.200012,419.023956,2939503
2016-05-24,432.299988,440.39999400000005,427.0,434.39999400000005,422.133606,2283263
2016-05-25,438.10000599999995,446.60000599999995,428.60000599999995,442.5,430.00485199999997,2252830
2016-05-26,449.5,463.708008,445.89999400000005,447.89999400000005,435.25241100000005,2915626
2016-05-27,449.5,452.39999400000005,432.700012,436.60000599999995,424.271484,3276247
2016-05-31,436.60000599999995,439.60000599999995,425.799988,429.0,416.886078,3132058
2016-06-01,424.0,424.0,406.799988,415.700012,403.96167,4028198
2016-06-02,415.799988,421.700012,411.0,417.399994,405.613617,3783673
2016-06-03,425.0,430.60000599999995,420.39999400000005,428.299988,416.205811,2460735
2016-06-06,436.299988,458.89999400000005,435.735992,450.0,437.293091,3277095
2016-06-07,452.0,458.200012,431.39999400000005,440.10000599999995,427.672638,3529299
2016-06-08,440.5,459.22601299999997,440.10000599999995,451.700012,438.945099,2313026
2016-06-09,447.5,448.80999800000006,416.5,423.39999400000005,411.444183,6002671
2016-06-10,418.899994,422.0,416.0,418.600006,406.77975499999997,4457143
2016-06-13,413.0,420.799988,412.100006,416.600006,404.836212,3916176
2016-06-14,409.5,414.0,394.5,394.5,383.360291,3718804
2016-06-15,400.200012,425.0,399.799988,419.700012,407.84869399999997,4888778
2016-06-16,416.100006,421.700012,404.399994,409.700012,398.131073,3025197
2016-06-17,412.100006,426.5,411.399994,423.89999400000005,411.93008399999997,5458507
2016-06-20,435.5,437.299988,426.299988,433.89999400000005,421.647705,2414252
2016-06-21,431.39999400000005,434.39999400000005,423.10000599999995,433.0,420.77313200000003,1722110
2016-06-22,438.0,439.200012,420.5,425.0,412.999054,3067530
2016-06-23,428.60000599999995,440.299988,421.799988,440.299988,427.866974,3805844
2016-06-24,408.100006,439.89999400000005,408.100006,430.299988,418.149384,3399927
2016-06-27,432.799988,446.299988,416.700012,423.10000599999995,411.15271,4308898
2016-06-28,434.89999400000005,437.89999400000005,414.200012,415.200012,403.475769,5150152
2016-06-29,421.799988,443.0,418.0,443.0,430.49075300000004,3996984
2016-06-30,444.700012,471.39999400000005,435.60000599999995,465.60000599999995,452.45260599999995,5415572
2016-07-01,468.799988,476.799988,450.39999400000005,469.60000599999995,456.33963,3326276
2016-07-04,477.700012,489.60000599999995,475.415009,480.60000599999995,467.029022,3076314
2016-07-05,478.60000599999995,483.10000599999995,458.10000599999995,461.5,448.46835300000004,2610632
2016-07-06,459.700012,477.799988,455.64999400000005,462.0,448.954254,2916227
2016-07-07,470.5,482.0,464.10000599999995,464.700012,451.578003,2793856
2016-07-08,462.10000599999995,471.299988,449.60000599999995,456.700012,443.803925,3185948
2016-07-11,462.799988,480.39999400000005,462.799988,479.5,465.960083,2291301
2016-07-12,481.0,487.10000599999995,476.700012,486.0,472.27652,2669783
2016-07-13,488.89999400000005,527.893005,488.89999400000005,504.0,489.76825,5431338
2016-07-14,511.0,517.0,495.799988,505.0,490.740021,4162331
2016-07-15,503.5,511.0,492.60000599999995,508.0,493.655334,2803577
2016-07-18,498.0,506.0,494.10000599999995,503.0,488.79650899999996,1782228
2016-07-19,498.0,499.200012,482.799988,490.200012,476.35794100000004,2749202
2016-07-20,490.0,490.39999400000005,470.39999400000005,482.89999400000005,469.26406900000006,2561600
2016-07-21,491.0,500.5,485.490997,495.200012,481.216766,2409167
2016-07-22,492.0,497.5,487.0,491.60000599999995,477.71838399999996,2506455
2016-07-25,495.10000599999995,497.799988,485.799988,487.5,473.734192,1713953
2016-07-26,488.700012,492.5,485.299988,487.60000599999995,473.83135999999996,2572697
2016-07-27,483.0,499.299988,481.5,493.299988,479.370392,3996893
2016-07-28,495.0,511.5,494.89999400000005,503.0,488.79650899999996,2342290
2016-07-29,502.5,504.5,495.299988,500.5,486.367065,2059825
2016-08-01,510.5,516.0,497.60000599999995,499.299988,485.200958,1920099
2016-08-02,497.5,503.0,491.299988,496.5,482.48001100000005,1609765
2016-08-03,495.60000599999995,499.10000599999995,490.39999400000005,492.39999400000005,478.49581900000004,1895268
2016-08-04,492.5,505.0,490.5,501.0,486.85296600000004,3191560
2016-08-05,501.0,515.0,501.0,514.0,499.48590099999996,3351556
2016-08-08,516.5,535.0,503.743011,531.0,516.005859,4254472
2016-08-09,526.0,529.0,520.0,525.5,510.661133,3068814
2016-08-10,522.0,530.5,521.0,526.5,511.632874,1979645
2016-08-11,527.0,532.0,516.5,532.0,516.9776,2446100
2016-08-12,534.0,535.5,513.0,514.0,499.48590099999996,2502188
2016-08-15,513.5,519.0,511.0,514.0,499.48590099999996,1825385
2016-08-16,529.5,565.0,525.0,558.5,542.72937,5701862
2016-08-17,561.0,573.5,530.958984,542.5,527.181091,3084681
2016-08-18,555.0,573.0,552.5,571.0,554.876343,2565310
2016-08-19,572.0,575.77002,561.0,564.5,548.559875,2808087
2016-08-22,558.5,558.5,539.0,545.0,529.6105349999999,2606640
2016-08-23,548.0,558.5,548.0,553.5,537.870544,2133128
2016-08-24,550.0,551.5,528.0,532.0,516.9776,4204537
2016-08-25,532.5,532.5,520.0,527.0,512.118774,2727253
2016-08-26,530.5,542.0,527.0,541.5,526.209351,3165580
2016-08-30,541.5,541.5,509.0,511.5,497.056488,4170581
2016-08-31,508.0,511.47500599999995,491.5,494.700012,480.730896,4526852
2016-09-01,501.5,508.0,490.700012,496.299988,482.285675,3408628
2016-09-02,499.0,510.0,490.0,506.5,492.19763200000006,3116717
2016-09-05,511.5,516.5,503.5,507.0,492.683563,1983471
2016-09-06,510.0,513.0,500.5,503.0,488.79650899999996,1928994
2016-09-07,508.5,512.5,495.0,512.5,498.028229,3027356
2016-09-08,510.0,513.5,503.5,510.0,497.88122599999997,1828575
2016-09-09,504.5,510.0,492.39999400000005,500.0,488.118835,2758297
2016-09-12,485.10000599999995,489.89999400000005,473.0,489.89999400000005,478.25882,5508297
2016-09-13,499.799988,499.799988,480.0,480.700012,469.277466,3981607
2016-09-14,484.5,500.548004,480.10000599999995,488.39999400000005,476.79446399999995,4311583
2016-09-15,487.200012,490.799988,480.799988,489.39999400000005,477.770721,3078307
2016-09-16,490.200012,494.5,483.299988,491.60000599999995,479.91842699999995,3650070
2016-09-19,497.5,503.0,496.299988,500.5,488.60696399999995,2060358
2016-09-20,498.39999400000005,502.0,488.5,492.700012,480.99231,3355673
2016-09-21,497.799988,501.0,490.5,496.10000599999995,484.311523,2533188
2016-09-22,518.0,520.5,508.0,517.5,505.203003,2690199
2016-09-23,512.5,517.5,505.5,516.0,503.73864699999996,2600590
2016-09-26,509.5,512.5,500.5,507.0,494.95248399999997,2071759
2016-09-27,510.5,511.5,491.10000599999995,501.0,489.095062,3258284
2016-09-28,504.0,512.0,501.5,506.0,493.976288,2338486
2016-09-29,517.5,526.0,511.5,522.5,510.0841980000001,3197169
2016-09-30,512.5,527.0,508.5,524.0,511.54852300000005,2803141
2016-10-03,524.5,538.5,522.0,535.5,522.7752690000001,2871934
2016-10-04,537.5,548.086975,531.0,532.0,519.358459,4097798
2016-10-05,528.5,540.5,521.5,539.5,526.680237,3532934
2016-10-06,543.5,543.5,534.5,536.5,523.751526,1900860
2016-10-07,542.0,553.0,541.5,550.0,536.930725,4928376
2016-10-10,557.0,562.0,548.026978,559.0,545.716858,2636553
2016-10-11,561.5,568.5,556.5,557.0,543.7643429999999,2816641
2016-10-12,556.5,564.0,551.0,556.5,543.276245,2777711
2016-10-13,547.0,548.0,532.5,539.5,526.680237,3138942
2016-10-14,547.0,550.0,516.0,520.0,507.643585,4730774
2016-10-17,517.5,523.992004,514.0,517.0,504.714905,2494869
2016-10-18,522.5,527.5,521.0,522.5,510.0841980000001,2317250
2016-10-19,526.0,526.0,515.3720089999999,521.0,508.619812,3752289
2016-10-20,525.0,526.52002,506.0,512.5,500.32180800000003,2193247
2016-10-21,517.0,520.5,513.0,518.5,506.17925999999994,3356854
2016-10-24,522.5,532.5,522.5,525.0,512.52478,4363144
2016-10-25,533.0,548.5,533.0,540.5,527.656433,4223906
2016-10-26,499.0,525.0,496.299988,523.0,510.572296,6718058
2016-10-27,520.0,526.5,498.39999400000005,525.0,512.52478,5159213
2016-10-28,526.0,533.5,513.5,531.0,518.382202,3990368
2016-10-31,535.5,544.5,529.5,543.0,530.097046,3702091
2016-11-01,548.5,564.0,547.64801,553.0,539.8594360000001,3896218
2016-11-02,543.5,554.0,540.5,550.0,536.930725,2881347
2016-11-03,545.0,547.090027,534.0,544.0,531.073303,3039123
2016-11-04,544.0,546.0,526.5,531.5,518.8703,2653084
2016-11-07,549.5,565.0,528.067017,565.0,551.5742799999999,2915083
2016-11-08,563.0,590.5,558.5,589.0,575.0040280000001,3896802
2016-11-09,582.0,644.0,565.034973,641.5,626.25647,9429425
2016-11-10,662.0,789.0,660.0,715.0,698.009949,12959027
2016-11-11,750.0,766.507996,694.5,706.0,689.223816,8838843
2016-11-14,709.0,727.0,703.0,706.0,689.223816,5971552
2016-11-15,685.0,706.544983,650.0,671.0,655.055481,5161872
2016-11-16,674.5,682.0,652.5,672.0,656.031738,4221054
2016-11-17,676.0,687.5,673.5,687.5,671.163391,2694925
2016-11-18,684.0,684.5,651.5,666.0,650.174316,3295951
2016-11-21,684.0,691.0,673.5,681.5,665.305969,2501150
2016-11-22,701.0,712.5,693.5,702.0,685.318848,2693309
2016-11-23,708.5,708.5,679.0,701.0,684.3425900000001,3265176
2016-11-24,710.0,722.5,707.5,719.0,701.914917,2617824
2016-11-25,723.5,728.419983,710.0,722.5,705.331726,1902352
2016-11-28,736.0,738.5,714.0,728.5,711.189148,3284820
2016-11-29,709.5,711.0,688.0,700.0,683.366394,3361965
2016-11-30,700.0,710.5,686.5,689.0,672.627747,4916803
2016-12-01,690.5,706.5,669.5,705.5,688.735718,4477648
2016-12-02,699.0,700.0,675.8709719999999,693.5,677.020874,3870656
2016-12-05,697.0,730.0,697.0,727.5,710.212891,3301341
2016-12-06,726.0,732.5,714.5,727.5,710.212891,3822148
2016-12-07,745.5,767.0,736.5,740.5,722.904053,5588768
2016-12-08,745.0,769.0,724.0,752.0,734.1307370000001,3906139
2016-12-09,754.0,763.5,744.0,756.5,738.523804,3863148
2016-12-12,758.5,779.5,754.0,774.5,756.096069,4063259
2016-12-13,770.5,777.5,727.5,738.5,720.951538,4113185
2016-12-14,729.5,734.5,708.25,721.0,703.867371,4298645
2016-12-15,715.5,720.90802,680.0,683.5,667.258484,6929361
2016-12-16,680.5,680.5,665.0,670.0,654.0792240000001,5251816
2016-12-19,669.0,669.5,654.0,661.5,645.78125,3441313
2016-12-20,660.0,668.0,648.0,667.0,651.1505129999999,2537636
2016-12-21,670.0,678.5,665.0,674.5,658.472351,2016901
2016-12-22,670.5,686.5,658.5,672.0,656.031738,2301252
2016-12-23,669.5,676.5,665.0,675.5,659.448547,595893
2016-12-28,675.5,692.0,672.445007,685.5,669.2109379999999,2585437
2016-12-29,683.0,686.5,674.5,676.5,660.424744,1831161
2016-12-30,674.0,683.5,672.5,675.0,658.960449,965069
2017-01-03,675.0,696.5,675.0,690.0,673.604004,3108143
2017-01-04,694.0,697.0,680.5,691.5,675.068359,2421489
2017-01-05,699.0,704.0,691.5,699.5,682.878296,1967039
2017-01-06,696.0,704.0,691.5,694.0,677.508972,2277474
2017-01-09,699.5,706.0,697.572021,704.0,687.271301,3021663
2017-01-10,715.5,729.5,713.0,723.0,705.819824,5605549
2017-01-11,727.0,734.0,716.5,721.0,703.867371,3196462
2017-01-12,720.5,738.0,720.5,721.5,704.3555299999999,3625390
2017-01-13,722.0,731.0,712.0,725.0,707.772339,2632422
2017-01-16,732.0,741.5,721.867004,733.5,716.0703129999999,2523091
2017-01-17,722.5,723.0,711.5419919999999,721.0,703.867371,3407411
2017-01-18,719.0,748.5,714.5,747.0,729.249573,3774110
2017-01-19,747.0,765.0,743.0,752.5,734.618835,5181161
2017-01-20,745.5,763.0,742.5,762.0,743.893066,3338617
2017-01-23,799.0,802.0,782.0,789.5,770.739624,5986736
2017-01-24,804.0,826.5,798.5,824.0,804.4198610000001,3682947
2017-01-25,871.5,884.5,834.0,857.5,837.1238400000001,6883944
2017-01-26,866.0,870.0,833.5,837.0,817.110901,5805300
2017-01-27,817.5,849.7000119999999,804.5,822.5,802.955505,4938114
2017-01-30,815.5,835.5,811.5,814.0,794.657471,3730906
2017-01-31,818.5,843.0,818.5,835.0,815.158508,4169901
2017-02-01,842.0,853.5,834.5,835.5,815.6466059999999,2674614
2017-02-02,836.0,844.0,826.0,840.5,820.527771,3277235
2017-02-03,821.0,821.0,808.5,813.0,793.681274,3171079
2017-02-06,813.5,824.5,811.5,817.5,798.0742799999999,2511126
2017-02-07,818.0,841.0,815.0,836.0,816.1347049999999,2989087
2017-02-08,855.0,864.5,819.0,836.5,816.622803,3897085
2017-02-09,840.5,842.924011,807.0,827.5,807.83667,3122744
2017-02-10,843.0,874.5,840.5,866.0,845.421814,4898266
2017-02-13,880.0,894.0,877.0,883.5,862.505981,2844004
2017-02-14,895.0,905.4089970000001,868.820007,879.0,858.112915,6160837
2017-02-15,883.0,885.0,865.5,866.0,845.421814,5140106
2017-02-16,865.5,868.0,840.5,848.5,828.337708,3905528
2017-02-17,845.5,848.932983,825.0,837.0,817.110901,3184037
2017-02-20,846.5,861.5,835.5,858.5,838.100037,2753552
2017-02-21,865.5,873.0,856.0,868.5,847.8624269999999,3061188
2017-02-22,867.0,870.0,839.5,851.0,830.7782589999999,2435132
2017-02-23,845.5,855.0,817.0,824.5,804.907959,4748726
2017-02-24,820.5,828.0,794.0,807.5,788.311951,4511756
2017-02-27,811.5,819.099976,800.5,806.5,787.335693,2325989
2017-02-28,802.5,817.0,789.200012,812.0,792.7049559999999,4893727
2017-03-01,822.0,839.0,815.5,837.5,817.59906,3936856
2017-03-02,843.5,847.5,823.5,825.0,805.396057,2642031
2017-03-03,818.0,830.0,804.0,820.0,800.5148929999999,2446987
2017-03-06,806.0,816.599976,799.0,802.0,782.9426269999999,2905451
2017-03-07,800.0,809.5,777.0,781.0,762.441589,4114723
2017-03-08,780.0,797.0,770.0,778.5,760.001038,3121213
2017-03-09,772.5,797.4060059999999,752.5,754.5,736.57135,4775638
2017-03-10,751.0,773.0,748.0,748.0,730.225769,4297288
2017-03-13,767.0,790.0,765.0,784.5,765.858459,3783142
2017-03-14,785.5,799.5,778.0,788.5,769.763428,5558739
2017-03-15,793.0,811.5,791.5,806.5,787.335693,4244695
2017-03-16,828.5,864.7999880000001,828.5,844.0,823.94458,6893785
2017-03-17,828.5,870.5,828.5,852.5,832.242615,3928513
2017-03-20,852.0,857.20697,836.5,849.5,829.313904,2427387
2017-03-21,839.5,848.0,821.0,829.5,809.789185,3574645
2017-03-22,812.5,847.5,806.5,843.5,823.456482,3819314
2017-03-23,845.5,859.0,829.5,836.5,816.622803,5480261
2017-03-24,838.5,842.0,827.575012,830.5,810.7653809999999,2099077
2017-03-27,808.5,820.0,785.0,791.5,772.692139,4559384
2017-03-28,799.0,808.5,782.5,798.5,779.525818,5329864
2017-03-29,809.0,817.0,795.0,816.0,796.6099849999999,2134857
2017-03-30,814.0,843.0,810.0,840.0,820.039673,2466297
2017-03-31,828.0,838.0,806.5,834.5,814.670349,3189761
2017-04-03,838.0,848.5,822.5,826.0,806.372314,2277053
2017-04-04,828.5,840.0,816.5,840.0,820.039673,2443972
2017-04-05,851.5,871.5,849.0,853.0,832.730713,2566739
2017-04-06,850.0,870.5,842.0,861.0,840.540649,2878972
2017-04-07,855.0,869.0,843.0,869.0,848.350525,2228960
2017-04-10,872.0,877.5,850.5,851.0,830.7782589999999,2651285
2017-04-11,851.5,870.5,839.0,848.5,828.337708,3322401
2017-04-12,843.5,854.0,822.5,824.5,804.907959,2939979
2017-04-13,827.0,838.0,822.0,835.0,815.158508,1965569
2017-04-18,835.0,835.0,805.5,806.5,787.335693,4501040
2017-04-19,811.0,837.5,809.5,823.0,803.443604,3729877
2017-04-20,826.0,838.0,811.5,826.0,806.372314,2893561
2017-04-21,837.5,844.0,813.5,818.5,799.050537,3254485
2017-04-24,830.5,843.0,824.5,840.5,820.527771,1874329
2017-04-25,822.0,841.0,817.0,838.0,818.087158,3157635
2017-04-26,825.5,850.5,825.5,842.0,821.992126,3189344
2017-04-27,827.0,837.0,813.0,818.5,810.4092410000001,3115481
2017-04-28,825.5,841.5,825.5,838.0,829.716492,3135959
2017-05-02,840.5,842.5,804.5,808.5,800.508118,3800327
2017-05-03,803.5,803.5,772.5,789.0,781.200867,4171183
2017-05-04,774.0,792.340027,748.187988,752.0,744.566589,4854390
2017-05-05,751.0,774.5,745.419983,769.0,761.39856,4519614
2017-05-08,769.5,769.5,744.405029,753.5,746.0517580000001,3824430
2017-05-09,759.0,774.5,757.5,761.0,753.477661,2637182
2017-05-10,762.0,772.0,753.0,760.5,752.982605,2542798
2017-05-11,767.0,800.0,765.5,777.5,769.8145139999999,3863863
2017-05-12,781.5,784.5,770.0,774.0,766.349121,2369733
2017-05-15,784.5,799.0,782.0,791.5,783.676147,2555450
2017-05-16,788.5,807.0,784.5,807.0,799.022949,2473303
2017-05-17,806.5,822.0,799.0,805.5,797.537781,2413396
2017-05-18,800.0,807.0,773.0,806.0,798.032837,4589848
2017-05-19,796.0,813.5,790.5,809.0,801.0031740000001,3190791
2017-05-22,816.0,825.5,813.0,819.0,810.9042969999999,2086114
2017-05-23,815.0,821.0,806.5,811.0,802.9833980000001,2267893
2017-05-24,803.5,825.0,795.0,814.0,805.9537349999999,3521153
2017-05-25,821.0,837.5,807.5,825.5,817.340088,2752780
2017-05-26,822.5,827.5,811.5,824.5,816.349976,2735582
2017-05-30,824.5,824.5,806.0,809.5,801.49823,2618742
2017-05-31,802.5,807.5,791.0,801.0,793.082275,2797532
2017-06-01,805.5,818.5,799.5,817.5,809.419128,2256881
2017-06-02,820.5,820.5,787.0,805.0,797.042725,3921255
2017-06-05,795.5,796.5,774.5,776.5,768.824402,2565960
2017-06-06,774.0,792.5,761.5,787.0,779.220642,4698459
2017-06-07,788.0,799.0,774.5,790.5,782.686035,3008081
2017-06-08,794.5,803.5,781.5,797.0,789.121765,3122176
2017-06-09,806.5,825.0,798.5,825.0,816.8450320000001,2978888
2017-06-12,825.0,827.0,809.0,811.0,802.9833980000001,1855066
2017-06-13,811.5,816.0,798.820007,809.5,801.49823,2703714
2017-06-14,811.5,822.0,796.426025,796.5,788.626709,3680345
2017-06-15,794.0,795.0,769.8259889999999,780.0,772.289856,3583925
2017-06-16,785.0,790.5,772.0,780.0,772.289856,4402291
2017-06-19,787.5,796.875,782.5,792.5,784.66626,64101
2017-06-20,791.5,793.0,755.5,755.5,748.0319820000001,433558
2017-06-21,757.0,770.0,749.0,765.5,757.933167,263804
2017-06-22,763.0,774.5,748.5,774.5,766.844177,301511
2017-06-23,767.5,780.0,759.0,772.0,764.368896,370703
2017-06-26,774.5,781.375,748.721008,770.3229980000001,762.708496,309559
2017-06-27,754.5,780.5,758.5,771.062988,763.441162,108566
2017-06-28,775.5,790.0,762.97699,788.0,780.210754,327444
2017-06-29,806.0,818.0,796.5,804.5,796.5476679999999,328069
2017-06-30,802.5,814.098022,790.0,799.5,791.597046,101848
2017-07-03,805.0,826.5,803.0,824.0,815.854919,3340208
2017-07-04,814.5,828.5,806.5,823.5,815.359863,1946865
2017-07-05,825.0,839.5,817.0,825.5,817.340088,4118218
2017-07-06,815.0,821.0,808.5,815.0,806.943848,4167393
2017-07-07,815.5,819.0,805.099976,815.5,807.438904,2711431
2017-07-10,815.0,825.5,809.0,824.0,815.854919,1748493
2017-07-11,828.5,838.5,822.0,828.0,819.815369,1819597
2017-07-12,838.5,861.0,837.0,854.0,845.55835,3853014
2017-07-13,851.5,863.5,848.0,852.0,843.578125,2339938
2017-07-14,858.5,863.0,846.0,858.5,850.013855,2115248
2017-07-17,864.0,881.5,864.0,878.0,869.3211060000001,2023462
2017-07-18,874.5,885.0,864.25,884.5,875.7568359999999,2949843
2017-07-19,887.0,892.0,875.0,885.0,876.251892,2651571
2017-07-20,885.5,893.0,872.5,883.0,874.271667,2896898
2017-07-21,878.5,896.5,878.5,886.5,877.7371220000001,2883400
2017-07-24,886.0,892.0,873.5,885.0,876.251892,3017870
2017-07-25,893.5,954.0,893.5,951.0,941.599548,4383251
2017-07-26,954.5,961.0,936.5399779999999,944.0,934.6687009999999,4597423
2017-07-27,944.0,955.5,930.5,942.5,933.183533,2852381
2017-07-28,928.5,941.5,922.0,938.5,929.223083,2255782
2017-07-31,952.5,964.0,942.0,946.0,936.648926,2461625
2017-08-01,954.0,954.0,936.0,944.0,934.6687009999999,3420377
2017-08-02,942.0,945.0,924.5,930.5,921.302185,2886485
2017-08-03,925.5,947.0,918.0,944.0,934.6687009999999,2842369
2017-08-04,944.5,952.5,940.5,942.0,932.6884769999999,2249745
2017-08-07,947.5,957.5,940.5,956.0,946.55011,2535259
2017-08-08,951.0,961.5,941.0,961.5,951.995728,2266881
2017-08-09,960.0,966.0,953.0,957.5,948.035278,1782712
2017-08-10,956.0,956.0,933.5,938.5,929.223083,2145200
2017-08-11,918.5,918.5,889.0,917.0,907.935608,2829249
2017-08-14,923.5,936.0,922.0,930.0,920.8071289999999,2269876
2017-08-15,932.0,932.0,914.0,921.0,911.896057,1669216
2017-08-16,926.0,958.0,923.5,948.5,939.1242070000001,2718205
2017-08-17,952.0,964.0,942.5,944.5,935.163757,4581934
2017-08-18,947.0,949.669983,929.0,943.5,934.173645,3279215
2017-08-21,944.5,960.5,944.0,954.5,945.064941,2722796
2017-08-22,960.0,1007.0,960.0,973.5,963.877136,3858787
2017-08-23,983.0,996.5,966.5,996.0,986.154724,3241508
2017-08-24,1004.0,1017.0,995.0,1014.0,1003.976807,2751379
2017-08-25,1015.0,1042.819946,1014.7800289999999,1022.0,1011.8977050000001,3343750
2017-08-29,1022.0,1022.0,1000.0,1018.0,1007.937256,3901671
2017-08-30,1029.0,1029.0,1011.0,1015.0,1004.966919,3489994
2017-08-31,1033.0,1064.0,1027.0,1035.0,1024.769165,3783567
2017-09-01,1037.0,1063.949951,1035.0,1058.0,1047.54187,2622004
2017-09-04,1053.0,1068.0,1050.77002,1061.0,1050.512207,1528919
2017-09-05,1065.0,1071.5,1044.0,1048.0,1037.6407470000001,2408656
2017-09-06,1040.0,1058.0,1035.0,1042.0,1031.699951,1981978
2017-09-07,1035.0,1047.0,1027.0,1047.0,1047.0,2062877
2017-09-08,1040.0,1040.0,1001.0,1008.0,1008.0,4291375
2017-09-11,1011.0,1026.0,1001.0,1026.0,1026.0,2888140
2017-09-12,1024.0,1032.0,1003.0,1008.0,1008.0,4945096
2017-09-13,1003.0,1013.0,968.0,969.0,969.0,4310502
2017-09-14,964.5,974.0,952.5,953.0,953.0,4227669
2017-09-15,942.5,950.0,928.125,931.5,931.5,4225962
2017-09-18,942.0,960.625,937.0,953.5,953.5,3497577
2017-09-19,953.5,954.0,935.5,940.0,940.0,2423420
2017-09-20,942.0,944.5,933.0,943.5,943.5,2358461
2017-09-21,929.0,938.3029789999999,914.5,922.0,922.0,2725225
2017-09-22,912.5,943.0,901.5,939.5,939.5,4784137
2017-09-25,934.5,935.0,904.0,908.0,908.0,2569506
2017-09-26,908.5,926.0,908.5,911.5,911.5,2772581
2017-09-27,918.0,936.5,916.5,923.5,923.5,2156224
2017-09-28,921.0,928.5,908.0,928.5,928.5,3137167
2017-09-29,941.5,953.0,934.5,949.0,949.0,3214119
2017-10-02,949.0,967.557007,945.5399779999999,967.5,967.5,3318079
2017-10-03,966.0,976.5,950.0,969.0,969.0,2242178
2017-10-04,969.5,974.5,964.5,973.5,973.5,2318717
2017-10-05,972.0,1004.0,972.0,996.5,996.5,2450907
2017-10-06,1000.0,1008.0,991.0,997.5,997.5,1700586
2017-10-09,992.0,1003.4600220000001,979.0,981.0,981.0,1799527
2017-10-10,985.0,1002.1900019999999,983.0,1002.0,1002.0,1973392
2017-10-11,1006.0,1006.0,993.0,1001.0,1001.0,2305909
2017-10-12,1004.0,1020.0,1000.2899779999999,1016.0,1016.0,1689153
2017-10-13,1019.0,1024.0,1014.0,1015.0,1015.0,3114820
2017-10-16,1043.0,1053.939941,1015.6900019999999,1034.0,1034.0,3856810
2017-10-17,1032.0,1038.0,1011.909973,1012.0,1012.0,3013834
2017-10-18,1011.0,1025.0,988.9990230000001,992.5,992.5,2836563
2017-10-19,993.0,1000.0,980.5,987.5,987.5,3279082
2017-10-20,1001.0,1018.0,991.848999,1000.0,1000.0,4501114
2017-10-23,995.0,1010.0,986.0,1003.0,1003.0,1466411
2017-10-24,1009.0,1035.0,1006.0,1031.0,1031.0,3066235
2017-10-25,1017.0,1020.0,978.0,986.0,986.0,5563107
2017-10-26,993.5,1000.0,978.5,986.5,986.5,2198305
2017-10-27,975.0,978.5,947.5,956.5,956.5,4465749
2017-10-30,951.0,971.0,950.8900150000001,963.0,963.0,1981540
2017-10-31,963.5,970.5,949.5,954.5,954.5,1866076
2017-11-01,972.5,990.0,970.0,970.0,970.0,4378180
2017-11-02,967.5,1004.0,963.5,993.0,993.0,3161572
2017-11-03,992.0,1002.0,978.5,990.0,990.0,2237926
2017-11-06,992.5,1002.0,988.5,989.0,989.0,1738053
2017-11-07,988.5,1001.0,978.0,988.0,988.0,4219202
2017-11-08,981.0,1001.0,975.0,999.0,999.0,1917206
2017-11-09,993.0,995.0,975.5,977.0,977.0,3364540
2017-11-10,980.0,987.5,966.5,967.5,967.5,1742594
2017-11-13,972.0,982.0,957.5,974.5,974.5,2101234
2017-11-14,975.5,975.5,947.0,949.0,949.0,2249652
2017-11-15,937.0,952.0,921.5,951.0,951.0,2879173
2017-11-16,954.0,955.0,936.0,947.5,947.5,2277763
2017-11-17,945.0,958.0,937.0,951.0,951.0,1908987
2017-11-20,943.0,966.0,943.0,960.5,960.5,1174384
2017-11-21,961.5,970.0,953.0,965.0,965.0,3660066
2017-11-22,969.5,981.5,967.0,976.0,976.0,2178713
2017-11-23,971.0,985.0,966.0,980.0,980.0,1042186
2017-11-24,983.0,988.0,978.0,978.5,978.5,1480801
2017-11-27,971.0,975.0,941.0,945.0,945.0,5081869
2017-11-28,929.0,938.0,925.5,933.0,933.0,3994546
2017-11-29,931.5,936.0,917.5,921.0,921.0,3487558
2017-11-30,915.0,928.5,905.0,909.5,909.5,4921275
2017-12-01,906.0,918.0,898.5,899.0,899.0,3408177
2017-12-04,907.0,914.5,898.5,899.5,899.5,2343668
2017-12-05,897.5,897.5,877.0,884.5,884.5,3974617
2017-12-06,872.5,896.0,866.0,887.5,887.5,3108817
2017-12-07,884.0,897.0,878.0,886.5,886.5,2745270
2017-12-08,892.5,897.0,879.5,893.5,893.5,2804488
2017-12-11,893.5,920.0,893.5,913.5,913.5,3561537
2017-12-12,912.5,916.5,905.0,910.5,910.5,2884558
2017-12-13,913.5,921.5,907.0,915.6669919999999,915.6669919999999,2624340
2017-12-14,918.5,929.5,913.5,915.0,915.0,2804131
2017-12-15,917.5,934.0,911.0,930.5,930.5,3001477
2017-12-18,937.0,950.5,933.0,949.0,949.0,2255102
2017-12-19,950.0,952.0,939.5,940.5,940.5,2406535
2017-12-20,945.0,958.0,940.5,953.0,953.0,2097609
2017-12-21,955.5,968.5,954.0,968.0,968.0,2099653
2017-12-22,963.0,972.5,962.0,964.0,964.0,457858
2017-12-27,964.0,989.5,964.0,984.5,984.5,1483199
2017-12-28,990.5,998.0,987.0,992.5,992.5,1290733
2017-12-29,996.0,1005.0,993.0,1005.0,1005.0,1104117
2018-01-02,1005.0,1014.5,984.599976,1001.0,1001.0,2127193
2018-01-03,998.0,999.0,974.0,975.2000119999999,975.2000119999999,2668491
2018-01-04,979.400024,991.400024,976.2000119999999,986.2000119999999,986.2000119999999,2401393
2018-01-05,983.400024,988.0,975.2000119999999,981.7999880000001,981.7999880000001,2641645
2018-01-08,989.400024,995.400024,980.7999880000001,994.0,994.0,1862544
2018-01-09,998.400024,1013.5,997.599976,1000.0,1000.0,3718125
2018-01-10,999.400024,1016.5,996.599976,1014.5,1014.5,3053682
2018-01-11,1017.5,1030.0,1016.0,1026.0,1026.0,3586546
2018-01-12,1026.0,1041.0,1021.5,1032.0,1032.0,2945407
2018-01-15,1037.5,1049.5,1027.0,1038.5,1038.5,1374836
2018-01-16,1030.0,1030.0,1000.0,1009.5,1009.5,2612335
2018-01-17,1007.0,1011.5,1003.0,1004.5,1004.5,1883896
2018-01-18,1001.5,1010.0,993.599976,998.400024,998.400024,2087658
2018-01-19,1002.0,1009.0,993.7999880000001,993.7999880000001,993.7999880000001,3300562
2018-01-22,993.400024,1003.0,992.7999880000001,994.7999880000001,994.7999880000001,2351022
2018-01-23,997.7999880000001,1003.0,955.400024,967.0,967.0,4552449
2018-01-24,953.0,963.400024,944.2000119999999,959.2000119999999,959.2000119999999,5581604
2018-01-25,958.400024,961.7999880000001,942.7999880000001,948.0,948.0,3567579
2018-01-26,946.599976,950.2000119999999,933.2000119999999,941.0,941.0,2652387
2018-01-29,949.0,957.7999880000001,947.2000119999999,952.2000119999999,952.2000119999999,2897792
2018-01-30,934.400024,942.2000119999999,931.400024,935.599976,935.599976,2517132
2018-01-31,938.400024,941.0,928.2000119999999,931.0,931.0,3717219
2018-02-01,931.0,934.599976,914.2000119999999,921.7999880000001,921.7999880000001,2445373
2018-02-02,931.0,936.599976,892.400024,901.400024,901.400024,4051672
2018-02-05,896.0,924.400024,886.2000119999999,916.400024,916.400024,4285836
2018-02-06,885.400024,947.400024,876.0,912.599976,912.599976,7302301
2018-02-07,925.2000119999999,925.400024,895.0,899.400024,899.400024,3961162
2018-02-08,897.599976,901.0,868.599976,876.7999880000001,876.7999880000001,4727139
2018-02-09,873.2000119999999,895.400024,868.400024,876.0,876.0,4834569
2018-02-12,890.7999880000001,902.0,880.599976,887.2000119999999,887.2000119999999,3133891
2018-02-13,886.7999880000001,903.2000119999999,885.0,889.599976,889.599976,4180854
2018-02-14,894.2000119999999,925.7999880000001,887.599976,916.0,916.0,5849566
2018-02-15,927.0,946.7999880000001,923.400024,932.2000119999999,932.2000119999999,3347351
2018-02-16,938.0,941.7999880000001,911.0,914.599976,914.599976,3253084
2018-02-19,913.7999880000001,917.2000119999999,896.7999880000001,897.7999880000001,897.7999880000001,1903283
2018-02-20,901.0,901.2000119999999,887.2000119999999,893.400024,893.400024,3278838
2018-02-21,889.400024,906.2000119999999,887.400024,902.0,902.0,2194246
2018-02-22,891.0,907.400024,878.2000119999999,902.2000119999999,902.2000119999999,3545850
2018-02-23,902.599976,903.599976,892.0,899.7999880000001,899.7999880000001,2344779
2018-02-26,909.599976,916.7999880000001,907.400024,912.0,912.0,2417491
2018-02-27,910.400024,927.400024,903.0,905.7999880000001,905.7999880000001,3251582
2018-02-28,897.7999880000001,900.2000119999999,869.2000119999999,870.0,870.0,5440165
2018-03-01,865.7999880000001,875.599976,850.599976,857.400024,857.400024,4581898
2018-03-02,852.0,858.0,836.799988,842.599976,842.599976,5656172
2018-03-05,846.2000119999999,864.7999880000001,839.7999880000001,862.7999880000001,862.7999880000001,4379412
2018-03-06,871.599976,895.2000119999999,871.2000119999999,884.2000119999999,884.2000119999999,3258956
2018-03-07,878.400024,881.2000119999999,864.2000119999999,876.2000119999999,876.2000119999999,2325604
2018-03-08,872.599976,876.7999880000001,859.599976,870.0,870.0,2882260
2018-03-09,867.0,895.2000119999999,862.0,894.400024,894.400024,2645902
