Date,Open,High,Low,Close,Adj Close,Volume
2015-01-02,242.19999700000002,245.600006,241.55000299999998,243.149994,225.515625,20219711
2015-01-05,242.30000299999998,243.149994,234.19999700000002,234.69999700000002,217.67849700000002,39050852
2015-01-06,234.05000299999998,235.850006,230.25,230.350006,213.643951,37573308
2015-01-07,232.100006,233.460007,230.149994,230.600006,213.87580899999998,37219841
2015-01-08,234.30000299999998,238.350006,231.55000299999998,237.05000299999998,219.85803199999998,41082776
2015-01-09,235.399994,235.399994,228.30000299999998,231.0,214.24681099999998,46867721
2015-01-12,231.350006,233.772995,228.19999700000002,231.399994,214.617783,34490093
2015-01-13,230.25,234.899994,229.649994,233.0,216.101746,25844745
2015-01-14,231.0,232.819,222.899994,223.55000299999998,207.337128,60864512
2015-01-15,227.5,229.25,219.544006,227.94999700000002,211.417999,56132853
2015-01-16,226.80000299999998,227.143005,223.350006,224.350006,208.07908600000002,43987461
2015-01-19,224.149994,230.30000299999998,223.05000299999998,230.0,213.31935099999998,55228983
2015-01-20,231.399994,237.781998,230.649994,235.25,218.188568,50977535
2015-01-21,235.25,238.0,234.25,237.899994,220.64639300000002,28672971
2015-01-22,238.5,243.42900099999997,236.69999700000002,243.399994,225.747498,65363101
2015-01-23,244.19999700000002,246.16700699999998,241.07400499999997,243.149994,225.515625,43954371
2015-01-26,240.350006,241.75,239.19999700000002,240.75,223.28968799999998,30093855
2015-01-27,240.899994,241.5,237.69999700000002,239.44999700000002,222.083969,24688504
2015-01-28,241.75,243.0,235.19999700000002,236.850006,219.672562,29917309
2015-01-29,234.899994,237.600006,233.69999700000002,236.55000299999998,219.394302,27623329
2015-01-30,237.75,239.350006,234.149994,234.149994,217.168335,30434587
2015-02-02,236.55000299999998,237.94999700000002,233.25,235.850006,218.745071,37110013
2015-02-03,239.94999700000002,248.850006,238.80000299999998,248.44999700000002,230.431244,66603907
2015-02-04,248.75,250.0,245.05000299999998,248.75,230.709488,45978031
2015-02-05,246.05000299999998,248.850006,244.100006,248.80000299999998,230.755859,26413977
2015-02-06,248.05000299999998,257.600006,246.94999700000002,255.44999700000002,236.92358399999998,50807751
2015-02-09,253.399994,255.11999500000002,249.399994,253.649994,235.25413500000002,31406863
2015-02-10,253.30000299999998,254.436005,248.399994,253.19999700000002,234.836761,52510700
2015-02-11,253.0,254.44999700000002,249.100006,251.0,232.79629500000001,34724177
2015-02-12,251.600006,256.700012,251.05000299999998,253.350006,234.97587599999997,41779731
2015-02-13,255.69999700000002,260.25,254.600006,256.450012,237.851059,41448524
2015-02-16,254.30000299999998,259.16299399999997,254.30000299999998,258.799988,240.030609,18762501
2015-02-17,256.600006,258.100006,254.22099300000002,257.549988,238.871262,26978599
2015-02-18,260.299988,263.708008,258.200012,260.350006,241.468231,47455508
2015-02-19,259.100006,262.307007,257.450012,260.399994,241.514587,36082492
2015-02-20,259.100006,264.216003,257.950012,261.5,242.534821,39275392
2015-02-23,264.0,264.25,260.350006,262.850006,243.78691099999998,39601203
2015-02-24,262.799988,264.700012,261.100006,264.0,244.853485,26668647
2015-02-25,262.950012,269.93899500000003,262.5,262.899994,243.83325200000002,25320216
2015-02-26,263.200012,264.950012,260.5,262.100006,243.091278,23202372
2015-02-27,261.0,263.700012,256.0,256.899994,238.268402,41803803
2015-03-02,255.0,264.0,254.209,262.75,243.69413799999998,44514567
2015-03-03,257.5,263.06399500000003,253.399994,254.30000299999998,235.856979,66495839
2015-03-04,255.05000299999998,262.399994,252.899994,262.399994,243.36952200000002,48202782
2015-03-05,262.200012,266.0,262.010986,266.0,246.70842000000002,59603687
2015-03-06,266.0,268.170013,264.450012,265.0,245.78096000000002,36330501
2015-03-09,263.75,264.850006,260.049988,262.700012,243.647781,40265273
2015-03-10,259.399994,260.950012,254.30000299999998,254.30000299999998,239.04179399999998,41894665
2015-03-11,252.149994,263.98098799999997,250.5,255.0,239.699768,39519142
2015-03-12,255.0,257.850006,252.0,254.5,239.22978199999997,35839890
2015-03-13,256.0,256.399994,248.149994,250.0,234.99975600000002,38870903
2015-03-16,251.600006,256.718994,251.399994,251.850006,236.738785,29822569
2015-03-17,252.75,254.69999700000002,238.78300499999997,250.0,234.99975600000002,35199431
2015-03-18,251.30000299999998,253.30000299999998,250.19999700000002,252.350006,237.20875499999997,37933134
2015-03-19,253.19999700000002,254.725006,252.100006,252.80000299999998,237.63179,44500418
2015-03-20,253.05000299999998,255.30000299999998,251.100006,255.30000299999998,239.981781,61802208
2015-03-23,255.850006,257.950012,246.537994,257.149994,241.720779,27104068
2015-03-24,257.200012,259.899994,256.850006,258.450012,242.94281,36456067
2015-03-25,258.450012,260.0,250.643997,251.899994,236.785767,41860488
2015-03-26,250.149994,251.778,246.44999700000002,250.0,234.99975600000002,40638745
2015-03-27,250.94999700000002,253.257996,243.149994,244.25,229.594788,45277658
2015-03-30,247.399994,248.94999700000002,245.0,247.80000299999998,232.93179300000003,34875856
2015-03-31,248.5,248.5,242.0,242.600006,228.04379300000002,46741243
2015-04-01,243.399994,252.149994,243.399994,249.30000299999998,234.341782,49780346
2015-04-02,250.649994,255.50999500000003,249.94999700000002,254.75,239.464752,38046988
2015-04-07,254.75,259.0,254.75,258.0,242.51979100000003,35822684
2015-04-08,258.0,258.100006,255.69999700000002,255.94999700000002,240.592758,29089328
2015-04-09,257.899994,258.87298599999997,256.299988,257.950012,242.47280899999998,28388642
2015-04-10,259.5,259.899994,255.75,257.049988,241.62677000000002,44749195
2015-04-13,255.899994,260.049988,255.899994,259.450012,243.882797,28900664
2015-04-14,259.950012,264.149994,259.899994,262.149994,246.420761,50441866
2015-04-15,263.299988,263.299988,259.339996,259.649994,244.07077,36941797
2015-04-16,261.450012,262.100006,257.5,260.350006,244.728806,34927443
2015-04-17,260.700012,261.350006,254.07499700000002,255.30000299999998,239.981781,41661498
2015-04-20,255.55000299999998,258.733002,254.0,257.25,241.81477400000003,26487252
2015-04-21,258.649994,259.649994,253.649994,255.0,239.699768,31108276
2015-04-22,255.25,256.75,252.350006,253.30000299999998,238.10176099999998,34203659
2015-04-23,254.600006,261.53799399999997,253.17500299999998,258.450012,242.94281,38191193
2015-04-24,259.0,265.25,258.600006,261.75,246.04478500000002,51429607
2015-04-27,263.25,264.200012,258.649994,263.75,247.924744,34999068
2015-04-28,264.5,265.0,258.971008,261.399994,245.715744,34098106
2015-04-29,260.0,264.149994,253.94999700000002,256.950012,241.532791,50518060
2015-04-30,258.100006,258.200012,252.80000299999998,255.30000299999998,239.981781,38686597
2015-05-01,254.5,257.880005,252.0,254.350006,239.08876,28669658
2015-05-05,254.350006,257.950012,250.19999700000002,250.19999700000002,235.18778999999998,22382946
2015-05-06,250.100006,253.05000299999998,247.649994,249.44999700000002,234.482788,43993493
2015-05-07,246.850006,250.100006,243.05000299999998,248.899994,234.907471,44742242
2015-05-08,262.5,265.25,257.299988,258.049988,243.543091,96188190
2015-05-11,258.0,263.049988,256.820007,260.799988,246.13848900000002,45026160
2015-05-12,259.049988,259.222992,256.399994,257.450012,242.97686800000002,38611349
2015-05-13,259.25,262.0,257.809998,260.25,245.619415,42586838
2015-05-14,260.299988,263.049988,258.649994,262.100006,247.365402,24223492
2015-05-15,263.0,264.950012,261.299988,261.649994,246.940704,37139540
2015-05-18,261.0,263.799988,258.799988,261.149994,246.46885699999999,23762274
2015-05-19,261.549988,264.549988,261.535004,262.700012,247.93168599999998,34247039
2015-05-20,262.0,272.153015,262.0,271.549988,256.284149,89154839
2015-05-21,270.950012,273.399994,270.149994,271.049988,255.812286,41727032
2015-05-22,271.700012,272.299988,269.950012,270.149994,254.962875,29614695
2015-05-26,270.149994,270.399994,263.450012,264.899994,250.00802599999997,42622520
2015-05-27,265.649994,270.549988,264.0,269.25,254.11347999999998,36448458
2015-05-28,268.649994,271.950012,267.200012,271.100006,255.85945099999998,36484250
2015-05-29,270.149994,272.0,267.950012,270.0,254.821259,39224439
2015-06-01,270.0,271.649994,265.799988,266.399994,251.423706,29111023
2015-06-02,267.25,269.049988,262.75,267.649994,252.60339399999998,33553754
2015-06-03,267.25,273.350006,267.049988,271.200012,255.953827,31894286
2015-06-04,270.649994,270.950012,265.589996,266.399994,251.423706,38019254
2015-06-05,265.799988,267.5,263.200012,265.450012,250.52712999999997,40717019
2015-06-08,265.5,266.167999,261.950012,262.0,247.271027,31704736
2015-06-09,263.350006,265.399994,260.450012,261.549988,246.846329,35781703
2015-06-10,261.700012,268.0,258.850006,267.149994,252.131485,46584538
2015-06-11,267.049988,271.350006,266.0,268.75,253.641556,33185579
2015-06-12,268.149994,270.600006,266.5,269.700012,254.538147,31896396
2015-06-15,267.350006,268.60400400000003,264.200012,264.950012,250.055237,39522320
2015-06-16,263.25,264.600006,261.450012,263.649994,248.82823199999999,28754554
2015-06-17,263.5,264.5,260.649994,261.899994,247.17662,35525683
2015-06-18,260.850006,267.5,258.200012,261.549988,246.846329,30685643
2015-06-19,260.950012,266.5,259.929993,265.75,250.81021099999998,68268596
2015-06-22,269.0,272.950012,267.049988,272.450012,257.133606,40009875
2015-06-23,273.0,274.065002,272.0,272.450012,257.133606,29674041
2015-06-24,271.75,276.618988,271.450012,274.450012,259.02114900000004,51287874
2015-06-25,273.850006,276.600006,272.0,272.899994,257.558289,40061655
2015-06-26,271.450012,276.161987,269.700012,272.350006,257.039215,31441420
2015-06-29,263.5,269.100006,261.88501,264.25,249.394516,54158099
2015-06-30,262.5,265.299988,260.5,260.5,245.855377,48682385
2015-07-01,262.799988,267.450012,261.649994,266.549988,251.565231,37900544
2015-07-02,266.700012,267.600006,265.25,266.399994,251.423706,15356017
2015-07-03,265.5,266.122009,261.350006,262.950012,248.167664,20630344
2015-07-06,259.200012,261.200012,256.899994,258.799988,244.250946,33628335
2015-07-07,259.649994,259.649994,251.80000299999998,252.149994,237.974762,39396892
2015-07-08,259.0,262.274994,257.27398700000003,257.299988,242.83525099999997,87780445
2015-07-09,258.0,262.450012,256.5,261.149994,246.46885699999999,34329384
2015-07-10,263.0,270.450012,262.25,268.049988,252.980927,45805231
2015-07-13,272.049988,275.308014,270.850006,273.700012,258.313263,53933584
2015-07-14,274.25,276.02999900000003,272.450989,276.0,260.483978,32793529
2015-07-15,275.0,278.049988,273.415009,278.049988,262.418732,33663508
2015-07-16,278.950012,281.25,278.75,280.0,264.259125,39786031
2015-07-17,279.950012,280.600006,278.350006,280.100006,264.353546,34270713
2015-07-20,280.100006,281.950012,279.399994,280.850006,265.06131,22794355
2015-07-21,280.850006,283.75,280.25,283.149994,267.232025,32384446
2015-07-22,281.0,282.850006,279.600006,281.399994,265.580414,28637984
2015-07-23,283.100006,284.75,280.399994,281.75,265.91076699999996,28649144
2015-07-24,280.799988,282.899994,280.0,282.149994,266.288269,35596813
2015-07-27,280.100006,281.450012,275.700012,276.799988,261.239044,41053743
2015-07-28,277.299988,280.850006,277.299988,279.600006,263.881653,31760658
2015-07-29,283.5,288.700012,283.350006,284.600006,268.60049399999997,57312024
2015-07-30,286.0,288.850006,285.850006,287.049988,270.912781,42573711
2015-07-31,287.5,289.450012,286.350006,288.950012,272.705963,40987558
2015-08-03,287.549988,289.899994,286.399994,288.200012,271.998138,33963175
2015-08-04,286.549988,287.600006,279.850006,282.149994,266.288269,50299034
2015-08-05,282.25,284.75,281.100006,282.0,266.146698,60374911
2015-08-06,280.0,282.649994,279.350006,282.0,267.09381099999996,32879931
2015-08-07,282.75,283.200012,280.899994,281.25,266.383484,20205652
2015-08-10,282.200012,282.850006,278.0,282.600006,267.662109,45503931
2015-08-11,281.799988,282.0,278.299988,278.350006,263.636749,27438960
2015-08-12,276.149994,276.299988,269.399994,271.149994,256.817413,55583256
2015-08-13,274.899994,277.549988,274.25,275.549988,260.98474100000004,35524505
2015-08-14,276.5,277.100006,272.75,274.350006,259.848206,22866367
2015-08-17,276.899994,277.200012,272.37298599999997,273.950012,259.46936,21732772
2015-08-18,273.5,275.149994,272.25,274.049988,259.56408700000003,20907881
2015-08-19,272.649994,273.0,267.549988,267.899994,253.73915099999996,26889552
2015-08-20,265.5,270.049988,264.25,265.149994,251.13450600000002,30765978
2015-08-21,261.950012,264.700012,256.799988,256.799988,243.22584500000002,38649169
2015-08-24,247.600006,251.850006,237.30000299999998,244.69999700000002,231.76547200000002,95800341
2015-08-25,249.94999700000002,260.799988,249.100006,256.350006,242.799652,64279552
2015-08-26,254.600006,258.799988,250.80000299999998,252.0,238.679611,48887274
2015-08-27,258.799988,264.350006,258.100006,262.600006,248.71929900000003,45542709
2015-08-28,260.5,263.450012,257.75,261.450012,247.630096,43554775
2015-09-01,261.450012,265.950012,250.75,253.149994,239.76879900000003,43535518
2015-09-02,254.0,258.899994,250.30000299999998,253.80000299999998,240.38446000000002,28381044
2015-09-03,256.350006,258.799988,255.5,257.299988,243.69941699999998,27927333
2015-09-04,254.600006,255.0,250.0,250.899994,237.637741,31456305
2015-09-07,252.25,254.69999700000002,251.649994,253.0,239.62673999999998,18072664
2015-09-08,254.55000299999998,260.0,253.815002,258.5,244.836029,29842241
2015-09-09,265.0,266.410004,262.0,262.5,248.624588,34297916
2015-09-10,258.799988,261.299988,257.399994,258.600006,244.93074,32064628
2015-09-11,259.049988,259.549988,256.600006,258.450012,244.788681,18996962
2015-09-14,258.450012,260.25,252.899994,254.5,241.04744,26097874
2015-09-15,255.0,261.0,253.850006,259.649994,245.925232,43010829
2015-09-16,263.5,263.75,260.25,262.5,248.624588,31479147
2015-09-17,263.0,263.549988,259.049988,260.450012,246.68295299999997,37409872
2015-09-18,258.450012,258.600006,250.19999700000002,253.25,239.86354100000003,71056711
2015-09-21,251.80000299999998,257.200012,250.399994,254.899994,241.4263,25774865
2015-09-22,255.399994,255.55000299999998,246.649994,246.649994,233.612381,41528376
2015-09-23,247.55000299999998,251.600006,246.100006,248.19999700000002,235.08046000000002,24949647
2015-09-24,248.80000299999998,250.899994,245.899994,246.44999700000002,233.422958,23852360
2015-09-25,250.80000299999998,256.25,248.225006,254.94999700000002,241.473648,31433038
2015-09-28,254.149994,255.19999700000002,245.19999700000002,245.19999700000002,232.23902900000002,35400077
2015-09-29,241.0,243.350006,236.649994,239.0,226.36676,41888256
2015-09-30,243.5,247.209,243.0,244.149994,231.244537,40715567
2015-10-01,247.55000299999998,249.80000299999998,245.75,247.149994,234.085968,34456601
2015-10-02,248.55000299999998,253.460007,244.75,248.55000299999998,235.41195699999997,32907386
2015-10-05,253.69999700000002,256.649994,251.55000299999998,256.200012,242.65759300000002,30445454
2015-10-06,257.350006,257.899994,254.350006,255.350006,241.85252400000002,22825541
2015-10-07,256.100006,259.399994,254.30000299999998,255.75,242.2314,34680485
2015-10-08,253.0,256.23999,252.399994,254.75,241.284256,24812157
2015-10-09,256.75,259.5,254.5,257.0,243.41531400000002,24011025
2015-10-12,256.850006,257.75,255.30000299999998,256.549988,242.98909,14712630
2015-10-13,257.200012,257.391998,247.582001,251.399994,238.111313,40728752
2015-10-14,248.25,251.44999700000002,245.80000299999998,246.05000299999998,233.044098,29455900
2015-10-15,245.0,249.30000299999998,241.79200699999998,248.0,234.89102200000002,48316260
2015-10-16,250.30000299999998,252.399994,249.100006,250.80000299999998,237.54303,24683825
2015-10-19,251.5,254.649994,251.30000299999998,254.649994,241.189514,33340057
2015-10-20,255.0,255.75,251.94999700000002,252.600006,239.247894,25404848
2015-10-21,253.30000299999998,253.350006,246.100006,248.05000299999998,234.938385,40003127
2015-10-22,247.5,251.67999300000002,246.25,250.649994,237.40095499999998,25943995
2015-10-23,252.94999700000002,254.257996,250.871002,251.25,237.969254,34709267
2015-10-26,252.0,253.100006,250.350006,250.94999700000002,237.685104,19325332
2015-10-27,250.19999700000002,252.479996,249.48500099999998,250.850006,237.590408,23323226
2015-10-28,250.850006,253.850006,247.149994,253.149994,239.76879900000003,24344309
2015-10-29,246.0,249.0,235.850006,237.25,224.70927400000002,86342195
2015-10-30,234.0,236.335007,230.69999700000002,232.0,219.736771,60170767
2015-11-02,230.399994,237.809998,229.75,236.05000299999998,223.572708,49312915
2015-11-03,235.94999700000002,236.30799900000002,231.75,233.5,221.15748599999998,44068449
2015-11-04,233.69999700000002,234.25,232.100006,232.350006,220.068298,40623102
2015-11-05,231.5,232.100006,227.78300499999997,228.149994,217.024307,40421368
2015-11-06,228.75,233.600006,226.69999700000002,232.399994,221.06709300000003,54794204
2015-11-09,235.0,238.44999700000002,233.94999700000002,234.05000299999998,222.636612,41307714
2015-11-10,235.55000299999998,235.569,229.399994,230.600006,219.354858,33506822
2015-11-11,231.850006,234.899994,229.399994,232.100006,220.781723,25897944
2015-11-12,231.69999700000002,232.149994,225.25,225.69999700000002,214.69378700000001,41604332
2015-11-13,225.0,226.55000299999998,223.149994,225.100006,214.123077,40145721
2015-11-16,223.0,225.44999700000002,222.38499500000003,224.399994,213.45718399999998,25005955
2015-11-17,226.55000299999998,229.0,225.600006,227.44999700000002,216.358475,32216671
2015-11-18,226.0,227.899994,225.69999700000002,227.899994,216.78649900000002,21167614
2015-11-19,229.5,231.55000299999998,227.44999700000002,229.94999700000002,218.73655699999998,28447540
2015-11-20,229.5,230.25,221.30000299999998,221.899994,211.079102,58492815
2015-11-23,220.5,222.94999700000002,218.13999900000002,220.55000299999998,209.794937,28477143
2015-11-24,219.5,220.55000299999998,215.399994,220.05000299999998,209.319321,40258237
2015-11-25,220.94999700000002,222.899994,218.69999700000002,221.5,210.698608,33440257
2015-11-26,222.05000299999998,225.69999700000002,221.25,225.19999700000002,214.21817000000001,21186962
2015-11-27,223.899994,226.02999900000003,223.100006,224.30000299999998,213.36207599999997,15829447
2015-11-30,223.5,224.5,221.5,223.19999700000002,212.315704,27498730
2015-12-01,228.5,234.55000299999998,227.0,233.5,222.113419,68770791
2015-12-02,234.5,236.218002,233.69999700000002,234.75,223.302475,32691724
2015-12-03,235.100006,238.100006,230.30000299999998,230.30000299999998,219.069489,41233133
2015-12-04,230.05000299999998,234.41400099999998,227.30000299999998,229.600006,218.403625,28696589
2015-12-07,231.850006,232.25,227.0,228.0,216.88163799999998,19533483
2015-12-08,227.350006,228.05000299999998,221.600006,222.100006,211.269363,28836435
2015-12-09,222.0,225.25,219.600006,221.94999700000002,211.12666299999998,27506177
2015-12-10,220.649994,223.399994,216.649994,218.0,207.369278,59328192
2015-12-11,217.94999700000002,218.30000299999998,209.382004,211.19999700000002,200.900879,48587947
2015-12-14,213.850006,214.75,209.050003,209.100006,198.90329,42068185
2015-12-15,211.149994,216.399994,210.96299700000003,214.80000299999998,204.325348,31559019
2015-12-16,216.30000299999998,217.44999700000002,213.75,215.75,205.229004,25341801
2015-12-17,219.850006,220.69999700000002,217.725006,218.75,208.082703,29172437
2015-12-18,216.05000299999998,221.899994,216.05000299999998,217.600006,206.9888,54977089
2015-12-21,216.30000299999998,220.69999700000002,215.75,216.399994,205.847305,22814632
2015-12-22,218.55000299999998,221.27999900000003,217.710007,219.0,208.320526,18438800
2015-12-23,220.69999700000002,223.05000299999998,219.399994,222.30000299999998,211.459595,20864400
2015-12-24,222.899994,223.80000299999998,220.55000299999998,221.69999700000002,210.88885499999998,5576663
2015-12-29,221.69999700000002,224.850006,221.350006,222.600006,211.74497999999997,17024340
2015-12-30,222.80000299999998,223.0,219.100006,220.69999700000002,209.93763700000002,15513552
2015-12-31,220.0,220.0,217.55000299999998,218.899994,208.225403,5181681
2016-01-04,218.899994,218.899994,212.649994,214.25,203.80213899999998,28332220
2016-01-05,214.850006,217.600006,212.05000299999998,215.25,204.753387,20472926
2016-01-06,214.899994,214.899994,209.850006,211.75,201.424072,26042785
2016-01-07,206.600006,208.850006,201.600006,205.550003,195.526413,41970431
2016-01-08,206.0,208.649994,200.149994,200.149994,190.389725,42733252
2016-01-11,200.0,203.350006,199.399994,199.699997,189.96168500000002,45116284
2016-01-12,201.0,204.949997,199.770004,202.350006,192.482452,31436248
2016-01-13,204.350006,205.800003,200.335999,201.699997,191.86416599999998,41349239
2016-01-14,198.25,200.149994,192.520004,197.699997,188.05921899999998,57104764
2016-01-15,196.449997,198.850006,190.970001,191.800003,182.44693,49774602
2016-01-18,191.300003,198.0,185.850006,187.649994,178.499298,37826678
2016-01-19,190.0,193.600006,187.925003,189.899994,180.639572,35139323
2016-01-20,185.899994,186.0,179.901993,182.050003,173.172363,52318608
2016-01-21,182.0,186.600006,179.987,186.149994,177.07243300000002,65099459
2016-01-22,190.949997,192.949997,188.199997,190.75,181.44812,50097304
2016-01-25,191.949997,192.25,181.350006,181.850006,172.982132,48650638
2016-01-26,178.5,183.800003,175.149994,183.0,174.07605,60932969
2016-01-27,182.5,182.5,178.25,181.800003,172.93457,40891761
2016-01-28,181.0,183.753998,176.5,178.399994,169.700378,36740224
2016-01-29,181.350006,186.0,180.550003,186.0,176.929779,57835626
2016-02-01,188.899994,188.899994,180.899994,182.800003,173.885818,38834066
2016-02-02,182.350006,183.037994,172.699997,173.75,165.27711499999998,45374492
2016-02-03,172.300003,172.899994,163.5,165.600006,157.524567,73258391
2016-02-04,167.699997,175.800003,167.050003,173.649994,165.182007,80582665
2016-02-05,174.449997,175.050003,169.649994,173.149994,164.706375,48965004
2016-02-08,177.850006,177.850006,163.600006,163.899994,155.907455,61112475
2016-02-09,163.149994,165.699997,154.300003,156.25,148.63050800000002,69827807
2016-02-10,156.800003,161.949997,156.5,159.0,151.246399,82269718
2016-02-11,157.300003,157.699997,147.75,147.850006,140.640137,87421203
2016-02-12,150.75,157.199997,150.300003,157.199997,149.53419499999998,65583733
2016-02-15,162.0,163.300003,159.399994,160.75,152.911072,40965023
2016-02-16,161.75,162.649994,155.600006,161.449997,153.57692,40946815
2016-02-17,161.699997,168.76400800000002,161.0,168.149994,159.95021100000002,42633762
2016-02-18,169.350006,169.5,160.740005,161.75,153.862305,54745700
2016-02-19,160.5,164.75,160.350006,161.699997,153.814728,49234427
2016-02-22,162.800003,165.75,160.445007,165.149994,157.096497,20956651
2016-02-23,163.300003,167.699997,160.899994,161.550003,153.672043,37983040
2016-02-24,161.149994,162.0,155.25,156.75,149.106125,40169026
2016-02-25,159.199997,165.350006,158.787994,164.850006,156.811142,53040842
2016-02-26,166.350006,169.990997,162.899994,169.100006,160.853882,55463331
2016-02-29,167.850006,172.914001,166.119003,172.050003,163.660019,55849036
2016-03-01,166.050003,169.153,152.800003,158.100006,150.390305,143251124
2016-03-02,159.75,162.600006,155.923004,162.399994,154.480591,83273822
2016-03-03,164.100006,167.119995,162.899994,166.300003,158.19043,68395935
2016-03-04,166.050003,174.817993,165.492004,174.300003,165.800308,73756344
2016-03-07,173.100006,173.916,165.0,173.699997,165.229553,40593955
2016-03-08,172.649994,175.399994,170.100006,172.0,163.612473,76553713
2016-03-09,170.949997,173.069,167.401993,168.199997,159.997757,40560129
2016-03-10,164.699997,171.884995,159.899994,159.899994,155.334808,65783785
2016-03-11,162.850006,170.5,162.404007,166.0,161.260651,47408631
2016-03-14,166.600006,167.850006,162.625,163.25,158.589172,37775080
2016-03-15,162.199997,164.850006,161.350006,163.550003,158.8806,36616371
2016-03-16,163.0,165.395996,162.899994,164.0,159.31776399999998,49488295
2016-03-17,165.25,165.800003,159.350006,160.600006,156.014832,74742589
2016-03-18,160.0,163.649994,160.0,162.199997,157.569153,59524807
2016-03-21,161.949997,163.350006,160.149994,160.5,155.91769399999998,32708862
2016-03-22,159.449997,159.649994,154.44700600000002,157.199997,152.711884,59749406
2016-03-23,157.449997,159.199997,155.649994,156.449997,151.983322,50463596
2016-03-24,155.100006,156.550003,152.600006,152.600006,148.24324,46024814
2016-03-29,152.600006,156.511993,149.850006,151.0,146.688904,43111779
2016-03-30,152.600006,152.932007,151.050003,151.649994,147.320358,67777312
2016-03-31,151.350006,152.350006,148.300003,150.0,145.717468,54550695
2016-04-01,148.800003,151.64399699999998,146.550003,150.0,145.717468,42059700
2016-04-04,149.399994,151.100006,148.350006,150.25,145.96031200000002,31541453
2016-04-05,148.25,148.699997,143.91099499999999,146.600006,142.414551,78218756
2016-04-06,147.649994,150.524994,146.899994,149.550003,145.280319,59767039
2016-04-07,149.600006,150.350006,146.550003,147.100006,142.90026899999998,37767274
2016-04-08,147.300003,151.75,147.25,150.699997,146.39746100000002,45780423
2016-04-11,150.350006,155.199997,149.399994,153.5,149.117538,35902903
2016-04-12,154.050003,156.75,152.550003,155.649994,151.206131,40249184
2016-04-13,157.699997,166.800003,157.406998,166.800003,162.03784199999998,69966034
2016-04-14,166.899994,169.050003,162.582001,169.0,164.175003,55747834
2016-04-15,168.350006,170.100006,166.699997,166.899994,162.13497900000002,52600702
2016-04-18,164.5,169.154999,162.600006,167.699997,162.91210900000002,35589076
2016-04-19,168.149994,172.311996,167.199997,167.800003,163.009262,39979466
2016-04-20,167.0,171.811005,165.979996,171.149994,166.263611,40769233
2016-04-21,172.0,173.899994,170.350006,171.949997,167.04078700000002,49165309
2016-04-22,170.5,172.813004,169.712997,171.5,166.603638,29372191
2016-04-25,171.100006,173.600006,169.949997,170.350006,165.486481,62860186
2016-04-26,171.399994,174.317001,169.5,173.949997,168.983673,49907720
2016-04-27,180.25,182.0,172.550003,174.800003,169.809418,63765072
2016-04-28,172.199997,175.0,171.100006,174.399994,169.420837,47783034
2016-04-29,171.800003,174.850006,171.25,171.5,166.603638,63013667
2016-05-03,171.5,172.449997,164.550003,164.75,160.04634099999998,56338248
2016-05-04,164.449997,165.550003,160.25,162.449997,157.812012,45931021
2016-05-05,162.649994,164.255005,160.399994,160.949997,156.354843,32746333
2016-05-06,159.949997,163.25,157.850006,162.0,157.37486299999998,33173809
2016-05-09,163.0,163.899994,158.0,158.449997,153.926224,35743357
2016-05-10,159.199997,164.076004,159.199997,163.300003,158.637741,39804227
2016-05-11,163.25,164.550003,160.0,163.600006,158.92918400000002,29916018
2016-05-12,162.75,165.550003,161.800003,162.850006,158.20060700000002,48733584
2016-05-13,161.850006,165.649994,160.600006,165.350006,160.62922700000001,35781641
2016-05-16,164.0,164.300003,162.449997,163.5,158.832031,25217333
2016-05-17,163.699997,166.800003,162.0,164.25,159.56063799999998,34180989
2016-05-18,162.949997,170.75,162.35600300000002,170.399994,165.535019,51448705
2016-05-19,170.25,175.25,169.649994,170.649994,165.777893,47214051
2016-05-20,173.149994,175.949997,172.899994,175.850006,170.829437,45215941
2016-05-23,175.600006,178.550003,174.179993,175.699997,170.683731,37751331
2016-05-24,173.550003,182.050003,172.100006,181.399994,176.220978,42931162
2016-05-25,180.699997,186.699997,180.449997,185.75,180.44679299999999,60316069
2016-05-26,186.899994,186.899994,182.800003,184.800003,179.52389499999998,44331325
2016-05-27,185.25,187.300003,184.75,186.199997,180.883926,27230015
2016-05-31,186.199997,188.149994,181.529999,182.399994,177.192429,47907064
2016-06-01,182.0,182.048004,177.149994,179.949997,174.812378,42805647
2016-06-02,180.449997,185.050003,180.100006,180.399994,175.249527,40051652
2016-06-03,181.949997,183.399994,177.25,179.649994,174.52095,29555292
2016-06-06,179.5,182.550003,178.75,180.100006,174.958099,38197828
2016-06-07,181.350006,183.100006,178.949997,180.25,175.103806,24456046
2016-06-08,179.050003,180.0,176.899994,178.050003,172.966644,30376289
2016-06-09,177.850006,178.399994,175.399994,176.050003,171.023727,30037205
2016-06-10,175.699997,175.699997,168.449997,169.399994,164.563568,44750644
2016-06-13,167.0,167.550003,163.550003,165.149994,160.434906,41436851
2016-06-14,161.149994,162.550003,159.300003,160.050003,155.48053000000002,63316712
2016-06-15,161.949997,164.289001,160.300003,160.949997,156.354843,45194603
2016-06-16,157.75,160.33999599999999,155.783997,158.5,153.97479199999998,41635541
2016-06-17,161.199997,166.75,160.147995,165.75,161.017807,87695628
2016-06-20,172.899994,177.63900800000002,171.899994,176.850006,171.800888,63959244
2016-06-21,176.75,181.179001,175.399994,180.350006,175.200958,50303255
2016-06-22,180.050003,184.800003,178.25,182.0,176.80386399999998,59432490
2016-06-23,182.949997,187.449997,181.050003,186.949997,181.612534,69230282
2016-06-24,131.0,166.949997,131.0,153.899994,149.506104,345720341
2016-06-27,148.0,155.649994,121.099998,127.199997,123.56841299999999,324668157
2016-06-28,134.949997,137.600006,125.029999,131.5,127.745644,160582903
2016-06-29,138.0,138.350006,132.899994,137.949997,134.01148999999998,118228084
2016-06-30,138.0,139.350006,134.350006,138.600006,134.642929,100950677
2016-07-01,140.649994,143.300003,135.449997,140.0,136.00296,91077140
2016-07-04,140.75,141.550003,135.75,136.550003,132.651474,42395491
2016-07-05,136.25,139.350006,134.399994,135.850006,131.971451,70932286
2016-07-06,134.050003,136.75,130.149994,131.649994,127.891342,87263933
2016-07-07,132.899994,137.600006,132.699997,134.75,130.902847,46922884
2016-07-08,134.550003,141.899994,131.71000700000002,139.25,135.27436799999998,49577485
2016-07-11,142.0,146.399994,139.699997,145.399994,141.248779,63915075
2016-07-12,146.0,152.350006,144.699997,148.550003,144.308868,74088737
2016-07-13,147.899994,151.25,144.132996,145.100006,140.957367,82826893
2016-07-14,146.850006,150.800003,144.955002,148.0,143.774551,66591166
2016-07-15,146.649994,152.600006,146.5,149.800003,145.523178,75008664
2016-07-18,150.649994,152.199997,148.949997,150.949997,146.64033500000002,40881808
2016-07-19,150.300003,152.25,147.399994,150.399994,146.106033,35411295
2016-07-20,150.0,152.0,148.5,150.949997,146.64033500000002,40188853
2016-07-21,149.149994,153.5,149.149994,151.899994,147.56321699999998,45128323
2016-07-22,151.25,153.25,150.149994,151.800003,147.46608,30043612
2016-07-25,151.350006,151.800003,149.100006,151.0,146.688904,28741068
2016-07-26,150.5,152.0,148.167999,149.0,144.746017,43328772
2016-07-27,150.0,150.949997,147.720001,149.75,145.474594,40102814
2016-07-28,150.0,150.960999,145.850006,146.5,142.317398,48530941
2016-07-29,150.449997,159.850006,147.14399699999998,154.550003,150.137558,114349697
2016-08-01,157.0,157.25,149.699997,151.399994,147.077484,61889663
2016-08-02,150.649994,152.104004,145.800003,146.0,141.831665,47437379
2016-08-03,146.350006,149.649994,145.25,148.300003,144.065994,54152674
2016-08-04,148.800003,152.0,148.199997,148.850006,144.600311,56492306
2016-08-05,148.899994,152.649994,148.350006,152.0,147.66037,38758513
2016-08-08,157.0,158.199997,155.067001,157.399994,152.90618899999998,55863770
2016-08-09,156.949997,162.899994,156.0,161.199997,156.597702,68394429
2016-08-10,160.050003,164.300003,159.800003,163.699997,159.026321,41935735
2016-08-11,162.050003,163.25,160.01800500000002,163.25,159.563919,39927296
2016-08-12,163.0,166.100006,163.0,163.399994,159.710526,30886671
2016-08-15,164.600006,165.649994,163.063995,163.550003,159.857132,24263452
2016-08-16,162.25,163.850006,161.25,161.75,158.097763,29427011
2016-08-17,163.0,163.75,158.899994,160.149994,156.533905,71229139
2016-08-18,160.649994,161.899994,159.350006,160.649994,157.02261399999998,36619265
2016-08-19,160.649994,161.25,158.48100300000002,160.350006,156.729401,30692286
2016-08-22,161.050003,163.244003,159.199997,160.050003,156.436172,25327765
2016-08-23,161.350006,165.600006,160.949997,164.600006,160.883423,37672688
2016-08-24,163.100006,168.050003,162.300003,166.550003,162.789398,39674874
2016-08-25,165.75,166.800003,163.75,164.350006,160.639084,28150000
2016-08-26,163.600006,166.550003,163.149994,166.0,162.251816,27054906
2016-08-30,166.0,169.699997,165.0,169.149994,165.33068799999998,53494393
2016-08-31,169.449997,175.0,169.199997,172.25,168.360687,60135714
2016-09-01,173.25,177.399994,169.75,171.550003,167.676498,52656119
2016-09-02,173.100006,175.5,169.01899699999998,174.300003,170.36441000000002,62995077
2016-09-05,174.399994,174.854004,171.649994,173.25,169.33812,29104327
2016-09-06,172.800003,173.649994,169.201996,169.699997,165.868271,33395953
2016-09-07,166.949997,170.199997,164.75,169.75,165.917145,39274536
2016-09-08,169.75,176.104996,168.399994,173.199997,169.289246,42105066
2016-09-09,172.949997,177.30299399999998,172.05200200000002,174.75,170.804245,46137147
2016-09-12,171.300003,172.449997,167.5,170.050003,166.210373,49005058
2016-09-13,170.5,171.699997,168.25,170.600006,166.747971,68280242
2016-09-14,171.600006,171.899994,168.800003,170.300003,166.454712,34615802
2016-09-15,169.25,171.100006,167.966995,169.5,165.672791,43641176
2016-09-16,167.800003,167.850006,164.033005,164.699997,160.981171,113454519
2016-09-19,167.0,168.300003,165.203003,167.0,163.229233,35633192
2016-09-20,165.399994,167.449997,163.973007,166.449997,162.691666,36240761
2016-09-21,172.600006,173.899994,170.5,171.600006,167.72538799999998,47424096
2016-09-22,172.850006,174.417999,170.350006,173.199997,169.289246,33596677
2016-09-23,172.449997,172.449997,170.53999299999998,171.399994,167.529877,34047150
2016-09-26,169.100006,171.0,165.800003,168.100006,164.304398,53209171
2016-09-27,169.25,172.399994,164.449997,165.949997,162.202927,74818005
2016-09-28,166.0,168.5,165.600006,166.100006,162.349564,35145499
2016-09-29,168.25,168.699997,166.649994,167.300003,163.522476,26470038
2016-09-30,162.899994,167.800003,155.949997,167.800003,164.011169,117264694
2016-10-03,167.75,168.399994,165.449997,168.199997,164.402145,33873563
2016-10-04,169.199997,171.550003,168.5,169.25,165.428421,76371807
2016-10-05,169.0,172.699997,168.449997,172.449997,168.55616799999999,47452833
2016-10-06,173.0,175.350006,173.0,174.25,170.315536,58204075
2016-10-07,173.649994,175.300003,170.449997,173.600006,169.680222,57671030
2016-10-10,173.25,173.800003,168.399994,172.300003,168.409576,42151000
2016-10-11,171.75,172.949997,170.300003,172.399994,168.50730900000002,69986691
2016-10-12,172.25,173.149994,168.25,168.449997,164.6465,63645274
2016-10-13,167.050003,168.449997,164.399994,166.5,162.740524,48168546
2016-10-14,166.649994,173.149994,166.649994,170.149994,166.308105,100571191
2016-10-17,168.850006,171.350006,168.449997,169.550003,165.72166399999998,30941725
2016-10-18,169.75,174.350006,169.75,174.0,170.071182,39387506
2016-10-19,175.0,178.649994,174.399994,177.399994,173.394409,48798830
2016-10-20,178.100006,183.800003,178.0,183.100006,178.965714,73323480
2016-10-21,183.100006,184.699997,182.070999,183.199997,179.063431,52720691
2016-10-24,183.100006,185.449997,182.949997,183.5,179.356689,47684140
2016-10-25,183.449997,185.699997,181.649994,183.699997,179.552155,31817041
2016-10-26,183.0,183.800003,179.800003,181.800003,177.695068,39926097
2016-10-27,184.800003,192.0,179.25,190.5,186.198624,86513948
2016-10-28,189.75,193.0,185.313004,191.300003,186.98056,60128488
2016-10-31,190.199997,191.699997,188.899994,190.300003,186.003143,40797797
2016-11-01,189.300003,190.050003,186.300003,186.699997,182.484421,41313876
2016-11-02,184.699997,184.899994,181.5,182.050003,177.939423,44867745
2016-11-03,181.75,190.100006,180.149994,185.300003,181.116028,54937697
2016-11-04,183.199997,186.455002,179.735001,181.350006,177.255234,52390506
2016-11-07,184.100006,185.449997,182.399994,185.199997,181.018295,32737609
2016-11-08,184.050003,186.475006,182.699997,185.949997,181.751358,27898948
2016-11-09,178.449997,193.050003,175.459,192.899994,188.544434,92034440
2016-11-10,197.0,205.0,186.313004,201.100006,196.559296,121529803
2016-11-11,200.850006,205.0,198.399994,201.75,197.194595,69174432
2016-11-14,205.0,212.768005,204.199997,212.30000299999998,207.50640900000002,81569337
2016-11-15,213.350006,214.100006,208.899994,211.899994,207.11541699999998,59272967
2016-11-16,211.0,214.399994,208.492004,209.600006,204.867355,47852029
2016-11-17,207.5,212.850006,205.899994,212.69999700000002,207.897339,46020522
2016-11-18,213.55000299999998,214.600006,209.600006,212.25,207.45752,48837663
2016-11-21,213.0,213.149994,209.899994,210.600006,205.844772,30536128
2016-11-22,212.350006,214.80000299999998,211.30000299999998,212.350006,207.555252,38172982
2016-11-23,212.30000299999998,214.854996,209.399994,213.350006,208.5327,33555637
2016-11-24,214.05000299999998,215.600006,211.75,215.44999700000002,210.58526600000002,29151308
2016-11-25,215.44999700000002,216.5,214.100006,215.5,210.63414,26393569
2016-11-28,214.05000299999998,214.25,210.350006,211.899994,207.11541699999998,37582077
2016-11-29,214.0,216.5,210.850006,214.25,209.412354,41605699
2016-11-30,213.44999700000002,216.899994,211.850006,215.94999700000002,211.073975,47668673
2016-12-01,215.0,219.25,214.44999700000002,219.05000299999998,214.103989,43643166
2016-12-02,217.69999700000002,267.320007,211.100006,212.94999700000002,208.141708,60217443
2016-12-05,210.80000299999998,220.44999700000002,210.5,216.80000299999998,211.904785,50466816
2016-12-06,215.75,227.270004,212.63400299999998,226.75,221.63011200000003,64700826
2016-12-07,229.0,235.725006,225.30799900000002,234.850006,229.54722599999997,62594961
2016-12-08,235.5,240.19999700000002,233.67999300000002,239.0,233.603516,59079687
2016-12-09,237.0,238.350006,230.55000299999998,233.100006,227.836746,55294637
2016-12-12,232.5,234.19999700000002,227.024994,227.55000299999998,222.412048,56733341
2016-12-13,227.850006,231.350006,225.988998,230.100006,224.90449500000003,45813371
2016-12-14,227.899994,228.25,221.75,221.75,216.742996,66400017
2016-12-15,221.25,230.25,221.25,229.44999700000002,224.26915,61953816
2016-12-16,229.899994,230.149994,226.794998,228.149994,222.998489,54968261
2016-12-19,227.149994,227.306,221.25,222.05000299999998,217.03624,39900955
2016-12-20,222.55000299999998,227.75,221.619003,227.649994,222.509796,29052053
2016-12-21,227.25,229.30000299999998,225.5,228.75,223.584961,43712472
2016-12-22,227.94999700000002,229.80000299999998,225.600006,227.0,221.874466,20402149
2016-12-23,226.25,227.399994,223.19599900000003,224.94999700000002,219.870743,12081273
2016-12-28,224.94999700000002,226.05000299999998,223.5,224.75,219.675278,24881132
2016-12-29,222.94999700000002,223.649994,220.5,222.350006,217.329483,24654062
2016-12-30,221.350006,223.44999700000002,220.08299300000002,223.44999700000002,218.40463300000002,15871501
2017-01-03,223.44999700000002,234.55000299999998,223.44999700000002,231.899994,226.66381800000002,55552090
2017-01-04,233.44999700000002,235.0,231.169998,235.0,229.693817,31177764
2017-01-05,234.5,236.899994,230.850006,232.55000299999998,227.29916400000002,36901986
2017-01-06,231.75,235.94999700000002,231.5,235.25,229.938202,28600450
2017-01-09,239.0,240.0,232.55000299999998,234.05000299999998,228.76528900000002,32589710
2017-01-10,233.649994,237.30000299999998,230.05000299999998,236.25,230.915604,31718216
2017-01-11,236.55000299999998,237.5,231.75,234.19999700000002,228.91189599999998,36655762
2017-01-12,232.80000299999998,235.05000299999998,231.69999700000002,232.25,227.00592000000003,28992021
2017-01-13,231.05000299999998,236.149994,231.05000299999998,235.25,229.938202,39301433
2017-01-16,233.5,233.5,229.19999700000002,231.100006,225.881897,28280597
2017-01-17,229.0,235.55000299999998,229.0,231.600006,226.370621,48407947
2017-01-18,231.350006,235.016998,226.25,227.600006,222.460938,43766069
2017-01-19,229.30000299999998,235.016998,226.80000299999998,228.30000299999998,223.14512599999998,37558870
2017-01-20,228.0,229.44999700000002,226.399994,227.399994,222.26544199999998,54380881
2017-01-23,225.25,225.30000299999998,222.149994,224.5,219.43093900000002,28342201
2017-01-24,225.80000299999998,229.399994,225.75,228.649994,223.487213,36563063
2017-01-25,230.05000299999998,233.0,230.05000299999998,230.850006,225.63754300000002,41402288
2017-01-26,232.0,236.17999300000002,231.600006,232.350006,227.10368300000002,52157732
2017-01-27,231.850006,234.57499700000002,228.44999700000002,230.600006,225.393204,28619310
2017-01-30,227.600006,228.100006,222.80000299999998,223.399994,218.35575899999998,68379387
2017-01-31,222.80000299999998,226.05000299999998,219.100006,219.44999700000002,214.49494900000002,48441418
2017-02-01,221.75,223.94999700000002,219.94999700000002,222.100006,217.085114,32776938
2017-02-02,223.899994,224.69999700000002,220.19999700000002,221.350006,216.352051,42923195
2017-02-03,222.5,230.149994,221.30000299999998,228.850006,223.68272400000004,43542033
2017-02-06,229.5,233.350006,227.354996,227.399994,222.26544199999998,42267862
2017-02-07,226.600006,229.149994,225.44999700000002,226.05000299999998,220.945923,33574738
2017-02-08,225.649994,227.80000299999998,221.100006,224.94999700000002,219.870743,41800806
2017-02-09,226.0,230.19999700000002,225.649994,229.55000299999998,224.36691299999998,35017596
2017-02-10,231.05000299999998,231.350006,226.600006,228.649994,223.487213,36606240
2017-02-13,228.69999700000002,233.350006,228.25,232.350006,227.10368300000002,43470017
2017-02-14,231.19999700000002,236.600006,230.69999700000002,235.25,229.938202,42280267
2017-02-15,236.0,241.0,234.73800699999998,239.25,233.84788500000002,56437420
2017-02-16,238.75,240.69999700000002,237.311996,238.0,232.626099,34933624
2017-02-17,237.100006,237.20799300000002,233.55000299999998,237.0,231.64868199999998,39329071
2017-02-20,237.80000299999998,240.018005,236.955002,237.5,232.137375,39921131
2017-02-21,235.850006,237.55000299999998,233.5,235.94999700000002,230.62239100000002,27779089
2017-02-22,238.0,240.19999700000002,233.19999700000002,235.149994,229.840454,41900244
2017-02-23,240.0,244.399994,224.75,229.05000299999998,223.87818900000002,101825857
2017-02-24,229.44999700000002,238.82499700000002,221.975006,225.899994,220.799316,45639146
2017-02-27,225.0,228.55000299999998,224.100006,225.0,219.91963199999998,141718211
2017-02-28,224.5,227.44999700000002,222.75,226.5,221.38575699999998,67908759
2017-03-01,228.100006,233.399994,224.582001,232.899994,227.64125099999998,56748348
2017-03-02,230.399994,235.149994,229.100006,229.5,226.26101699999998,58832685
2017-03-03,225.75,231.80000299999998,225.25,231.399994,228.134186,45689044
2017-03-06,228.80000299999998,229.94999700000002,226.899994,226.94999700000002,223.746994,32187324
2017-03-07,227.30000299999998,228.649994,226.100006,227.05000299999998,223.845596,35044891
2017-03-08,226.05000299999998,233.69999700000002,225.94999700000002,232.30000299999998,229.0215,51738303
2017-03-09,231.0,233.5,230.0,232.19999700000002,228.92289700000003,40862590
2017-03-10,232.399994,234.149994,230.850006,231.850006,228.57785,40321888
2017-03-13,232.0,232.0,229.0,230.19999700000002,226.951126,31282402
2017-03-14,230.5,230.5,225.94999700000002,226.55000299999998,223.352646,43785364
2017-03-15,226.649994,228.80000299999998,225.649994,227.5,224.28922999999998,43924854
2017-03-16,229.149994,230.19999700000002,227.600006,229.44999700000002,226.2117,50162188
2017-03-17,235.0,235.350006,229.087006,230.399994,227.1483,73609268
2017-03-20,229.350006,230.75,227.850006,228.30000299999998,225.07794199999998,23214061
2017-03-21,229.5,233.237,227.44999700000002,230.0,226.753952,43334005
2017-03-22,228.05000299999998,229.440002,221.940002,224.55000299999998,221.380875,63753003
2017-03-23,225.19999700000002,225.5,222.94999700000002,223.899994,220.74003599999998,34561906
2017-03-24,226.149994,227.75,224.725006,226.94999700000002,223.746994,40143210
2017-03-27,224.0,229.94999700000002,220.899994,224.19999700000002,221.03579700000003,41205128
2017-03-28,226.149994,228.399994,224.0,228.100006,224.88076800000002,36878067
2017-03-29,228.55000299999998,228.96299700000003,224.94999700000002,227.30000299999998,224.092056,25611188
2017-03-30,226.899994,228.44999700000002,224.69999700000002,228.05000299999998,224.831482,42483919
2017-03-31,227.80000299999998,227.94999700000002,225.08799700000003,225.100006,221.92311099999998,47777985
2017-04-03,225.05000299999998,225.25,220.399994,221.44999700000002,218.324615,32265178
2017-04-04,221.149994,223.0,216.69999700000002,217.75,214.67683399999999,48827684
2017-04-05,218.649994,219.923996,215.80000299999998,218.600006,215.51486200000002,42916752
2017-04-06,216.649994,217.30000299999998,213.600006,216.399994,213.34588599999998,46255713
2017-04-07,214.649994,215.649994,213.731995,215.30000299999998,212.261429,39411693
2017-04-10,215.5,216.850006,212.75,216.19999700000002,213.14871200000002,30052090
2017-04-11,216.30000299999998,217.61300699999998,213.69999700000002,215.0,211.965652,37315733
2017-04-12,215.80000299999998,218.108002,213.5,213.69999700000002,210.68399,31565816
2017-04-13,213.75,213.75,210.100006,212.649994,209.648819,42248903
2017-04-18,212.649994,213.0,205.600006,207.300003,204.37432900000002,56685240
2017-04-19,206.399994,209.899994,206.399994,208.5,205.55737299999998,40331126
2017-04-20,207.649994,209.399994,206.100006,207.75,204.817978,39346696
2017-04-21,207.300003,209.399994,205.886993,207.949997,205.015152,37576926
2017-04-24,215.649994,220.149994,213.626999,219.19999700000002,216.106369,65475250
2017-04-25,218.69999700000002,223.399994,217.69999700000002,222.80000299999998,219.655563,44227722
2017-04-26,222.80000299999998,225.5,220.100006,224.649994,221.479446,42177568
2017-04-27,223.149994,225.149994,223.149994,223.94999700000002,220.78933700000002,60183495
2017-04-28,213.0,218.09100299999997,207.75,212.25,209.254456,99386155
2017-05-02,209.94999700000002,211.69999700000002,207.199997,209.850006,206.888351,78983672
2017-05-03,206.0,209.94999700000002,205.800003,208.949997,206.001038,40394551
2017-05-04,209.94999700000002,212.100006,207.949997,211.850006,208.860123,42576213
2017-05-05,207.75,209.899994,205.75,206.350006,203.437729,61065156
2017-05-08,206.699997,209.350006,204.5,204.899994,202.008194,49673081
2017-05-09,205.800003,207.147003,204.824005,205.300003,202.402557,31076614
2017-05-10,206.0,210.399994,205.5,209.94999700000002,206.986923,43534561
2017-05-11,210.899994,210.899994,205.649994,206.550003,203.634918,36617684
2017-05-12,206.050003,206.455002,204.75,205.899994,202.99408,30616010
2017-05-15,206.699997,210.899994,205.5,210.600006,207.627747,55592453
2017-05-16,211.30000299999998,213.25,209.199997,211.600006,208.613632,32886360
2017-05-17,213.0,213.30000299999998,208.600006,209.5,206.543259,41009680
2017-05-18,208.100006,213.149994,205.100006,212.25,209.254456,58947592
2017-05-19,213.55000299999998,214.149994,210.138,213.69999700000002,210.68399,53924313
2017-05-22,214.600006,216.100006,212.681,213.649994,210.63470499999997,30438685
2017-05-23,213.94999700000002,217.25,213.649994,214.25,211.226227,41267517
2017-05-24,214.30000299999998,216.725006,213.19999700000002,216.44999700000002,213.39518700000002,42715516
2017-05-25,216.69999700000002,217.100006,212.94999700000002,214.05000299999998,211.02906800000002,21482505
2017-05-26,213.5,213.75,209.587006,211.649994,208.662918,32508938
2017-05-30,211.649994,211.649994,208.300003,209.199997,206.247513,36400400
2017-05-31,209.199997,215.40499900000003,206.600006,210.0,207.036209,79506925
2017-06-01,211.100006,214.55700699999997,208.098999,211.100006,208.120697,48295008
2017-06-02,212.55000299999998,214.44999700000002,210.47399900000002,210.899994,207.923508,34571548
2017-06-05,211.149994,211.899994,209.544998,211.69999700000002,208.712219,22486743
2017-06-06,210.850006,211.600006,208.899994,209.5,206.543259,29144274
2017-06-07,209.899994,213.94999700000002,208.050003,208.149994,205.212311,45634186
2017-06-08,209.149994,209.149994,202.300003,205.399994,202.50114399999998,60463671
2017-06-09,203.5,207.550003,202.100006,206.600006,203.684204,68772462
2017-06-12,206.050003,207.63900800000002,204.199997,205.25,202.35325600000002,34223624
2017-06-13,206.649994,208.300003,205.649994,206.300003,203.388443,37023332
2017-06-14,206.949997,208.199997,203.5,203.5,200.62794499999998,71255468
2017-06-15,203.600006,203.800003,200.800003,203.149994,200.282883,37791049
2017-06-16,203.850006,206.300003,201.699997,203.25,200.381485,63714189
2017-06-19,204.5,207.399994,204.149994,206.75,203.832092,3019939
2017-06-20,206.300003,207.050003,202.789001,202.800003,199.937836,4038453
2017-06-21,201.899994,202.149994,199.699997,200.149994,197.32522600000001,5449453
2017-06-22,199.850006,199.75,195.449997,196.0,193.23381,13633620
2017-06-23,195.899994,198.899994,194.449997,197.550003,194.761932,15458558
2017-06-26,198.350006,202.100006,197.475006,197.475006,194.688004,51037539
2017-06-27,200.350006,203.850006,199.699997,202.61099199999998,199.751495,9336346
2017-06-28,201.949997,204.600006,200.899994,203.449997,200.57865900000002,10363102
2017-06-29,205.550003,210.263,205.100006,205.5,202.599716,15823763
2017-06-30,205.949997,207.149994,202.0,202.75,199.88855,5096293
2017-07-03,203.550003,207.600006,203.550003,207.050003,204.12785300000002,32201762
2017-07-04,206.0,209.350006,205.300003,206.949997,204.029251,28407424
2017-07-05,207.300003,207.300003,203.436005,204.199997,201.318069,37017298
2017-07-06,205.649994,210.0,203.649994,209.149994,206.198196,36322682
2017-07-07,209.0,209.550003,206.5,208.149994,205.212311,27769804
2017-07-10,209.350006,210.0,206.362,207.699997,204.768677,24280854
2017-07-11,208.300003,208.949997,205.175995,205.75,202.846207,19801390
2017-07-12,206.550003,210.19999700000002,206.0,208.0,205.064438,29155254
2017-07-13,210.5,213.149994,208.5,211.30000299999998,208.317871,49329661
2017-07-14,212.0,212.600006,207.350006,208.5,205.55737299999998,47490398
2017-07-17,208.949997,209.80000299999998,207.026001,209.050003,206.099625,15960482
2017-07-18,208.5,209.25,204.550003,205.050003,202.156082,32392948
2017-07-19,205.850006,206.649994,204.149994,206.300003,203.388443,32844722
2017-07-20,206.800003,208.850006,205.050003,208.199997,205.261627,26480344
2017-07-21,207.600006,207.850006,203.800003,205.050003,202.156082,31192222
2017-07-24,204.449997,207.876999,203.37399299999998,205.5,202.599716,45887652
2017-07-25,206.5,211.05000299999998,206.350006,209.699997,206.740448,32927851
2017-07-26,209.699997,212.75,208.399994,211.19999700000002,208.21928400000002,34818852
2017-07-27,210.0,211.30000299999998,207.949997,208.600006,205.655975,35748314
2017-07-28,207.350006,213.899994,202.449997,205.100006,202.205383,46984715
2017-07-31,203.949997,206.399994,201.199997,203.0,200.13501000000002,50907891
2017-08-01,204.300003,207.399994,203.649994,206.600006,203.684204,58112789
2017-08-02,207.0,208.0,205.615005,207.699997,204.768677,32057721
2017-08-03,206.800003,208.850006,205.199997,208.5,205.55737299999998,54506181
2017-08-04,207.25,210.75,207.25,210.350006,207.38128700000001,25077232
2017-08-07,210.0,211.0,209.179993,210.0,207.036209,40789337
2017-08-08,211.149994,211.19999700000002,209.449997,210.350006,207.38128700000001,21010826
2017-08-09,209.149994,209.850006,206.300003,208.75,205.80386399999998,44309770
2017-08-10,207.100006,210.0,204.365005,204.800003,202.8815,35019576
2017-08-11,203.25,203.912994,198.949997,199.350006,197.482559,38018819
2017-08-14,200.699997,202.5,199.5,199.800003,197.928329,26733473
2017-08-15,200.649994,202.149994,199.199997,200.449997,198.572235,25083848
2017-08-16,201.300003,201.949997,200.738998,200.75,198.869431,20662125
2017-08-17,199.699997,200.649994,196.895004,197.25,195.402222,32882767
2017-08-18,195.0,196.199997,193.300003,195.649994,193.8172,32289600
2017-08-21,194.050003,194.600006,192.25,193.25,191.439697,27412481
2017-08-22,194.449997,194.949997,192.850006,193.300003,191.489227,24295794
2017-08-23,192.300003,194.75,192.100006,192.850006,191.043442,26929957
2017-08-24,193.5,195.699997,193.050003,194.5,192.677979,27528155
2017-08-25,195.149994,195.83999599999999,194.199997,194.300003,192.479858,21900389
2017-08-29,194.300003,194.300003,189.429993,190.350006,188.56686399999998,31951300
2017-08-30,191.899994,193.5,190.688995,190.699997,188.913574,24268026
2017-08-31,191.5,192.25,190.0,191.100006,189.309845,32271117
2017-09-01,193.850006,194.399994,190.300003,192.149994,190.349991,23721351
2017-09-04,189.899994,191.399994,189.449997,190.199997,188.418259,15619212
2017-09-05,190.350006,190.625,187.5,187.899994,186.139801,22060310
2017-09-06,186.600006,187.600006,184.699997,185.850006,184.109024,33111872
2017-09-07,186.199997,186.75,183.850006,184.0,182.276337,29739440
2017-09-08,183.75,188.399994,183.100006,187.600006,185.842621,38784724
2017-09-11,189.0,189.0,183.901993,186.649994,184.90150500000001,86562472
2017-09-12,186.649994,192.5,185.692993,191.350006,189.557495,57524204
2017-09-13,190.550003,193.75,189.699997,191.550003,189.75561499999998,66004703
2017-09-14,191.050003,192.600006,188.850006,189.800003,188.022018,45577631
2017-09-15,188.75,190.414001,186.050003,186.649994,184.90150500000001,69312959
2017-09-18,188.100006,190.414001,186.800003,187.449997,185.694016,25217243
2017-09-19,186.899994,189.0,185.899994,188.300003,186.536072,43154941
2017-09-20,187.5,188.199997,184.699997,185.899994,184.158539,36404300
2017-09-21,186.5,191.600006,186.0,190.399994,188.616379,51114905
2017-09-22,190.0,191.949997,186.5,191.550003,189.75561499999998,31308572
2017-09-25,190.350006,190.649994,188.800003,189.699997,187.922943,25308345
2017-09-26,189.199997,189.949997,187.800003,188.300003,186.536072,23629490
2017-09-27,189.350006,192.199997,188.300003,190.25,188.46778899999998,31641716
2017-09-28,191.100006,195.350006,191.100006,192.199997,190.399521,46470022
2017-09-29,192.75,194.050003,191.5,193.350006,191.538757,28016234
2017-10-02,192.5,194.149994,191.225006,192.699997,190.894836,32128057
2017-10-03,193.100006,194.100006,192.51800500000002,193.649994,191.835938,30653839
2017-10-04,193.949997,194.050003,192.0,192.350006,190.548126,27410610
2017-10-05,190.0,192.149994,189.0,190.149994,188.368729,43251720
2017-10-06,190.949997,191.600006,189.399994,190.199997,188.418259,27738250
2017-10-09,190.0,191.100006,187.600006,188.350006,186.585602,26159584
2017-10-10,188.25,191.199997,188.199997,190.0,188.220139,43914836
2017-10-11,191.300003,191.496002,189.449005,190.399994,188.616379,38047429
2017-10-12,190.600006,193.399994,189.800003,193.050003,191.24156200000002,36146771
2017-10-13,192.449997,192.74899299999998,189.649994,191.25,189.45842,28479219
2017-10-16,191.949997,192.0,188.699005,189.25,187.477158,32884726
2017-10-17,189.899994,192.800003,189.300003,191.350006,189.557495,35957387
2017-10-18,192.25,192.899994,190.100006,192.649994,190.845306,28717709
2017-10-19,192.149994,193.199997,191.050003,192.0,190.201401,40185076
2017-10-20,193.5,195.720001,193.050003,195.699997,193.86673000000002,47803754
2017-10-23,195.399994,195.75,193.149994,195.449997,193.61908,25821543
2017-10-24,195.449997,198.16499299999998,194.602997,198.0,196.14518700000002,31883742
2017-10-25,198.0,198.600006,195.699997,197.0,195.154556,40174169
2017-10-26,189.5,190.938995,180.399994,182.399994,180.69133,159880023
2017-10-27,182.699997,185.399994,182.300003,183.800003,182.078217,88917554
2017-10-30,184.25,185.949997,182.949997,183.5,181.781021,65752823
2017-10-31,184.399994,186.649994,183.690002,185.949997,184.208069,58150594
2017-11-01,186.050003,186.91000400000001,183.5,184.100006,182.375412,126480244
2017-11-02,184.0,186.149994,183.550003,185.0,183.266968,78630013
2017-11-03,184.699997,185.0,182.800003,183.25,181.533371,53617792
2017-11-06,182.0,183.300003,179.850006,182.0,180.295074,44583068
2017-11-07,182.5,183.25,181.33999599999999,181.350006,179.65116899999998,54328146
2017-11-08,181.149994,181.399994,179.25,179.449997,177.768967,49243369
2017-11-09,179.449997,180.550003,178.399994,179.449997,177.768967,43230765
2017-11-10,179.350006,180.199997,178.449997,179.149994,177.471771,56936029
2017-11-13,179.25,179.449997,177.300003,178.899994,177.224106,98992113
2017-11-14,179.149994,181.300003,178.75,180.699997,179.007248,52607264
2017-11-15,180.0,182.649994,178.600006,182.399994,180.69133,43864443
2017-11-16,182.649994,186.050003,182.449997,185.449997,183.712753,64669126
2017-11-17,184.550003,186.100006,183.75,185.0,183.266968,66355298
2017-11-20,186.199997,189.25,186.149994,188.75,186.981842,43732596
2017-11-21,189.300003,190.300003,187.949997,189.199997,187.427628,52269715
2017-11-22,189.800003,190.149994,188.5,189.199997,187.427628,36885505
2017-11-23,187.800003,189.850006,187.75,188.75,186.981842,22932407
2017-11-24,189.0,189.850006,187.800003,189.350006,187.576233,69658322
2017-11-27,188.949997,189.5,185.550003,187.5,185.743561,37415009
2017-11-28,187.149994,187.350006,184.050003,187.350006,185.594971,41048278
2017-11-29,189.850006,194.449997,189.649994,194.25,192.430328,79538404
2017-11-30,193.699997,195.75,191.699997,193.5,191.687347,72175125
2017-12-01,192.5,193.0,188.850006,189.399994,187.625748,43627557
2017-12-04,192.600006,195.449997,191.949997,194.25,192.430328,54254951
2017-12-05,194.550003,194.899994,190.550003,191.699997,189.90420500000002,40010235
2017-12-06,190.0,191.5,189.050003,191.0,189.21077,31864442
2017-12-07,191.850006,192.5,190.75,191.649994,189.854675,27722346
2017-12-08,192.100006,198.649994,192.100006,196.399994,194.560181,59495467
2017-12-11,198.050003,199.850006,195.899994,198.600006,196.739578,53208643
2017-12-12,199.050003,200.75,197.550003,200.600006,198.72083999999998,40285470
2017-12-13,200.100006,204.0,199.725998,202.67700200000002,200.778381,67221862
2017-12-14,201.600006,204.600006,201.350006,202.699997,200.801163,58129231
2017-12-15,201.199997,202.25,198.449997,202.25,200.355377,68863272
2017-12-18,203.300003,204.5,202.699997,204.5,202.584305,35226775
2017-12-19,203.649994,205.149994,203.300003,204.199997,202.28710900000002,38070571
2017-12-20,204.050003,205.300003,203.399994,203.550003,201.643204,51934903
2017-12-21,202.550003,205.300003,201.850006,204.550003,202.633835,36042132
2017-12-22,202.899994,203.100006,201.649994,202.149994,200.256317,17852431
2017-12-27,202.149994,203.449997,202.050003,202.649994,200.751633,28131455
2017-12-28,203.0,203.550003,201.899994,203.399994,201.494598,20631269
2017-12-29,203.25,203.850006,201.850006,203.100006,201.197418,15181039
2018-01-02,203.100006,204.649994,202.649994,203.199997,201.296478,23759135
2018-01-03,203.199997,204.300003,202.600006,203.699997,201.79179399999998,26003107
2018-01-04,203.75,205.949997,203.050003,204.5,202.584305,41817624
2018-01-05,204.350006,205.100006,199.059998,199.179993,197.314133,58768373
2018-01-08,199.0,203.300003,198.759995,200.100006,198.225525,55607013
2018-01-09,200.350006,202.5,198.759995,201.800003,199.909607,38643646
2018-01-10,197.0,203.050003,197.0,201.199997,199.315216,85664577
2018-01-11,200.0,200.800003,194.479996,196.100006,194.263,124866096
2018-01-12,197.179993,198.559998,193.639999,194.5,192.677979,62954316
2018-01-15,200.0,200.0,194.800003,195.53999299999998,193.70823700000003,38161003
2018-01-16,195.5,200.25,194.559998,199.399994,197.532074,75894038
2018-01-17,198.820007,201.449997,197.440002,198.520004,196.660324,53204596
2018-01-18,199.679993,200.050003,197.899994,199.300003,197.433014,36794397
2018-01-19,200.0,202.100006,198.300003,200.5,198.62178,47896486
2018-01-22,201.75,209.199997,201.449997,209.199997,207.24028,92915773
2018-01-23,209.850006,210.399994,207.5,209.199997,207.24028,54340331
2018-01-24,209.0,210.899994,208.5,208.5,206.546829,36895346
2018-01-25,208.100006,210.5,207.550003,210.30000299999998,208.329971,42719168
2018-01-26,210.0,211.94999700000002,209.649994,210.0,208.032776,68123589
2018-01-29,209.899994,210.30000299999998,207.5,207.649994,205.70478799999998,41036237
2018-01-30,206.149994,207.0,200.100006,201.75,199.860062,54603987
2018-01-31,203.300003,204.199997,199.139999,199.940002,198.067017,53613477
2018-02-01,201.850006,203.050003,197.100006,197.33999599999999,195.491379,46811134
2018-02-02,197.820007,198.320007,195.320007,195.559998,193.72804299999999,38872443
2018-02-05,193.800003,196.33999599999999,192.899994,193.919998,192.103409,45753135
2018-02-06,188.619995,192.16000400000001,187.139999,189.059998,187.28894,82124653
2018-02-07,191.100006,194.03999299999998,190.119995,193.199997,191.390152,93588729
2018-02-08,192.53999299999998,197.899994,191.33999599999999,194.100006,192.281738,64720143
2018-02-09,192.899994,194.860001,191.619995,192.899994,191.092957,144212087
2018-02-12,195.0,196.259995,192.559998,193.320007,191.509048,40766079
2018-02-13,193.720001,195.860001,192.820007,193.0,191.192032,30184717
2018-02-14,195.179993,196.320007,192.720001,195.699997,193.86673000000002,35424730
2018-02-15,197.300003,200.050003,196.979996,198.5,196.640518,48541201
2018-02-16,199.440002,200.199997,197.860001,200.050003,198.175995,52709789
2018-02-19,200.699997,202.600006,200.300003,201.0,199.117096,30775951
2018-02-20,201.75,202.699997,200.0,201.050003,199.166626,55803915
2018-02-21,201.0,202.600006,199.899994,202.100006,200.20678700000002,73438598
2018-02-22,207.800003,215.0,207.800003,211.0,209.02340700000002,108366042
2018-02-23,208.5,210.69999700000002,208.5,209.80000299999998,207.834656,46441488
2018-02-26,209.899994,211.399994,208.5,208.5,206.546829,45828616
2018-02-27,209.699997,212.30000299999998,209.199997,212.0,210.014053,75807825
2018-02-28,210.94999700000002,215.80000299999998,210.899994,213.5,211.5,81046305
2018-03-01,211.25,212.75,210.350006,211.25,211.25,55056984
2018-03-02,208.899994,210.5,204.0,205.300003,205.300003,61214079
2018-03-05,204.350006,207.199997,204.100006,207.199997,207.199997,86995443
2018-03-06,210.0,212.850006,209.199997,211.350006,211.350006,56515338
2018-03-07,211.350006,212.149994,210.25,210.94999700000002,210.94999700000002,72558950
2018-03-08,213.0,213.25,210.55000299999998,212.30000299999998,212.30000299999998,46362521
2018-03-09,212.69999700000002,213.149994,210.0,210.75,210.75,40946591
