Date,Open,High,Low,Close,Adj Close,Volume
2015-01-02,35.535,35.610001000000004,35.150002,35.200001,29.097345,796700
2015-01-05,35.154999,35.174999,34.674999,34.93,28.874159000000002,1488400
2015-01-06,34.595001,34.779999,33.810001,34.080002,28.171523999999998,2497800
2015-01-07,33.950001,34.139998999999996,33.73,34.044998,28.142588,1517700
2015-01-08,34.27,34.755001,34.244999,34.535,28.54764,2156100
2015-01-09,34.84,34.924999,34.634997999999996,34.720001,28.700567,1857100
2015-01-12,35.375,35.549999,35.005001,35.395,29.258540999999997,1661400
2015-01-13,35.810001,35.935001,35.105,35.380001,29.246143,1284500
2015-01-14,35.395,35.775002,35.285,35.630001,29.452799,1493200
2015-01-15,35.630001,35.935001,35.360001000000004,35.650002,29.469334000000003,1438600
2015-01-16,35.544998,36.060001,35.474998,36.025002,29.779315999999998,1132100
2015-01-20,35.860001000000004,36.02,35.595001,35.889998999999996,29.667723,1405700
2015-01-21,35.669998,35.695,35.32,35.535,29.374268,1761000
2015-01-22,35.064999,35.369999,35.009997999999996,35.314999,29.19241,1536300
2015-01-23,35.505001,35.68,35.285,35.345001,29.217209000000004,1551000
2015-01-26,35.52,35.540001000000004,35.235001000000004,35.285,29.167608,3022800
2015-01-27,35.755001,36.110001000000004,35.630001,35.945,29.713184000000002,4827800
2015-01-28,35.950001,36.040001000000004,35.415001000000004,35.505001,29.349467999999998,1264700
2015-01-29,36.060001,36.105,35.650002,35.945,29.713184000000002,1824700
2015-01-30,35.904999,36.080002,35.470001,35.52,29.361866,1715200
2015-02-02,35.650002,35.669998,34.91,35.305,29.184145,1920700
2015-02-03,35.349998,35.595001,35.009997999999996,35.555,29.390802,1685500
2015-02-04,35.915001000000004,35.945,35.490002000000004,35.529999,29.370134000000004,3299700
2015-02-05,34.895,34.950001,34.439999,34.625,28.622034000000003,3743800
2015-02-06,34.115002000000004,34.16,33.759997999999996,33.845001,27.977268,2841300
2015-02-09,33.689999,34.035,33.665001000000004,33.860001000000004,27.989665999999996,1683500
2015-02-10,33.865002000000004,34.305,33.855,34.125,28.208719,2438100
2015-02-11,33.945,34.365002000000004,33.93,34.220001,28.287251,1391300
2015-02-12,34.580002,34.91,34.490002000000004,34.880001,28.832827,1433500
2015-02-13,34.849998,35.125,34.805,34.98,28.915487,2170000
2015-02-17,34.535,35.09,34.5,34.805,28.770828,2492000
2015-02-18,33.650002,33.884997999999996,33.57,33.779999,29.535891999999997,1730200
2015-02-19,33.845001,34.310001,33.830002,33.970001,29.702023999999998,2106900
2015-02-20,33.759997999999996,34.325001,33.705002,34.290001000000004,29.981819,1170100
2015-02-23,34.509997999999996,34.709998999999996,34.470001,34.650002,30.296589,1033700
2015-02-24,34.695,34.945,34.580002,34.66,30.305332,2061100
2015-02-25,34.599998,34.990002000000004,34.445,34.834998999999996,30.458344,1927200
2015-02-26,34.5,34.584998999999996,34.34,34.505001,30.169806,1043600
2015-02-27,34.48,34.68,34.404999,34.450001,30.121719,649100
2015-03-02,34.424999,34.465,34.32,34.365002000000004,30.047392,769200
2015-03-03,34.32,34.365002000000004,34.009997999999996,34.139998999999996,29.850668,1101800
2015-03-04,33.830002,33.990002000000004,33.610001000000004,33.895,29.636446000000003,1211800
2015-03-05,34.025002,34.32,34.025002,34.09,29.806948,1079700
2015-03-06,33.465,33.525002,33.075001,33.134997999999996,28.971931,1356300
2015-03-09,32.965,33.105,32.805,33.084998999999996,28.928213,919900
2015-03-10,32.709998999999996,32.740002000000004,32.25,32.285,28.228725,1149200
2015-03-11,32.424999,32.490002000000004,32.130001,32.220001,28.171892,947100
2015-03-12,33.240002000000004,33.59,33.110001000000004,33.424999,29.225496000000003,2040900
2015-03-13,33.369999,33.724998,33.294998,33.674999,29.444090000000003,1443200
2015-03-16,33.884997999999996,34.490002000000004,33.855,34.360001000000004,30.043021999999997,1577000
2015-03-17,34.055,34.465,33.900002,34.365002000000004,30.047392,1175800
2015-03-18,34.5,35.529999,34.470001,35.435001,30.98296,1862200
2015-03-19,35.310001,35.525002,35.154999,35.450001,30.996078000000004,1538800
2015-03-20,36.02,36.5,35.924999,36.349998,31.783001000000002,2462500
2015-03-23,36.244999,36.299999,35.990002000000004,36.110001000000004,31.573153,771900
2015-03-24,35.974998,36.215,35.705002,35.724998,31.236525,1616600
2015-03-25,35.860001000000004,35.915001000000004,35.23,35.255001,30.825581,1256800
2015-03-26,35.139998999999996,35.139998999999996,34.775002,34.884997999999996,30.502059999999997,895800
2015-03-27,35.09,35.16,34.794998,35.035,30.633219,740800
2015-03-30,34.735001000000004,35.080002,34.724998,34.970001,30.576384,842200
2015-03-31,34.119999,34.625,34.119999,34.215,29.916245,1241200
2015-04-01,34.48,34.52,34.215,34.395,30.073624,862700
2015-04-02,34.525002,34.735001000000004,34.290001000000004,34.400002,30.078003000000002,1240000
2015-04-06,34.485001000000004,34.849998,34.465,34.720001,30.357794000000002,971400
2015-04-07,34.814999,35.025002,34.799999,34.805,30.432112,733700
2015-04-08,35.200001,35.224998,34.810001,34.939999,30.550147999999997,892500
2015-04-09,35.174999,35.264998999999996,34.985001000000004,35.080002,30.672562,889100
2015-04-10,34.41,35.009997999999996,34.404999,34.955002,30.563271000000004,1145800
2015-04-13,34.599998,34.84,34.380001,34.419998,30.095488,1070500
2015-04-14,35.040001000000004,35.650002,34.98,35.509997999999996,31.048534000000004,1787100
2015-04-15,36.029999,36.09,35.799999,35.955002,31.43763,2531600
2015-04-16,36.32,36.345001,35.904999,36.014998999999996,31.490089,1193700
2015-04-17,35.810001,35.869999,35.43,35.66,31.179691,973300
2015-04-20,35.825001,35.904999,35.700001,35.775002,31.280248999999998,540000
2015-04-21,36.169998,36.355,36.064999,36.349998,31.783001000000002,1974200
2015-04-22,36.685001,36.689999,36.450001,36.674999,32.067169,1525000
2015-04-23,36.244999,36.634997999999996,36.16,36.564999,31.970982,1036100
2015-04-24,35.639998999999996,36.215,35.525002,35.895,31.385165999999998,1876900
2015-04-27,35.845001,35.91,35.334998999999996,35.380001,30.93487,1485900
2015-04-28,34.935001,35.09,34.654999,34.974998,30.580755,1985300
2015-04-29,34.549999,34.91,34.314999,34.389998999999996,30.069252000000002,1546900
2015-04-30,34.349998,34.66,34.115002000000004,34.240002000000004,29.938101,1052400
2015-05-01,34.044998,34.220001,33.695,33.939999,29.675787,1157700
2015-05-04,34.365002000000004,34.470001,34.25,34.255001,29.951214,910100
2015-05-05,33.98,34.035,33.619999,33.669998,29.439713,1290600
2015-05-06,33.764998999999996,33.799999,33.52,33.68,29.448458000000002,712700
2015-05-07,33.645,33.759997999999996,33.384997999999996,33.639998999999996,29.413484999999998,903800
2015-05-08,34.830002,35.134997999999996,34.799999,34.959998999999996,30.567636,1762800
2015-05-11,35.275002,35.334998999999996,35.080002,35.080002,30.672562,1251900
2015-05-12,34.48,34.779999,34.415001000000004,34.509997999999996,30.174177,968200
2015-05-13,34.634997999999996,34.790001000000004,34.455002,34.674999,30.318446999999995,1240400
2015-05-14,34.950001,35.134997999999996,34.77,35.049999,30.64633,843100
2015-05-15,34.474998,34.654999,34.325001,34.645,30.292216999999997,1268300
2015-05-18,34.400002,34.509997999999996,34.345001,34.369999,30.051766999999998,664200
2015-05-19,34.165001000000004,34.450001,34.139998999999996,34.32,30.008046999999998,936800
2015-05-20,34.169998,34.419998,34.154999,34.259997999999996,29.955585,870100
2015-05-21,34.900002,34.935001,34.634997999999996,34.93,30.54141,1418400
2015-05-22,34.84,34.869999,34.685001,34.724998,30.362165,699600
2015-05-26,34.075001,34.195,33.68,33.84,29.588356,2153700
2015-05-27,34.044998,34.395,34.025002,34.375,30.056134999999998,973900
2015-05-28,34.474998,34.48,34.299999,34.450001,30.121719,2313100
2015-05-29,34.035,34.035,33.459998999999996,33.775002,29.531522999999996,2112900
2015-06-01,33.685001,33.740002000000004,33.205002,33.52,29.308560999999997,2156000
2015-06-02,33.439999,33.695,33.34,33.5,29.291075,1268100
2015-06-03,33.700001,33.904999,33.654999,33.799999,29.553377,1033800
2015-06-04,33.474998,33.73,33.25,33.294998,29.111826,1409200
2015-06-05,33.174999,33.540001000000004,33.115002000000004,33.509997999999996,29.299815999999996,801300
2015-06-08,33.23,33.32,33.110001000000004,33.110001000000004,28.950073,1081900
2015-06-09,32.93,32.98,32.439999,32.689999,28.582838,1932700
2015-06-10,33.169998,33.455002,32.880001,33.200001,29.028765000000003,1303900
2015-06-11,33.310001,33.355,33.084998999999996,33.215,29.041878000000004,857200
2015-06-12,32.790001000000004,32.955002,32.665001000000004,32.845001,28.718366999999997,648800
2015-06-15,32.555,32.580002,32.345001,32.494999,28.412340000000004,1215200
2015-06-16,32.470001,32.755001,32.415001000000004,32.73,28.617813,900800
2015-06-17,32.84,33.060001,32.66,32.98,28.836405,1277000
2015-06-18,33.165001000000004,33.535,33.154999,33.43,29.229868,2260200
2015-06-19,33.285,33.470001,33.23,33.349998,29.159917999999998,1991100
2015-06-22,33.474998,33.735001000000004,33.470001,33.599998,29.378508,2148800
2015-06-23,33.669998,33.950001,33.665001000000004,33.794998,29.549009,1450000
2015-06-24,33.505001,33.625,33.25,33.264998999999996,29.085597999999997,757200
2015-06-25,33.099998,33.110001000000004,32.895,32.93,28.792688000000002,716700
2015-06-26,32.955002,33.209998999999996,32.895,33.165001000000004,28.998161,3379900
2015-06-29,32.424999,32.709998999999996,32.165001000000004,32.169998,28.12817,2674900
2015-06-30,32.105,32.18,31.610001,31.855,27.852751,3345500
2015-07-01,32.389998999999996,32.41,32.189999,32.32,28.259328999999997,2134500
2015-07-02,32.764998999999996,32.884997999999996,32.619999,32.705002,28.595959000000004,1187600
2015-07-06,32.404999,32.689999,32.365002000000004,32.560001,28.469175,980000
2015-07-07,32.474998,32.860001000000004,32.299999,32.805,28.683395,3449100
2015-07-08,32.27,32.325001,32.099998,32.165001000000004,28.123803999999996,1018900
2015-07-09,32.650002,32.715,32.275002,32.275002,28.219984000000004,924100
2015-07-10,33.195,33.27,33.110001000000004,33.224998,29.050625,1013000
2015-07-13,33.665001000000004,33.705002,33.52,33.59,29.369764,1491600
2015-07-14,33.849998,33.970001,33.674999,33.919998,29.658302000000003,765500
2015-07-15,33.93,34.064999,33.84,33.945,29.680165999999996,1339500
2015-07-16,33.665001000000004,33.945,33.665001000000004,33.790001000000004,29.544635999999997,680600
2015-07-17,33.575001,33.845001,33.575001,33.759997999999996,29.518403999999997,2631400
2015-07-20,33.91,33.990002000000004,33.720001,33.924999,29.662674,663700
2015-07-21,33.889998999999996,33.889998999999996,33.720001,33.82,29.570868,641300
2015-07-22,33.619999,33.645,33.455002,33.610001000000004,29.387255,688200
2015-07-23,33.465,33.490002000000004,33.209998999999996,33.275002,29.094343,634900
2015-07-24,33.174999,33.314999,32.814999,32.880001,28.748972,1971400
2015-07-27,32.68,32.790001000000004,32.599998,32.709998999999996,28.600327000000004,1278300
2015-07-28,32.580002,32.900002,32.349998,32.810001,28.687766999999997,2123900
2015-07-29,32.970001,33.09,32.77,33.009997999999996,28.862634999999997,1869300
2015-07-30,33.709998999999996,33.919998,33.48,33.740002000000004,29.500919,2192700
2015-07-31,33.990002000000004,34.02,33.73,33.790001000000004,29.544635999999997,1055300
2015-08-03,33.849998,34.049999,33.669998,33.939999,29.675787,2598200
2015-08-04,34.220001,34.470001,34.18,34.34,30.025536,1921400
2015-08-05,34.400002,34.689999,34.299999,34.540001000000004,30.200409000000004,1574300
2015-08-06,34.310001,34.459998999999996,34.099998,34.240002000000004,29.938101,2265700
2015-08-07,33.709998999999996,33.759997999999996,33.43,33.689999,29.457203000000003,3274500
2015-08-10,33.619999,34.169998,33.619999,34.02,29.745741,1185700
2015-08-11,33.830002,34.09,33.799999,34.049999,29.771969,2071200
2015-08-12,33.27,33.419998,32.959998999999996,33.380001,29.577036,1486000
2015-08-13,33.700001,33.73,33.380001,33.43,29.621338,1842500
2015-08-14,33.34,33.529999,33.169998,33.459998999999996,29.647921000000004,1227200
2015-08-17,33.259997999999996,33.619999,33.200001,33.610001000000004,29.780828000000003,1560000
2015-08-18,33.740002000000004,34.0,33.700001,33.720001,29.878297999999997,1412400
2015-08-19,33.540001000000004,33.580002,33.23,33.349998,29.550449,896300
2015-08-20,32.919998,33.009997999999996,32.549999,32.549999,28.841595,985700
2015-08-21,32.27,32.43,31.620001000000002,31.629998999999998,28.026411,1725000
2015-08-24,30.67,31.360001,29.5,30.639999,27.1492,3788700
2015-08-25,31.469998999999998,31.469998999999998,30.27,30.280001000000002,26.830216999999998,2881000
2015-08-26,31.200001,31.219998999999998,30.360001,31.129998999999998,27.583376,3287200
2015-08-27,31.379998999999998,31.65,31.219998999999998,31.610001,28.008692,2103500
2015-08-28,31.43,31.709999,31.4,31.67,28.061853000000003,1735500
2015-08-31,31.6,31.67,31.25,31.280001000000002,27.71629,1720700
2015-09-01,30.92,31.09,30.540001,30.690001000000002,27.193506,2266900
2015-09-02,31.76,31.76,31.34,31.68,28.070715000000003,2645300
2015-09-03,32.5,32.66,32.049999,32.240002000000004,28.566916,2843800
2015-09-04,32.16,32.209998999999996,31.49,31.700001,28.088435999999998,1993100
2015-09-08,32.82,32.990002000000004,32.580002,32.93,29.178304999999998,2350500
2015-09-09,33.259997999999996,33.259997999999996,32.34,32.400002,28.708689,2524800
2015-09-10,32.93,33.549999,32.880001,33.279999,29.488429999999997,3565200
2015-09-11,33.110001000000004,33.330002,33.060001,33.299999,29.506149,2018800
2015-09-14,33.23,33.25,33.009997999999996,33.169998,29.390959000000002,1493000
2015-09-15,33.23,33.490002000000004,33.110001000000004,33.459998999999996,29.647921000000004,2281700
2015-09-16,33.549999,33.73,33.349998,33.619999,29.789692,2138300
2015-09-17,33.240002000000004,34.040001000000004,33.150002,33.810001,29.958047999999998,3528700
2015-09-18,33.950001,34.470001,33.869999,34.369999,30.454245,6889900
2015-09-21,34.200001,34.25,33.18,33.540001000000004,29.718807,4795000
2015-09-22,32.630001,32.709998999999996,31.959999,32.209998999999996,28.540331,3717600
2015-09-23,32.330002,32.43,32.110001000000004,32.299999,28.620078999999997,1956700
2015-09-24,32.32,32.59,32.09,32.450001,28.752989000000003,1914000
2015-09-25,32.889998999999996,33.009997999999996,32.130001,32.360001000000004,28.673243,3432100
2015-09-28,32.43,32.43,31.129998999999998,31.41,27.831476000000002,4275200
2015-09-29,31.24,31.65,31.02,31.280001000000002,27.71629,2282500
2015-09-30,31.860001,31.98,31.58,31.82,28.194765000000004,1804300
2015-10-01,31.84,31.99,31.440001000000002,31.790001,28.168184000000004,1914300
2015-10-02,31.35,32.119999,31.24,32.110001000000004,28.451725,2071400
2015-10-05,32.16,32.450001,32.16,32.380001,28.690965999999996,1720100
2015-10-06,32.23,32.380001,31.799999,32.080002,28.425146,2441000
2015-10-07,31.6,32.16,31.379998999999998,31.92,28.283372999999997,3623400
2015-10-08,32.09,32.419998,31.860001,32.389998999999996,28.699825,4027100
2015-10-09,32.299999,32.419998,32.119999,32.23,28.558054,2425100
2015-10-12,32.18,32.240002000000004,31.99,32.130001,28.469448,2393400
2015-10-13,31.52,31.77,31.200001,31.299999,27.734007000000002,3289500
2015-10-14,31.459999,31.639999,31.379998999999998,31.51,27.920082,1667000
2015-10-15,31.799999,32.290001000000004,31.74,32.240002000000004,28.566916,2514700
2015-10-16,31.790001,32.369999,31.790001,32.349998,28.664381,2391300
2015-10-19,32.259997999999996,32.439999,31.969998999999998,32.200001,28.531471000000003,3629400
2015-10-20,31.530001000000002,31.559998999999998,30.83,30.93,27.406162,2933400
2015-10-21,30.889999,30.940001000000002,30.26,30.469998999999998,26.998569,3249300
2015-10-22,31.0,31.18,30.66,31.07,27.530212,2899500
2015-10-23,31.24,31.57,31.17,31.360001,27.787171999999998,2229000
2015-10-26,31.33,31.709999,31.27,31.459999,27.875778000000004,1269300
2015-10-27,31.360001,31.540001,31.209999,31.360001,27.787171999999998,2393000
2015-10-28,32.029999,32.240002000000004,31.76,32.119999,28.460587,2346600
2015-10-29,31.860001,32.259997999999996,31.860001,32.240002000000004,28.566916,2742900
2015-10-30,32.16,32.209998999999996,31.879998999999998,31.889999,28.256790000000002,2011400
2015-11-02,31.889999,32.34,31.85,32.290001000000004,28.611219000000002,2352500
2015-11-03,32.200001,32.400002,31.99,32.310001,28.628942,2010600
2015-11-04,32.09,32.27,31.67,32.130001,28.469448,3894100
2015-11-05,32.779999,32.779999,32.389998999999996,32.52,28.815014,2429000
2015-11-06,32.09,32.130001,31.68,32.09,28.434006,3495000
2015-11-09,31.709999,31.74,31.360001,31.57,27.973246000000003,2234800
2015-11-10,31.549999,31.76,31.389999,31.719998999999998,28.106159,1979900
2015-11-11,31.92,32.189999,31.790001,31.84,28.212484000000003,2218600
2015-11-12,31.84,31.84,30.82,30.85,27.335276,2598600
2015-11-13,30.74,31.360001,30.74,31.290001,27.725149,3075300
2015-11-16,32.060001,32.82,32.060001,32.779999,29.045393,8504400
2015-11-17,33.200001,33.619999,33.09,33.450001,29.639060999999998,5671600
2015-11-18,33.549999,33.75,33.48,33.689999,29.851716999999997,5612900
2015-11-19,34.049999,34.099998,33.790001000000004,34.009997999999996,30.13526,6944400
2015-11-20,34.259997999999996,34.349998,34.060001,34.080002,30.197289,4738600
2015-11-23,34.150002,34.330002,33.849998,33.959998999999996,30.090956,3918100
2015-11-24,33.599998,34.009997999999996,33.549999,33.939999,30.073234999999997,4762400
2015-11-25,33.939999,34.259997999999996,33.91,34.110001000000004,30.223867,3922400
2015-11-27,34.16,34.240002000000004,34.029999,34.049999,30.170702000000002,1252400
2015-11-30,34.189999,34.240002000000004,34.0,34.049999,30.170702000000002,3776000
2015-12-01,34.330002,34.880001,34.169998,34.77,30.808671999999998,4550400
2015-12-02,34.740002000000004,34.830002,34.240002000000004,34.32,30.409943,4100800
2015-12-03,34.360001000000004,34.369999,33.48,33.57,29.745388000000002,5124000
2015-12-04,33.650002,33.98,33.639998999999996,33.919998,30.055511,2621400
2015-12-07,34.130001,34.18,33.799999,33.990002000000004,30.117538,3103300
2015-12-08,33.580002,33.700001,33.349998,33.549999,29.727665000000002,3490100
2015-12-09,33.650002,33.82,33.290001000000004,33.459998999999996,29.647921000000004,3343000
2015-12-10,33.439999,33.66,33.32,33.470001,29.656779999999998,1955500
2015-12-11,33.349998,34.25,33.07,33.25,29.461845,4455400
2015-12-14,33.0,33.09,32.57,33.0,29.240328,3460700
2015-12-15,33.23,33.529999,33.189999,33.259997999999996,29.470705,2782600
2015-12-16,33.5,33.860001000000004,33.27,33.790001000000004,29.940325,2178700
2015-12-17,33.41,33.619999,33.23,33.360001000000004,29.559313,2999500
2015-12-18,32.959998999999996,33.080002,32.790001000000004,32.799999,29.063114000000002,4421200
2015-12-21,33.299999,33.360001000000004,32.779999,32.939999,29.187162,2911900
2015-12-22,33.02,33.279999,32.849998,33.23,29.444121999999997,2349000
2015-12-23,33.57,34.07,33.560001,33.959998999999996,30.090956,2689400
2015-12-24,34.130001,34.25,34.029999,34.130001,30.241590000000002,805900
2015-12-28,33.919998,34.139998999999996,33.869999,34.09,30.206144000000002,1489600
2015-12-29,34.32,34.560001,34.290001000000004,34.459998999999996,30.533987,1833900
2015-12-30,34.439999,34.740002000000004,34.360001000000004,34.490002000000004,30.560577000000002,3238400
2015-12-31,34.259997999999996,34.27,33.939999,33.950001,30.082096000000003,1443200
2016-01-04,33.5,33.509997999999996,33.049999,33.400002,29.594759000000003,3416500
2016-01-05,33.360001000000004,33.939999,33.34,33.900002,30.037792,2927600
2016-01-06,33.16,33.5,33.119999,33.34,29.541591999999998,3315800
2016-01-07,32.41,32.689999,32.049999,32.139998999999996,28.478306,7041300
2016-01-08,32.540001000000004,32.57,31.700001,31.77,28.150463000000002,3081100
2016-01-11,31.809998999999998,31.83,31.17,31.540001,27.946665000000003,4107600
2016-01-12,31.57,31.799999,31.33,31.700001,28.088435999999998,2956100
2016-01-13,32.18,32.209998999999996,31.33,31.450001,27.86692,3527900
2016-01-14,31.35,31.889999,31.09,31.809998999999998,28.185903999999997,4237300
2016-01-15,30.379998999999998,30.77,30.25,30.59,27.1049,5119200
2016-01-19,31.059998999999998,31.07,30.559998999999998,30.82,27.308695,4357900
2016-01-20,30.469998999999998,31.049999,29.959999,30.77,27.264390999999996,5081200
2016-01-21,30.690001000000002,30.879998999999998,30.200001,30.690001000000002,27.193506,5120800
2016-01-22,31.610001,31.690001000000002,31.309998999999998,31.48,27.893501,6369300
2016-01-25,31.870001000000002,31.969998999999998,31.530001000000002,31.549999,27.955526000000003,3364700
2016-01-26,31.719998999999998,31.99,31.33,31.82,28.194765000000004,4071300
2016-01-27,32.07,32.200001,31.42,31.57,27.973246000000003,4807500
2016-01-28,32.040001000000004,32.049999,30.969998999999998,31.23,27.671984000000002,5108800
2016-01-29,31.65,32.240002000000004,31.549999,32.220001,28.549194,5121300
2016-02-01,32.02,32.77,31.940001000000002,32.529999,28.823874,5091600
2016-02-02,32.529999,32.529999,32.150002,32.299999,28.620078999999997,5617200
2016-02-03,32.77,32.82,31.98,32.389998999999996,28.699825,7715400
2016-02-04,30.139999,30.530001000000002,29.92,30.469998999999998,26.998569,12593900
2016-02-05,30.17,30.219998999999998,29.809998999999998,30.030001000000002,26.608697999999997,11240200
2016-02-08,29.07,29.09,28.290001,28.690001000000002,25.421366,11646500
2016-02-09,28.32,28.799999,28.299999,28.59,25.332758,6084400
2016-02-10,28.98,29.379998999999998,28.940001000000002,29.040001,25.731489,4790100
2016-02-11,29.5,29.5,28.879998999999998,29.15,25.828955,4851600
2016-02-12,29.18,29.68,29.139999,29.66,26.280849,2995700
2016-02-16,29.76,30.459999,29.66,30.309998999999998,26.856797999999998,5606500
2016-02-17,29.76,30.16,29.58,30.059998999999998,27.497118,4602000
2016-02-18,29.719998999999998,29.870001000000002,29.620001000000002,29.700001,27.167811999999998,4789100
2016-02-19,29.17,29.6,29.17,29.559998999999998,27.039747,4258600
2016-02-22,29.360001,29.620001000000002,29.35,29.59,27.067190000000004,3111300
2016-02-23,29.35,29.57,29.27,29.309998999999998,26.811062,4983600
2016-02-24,28.85,29.16,28.67,29.15,26.664701,3824300
2016-02-25,29.35,29.65,29.200001,29.639999,27.112925,2846100
2016-02-26,29.58,29.639999,29.34,29.370001000000002,26.865946,3649300
2016-02-29,28.74,28.9,28.57,28.67,26.225628000000004,4854300
2016-03-01,28.58,29.09,28.469998999999998,29.02,26.545786,5318300
2016-03-02,28.74,29.040001,28.639999,29.01,26.536640000000002,5854500
2016-03-03,28.48,28.77,28.360001,28.74,26.289658000000003,4247800
2016-03-04,28.639999,29.09,28.6,28.870001000000002,26.408577,4312100
2016-03-07,28.52,28.99,28.440001000000002,28.870001000000002,26.408577,3875200
2016-03-08,28.83,29.15,28.809998999999998,28.959999,26.4909,3620800
2016-03-09,29.129998999999998,29.280001000000002,29.07,29.280001000000002,26.783621000000004,3828300
2016-03-10,29.25,29.4,28.91,29.0,26.527493,5324000
2016-03-11,29.17,29.629998999999998,29.120001000000002,29.57,27.048895,7360300
2016-03-14,29.33,29.450001,29.200001,29.35,26.847652000000004,8741300
2016-03-15,28.74,28.809998999999998,28.42,28.459999,26.033529,7214900
2016-03-16,28.25,28.73,28.18,28.639999,26.198187,4875600
2016-03-17,28.75,28.92,28.639999,28.82,26.362839,6486600
2016-03-18,28.530001000000002,28.639999,28.33,28.48,26.051826000000002,4819500
2016-03-21,28.280001000000002,28.469998999999998,28.280001000000002,28.4,25.978647,3728600
2016-03-22,27.700001,28.25,27.68,28.17,25.768259,8217900
2016-03-23,28.16,28.280001000000002,27.959999,28.01,25.621899,3934900
2016-03-24,27.82,28.02,27.780001000000002,28.0,25.612751,3159400
2016-03-28,28.129998999999998,28.219998999999998,27.93,27.950001,25.567014999999998,2975400
2016-03-29,28.0,28.610001,27.91,28.530001000000002,26.097565,2885100
2016-03-30,28.42,28.6,28.32,28.32,25.905468,2518900
2016-03-31,28.290001,28.450001,28.16,28.16,25.759110999999997,2181700
2016-04-01,27.75,28.280001000000002,27.700001,28.219998999999998,25.813992000000002,3135400
2016-04-04,28.790001,28.790001,28.530001000000002,28.559998999999998,26.125006,3825600
2016-04-05,28.32,28.469998999999998,28.17,28.290001,25.878027,5075700
2016-04-06,28.91,29.870001000000002,28.9,29.790001,27.250139,5189600
2016-04-07,29.59,29.799999,29.52,29.629998999999998,27.103777,4488800
2016-04-08,29.6,29.629998999999998,29.379998999999998,29.450001,26.939125,2951500
2016-04-11,29.52,29.540001,29.040001,29.09,26.609819,3083200
2016-04-12,28.99,29.219998999999998,28.77,29.17,26.682996999999997,3234000
2016-04-13,29.389999,29.610001,29.27,29.540001,27.021454,2772700
2016-04-14,29.59,29.719998999999998,29.469998999999998,29.639999,27.112925,1987600
2016-04-15,29.74,29.799999,29.59,29.709999,27.176956,2268000
2016-04-18,29.66,30.27,29.66,30.200001,27.625181,7259900
2016-04-19,30.27,30.41,30.129998999999998,30.25,27.670919,4323500
2016-04-20,30.0,30.280001000000002,29.969998999999998,30.17,27.59774,3518100
2016-04-21,29.950001,30.17,29.93,30.129998999999998,27.56115,4089800
2016-04-22,30.09,30.18,29.870001000000002,30.1,27.533707,2280500
2016-04-25,29.969998999999998,30.059998999999998,29.860001,30.01,27.451382000000002,2698100
2016-04-26,29.690001000000002,29.790001,29.49,29.6,27.076338,3805600
2016-04-27,29.370001000000002,29.58,29.309998999999998,29.42,26.911682,4806900
2016-04-28,29.219998999999998,29.51,29.09,29.27,26.774472999999997,3706900
2016-04-29,29.73,29.76,28.879998999999998,28.959999,26.4909,4752700
2016-05-02,29.110001,29.290001,28.91,29.280001000000002,26.783621000000004,2607900
2016-05-03,28.809998999999998,29.17,28.75,28.92,26.454313,5237600
2016-05-04,28.200001,28.35,28.08,28.26,25.850584,4892000
2016-05-05,28.09,28.209999,27.940001000000002,28.1,25.704226000000002,3884600
2016-05-06,27.9,28.049999,27.74,27.959999,25.576162,2889600
2016-05-09,28.629998999999998,28.93,28.559998999999998,28.780001000000002,26.326248,3361200
2016-05-10,28.809998999999998,29.0,28.73,28.940001000000002,26.472607,3226000
2016-05-11,28.780001000000002,28.93,28.6,28.610001,26.170744,2258900
2016-05-12,28.98,28.98,28.370001000000002,28.389999,25.969498,3616800
2016-05-13,28.389999,28.700001,28.389999,28.5,26.070120000000003,4736200
2016-05-16,28.42,28.84,28.41,28.790001,26.335397999999998,3673300
2016-05-17,28.9,28.940001000000002,28.67,28.790001,26.335397999999998,2381900
2016-05-18,28.799999,28.91,28.610001,28.85,26.390282,3805300
2016-05-19,28.49,28.5,28.110001,28.379998999999998,25.960352,2998100
2016-05-20,28.49,28.83,28.48,28.690001000000002,26.243921000000004,3643100
2016-05-23,28.690001000000002,28.82,28.540001,28.65,26.207333,3350100
2016-05-24,29.040001,29.530001000000002,29.030001000000002,29.48,26.966568,3534300
2016-05-25,29.92,30.09,29.76,29.98,27.423939,4727700
2016-05-26,29.68,30.09,29.67,29.950001,27.396497999999998,5408000
2016-05-27,29.58,29.91,29.58,29.879998999999998,27.332462,4899000
2016-05-31,30.09,30.200001,29.559998999999998,29.700001,27.167811999999998,4573200
2016-06-01,29.360001,29.559998999999998,29.34,29.450001,26.939125,4156000
2016-06-02,29.4,29.74,29.34,29.67,27.140369,3018400
2016-06-03,29.84,29.9,29.549999,29.73,27.195251000000003,2759200
2016-06-06,29.77,30.030001000000002,29.77,29.870001000000002,27.323317,2787400
2016-06-07,29.879998999999998,30.0,29.82,29.85,27.305023,4011000
2016-06-08,29.91,29.91,29.6,29.639999,27.112925,3686100
2016-06-09,29.200001,29.370001000000002,28.92,28.959999,26.4909,3629300
2016-06-10,28.17,28.219998999999998,27.75,27.969998999999998,25.58531,5556500
2016-06-13,27.690001000000002,27.91,27.559998999999998,27.6,25.246855,3772600
2016-06-14,27.16,27.32,26.99,27.26,24.935844,6096200
2016-06-15,27.57,27.76,27.299999,27.370001000000002,25.036465,4787600
2016-06-16,27.16,27.68,26.969998999999998,27.629998999999998,25.274296,6182600
2016-06-17,27.75,27.75,27.440001000000002,27.58,25.228559,8598600
2016-06-20,28.889999,28.9,28.4,28.42,25.996942999999998,5178000
2016-06-21,28.75,28.9,28.57,28.639999,26.198187,4146900
2016-06-22,28.98,29.190001000000002,28.639999,28.700001,26.253069,6579700
2016-06-23,29.120001000000002,29.309998999999998,28.799999,29.290001,26.792768,4197000
2016-06-24,27.65,28.76,27.610001,27.860001,25.484688000000002,10567300
2016-06-27,27.91,28.049999,27.57,27.950001,25.567014999999998,8197400
2016-06-28,28.459999,29.17,28.389999,29.09,26.609819,5927800
2016-06-29,29.68,30.120001000000002,29.41,29.85,27.305023,6757400
2016-06-30,29.629998999999998,30.24,29.59,30.190001000000002,27.616034000000003,5627500
2016-07-01,30.190001000000002,30.459999,30.120001000000002,30.42,27.826426,4066700
2016-07-05,29.98,30.290001,29.98,30.15,27.579442999999998,4031800
2016-07-06,29.77,30.110001,29.68,30.09,27.524559000000004,4352100
2016-07-07,30.299999,30.41,29.98,30.110001,27.542854,3775200
2016-07-08,29.93,30.290001,29.9,30.110001,27.542854,3788300
2016-07-11,29.93,30.200001,29.85,29.969998999999998,27.414790999999997,3773700
2016-07-12,29.870001000000002,30.309998999999998,29.83,30.200001,27.625181,11359300
2016-07-13,30.309998999999998,30.48,30.15,30.16,27.588590999999997,9620700
2016-07-14,30.48,30.5,30.16,30.34,27.753244,9503200
2016-07-15,30.34,30.459999,30.120001000000002,30.24,27.661771999999996,7349700
2016-07-18,30.48,30.629998999999998,30.450001,30.549999,27.945337,5850000
2016-07-19,30.309998999999998,30.440001000000002,30.17,30.299999,27.716656,7143600
2016-07-20,30.299999,30.73,30.299999,30.57,27.963634000000003,5953000
2016-07-21,30.370001000000002,30.620001000000002,30.370001000000002,30.530001000000002,27.927046,9556300
2016-07-22,30.440001000000002,31.23,30.4,31.129998999999998,28.475889000000002,12323100
2016-07-25,31.129998999999998,31.280001000000002,30.889999,31.15,28.494186,8189800
2016-07-26,31.15,31.200001,30.75,30.91,28.274646999999998,8335500
2016-07-27,31.049999,31.57,31.040001,31.540001,28.850934999999996,9370200
2016-07-28,32.540001000000004,34.349998,32.509997999999996,34.290001000000004,31.366474,20001300
2016-07-29,34.009997999999996,34.34,33.470001,34.139998999999996,31.229260999999997,11506500
2016-08-01,33.66,34.07,33.66,33.84,30.95484,6605200
2016-08-02,34.0,34.34,33.830002,34.209998999999996,31.293290999999996,7691500
2016-08-03,33.759997999999996,34.259997999999996,33.759997999999996,34.09,31.183527,9399900
2016-08-04,34.07,34.459998999999996,34.029999,34.299999,31.375618,6682500
2016-08-05,34.98,35.040001000000004,34.18,34.279999,31.357322999999997,11262600
2016-08-08,34.18,34.619999,34.150002,34.5,31.558569,6084900
2016-08-09,34.080002,34.279999,34.049999,34.139998999999996,31.229260999999997,4840100
2016-08-10,33.759997999999996,33.759997999999996,33.5,33.549999,31.099487,3310100
2016-08-11,33.689999,33.970001,33.610001000000004,33.810001,31.340502,3550100
2016-08-12,33.57,33.75,33.380001,33.540001000000004,31.090219,5102500
2016-08-15,33.650002,33.720001,33.419998,33.439999,30.99752,3672900
2016-08-16,33.5,33.720001,33.450001,33.549999,31.099487,3945200
2016-08-17,33.560001,33.700001,33.330002,33.619999,31.164375,3680300
2016-08-18,33.41,33.689999,33.380001,33.57,31.118025,3092200
2016-08-19,33.529999,33.57,33.310001,33.560001,31.108759000000003,3266300
2016-08-22,33.560001,33.990002000000004,33.560001,33.849998,31.377572999999998,6350100
2016-08-23,33.98,34.07,33.720001,33.830002,31.359037,4632300
2016-08-24,34.150002,34.509997999999996,33.419998,33.5,31.053140999999997,5432000
2016-08-25,33.299999,33.560001,33.119999,33.23,30.80286,3894900
2016-08-26,33.150002,33.450001,32.779999,33.049999,30.636007,4839100
2016-08-29,33.110001000000004,33.419998,33.049999,33.299999,30.867748,2464800
2016-08-30,33.150002,33.310001,33.07,33.209998999999996,30.784319,4694200
2016-08-31,32.720001,32.860001000000004,32.610001000000004,32.810001,30.41354,4773600
2016-09-01,32.369999,32.689999,32.360001000000004,32.599998,30.218876,6531000
2016-09-02,33.080002,33.48,32.959998999999996,33.310001,30.87702,3646800
2016-09-06,33.18,33.279999,33.040001000000004,33.09,30.673085999999998,3789100
2016-09-07,33.07,33.209998999999996,32.959998999999996,33.18,30.756514000000003,4487400
2016-09-08,32.830002,33.080002,32.82,33.040001000000004,30.62674,6043000
2016-09-09,32.849998,32.849998,32.189999,32.200001,29.848090999999997,4467100
2016-09-12,32.529999,33.34,32.470001,33.240002000000004,30.812132000000002,3603500
2016-09-13,32.860001000000004,32.990002000000004,32.48,32.740002000000004,30.348652,5833700
2016-09-14,32.91,33.27,32.830002,33.099998,30.682353999999997,6971700
2016-09-15,33.189999,33.82,33.0,33.66,31.201452000000003,6016900
2016-09-16,34.119999,34.150002,33.68,33.82,31.349764,5154700
2016-09-19,33.610001000000004,33.740002000000004,33.459998999999996,33.52,31.071678000000002,3323000
2016-09-20,33.98,34.060001,33.59,33.650002,31.192184,3429700
2016-09-21,33.48,33.779999,33.189999,33.75,31.284882,3941500
2016-09-22,34.23,34.34,34.110001000000004,34.279999,31.776166999999997,4547900
2016-09-23,33.950001,34.150002,33.889998999999996,33.970001,31.488813,3795000
2016-09-26,33.669998,33.709998999999996,33.43,33.549999,31.099487,4243300
2016-09-27,33.049999,33.630001,32.98,33.610001000000004,31.155106,3677900
2016-09-28,33.990002000000004,34.09,33.73,33.82,31.349764,8518000
2016-09-29,33.439999,33.470001,32.77,33.049999,30.636007,6969900
2016-09-30,32.91,33.169998,32.860001000000004,32.860001000000004,30.459884999999996,4557400
2016-10-03,32.860001000000004,33.049999,32.720001,33.0,30.589661,3088600
2016-10-04,32.970001,33.27,32.34,32.57,30.191065000000002,5415400
2016-10-05,32.57,32.759997999999996,32.509997999999996,32.599998,30.218876,4325300
2016-10-06,32.299999,32.439999,32.169998,32.259997999999996,29.903709000000003,3513900
2016-10-07,32.080002,32.349998,32.0,32.290001000000004,29.931520000000003,4009000
2016-10-10,32.02,32.200001,32.02,32.060001,29.718319,3690500
2016-10-11,31.559998999999998,31.690001000000002,31.049999,31.120001000000002,28.846977000000003,5618600
2016-10-12,30.98,31.08,30.690001000000002,30.799999,28.550348,3401000
2016-10-13,30.42,30.959999,30.4,30.84,28.587427,3447800
2016-10-14,30.719998999999998,30.84,30.57,30.59,28.355688,4252600
2016-10-17,30.32,31.1,30.27,30.73,28.485462,8283500
2016-10-18,31.389999,31.41,31.16,31.27,28.986021,3918600
2016-10-19,30.9,31.02,30.77,30.780001000000002,28.531810999999998,3033100
2016-10-20,30.780001000000002,31.139999,30.76,31.0,28.735739000000002,3004600
2016-10-21,30.68,30.860001,30.610001,30.719998999999998,28.476191999999998,2681500
2016-10-24,30.24,30.27,30.02,30.08,27.882938,4133600
2016-10-25,29.9,30.040001,29.4,29.790001,27.61412,8936800
2016-10-26,29.450001,29.719998999999998,29.389999,29.59,27.428728000000003,3795900
2016-10-27,30.0,30.030001000000002,28.0,28.540001,26.455421,20211200
2016-10-28,28.440001000000002,28.77,28.08,28.6,26.511038,13840700
2016-10-31,28.5,28.59,28.299999,28.32,26.251490000000004,4552900
2016-11-01,28.25,28.27,27.82,27.99,25.945591,5870600
2016-11-02,28.450001,28.48,28.120001000000002,28.209999,26.149523000000002,6065900
2016-11-03,28.299999,28.34,27.66,27.74,25.713852,4477300
2016-11-04,27.719998999999998,27.870001000000002,27.629998999999998,27.66,25.639696,5700400
2016-11-07,27.74,27.959999,27.74,27.889999,25.852898,3647200
2016-11-08,28.0,28.1,27.92,27.99,25.945591,4201600
2016-11-09,28.700001,29.16,28.370001000000002,28.950001,26.835476,9201300
2016-11-10,27.4,28.209999,27.4,27.68,25.658236,17307700
2016-11-11,27.610001,28.370001000000002,27.52,27.98,25.936323,12122700
2016-11-14,27.57,27.85,27.530001000000002,27.65,25.630426,5431800
2016-11-15,27.43,27.75,27.360001,27.629998999999998,25.611887,3514700
2016-11-16,27.440001000000002,27.68,27.370001000000002,27.4,25.398687,6474400
2016-11-17,27.4,27.51,27.33,27.35,25.352339,7908300
2016-11-18,27.049999,27.27,27.0,27.120001000000002,25.139139,6994300
2016-11-21,27.24,27.41,27.219998999999998,27.34,25.343069,4236100
2016-11-22,27.129998999999998,27.16,26.379998999999998,26.43,24.499537,13821400
2016-11-23,26.43,26.43,25.879998999999998,26.370001000000002,24.443920000000002,13527200
2016-11-25,27.23,27.23,26.940001000000002,27.1,25.1206,9569300
2016-11-28,26.75,26.98,26.629998999999998,26.73,24.777624,6368400
2016-11-29,26.84,26.98,26.700001,26.709999,24.759083,6372300
2016-11-30,26.639999,26.700001,26.1,26.139999,24.230717000000002,10601000
2016-12-01,26.209999,26.26,25.76,25.809998999999998,23.924822,9000100
2016-12-02,25.940001000000002,26.110001,25.860001,25.889999,23.99898,8836800
2016-12-05,26.030001000000002,26.040001,25.68,25.82,23.934092,7953400
2016-12-06,26.02,26.059998999999998,25.860001,26.01,24.110216,5151700
2016-12-07,26.059998999999998,26.059998999999998,25.549999,25.85,23.961901,11604700
2016-12-08,26.129998999999998,26.32,26.02,26.27,24.351223,7212800
2016-12-09,26.709999,27.42,26.700001,27.16,25.176216,8677300
2016-12-12,26.83,27.09,26.790001,26.940001000000002,24.972285999999997,7253800
2016-12-13,27.290001,27.74,27.23,27.700001,25.676775,10627100
2016-12-14,27.75,27.780001000000002,27.26,27.290001,25.296720999999998,10803400
2016-12-15,27.43,27.790001,27.4,27.700001,25.676775,12048000
2016-12-16,27.99,28.01,27.67,27.860001,25.825089000000002,8471900
2016-12-19,27.280001000000002,27.43,26.92,26.950001,24.981556,15964800
2016-12-20,27.08,27.190001000000002,26.92,27.02,25.046444,12312700
2016-12-21,27.02,27.18,26.92,27.059998999999998,25.083520999999998,12246100
2016-12-22,27.17,27.26,27.059998999999998,27.18,25.194757,12610600
2016-12-23,27.27,27.41,27.17,27.309998999999998,25.315260000000002,2983700
2016-12-27,27.379998999999998,27.5,27.23,27.26,25.268913,2983400
2016-12-28,27.52,27.540001,27.190001000000002,27.209999,25.222565,4793800
2016-12-29,27.370001000000002,27.57,27.27,27.360001,25.361609,4588700
2016-12-30,27.540001,27.559998999999998,27.25,27.32,25.32453,3724300
2017-01-03,27.530001000000002,27.74,27.450001,27.709999,25.686042999999998,5130800
2017-01-04,27.709999,28.0,27.709999,27.93,25.889975,4562500
2017-01-05,28.32,28.76,28.25,28.690001000000002,26.594465000000003,5583000
2017-01-06,28.41,28.549999,28.33,28.43,26.353455,6055500
2017-01-09,28.33,28.58,28.27,28.530001000000002,26.446153999999996,4158600
2017-01-10,28.719998999999998,28.809998999999998,28.610001,28.75,26.650084000000003,5332200
2017-01-11,28.469998999999998,28.629998999999998,27.969998999999998,28.18,26.121716,7149700
2017-01-12,28.120001000000002,28.32,28.02,28.24,26.177332,8549000
2017-01-13,28.360001,28.59,28.200001,28.58,26.4925,5159800
2017-01-17,28.690001000000002,28.690001000000002,28.379998999999998,28.469998999999998,26.390533,7320600
2017-01-18,28.65,28.66,28.43,28.5,26.418343,6141800
2017-01-19,28.23,28.309998999999998,27.809998999999998,27.91,25.871437,3693000
2017-01-20,27.389999,27.42,26.870001000000002,27.07,25.092789,10125600
2017-01-23,27.1,27.15,26.870001000000002,27.1,25.1206,5507100
2017-01-24,26.93,27.129998999999998,26.65,26.99,25.018632999999998,9280800
2017-01-25,27.23,27.389999,27.1,27.290001,25.296720999999998,4791700
2017-01-26,27.57,27.58,26.639999,26.719998999999998,24.768356,10392600
2017-01-27,26.940001000000002,27.08,26.809998999999998,27.049999,25.074251,7378700
2017-01-30,27.040001,27.1,26.950001,27.09,25.111332,6143000
2017-01-31,26.52,27.25,26.51,27.23,25.241104,10641900
2017-02-01,27.23,27.76,27.23,27.76,25.732393,10012100
2017-02-02,27.01,27.58,26.98,27.559998999999998,25.546999,11199200
2017-02-03,27.549999,27.940001000000002,27.549999,27.92,25.880707,10788400
2017-02-06,27.709999,28.110001,27.709999,28.09,26.03829,6300300
2017-02-07,28.190001000000002,28.299999,28.09,28.26,26.195873000000002,6341400
2017-02-08,28.17,28.66,28.17,28.620001000000002,26.529579,5109000
2017-02-09,28.620001000000002,29.35,28.620001000000002,29.299999,27.159909999999996,7264000
2017-02-10,29.24,29.629998999999998,29.200001,29.530001000000002,27.373112,8700900
2017-02-13,29.6,29.74,29.530001000000002,29.639999,27.475075,5482700
2017-02-14,29.370001000000002,29.66,29.33,29.59,27.428728000000003,5460900
2017-02-15,28.549999,28.860001,28.52,28.84,27.62027,3758400
2017-02-16,28.74,28.889999,28.66,28.76,27.543653000000003,4400500
2017-02-17,29.16,29.27,28.940001000000002,29.16,27.926734999999997,4496100
2017-02-21,28.98,29.129998999999998,28.870001000000002,29.01,27.783081,4471800
2017-02-22,28.620001000000002,28.98,28.610001,28.92,27.696888,5119000
2017-02-23,29.24,29.629998999999998,29.219998999999998,29.51,28.261934000000004,5213000
2017-02-24,29.23,29.360001,29.200001,29.35,28.108702,3539600
2017-02-27,29.120001000000002,29.389999,29.110001,29.370001000000002,28.127855,3631400
2017-02-28,29.450001,29.57,29.18,29.26,28.022507,3929600
2017-03-01,29.01,29.42,28.950001,29.32,28.079967,6947000
2017-03-02,29.42,29.780001000000002,29.379998999999998,29.6,28.348127,6804900
2017-03-03,29.639999,29.959999,29.6,29.92,28.654593,5304000
2017-03-06,29.77,29.82,29.6,29.620001000000002,28.367281,3365700
2017-03-07,29.09,29.620001000000002,29.030001000000002,29.5,28.252356,3971800
2017-03-08,29.49,29.559998999999998,29.33,29.41,28.166162,4612900
2017-03-09,29.32,29.58,29.309998999999998,29.559998999999998,28.309818,3763700
2017-03-10,29.49,29.58,29.370001000000002,29.549999,28.300240999999996,3932000
2017-03-13,29.549999,30.129998999999998,29.549999,30.07,28.79825,3957600
2017-03-14,29.99,30.540001,29.98,30.299999,29.018521999999997,7598900
2017-03-15,30.09,30.27,30.01,30.209999,28.932327,5140700
2017-03-16,30.52,30.59,30.389999,30.52,29.229218,3101300
2017-03-17,30.549999,30.9,30.5,30.690001000000002,29.392028999999997,4358700
2017-03-20,30.719998999999998,30.879998999999998,30.690001000000002,30.700001,29.401606,3443900
2017-03-21,30.82,30.889999,30.360001,30.370001000000002,29.085564,3920800
2017-03-22,30.57,31.040001,30.51,30.98,29.669762,6134200
2017-03-23,31.16,31.6,31.139999,31.299999,29.976227,11268900
2017-03-24,31.190001000000002,31.379998999999998,31.110001,31.309998999999998,29.985806,3983600
2017-03-27,31.65,31.879998999999998,31.629998999999998,31.799999,30.455082,4517400
2017-03-28,31.58,31.610001,31.33,31.33,30.004959000000003,4575800
2017-03-29,31.209999,31.370001000000002,31.200001,31.290001,29.966654,3480600
2017-03-30,31.379998999999998,31.389999,31.16,31.17,29.851727,2268600
2017-03-31,31.16,31.34,31.129998999999998,31.139999,29.822994,2743400
2017-04-03,31.049999,31.290001,31.040001,31.139999,29.822994,2811800
2017-04-04,31.280001000000002,31.4,31.209999,31.280001000000002,29.957075,2856600
2017-04-05,30.83,30.9,30.43,30.459999,29.171754999999997,5355100
2017-04-06,30.299999,30.610001,30.25,30.440001000000002,29.152601,3928000
2017-04-07,30.26,30.379998999999998,30.139999,30.299999,29.018521999999997,7000600
2017-04-10,29.879998999999998,30.030001000000002,29.83,29.9,28.635439,3923200
2017-04-11,30.16,30.24,30.0,30.18,28.903596999999998,2963200
2017-04-12,30.09,30.209999,30.049999,30.139999,28.86529,2324700
2017-04-13,30.09,30.23,30.040001,30.139999,28.86529,2649900
2017-04-17,30.17,30.34,30.120001000000002,30.15,28.874865000000003,2574000
2017-04-18,29.959999,29.99,29.66,29.76,28.50136,4444100
2017-04-19,30.08,30.08,29.74,29.77,28.510939,3641700
2017-04-20,30.0,30.01,29.870001000000002,29.9,28.635439,3179900
2017-04-21,29.82,29.85,29.629998999999998,29.76,28.50136,2044800
2017-04-24,30.200001,30.34,30.129998999999998,30.24,28.961059999999996,2642600
2017-04-25,30.59,30.629998999999998,30.469998999999998,30.49,29.200487,3021000
2017-04-26,30.49,30.74,30.469998999999998,30.58,29.28668,4205100
2017-04-27,30.58,31.07,30.530001000000002,30.860001,29.554838,4690000
2017-04-28,30.58,30.65,30.209999,30.25,28.970636,4927000
2017-05-01,30.32,30.66,30.25,30.27,28.989791999999998,2902000
2017-05-02,30.41,30.74,30.24,30.700001,29.401606,4441400
2017-05-03,30.690001000000002,30.700001,30.42,30.5,29.210064000000003,3020000
2017-05-04,30.4,30.68,30.389999,30.629998999999998,29.334564,3691100
2017-05-05,30.440001000000002,30.459999,30.32,30.459999,29.171754999999997,2605100
2017-05-08,30.459999,30.459999,30.209999,30.23,28.951483000000003,2511000
2017-05-09,30.709999,30.99,30.66,30.9,29.593145,4359400
2017-05-10,30.959999,31.110001,30.91,31.040001,29.727226,2604600
2017-05-11,30.959999,31.18,30.879998999999998,31.129998999999998,29.813416999999998,2717900
2017-05-12,33.200001,34.080002,33.169998,34.0,32.562038,19332300
2017-05-15,33.970001,34.240002000000004,33.84,34.209998999999996,32.763153,6014300
2017-05-16,34.25,34.549999,34.110001000000004,34.41,32.954696999999996,4951500
2017-05-17,34.48,34.689999,34.169998,34.169998,32.724846,5581000
2017-05-18,34.259997999999996,34.310001,33.810001,34.02,32.581192,3723800
2017-05-19,34.07,34.200001,33.810001,33.900002,32.46627,3215900
2017-05-22,33.830002,34.130001,33.82,33.950001,32.514153,4377000
2017-05-23,33.91,34.139998999999996,33.869999,34.080002,32.638657,3978900
2017-05-24,34.009997999999996,34.380001,34.009997999999996,34.27,32.820617999999996,4281100
2017-05-25,34.16,34.400002,34.139998999999996,34.34,32.887657,2606100
2017-05-26,34.130001,34.189999,33.810001,33.849998,32.418381,2555300
2017-05-30,33.970001,34.200001,33.900002,34.009997999999996,32.571613,2603100
2017-05-31,34.25,34.48,34.18,34.389998999999996,32.935543,3703600
2017-06-01,34.740002000000004,34.939999,34.709998999999996,34.810001,33.33778,4155400
2017-06-02,35.02,35.189999,34.93,35.110001000000004,33.625095,5115800
2017-06-05,35.240002000000004,35.27,34.869999,34.919998,33.443127000000004,4595100
2017-06-06,34.91,35.150002,34.849998,34.939999,33.46228,3188000
2017-06-07,34.66,34.900002,34.650002,34.880001,33.404823,5046400
2017-06-08,35.02,35.049999,34.639998999999996,34.82,33.347359000000004,3148600
2017-06-09,34.389998999999996,34.59,34.009997999999996,34.169998,32.724846,6947500
2017-06-12,34.029999,34.099998,33.900002,34.060001,32.619499,3266600
2017-06-13,34.130001,34.290001000000004,33.950001,34.189999,32.744003,3310400
2017-06-14,34.5,34.599998,34.279999,34.360001000000004,32.906815,2739700
2017-06-15,34.040001000000004,34.349998,33.950001,34.110001000000004,32.667384999999996,3295800
2017-06-16,34.259997999999996,34.549999,34.23,34.540001000000004,33.079201,2511300
2017-06-19,34.439999,34.779999,34.439999,34.639998999999996,33.174969,3950100
2017-06-20,34.650002,34.919998,34.57,34.720001,33.251587,5164400
2017-06-21,34.630001,34.990002000000004,34.610001000000004,34.880001,33.404823,3639600
2017-06-22,35.0,35.599998,34.98,35.360001000000004,33.864517,4015300
2017-06-23,35.209998999999996,35.25,34.939999,35.07,33.586784,3128300
2017-06-26,35.330002,35.330002,34.98,35.150002,33.663403,2830100
2017-06-27,34.830002,34.900002,34.529999,34.57,33.107929,2967900
2017-06-28,34.599998,34.669998,34.34,34.349998,32.897232,3873700
2017-06-29,34.189999,34.209998999999996,33.869999,34.119999,32.67696,3395400
2017-06-30,34.119999,34.220001,33.869999,34.09,32.648232,2697600
2017-07-03,33.84,34.029999,33.810001,33.880001,32.447113,1703400
2017-07-05,33.66,34.189999,33.639998999999996,34.16,32.715271,2578700
2017-07-06,33.759997999999996,33.799999,33.5,33.639998999999996,32.217265999999995,3984600
2017-07-07,33.560001,33.849998,33.549999,33.75,32.322609,2819500
2017-07-10,33.709998999999996,33.790001000000004,33.560001,33.630001,32.207687,2530700
2017-07-11,33.150002,33.400002,33.119999,33.240002000000004,31.834183000000003,3586700
2017-07-12,33.82,34.119999,32.900002,32.919998,31.527714000000003,9939800
2017-07-13,32.919998,33.459998999999996,32.259997999999996,32.389998999999996,31.020128000000003,21176500
2017-07-14,32.900002,34.5,32.73,33.869999,32.437538,11656600
2017-07-17,33.73,33.790001000000004,33.299999,33.380001,31.968262,4220900
2017-07-18,33.450001,33.619999,33.360001000000004,33.509997999999996,32.092758,3624400
2017-07-19,33.68,33.759997999999996,33.5,33.599998,32.178951,4691900
2017-07-20,33.669998,33.98,33.66,33.889998999999996,32.456688,3365900
2017-07-21,34.0,34.07,33.880001,34.049999,32.609924,3602700
2017-07-24,33.630001,33.98,33.529999,33.849998,32.418381,4116200
2017-07-25,34.0,34.049999,33.630001,33.779999,32.351341,3173800
2017-07-26,33.950001,33.990002000000004,33.709998999999996,33.939999,32.504574,4065700
2017-07-27,28.77,29.16,28.43,28.879998999999998,27.658577,27176900
2017-07-28,29.33,30.370001000000002,29.32,30.27,28.989791999999998,13288800
2017-07-31,30.82,30.84,30.18,30.18,28.903596999999998,10798400
2017-08-01,30.43,30.48,29.870001000000002,29.92,28.654593,6358100
2017-08-02,30.290001,30.34,30.08,30.33,29.047253,5676000
2017-08-03,30.459999,30.5,30.25,30.34,29.056828999999997,4309800
2017-08-04,29.950001,30.190001000000002,29.91,30.17,28.89402,5189100
2017-08-07,30.07,30.139999,29.85,30.059998999999998,28.788671,3568800
2017-08-08,30.030001000000002,30.309998999999998,29.74,29.75,28.491783,7354400
2017-08-09,29.52,29.52,29.27,29.469998999999998,28.657093,4132100
2017-08-10,29.27,29.4,29.030001000000002,29.030001000000002,28.229231,5866900
2017-08-11,28.879998999999998,29.15,28.860001,29.08,28.277851000000002,3253500
2017-08-14,28.98,29.190001000000002,28.969998999999998,29.1,28.2973,2340500
2017-08-15,29.08,29.190001000000002,29.01,29.059998999999998,28.258402,2129400
2017-08-16,29.18,29.23,29.040001,29.18,28.375093,2643000
2017-08-17,29.49,29.559998999999998,29.049999,29.08,28.277851000000002,4612300
2017-08-18,29.09,29.16,28.879998999999998,29.120001000000002,28.31675,4184900
2017-08-21,29.049999,29.049999,28.780001000000002,28.959999,28.161161,3237900
2017-08-22,28.870001000000002,29.129998999999998,28.84,29.07,28.268127000000003,3469800
2017-08-23,29.24,29.32,29.08,29.139999,28.336197,2443300
2017-08-24,29.540001,29.66,29.379998999999998,29.469998999999998,28.657093,2966300
2017-08-25,29.43,29.5,29.200001,29.24,28.433436999999998,2194400
2017-08-28,29.43,29.559998999999998,29.389999,29.440001000000002,28.627921999999998,1570300
2017-08-29,29.309998999999998,29.540001,29.25,29.459999,28.647369,2005900
2017-08-30,29.280001000000002,29.35,29.139999,29.25,28.443163000000002,1946300
2017-08-31,29.610001,29.870001000000002,29.530001000000002,29.83,29.007164000000003,4497600
2017-09-01,30.190001000000002,30.290001,30.049999,30.110001,29.27944,2396200
2017-09-05,30.41,30.450001,29.98,30.07,29.240543,4718600
2017-09-06,30.17,30.469998999999998,30.17,30.34,29.503096000000003,9305100
2017-09-07,31.209999,31.969998999999998,31.120001000000002,31.889999,31.010340000000003,10258800
2017-09-08,31.719998999999998,32.419998,31.709999,32.25,31.360409000000004,5266400
2017-09-11,32.73,33.02,32.669998,32.990002000000004,32.079997999999996,12110000
2017-09-12,32.939999,33.490002000000004,32.91,33.419998,32.498135,7552400
2017-09-13,33.029999,33.07,32.450001,32.650002,31.749378000000004,6585900
2017-09-14,32.529999,32.75,32.509997999999996,32.619999,31.720203,3600600
2017-09-15,32.700001,32.709998999999996,32.490002000000004,32.529999,31.632685,3100700
2017-09-18,32.459998999999996,32.5,32.240002000000004,32.419998,31.525719,4573000
2017-09-19,32.740002000000004,32.830002,32.610001000000004,32.669998,31.768821999999997,4386900
2017-09-20,32.689999,32.950001,32.59,32.93,32.021652,8170400
2017-09-21,32.91,32.950001,32.759997999999996,32.810001,31.904964,3112300
2017-09-22,33.799999,34.07,33.669998,33.950001,33.013515000000005,10233400
2017-09-25,33.639998999999996,34.02,33.619999,34.0,33.062138,6183500
2017-09-26,33.470001,33.610001000000004,33.23,33.349998,32.430065,5092100
2017-09-27,33.060001,33.52,33.029999,33.310001,32.391171,4395500
2017-09-28,33.57,33.66,33.43,33.48,32.55648,2653200
2017-09-29,33.619999,33.91,33.59,33.880001,32.94545,2471600
2017-10-02,33.849998,34.349998,33.849998,34.27,33.324692,5145500
2017-10-03,34.080002,34.330002,34.060001,34.259997999999996,33.314964,3938300
2017-10-04,34.27,34.400002,34.209998999999996,34.349998,33.402481,2221400
2017-10-05,34.060001,34.23,33.98,34.23,33.285793,4724000
2017-10-06,34.02,34.27,34.009997999999996,34.259997999999996,33.314964,2973600
2017-10-09,34.380001,34.540001000000004,34.189999,34.48,33.528896,2553900
2017-10-10,34.41,34.740002000000004,34.400002,34.630001,33.674759,3685300
2017-10-11,34.59,34.779999,34.41,34.59,33.635864,2771000
2017-10-12,34.490002000000004,34.619999,34.459998999999996,34.529999,33.577515000000005,5071700
2017-10-13,34.700001,34.779999,34.549999,34.610001000000004,33.655312,2864900
2017-10-16,34.91,34.939999,34.610001000000004,34.650002,33.69421,3489300
2017-10-17,34.580002,34.889998999999996,34.490002000000004,34.779999,33.820621,6444500
2017-10-18,34.66,34.810001,34.599998,34.650002,33.69421,3782700
2017-10-19,34.630001,34.810001,34.52,34.709998999999996,33.752552,2443700
2017-10-20,34.77,34.810001,34.529999,34.619999,33.665034999999996,2302000
2017-10-23,34.57,34.709998999999996,34.349998,34.389998999999996,33.44138,2575000
2017-10-24,34.130001,34.25,33.84,34.209998999999996,33.266342,4621500
2017-10-25,34.330002,34.5,33.98,34.119999,33.178825,3225000
2017-10-26,34.02,34.049999,33.349998,33.529999,32.605103,3635100
2017-10-27,33.580002,33.669998,33.400002,33.490002000000004,32.566208,2532200
2017-10-30,33.59,33.900002,33.52,33.77,32.838482,2903700
2017-10-31,34.110001000000004,34.509997999999996,33.759997999999996,34.5,33.548344,5030900
2017-11-01,34.5,34.790001000000004,34.48,34.560001,33.606693,3976200
2017-11-02,34.290001000000004,34.369999,34.029999,34.110001000000004,33.169106,3234400
2017-11-03,34.209998999999996,34.540001000000004,34.18,34.48,33.528896,2923800
2017-11-06,34.330002,34.349998,34.119999,34.220001,33.276070000000004,3390600
2017-11-07,33.610001000000004,33.700001,33.380001,33.610001000000004,32.682896,4409500
2017-11-08,33.240002000000004,33.41,33.07,33.330002,32.410622,4434800
2017-11-09,33.290001000000004,33.32,32.93,33.110001000000004,32.196690000000004,3738600
2017-11-10,32.689999,33.099998,32.610001000000004,32.91,32.002205,4922400
2017-11-13,32.849998,32.939999,32.75,32.91,32.002205,2416200
2017-11-14,32.720001,33.259997999999996,32.669998,33.25,32.332825,2914200
2017-11-15,33.389998999999996,33.48,33.34,33.389998999999996,32.468964,2211700
2017-11-16,33.59,33.689999,33.5,33.52,32.595379,1991200
2017-11-17,33.290001000000004,33.490002000000004,33.279999,33.459998999999996,32.537033,2467500
2017-11-20,33.509997999999996,33.580002,33.299999,33.380001,32.45924,1894100
2017-11-21,33.5,33.919998,33.490002000000004,33.73,32.799583,1358500
2017-11-22,34.0,34.040001000000004,33.689999,33.830002,32.896828,1277200
2017-11-24,33.77,33.91,33.639998999999996,33.84,32.906551,955900
2017-11-27,34.060001,34.080002,33.630001,33.68,32.750965,1644700
2017-11-28,33.529999,33.59,33.380001,33.52,32.595379,3352500
2017-11-29,33.560001,33.610001000000004,33.27,33.32,32.400894,3594800
2017-11-30,32.93,33.130001,32.700001,32.869999,31.963306,4315600
2017-12-01,32.799999,33.119999,32.619999,32.849998,31.943857,3306600
2017-12-04,32.959998999999996,33.0,32.16,32.169998,31.282614000000002,3113600
2017-12-05,32.119999,32.380001,32.099998,32.200001,31.311790000000002,3356300
2017-12-06,32.119999,32.310001,31.99,32.09,31.204822999999998,2676000
2017-12-07,32.110001000000004,32.330002,32.07,32.220001,31.331238,3479900
2017-12-08,32.470001,32.779999,32.389998999999996,32.740002000000004,31.836895000000002,2421200
2017-12-11,32.849998,33.220001,32.799999,33.119999,32.206409,3937900
2017-12-12,33.34,33.490002000000004,33.279999,33.419998,32.498135,2216800
2017-12-13,33.34,33.66,33.299999,33.57,32.643997,4972900
2017-12-14,33.5,33.599998,33.189999,33.290001000000004,32.371722999999996,3176000
2017-12-15,32.939999,33.150002,32.880001,33.130001,32.216136999999996,2256400
2017-12-18,33.299999,33.549999,33.27,33.34,32.420341,1656400
2017-12-19,33.23,33.360001000000004,33.060001,33.150002,32.235584,1858000
2017-12-20,33.330002,33.34,32.939999,33.009997999999996,32.099445,1509000
2017-12-21,33.290001000000004,33.52,33.169998,33.439999,32.517582,4171000
2017-12-22,33.549999,33.740002000000004,33.400002,33.610001000000004,32.682896,2948900
2017-12-26,33.450001,33.849998,33.450001,33.650002,32.721794,1712500
2017-12-27,33.779999,33.799999,33.599998,33.720001,32.789864,2566900
2017-12-28,33.98,34.200001,33.959998999999996,34.110001000000004,33.169106,2445100
2017-12-29,34.77,34.950001,34.630001,34.700001,33.742828,4096800
2018-01-02,35.240002000000004,35.439999,34.950001,35.380001,34.404072,6107400
2018-01-03,35.220001,35.509997999999996,35.16,35.450001,34.472141,4195400
2018-01-04,35.509997999999996,35.599998,35.279999,35.5,34.520759999999996,3870900
2018-01-05,35.580002,35.919998,35.5,35.869999,34.880554,3336000
2018-01-08,35.720001,35.77,35.419998,35.619999,34.637451,1826300
2018-01-09,35.48,35.599998,35.360001000000004,35.470001,34.491589000000005,1761100
2018-01-10,35.119999,35.349998,35.009997999999996,35.27,34.297108,2150100
2018-01-11,35.130001,35.439999,35.080002,35.400002,34.423519,2762400
2018-01-12,35.59,35.77,35.52,35.650002,34.666626,3017700
2018-01-16,35.48,35.52,34.98,34.990002000000004,34.02483,4756500
2018-01-17,35.139998999999996,35.240002000000004,34.990002000000004,35.080002,34.112347,2844600
2018-01-18,35.040001000000004,35.139998999999996,34.919998,35.07,34.102623,3102500
2018-01-19,35.57,35.580002,35.34,35.439999,34.462414,2527100
2018-01-22,35.650002,35.950001,35.619999,35.939999,34.948624,2277100
2018-01-23,36.049999,36.27,36.0,36.07,35.075039000000004,3529600
2018-01-24,35.849998,36.049999,35.75,35.860001000000004,34.870831,5419300
2018-01-25,36.490002000000004,36.509997999999996,35.990002000000004,36.150002,35.152832000000004,3579400
2018-01-26,36.669998,36.700001,36.5,36.630001,35.619591,5028800
2018-01-29,36.369999,36.369999,36.139998999999996,36.220001,35.220901,3680700
2018-01-30,36.080002,36.139998999999996,35.610001000000004,35.75,34.763866,3901500
2018-01-31,35.610001000000004,35.610001000000004,34.939999,35.060001,34.092898999999996,4888100
2018-02-01,35.150002,35.389998999999996,34.939999,35.139998999999996,34.170691999999995,3930400
2018-02-02,35.669998,36.290001000000004,35.439999,35.900002,34.909729,7475900
2018-02-05,35.310001,35.330002,33.669998,33.779999,32.848206,8558500
2018-02-06,33.349998,34.369999,33.25,34.299999,33.353863,10560000
2018-02-07,33.619999,34.25,33.59,33.900002,32.964897,6619600
2018-02-08,34.419998,34.759997999999996,34.009997999999996,34.099998,33.159378000000004,8095400
2018-02-09,33.709998999999996,33.799999,32.849998,33.610001000000004,32.682896,8803400
2018-02-12,33.790001000000004,34.34,33.790001000000004,34.09,33.149654,4868800
2018-02-13,34.200001,34.259997999999996,33.98,34.060001,33.120483,2671100
2018-02-14,33.849998,34.470001,33.82,34.439999,33.489998,4727600
2018-02-15,33.860001000000004,34.060001,33.580002,34.02,34.02,3489300
2018-02-16,33.610001000000004,34.110001000000004,33.610001000000004,33.93,33.93,4257000
2018-02-20,33.529999,33.77,33.48,33.639998999999996,33.639998999999996,5542500
2018-02-21,33.619999,34.540001000000004,33.599998,33.830002,33.830002,4971700
2018-02-22,33.93,34.029999,33.59,33.689999,33.689999,2593100
2018-02-23,33.720001,34.029999,33.580002,34.009997999999996,34.009997999999996,2803900
2018-02-26,34.029999,34.259997999999996,34.0,34.189999,34.189999,2739600
2018-02-27,33.970001,34.049999,33.779999,33.849998,33.849998,1982800
2018-02-28,33.900002,33.91,33.18,33.189999,33.189999,3592400
2018-03-01,33.34,33.400002,32.689999,32.970001,32.970001,4684400
2018-03-02,33.080002,33.349998,33.049999,33.16,33.16,6761400
2018-03-05,33.380001,33.939999,33.330002,33.900002,33.900002,2879345
