Date,Open,High,Low,Close,Adj Close,Volume
2015-01-02,403.600006,404.299988,398.399994,401.0,356.691284,6228506
2015-01-05,399.5,402.342987,391.899994,392.399994,349.04159500000003,14927860
2015-01-06,391.700012,393.799988,385.600006,385.899994,343.259796,14359034
2015-01-07,388.799988,396.649994,386.600006,393.399994,349.93109100000004,17642224
2015-01-08,396.0,401.399994,392.32800299999997,399.299988,355.179108,19784041
2015-01-09,399.399994,400.299988,390.5,392.5,349.13052400000004,11161430
2015-01-12,393.299988,399.549988,393.25,397.899994,353.933807,7915350
2015-01-13,396.899994,400.899994,394.987,399.799988,355.62384,10874955
2015-01-14,398.0,407.200012,394.899994,401.399994,357.047119,21417658
2015-01-15,403.0,405.899994,391.5,400.200012,355.979736,21364230
2015-01-16,401.799988,410.200012,399.833008,409.100006,363.896271,21347875
2015-01-19,408.5,417.299988,408.5,411.799988,366.29794300000003,11816770
2015-01-20,411.899994,416.299988,411.200012,414.399994,368.610657,13240362
2015-01-21,415.5,424.89999400000005,415.5,421.299988,374.74826,26433101
2015-01-22,422.39999400000005,423.799988,406.609985,421.200012,374.659332,13508640
2015-01-23,423.60000599999995,432.299988,423.200012,431.10000599999995,383.465393,21755000
2015-01-26,428.89999400000005,435.89999400000005,422.77999900000003,426.0,378.928986,13413045
2015-01-27,427.10000599999995,428.0,420.799988,422.10000599999995,375.45986899999997,11481731
2015-01-28,424.799988,426.98498499999994,419.85000599999995,426.89999400000005,379.729492,9917684
2015-01-29,425.0,430.299988,421.200012,429.10000599999995,381.686371,14787812
2015-01-30,432.5,432.60000599999995,415.350006,417.899994,371.723938,22744777
2015-02-02,419.0,423.89999400000005,409.399994,413.100006,367.454315,13834740
2015-02-03,413.799988,422.89999400000005,412.48999,421.200012,374.659332,12478750
2015-02-04,421.89999400000005,425.10800199999994,418.399994,423.0,376.260437,13734088
2015-02-05,430.0,446.200012,426.639008,442.0,393.16098,35641332
2015-02-06,439.0,444.89999400000005,435.76098600000006,443.0,394.050476,17738971
2015-02-09,439.89999400000005,441.799988,433.60000599999995,436.60000599999995,388.35769700000003,21390938
2015-02-10,436.10000599999995,443.799988,434.299988,443.799988,394.762115,15696400
2015-02-11,455.0,460.89999400000005,455.0,460.0,409.172089,35074879
2015-02-12,458.700012,465.152008,449.200012,450.0,400.277039,44223054
2015-02-13,443.299988,443.39999400000005,437.60000599999995,439.10000599999995,390.58145099999996,33826924
2015-02-16,438.60000599999995,441.200012,434.97500599999995,438.0,389.60296600000004,16008118
2015-02-17,438.0,443.0,436.799988,442.0,393.16098,13334073
2015-02-18,442.200012,443.60000599999995,434.39999400000005,435.39999400000005,387.290222,15865043
2015-02-19,435.0,439.0,433.47000099999997,436.89999400000005,388.62451200000004,21565796
2015-02-20,439.0,442.0,437.0,441.200012,392.449402,19562951
2015-02-23,443.5,445.0,440.5,442.799988,393.872589,12974075
2015-02-24,442.0,447.200012,441.0,447.0,397.608521,16779603
2015-02-25,446.200012,447.23999000000003,442.200012,443.799988,394.762115,17087219
2015-02-26,442.799988,451.700012,440.10000599999995,451.60000599999995,401.700256,20149429
2015-02-27,452.10000599999995,456.60000599999995,443.25,455.700012,405.347198,21338364
2015-03-02,457.0,457.60000599999995,443.25,456.10000599999995,405.703033,17383430
2015-03-03,456.799988,459.799988,452.700012,452.700012,402.67868,14571609
2015-03-04,454.799988,459.0,453.299988,459.0,408.282593,9912608
2015-03-05,457.0,464.14300499999996,457.0,461.60000599999995,410.59527599999996,21151866
2015-03-06,461.5,464.799988,458.799988,459.200012,408.46047999999996,12059603
2015-03-09,455.89999400000005,458.200012,452.625,454.0,403.835052,13428408
2015-03-10,453.200012,456.60000599999995,443.0,443.0,394.050476,13766381
2015-03-11,444.0,448.39999400000005,443.60000599999995,446.5,397.163788,14979004
2015-03-12,442.0,449.60000599999995,438.700012,448.799988,399.209625,26375806
2015-03-13,449.5,453.799988,448.60000599999995,451.799988,401.878174,13593787
2015-03-16,453.799988,455.5,448.5,451.60000599999995,401.700256,12906896
2015-03-17,453.60000599999995,455.0,446.39999400000005,453.39999400000005,403.301361,19169191
2015-03-18,455.299988,458.60000599999995,451.10000599999995,458.60000599999995,407.926788,14889653
2015-03-19,460.799988,464.299988,454.5,463.200012,412.018524,16337502
2015-03-20,465.0,466.39999400000005,461.5,465.39999400000005,413.975403,55623893
2015-03-23,467.450012,468.799988,449.075012,465.39999400000005,413.975403,17726081
2015-03-24,465.0,468.89999400000005,463.549988,465.5,414.064362,18727496
2015-03-25,466.700012,471.450012,465.299988,470.549988,418.556366,17710168
2015-03-26,467.299988,469.0,457.47500599999995,462.35000599999995,411.262421,27994464
2015-03-27,463.5,465.200012,454.0,454.0,403.835052,22636990
2015-03-30,459.200012,460.39999400000005,448.25,448.25,398.72042799999997,22635661
2015-03-31,448.10000599999995,448.89999400000005,437.049988,438.0,389.60296600000004,26605444
2015-04-01,438.0,443.299988,436.39999400000005,441.39999400000005,392.627289,20944131
2015-04-02,442.950012,446.0,439.64999400000005,442.89999400000005,393.961548,15847806
2015-04-07,442.89999400000005,447.64999400000005,442.64999400000005,447.60000599999995,398.142273,17031877
2015-04-08,448.700012,448.700012,443.5,444.299988,395.206848,18100941
2015-04-09,447.5,455.14999400000005,446.049988,453.700012,403.568207,15502567
2015-04-10,455.049988,456.549988,449.424988,454.64999400000005,404.41323900000003,13920353
2015-04-13,454.549988,457.35000599999995,451.85000599999995,456.0,405.614105,10698529
2015-04-14,453.75,459.950012,453.75,456.0,405.614105,11837763
2015-04-15,455.700012,458.450012,452.73800700000004,455.10000599999995,404.813538,13423686
2015-04-16,459.14999400000005,459.299988,441.459991,452.0,402.056061,20141270
2015-04-17,454.60000599999995,456.60000599999995,448.049988,450.0,400.277039,15481885
2015-04-20,452.200012,456.35000599999995,450.950012,453.0,402.945557,10198056
2015-04-21,455.60000599999995,461.950012,454.64999400000005,456.85000599999995,406.370148,18833562
2015-04-22,459.0,466.0,457.03299000000004,460.549988,409.661285,19754087
2015-04-23,461.0,465.950012,457.03299000000004,463.89999400000005,412.64111299999996,14769520
2015-04-24,467.25,470.5,465.700012,467.60000599999995,415.932312,15462780
2015-04-27,467.75,468.85000599999995,460.888,464.35000599999995,413.04141200000004,12583740
2015-04-28,463.700012,465.450012,460.299988,465.450012,414.019897,14564859
2015-04-29,467.049988,472.0,457.39700300000004,457.5,406.94830299999995,19026795
2015-04-30,460.0,461.25,453.10000599999995,455.75,405.39169300000003,18967828
2015-05-01,452.950012,461.35000599999995,449.10000599999995,459.799988,408.994141,11627501
2015-05-05,459.799988,467.700012,449.200012,449.200012,399.56546000000003,14120937
2015-05-06,448.0,457.299988,448.0,454.299988,404.101898,20935347
2015-05-07,458.89999400000005,461.31298799999996,447.5,453.10000599999995,403.034515,23585030
2015-05-08,468.799988,472.85000599999995,462.0,469.64999400000005,417.75579799999997,25451591
2015-05-11,469.049988,471.200012,466.450012,470.0,418.067139,19096125
2015-05-12,468.0,468.85000599999995,461.14999400000005,464.700012,413.352753,20124694
2015-05-13,467.0,469.61300700000004,464.299988,467.950012,416.243652,11447155
2015-05-14,467.299988,468.56298799999996,464.25,465.0,413.619568,17080067
2015-05-15,465.0,466.25,460.26599100000004,463.0,411.840576,14364353
2015-05-18,463.5,467.5,459.64999400000005,461.35000599999995,410.372894,13561602
2015-05-19,462.0,467.049988,460.263,466.450012,414.909393,11449499
2015-05-20,466.0,466.0,457.60000599999995,462.14999400000005,411.084503,16156139
2015-05-21,461.39999400000005,464.700012,458.14999400000005,459.14999400000005,408.41598500000003,12701737
2015-05-22,456.5,457.299988,451.049988,451.049988,401.21096800000004,19347699
2015-05-26,451.049988,459.60000599999995,449.549988,452.049988,402.10049399999997,15942136
2015-05-27,452.200012,460.450012,451.72500599999995,459.0,408.282593,14346447
2015-05-28,455.0,457.75,448.5,449.75,400.05465699999996,16996886
2015-05-29,448.10000599999995,452.64999400000005,445.10000599999995,446.700012,397.341705,26201902
2015-06-01,447.39999400000005,450.85000599999995,442.10000599999995,443.549988,394.539673,19033260
2015-06-02,445.799988,446.35000599999995,436.299988,443.549988,394.539673,16828943
2015-06-03,443.799988,450.14999400000005,441.5,447.450012,398.00878900000004,16413947
2015-06-04,446.25,447.950012,440.75,442.5,393.605774,17091127
2015-06-05,441.85000599999995,447.450012,437.75,439.39999400000005,390.84826699999996,16558958
2015-06-08,446.0,447.799988,438.799988,438.799988,390.314575,17575675
2015-06-09,439.799988,445.0,437.700012,440.700012,392.004639,20365119
2015-06-10,441.0,448.549988,439.0,447.10000599999995,397.697479,20452335
2015-06-11,445.39999400000005,451.01800499999996,445.0,446.85000599999995,397.47506699999997,15847132
2015-06-12,448.0,454.60000599999995,446.48999000000003,453.5,403.39032000000003,20635465
2015-06-15,450.85000599999995,455.049988,449.450012,452.549988,402.545227,26744377
2015-06-16,451.450012,451.64999400000005,442.25,445.25,396.05191,24170736
2015-06-17,446.5,452.39999400000005,444.799988,450.799988,400.988647,19899651
2015-06-18,449.89999400000005,452.049988,448.25,451.10000599999995,401.25552400000004,23906924
2015-06-19,451.25,456.700012,450.10000599999995,454.25,404.057404,19870804
2015-06-22,460.0,465.200012,457.660004,465.0,413.619568,21392973
2015-06-23,467.35000599999995,470.5,463.75,468.10000599999995,416.377075,15310882
2015-06-24,467.049988,468.75,463.39999400000005,463.39999400000005,412.196411,15376225
2015-06-25,461.799988,466.40301500000004,460.39999400000005,461.200012,410.239471,14777306
2015-06-26,460.200012,465.450012,459.14999400000005,464.14999400000005,412.863525,12479265
2015-06-29,451.0,464.39999400000005,447.89999400000005,459.700012,408.90518199999997,18809247
2015-06-30,457.75,459.299988,450.200012,450.200012,400.454926,20466985
2015-07-01,453.25,458.200012,452.39999400000005,456.25,405.836456,13029069
2015-07-02,455.799988,456.85000599999995,452.950012,456.25,405.836456,11169505
2015-07-03,454.85000599999995,456.89999400000005,453.14999400000005,453.799988,403.657166,8041690
2015-07-06,446.75,451.950012,443.200012,446.799988,397.430634,12974930
2015-07-07,448.75,448.75,438.299988,438.299988,389.869873,10686946
2015-07-08,440.0,448.75,438.0,440.299988,391.648804,13386672
2015-07-09,439.799988,466.0,437.85000599999995,450.39999400000005,400.632813,12855054
2015-07-10,457.0,457.0,451.14999400000005,455.14999400000005,404.857971,10832854
2015-07-13,462.0,462.60000599999995,457.618011,460.14999400000005,409.30551099999997,11277078
2015-07-14,461.549988,463.10000599999995,457.85000599999995,463.10000599999995,411.92956499999997,9829623
2015-07-15,464.049988,470.049988,461.64999400000005,469.450012,417.577911,15725370
2015-07-16,470.950012,473.06799299999994,464.89999400000005,472.299988,420.112976,13798226
2015-07-17,473.200012,477.89999400000005,471.200012,477.89999400000005,425.09423799999996,16670135
2015-07-20,476.85000599999995,480.167999,475.25,479.14999400000005,426.206085,9018574
2015-07-21,478.700012,481.75,475.0,476.5,423.848938,9527742
2015-07-22,472.200012,474.39999400000005,468.049988,469.5,417.622375,14212878
2015-07-23,471.64999400000005,475.0,461.0,463.799988,412.55215499999997,16225204
2015-07-24,463.0,467.5,461.950012,462.299988,411.217926,9165188
2015-07-27,463.5,471.950012,461.450012,461.799988,410.773163,18392389
2015-07-28,464.14999400000005,465.700012,463.0,465.60000599999995,414.15332,13960560
2015-07-29,466.5,473.799988,466.200012,473.5,421.180389,33700034
2015-07-30,456.85000599999995,470.0,456.85000599999995,467.950012,416.243652,24641673
2015-07-31,467.799988,470.25,462.14999400000005,464.450012,413.130402,17978214
2015-08-03,464.5,472.10000599999995,464.450012,469.200012,417.355499,11258028
2015-08-04,470.299988,471.200012,465.700012,469.5,417.622375,11802035
2015-08-05,469.75,470.14999400000005,465.5,467.549988,415.887848,14233934
2015-08-06,466.0,472.0,463.950012,470.299988,418.333984,16827112
2015-08-07,470.0,471.10000599999995,464.89999400000005,465.299988,413.886444,9760428
2015-08-10,471.0,471.64999400000005,463.200012,471.60000599999995,419.49035599999996,12501159
2015-08-11,470.60000599999995,470.75,464.049988,465.39999400000005,413.975403,14051847
2015-08-12,461.0,466.950012,457.89999400000005,461.39999400000005,410.417389,18095155
2015-08-13,454.549988,462.799988,453.14999400000005,454.35000599999995,411.731354,12918415
2015-08-14,455.64999400000005,465.25,452.11300700000004,456.200012,413.40783700000003,11685814
2015-08-17,458.5,458.5,451.946014,455.450012,412.72818,7932786
2015-08-18,455.39999400000005,457.700012,453.15301500000004,454.450012,411.822021,8520504
2015-08-19,452.950012,453.5,446.950012,447.14999400000005,405.206757,12076463
2015-08-20,444.14999400000005,447.60000599999995,442.75,446.10000599999995,404.25524900000005,11657566
2015-08-21,440.60000599999995,446.450012,435.700012,435.700012,394.83078,15697063
2015-08-24,426.35000599999995,433.696991,407.049988,414.200012,375.347504,33238866
2015-08-25,419.100006,432.631989,416.549988,431.549988,391.070068,31781061
2015-08-26,428.299988,435.549988,422.85000599999995,427.14999400000005,387.082764,22489137
2015-08-27,435.700012,439.14999400000005,432.14999400000005,433.64999400000005,392.973053,18902527
2015-08-28,432.85000599999995,437.35000599999995,430.85000599999995,437.35000599999995,396.326019,15533564
2015-09-01,437.35000599999995,437.35000599999995,419.75,421.14999400000005,381.64556899999997,16013969
2015-09-02,423.0,430.792999,416.350006,426.950012,386.90152,16759318
2015-09-03,429.35000599999995,433.89999400000005,429.200012,432.0,391.477844,11965905
2015-09-04,427.60000599999995,427.950012,421.64999400000005,422.450012,382.82360800000004,8733469
2015-09-07,426.10000599999995,428.549988,424.299988,425.85000599999995,385.90472400000004,15764433
2015-09-08,427.60000599999995,436.799988,425.98999000000003,432.049988,391.523102,19178404
2015-09-09,438.200012,441.39999400000005,435.60000599999995,436.85000599999995,395.872894,10151220
2015-09-10,434.85000599999995,437.89999400000005,431.049988,432.10000599999995,391.568451,9674663
2015-09-11,428.700012,430.85000599999995,414.899994,422.64999400000005,383.004852,15398767
2015-09-14,424.0,428.86300700000004,421.85000599999995,423.5,383.775146,11608448
2015-09-15,424.35000599999995,425.10000599999995,418.549988,421.549988,382.008057,12862108
2015-09-16,422.700012,430.0,422.700012,426.39999400000005,386.403137,19213413
2015-09-17,426.450012,428.0,419.0,419.0,379.697266,14369322
2015-09-18,418.700012,422.200012,406.350006,415.0,376.072449,24273290
2015-09-21,413.350006,416.75,409.600006,413.5,374.713165,19133978
2015-09-22,414.5,416.350006,404.0,404.0,366.104248,14598833
2015-09-23,405.450012,414.549988,404.06298799999996,412.149994,373.489807,13441652
2015-09-24,412.100006,415.0,406.450012,408.049988,369.77435299999996,15476674
2015-09-25,413.0,423.299988,412.600006,420.5,381.05658,13217431
2015-09-28,419.200012,421.14999400000005,415.649994,416.450012,377.386475,13693368
2015-09-29,412.700012,416.5,409.700012,413.25,374.486603,14529908
2015-09-30,420.10000599999995,423.299988,418.299988,419.60000599999995,380.240997,23096861
2015-10-01,425.0,430.35000599999995,418.25,420.25,380.829987,18545180
2015-10-02,423.10000599999995,426.75,412.350006,420.549988,381.101868,16289979
2015-10-05,427.0,432.85000599999995,425.25,430.299988,389.937286,13999075
2015-10-06,432.14999400000005,435.10000599999995,425.39999400000005,432.60000599999995,392.021545,11130158
2015-10-07,435.39999400000005,436.10000599999995,427.35000599999995,428.25,388.07959,13968883
2015-10-08,427.5,432.60000599999995,420.97500599999995,432.35000599999995,391.795013,14213963
2015-10-09,435.299988,436.64999400000005,432.64999400000005,434.0,393.290222,12557254
2015-10-12,437.049988,437.22500599999995,432.39999400000005,435.35000599999995,394.51358,11653345
2015-10-13,433.89999400000005,436.0,427.049988,431.75,391.251282,11944301
2015-10-14,429.5,429.89999400000005,417.200012,417.200012,378.066101,17567828
2015-10-15,419.64999400000005,426.85000599999995,419.64999400000005,426.549988,386.539063,11154733
2015-10-16,429.200012,430.64999400000005,427.049988,430.10000599999995,389.756073,8985795
2015-10-19,429.299988,432.450012,425.549988,428.14999400000005,387.988922,5567754
2015-10-20,429.299988,437.22500599999995,429.11300700000004,437.200012,396.190063,13769455
2015-10-21,438.75,439.60000599999995,433.39999400000005,434.5,393.743347,9589706
2015-10-22,434.35000599999995,444.39999400000005,434.35000599999995,443.60000599999995,401.98974599999997,13276126
2015-10-23,446.0,458.299988,444.10000599999995,450.200012,407.970673,14657507
2015-10-26,448.450012,453.85000599999995,446.588013,451.85000599999995,409.465912,10095881
2015-10-27,451.799988,454.0,450.549988,452.0,409.601807,14685166
2015-10-28,461.0,473.61300700000004,461.0,468.64999400000005,424.690033,22224175
2015-10-29,476.10000599999995,476.10000599999995,464.0,469.60000599999995,425.550903,21032788
2015-10-30,470.60000599999995,473.040009,463.450012,465.0,421.38241600000003,15739317
2015-11-02,462.60000599999995,465.60000599999995,460.0,463.60000599999995,420.11370800000003,11133341
2015-11-03,463.5,466.25,460.39999400000005,461.799988,418.482513,8716062
2015-11-04,462.85000599999995,469.299988,462.85000599999995,465.549988,421.880798,14037353
2015-11-05,467.60000599999995,470.569,462.85000599999995,466.39999400000005,422.651062,11434796
2015-11-06,467.25,469.35000599999995,462.64999400000005,465.549988,421.880798,7572741
2015-11-09,464.700012,466.549988,460.01998899999995,460.5,417.304474,9652671
2015-11-10,462.049988,469.14999400000005,461.299988,465.5,421.83547999999996,13701075
2015-11-11,466.39999400000005,476.89999400000005,464.25,475.450012,430.85217300000005,16868702
2015-11-12,475.799988,487.799988,472.0,481.64999400000005,436.470612,25354995
2015-11-13,478.64999400000005,481.64999400000005,473.02300999999994,475.14999400000005,430.58032199999997,14219956
2015-11-16,470.950012,479.60000599999995,469.200012,479.5,434.52227800000003,13050451
2015-11-17,484.89999400000005,493.0,483.549988,492.89999400000005,446.66531399999997,18802020
2015-11-18,491.549988,491.549988,484.799988,487.25,441.54528799999997,14940669
2015-11-19,490.60000599999995,491.799988,487.0,491.10000599999995,445.03418,14728736
2015-11-20,493.39999400000005,495.0,490.0,491.200012,445.124847,14795741
2015-11-23,488.450012,491.950012,485.0,490.700012,444.671692,10620998
2015-11-24,489.14999400000005,490.700012,482.799988,485.200012,439.687622,13489247
2015-11-25,486.35000599999995,490.950012,484.39999400000005,489.35000599999995,443.448334,10123270
2015-11-26,490.450012,497.85000599999995,488.73001100000005,497.5,450.833862,8061140
2015-11-27,497.200012,500.299988,495.35000599999995,499.799988,452.918091,8208355
2015-11-30,499.5,502.60000599999995,496.0,496.450012,449.88232400000004,17376779
2015-12-01,498.299988,501.60000599999995,488.299988,492.25,446.076294,18212728
2015-12-02,494.10000599999995,498.25,489.700012,492.049988,445.89502000000005,14466244
2015-12-03,491.60000599999995,496.64999400000005,479.10000599999995,479.10000599999995,434.159821,14274267
2015-12-04,477.950012,480.35000599999995,473.64999400000005,479.35000599999995,434.38629199999997,12305605
2015-12-07,481.549988,487.0,479.799988,480.5,435.428497,8553373
2015-12-08,481.10000599999995,481.39999400000005,469.89999400000005,472.700012,428.360107,10458075
2015-12-09,474.89999400000005,477.549988,467.200012,467.200012,423.376068,12097169
2015-12-10,465.200012,471.27200300000004,464.23001100000005,469.14999400000005,425.14309699999995,19550045
2015-12-11,468.75,470.200012,460.549988,460.549988,417.349792,10828120
2015-12-14,462.39999400000005,466.700012,456.196014,456.85000599999995,413.996887,13581655
2015-12-15,458.75,471.0,458.75,469.5,425.46029699999997,16610109
2015-12-16,468.0,473.799988,463.89999400000005,468.200012,424.282257,15598958
2015-12-17,476.049988,476.89999400000005,470.549988,470.700012,426.54776,13848272
2015-12-18,469.450012,469.450012,458.299988,458.299988,415.310852,25447939
2015-12-21,458.200012,461.25,455.049988,455.049988,412.36569199999997,11066416
2015-12-22,458.25,462.25,454.85000599999995,459.5,416.398285,11109146
2015-12-23,464.5,473.89999400000005,462.75,472.89999400000005,428.54138200000006,9606656
2015-12-24,465.85000599999995,471.14999400000005,464.10000599999995,467.049988,427.214996,1622595
2015-12-29,467.049988,481.549988,467.049988,472.14999400000005,431.880066,8551696
2015-12-30,471.5,472.950012,467.5,470.5,430.370758,6140188
2015-12-31,468.64999400000005,473.85000599999995,468.0,471.700012,431.46841399999994,3472264
2016-01-04,471.700012,471.700012,457.43200700000006,459.89999400000005,420.674835,11237676
2016-01-05,463.14999400000005,466.89999400000005,459.64999400000005,464.450012,424.836792,8835111
2016-01-06,463.799988,467.35000599999995,459.57299800000004,467.35000599999995,427.489441,12225381
2016-01-07,460.0,465.25,454.799988,462.25,422.82440199999996,16098611
2016-01-08,464.25,471.950012,461.60000599999995,465.64999400000005,425.934387,12134136
2016-01-11,465.64999400000005,467.632996,463.0,463.0,423.51046799999995,13735514
2016-01-12,463.14999400000005,479.0,460.0,473.39999400000005,433.023438,13549276
2016-01-13,477.799988,479.450012,473.950012,476.14999400000005,435.53891,10121566
2016-01-14,470.0,470.0,459.950012,467.0,427.169312,13519509
2016-01-15,469.049988,475.709991,458.799988,463.299988,423.784851,18301314
2016-01-18,461.35000599999995,466.14999400000005,458.39999400000005,459.39999400000005,420.21749900000003,10232875
2016-01-19,466.75,469.05499299999997,462.0,467.75,427.855316,13475977
2016-01-20,460.14999400000005,461.0,449.35000599999995,452.0,413.448639,16032124
2016-01-21,453.950012,465.950012,449.923004,465.64999400000005,425.934387,21609256
2016-01-22,474.64999400000005,487.89999400000005,471.39999400000005,487.25,445.69216900000004,21548520
2016-01-25,488.200012,488.200012,467.0,471.0,430.828125,21798491
2016-01-26,460.0,470.75,456.071991,468.299988,428.358368,20640661
2016-01-27,469.5,478.299988,458.291992,478.299988,437.50549299999994,15020615
2016-01-28,475.700012,478.64999400000005,463.200012,466.200012,426.437561,12228332
2016-01-29,470.700012,484.85000599999995,470.700012,484.85000599999995,443.49685700000003,22492266
2016-02-01,497.0,501.10000599999995,488.70599400000003,494.200012,452.049408,27890422
2016-02-02,495.0,502.299988,489.049988,496.0,453.69583099999994,23466401
2016-02-03,493.75,495.5,480.75,486.0,444.548767,19370446
2016-02-04,491.75,494.799988,483.10000599999995,485.5,444.09143099999994,16410560
2016-02-05,487.25,490.39999400000005,475.60000599999995,475.89999400000005,435.31018099999994,16491336
2016-02-08,475.0,476.549011,453.39999400000005,454.799988,416.00982700000003,23852896
2016-02-09,456.700012,467.049988,452.549988,459.950012,420.720612,21876349
2016-02-10,463.60000599999995,467.799988,455.5,464.450012,424.836792,13875750
2016-02-11,461.299988,462.35000599999995,448.60000599999995,450.450012,412.030853,14210859
2016-02-12,448.549988,451.64999400000005,442.299988,448.25,410.018494,25002891
2016-02-15,456.700012,460.14999400000005,452.35000599999995,455.450012,416.604401,13263809
2016-02-16,456.799988,461.049988,452.89999400000005,456.0,417.107483,13305399
2016-02-17,455.700012,462.549988,453.75,461.5,422.138397,15465905
2016-02-18,462.049988,469.950012,460.298004,464.35000599999995,424.74533099999996,14305504
2016-02-19,463.85000599999995,467.64999400000005,455.700012,457.85000599999995,418.799683,11710285
2016-02-22,463.299988,471.14999400000005,463.10000599999995,467.450012,427.580902,12673378
2016-02-23,465.14999400000005,465.89999400000005,458.915009,459.85000599999995,420.62912,12474424
2016-02-24,459.85000599999995,463.75,452.450012,458.450012,419.348541,17580110
2016-02-25,470.0,483.35000599999995,468.299988,479.799988,438.877563,28306104
2016-02-26,484.700012,491.299988,481.01000999999997,485.049988,443.679749,18227406
2016-02-29,481.25,487.75,481.25,486.5,445.006165,18420765
2016-03-01,487.5,496.85000599999995,484.14999400000005,496.0,453.69583099999994,16293641
2016-03-02,492.700012,494.97500599999995,480.700012,481.799988,440.707001,18196506
2016-03-03,482.049988,484.10000599999995,471.89999400000005,475.25,434.715637,12019060
2016-03-04,477.14999400000005,480.0,468.299988,470.0,429.91342199999997,19124285
2016-03-07,468.89999400000005,468.89999400000005,459.921997,465.700012,425.98016399999995,14340763
2016-03-08,462.700012,466.10000599999995,459.450012,463.450012,423.92208899999997,13659918
2016-03-09,465.5,467.5,459.39999400000005,459.799988,420.58334400000007,18124933
2016-03-10,461.60000599999995,462.075012,451.60000599999995,451.60000599999995,413.082764,15938449
2016-03-11,457.200012,459.153992,451.085999,459.049988,419.897339,12037852
2016-03-14,461.299988,464.950012,459.0,462.0,422.595734,13389684
2016-03-15,459.799988,462.799988,453.5,454.14999400000005,415.415253,20713669
2016-03-16,454.39999400000005,455.39999400000005,446.25,452.10000599999995,413.54013100000003,21308915
2016-03-17,455.0,455.700012,443.5,446.5,408.417755,21248348
2016-03-18,448.75,453.950012,446.5,447.0,408.875092,26320473
2016-03-21,446.299988,451.64999400000005,443.049988,449.25,410.933228,12930529
2016-03-22,446.5,446.77499400000005,439.89999400000005,444.60000599999995,406.679779,17263951
2016-03-23,444.549988,447.799988,440.799988,442.39999400000005,404.66745,12217964
2016-03-24,440.10000599999995,441.549988,432.950012,432.950012,396.02346800000004,16030057
2016-03-29,432.950012,439.89999400000005,432.950012,439.450012,401.96905499999997,15038436
2016-03-30,445.0,447.5,442.35000599999995,446.10000599999995,408.05188,18214825
2016-03-31,446.0,446.0,438.75,440.5,402.929504,17661716
2016-04-01,435.75,439.127991,434.799988,438.60000599999995,401.191559,19140695
2016-04-04,436.0,443.60000599999995,432.0,438.64999400000005,401.237274,13749350
2016-04-05,436.14999400000005,437.39999400000005,433.60000599999995,435.35000599999995,398.21875,12927590
2016-04-06,436.450012,442.14999400000005,433.85000599999995,442.14999400000005,404.438721,14263584
2016-04-07,443.60000599999995,447.10000599999995,437.85000599999995,440.049988,402.517853,12758155
2016-04-08,441.14999400000005,441.950012,436.450012,437.450012,400.139648,11398612
2016-04-11,437.049988,443.14999400000005,435.51800499999996,441.14999400000005,403.524078,11838784
2016-04-12,440.14999400000005,444.35000599999995,437.950012,444.35000599999995,406.451141,12695103
2016-04-13,449.0,449.084015,441.200012,444.60000599999995,406.679779,13308626
2016-04-14,446.0,447.549988,442.89999400000005,446.450012,408.372009,13112455
2016-04-15,447.0,447.72399900000005,442.14999400000005,444.0,406.130951,13132969
2016-04-18,440.75,456.25,439.28299000000004,454.89999400000005,416.101288,19106337
2016-04-19,454.39999400000005,457.25,451.069,451.10000599999995,412.625427,15655233
2016-04-20,446.799988,448.0,436.57299800000004,438.25,400.871399,21143875
2016-04-21,439.200012,439.200012,432.60000599999995,434.75,397.66992200000004,15212194
2016-04-22,433.5,439.0,433.5,435.0,397.89859,14827125
2016-04-25,435.0,437.75,427.10900899999996,429.450012,392.82196,15291912
2016-04-26,430.64999400000005,432.39999400000005,426.64999400000005,429.10000599999995,392.501801,15037723
2016-04-27,430.75,438.75,429.200012,437.799988,400.459747,19193359
2016-04-28,436.14999400000005,436.14999400000005,429.210999,434.25,397.21252400000003,11898351
2016-04-29,435.0,446.85000599999995,433.39999400000005,443.200012,405.39926099999997,23169247
2016-05-03,443.200012,450.60000599999995,443.200012,448.200012,409.972748,20311481
2016-05-04,448.60000599999995,448.60000599999995,439.0,439.5,402.014801,15793194
2016-05-05,451.0,456.200012,449.582001,451.049988,412.579681,27967057
2016-05-06,450.0,450.0,433.25,443.5,405.673645,16542375
2016-05-09,445.89999400000005,449.049988,439.14999400000005,440.85000599999995,403.249664,16148826
2016-05-10,442.299988,445.873993,438.049988,441.25,403.61554,15535735
2016-05-11,440.39999400000005,441.299988,435.5,436.89999400000005,399.636536,15816386
2016-05-12,435.0,444.200012,433.5,437.5,400.185364,14574773
2016-05-13,437.799988,440.39999400000005,434.85000599999995,440.14999400000005,402.609344,12670277
2016-05-16,437.35000599999995,439.0,430.5,437.85000599999995,400.50546299999996,19507489
2016-05-17,438.299988,445.200012,438.0,442.25,404.530212,22758987
2016-05-18,440.35000599999995,443.299988,437.40600599999993,439.14999400000005,401.694611,25482715
2016-05-19,438.200012,439.35000599999995,432.549988,432.89999400000005,395.977722,16958038
2016-05-20,435.200012,443.0,434.0,443.0,405.216278,18099725
2016-05-23,441.950012,444.799988,439.85000599999995,439.85000599999995,402.33493,14334326
2016-05-24,437.75,449.700012,437.049988,448.5,410.247162,21754877
2016-05-25,450.0,451.70599400000003,444.64999400000005,447.200012,409.058075,16534953
2016-05-26,444.39999400000005,449.799988,444.35000599999995,448.60000599999995,410.338654,9818058
2016-05-27,449.39999400000005,452.10000599999995,447.64999400000005,451.89999400000005,413.357147,10674851
2016-05-31,451.89999400000005,453.619995,442.39999400000005,442.799988,405.033295,18172972
2016-06-01,443.700012,444.14999400000005,430.549988,431.14999400000005,394.37695299999996,17071496
2016-06-02,431.799988,434.950012,430.35000599999995,433.5,396.52655,15248005
2016-06-03,434.10000599999995,436.10000599999995,426.700012,431.85000599999995,395.017242,11274062
2016-06-06,431.799988,434.049988,428.64999400000005,430.0,393.325012,11154453
2016-06-07,433.0,434.39999400000005,426.25,426.85000599999995,390.44372599999997,13394772
2016-06-08,425.60000599999995,427.89999400000005,421.049988,422.10000599999995,386.098816,18799786
2016-06-09,423.39999400000005,429.14999400000005,421.799988,425.25,388.980194,14354912
2016-06-10,424.5,424.950012,418.850006,422.549988,386.510437,17275934
2016-06-13,417.850006,419.350006,410.950012,410.950012,375.89984100000004,18714299
2016-06-14,407.799988,408.899994,396.600006,396.600006,362.773773,25606890
2016-06-15,400.549988,405.600006,399.5,400.399994,366.249664,23509337
2016-06-16,396.950012,403.950012,395.291992,402.0,367.713165,14610225
2016-06-17,403.0,413.0,403.0,407.149994,372.42388900000003,24395621
2016-06-20,416.0,431.39999400000005,416.0,429.10000599999995,392.501801,27171989
2016-06-21,424.299988,429.5,421.10199000000006,426.25,389.894897,16318515
2016-06-22,429.14999400000005,434.39999400000005,424.0,430.64999400000005,393.919586,18657347
2016-06-23,433.950012,440.22399900000005,430.89999400000005,439.700012,402.197693,22176017
2016-06-24,375.0,408.399994,375.0,383.850006,351.111206,70174423
2016-06-27,380.0,381.367004,359.600006,375.850006,343.793518,55766509
2016-06-28,385.049988,395.399994,382.450012,391.450012,358.06298799999996,29559602
2016-06-29,408.0,411.549988,398.0,411.549988,376.448639,36093203
2016-06-30,408.649994,410.39401200000003,401.100006,410.0,375.030853,26864703
2016-07-01,412.75,414.549988,406.350006,409.600006,374.664948,18241966
2016-07-04,411.950012,411.950012,400.899994,402.5,368.170563,19474742
2016-07-05,399.149994,405.25,397.899994,402.0,367.713165,16150987
2016-07-06,398.950012,402.0,387.149994,387.549988,354.495636,26504471
2016-07-07,391.149994,397.149994,389.786011,393.0,359.480804,11159066
2016-07-08,395.799988,401.399994,393.200012,396.950012,363.09390299999995,12988769
2016-07-11,399.299988,399.923004,388.99798599999997,397.549988,363.642731,17326717
2016-07-12,398.149994,408.747009,396.559998,406.799988,372.10379,18890783
2016-07-13,407.0,407.850006,362.363007,402.649994,368.307739,20207538
2016-07-14,406.25,407.200012,397.799988,398.5,364.511688,18450614
2016-07-15,396.350006,401.149994,395.200012,400.0,365.88378900000004,13286107
2016-07-18,398.200012,403.0,395.0,395.0,361.310211,25396417
2016-07-19,391.5,395.149994,388.700989,392.549988,359.069153,16043883
2016-07-20,395.0,395.450012,386.75,389.399994,356.18780499999997,15827644
2016-07-21,389.399994,389.399994,377.450012,387.049988,354.03823900000003,23819979
2016-07-22,386.75,389.359985,383.5,384.0,351.24841299999997,17006950
2016-07-25,384.25,393.75,383.100006,387.5,354.449921,18526721
2016-07-26,390.0,407.299988,389.0,399.700012,365.609344,36287991
2016-07-27,399.799988,402.100006,396.600006,402.100006,367.804626,13747537
2016-07-28,409.0,417.0,409.0,414.350006,379.00982700000003,25698146
2016-07-29,413.649994,415.649994,409.149994,413.350006,378.095154,21161046
2016-08-01,417.450012,419.399994,401.100006,407.350006,372.606873,31363086
2016-08-02,405.25,406.600006,400.149994,403.600006,369.176727,13266384
2016-08-03,403.600006,408.700012,401.149994,408.600006,373.750275,16816077
2016-08-04,409.399994,411.450012,404.100006,409.950012,374.98510699999997,14306415
2016-08-05,411.5,412.950012,406.299988,406.549988,371.87506099999996,16678639
2016-08-08,408.25,411.0,400.0,404.049988,369.588318,16530247
2016-08-09,406.850006,406.850006,402.700012,405.0,370.457306,16687392
2016-08-10,405.600006,408.399994,401.700012,408.399994,373.56732200000005,20963427
2016-08-11,400.0,401.600006,390.494995,399.299988,374.035675,18602358
2016-08-12,398.799988,407.450012,392.89401200000003,397.799988,372.630554,14125801
2016-08-15,398.200012,400.200012,394.700012,396.799988,371.693848,11492325
2016-08-16,397.75,398.049988,390.549988,392.600006,367.759583,14852571
2016-08-17,394.350006,402.0,394.0,395.799988,370.757111,17169923
2016-08-18,397.149994,398.850006,392.25,393.399994,368.508972,9180044
2016-08-19,392.450012,394.649994,390.5,391.450012,366.682373,8821932
2016-08-22,390.299988,397.299988,390.149994,395.350006,370.335602,10076005
2016-08-23,397.0,400.700012,395.450012,399.549988,374.269836,11259218
2016-08-24,398.100006,398.950012,394.0,395.950012,370.897675,8618588
2016-08-25,394.100006,397.049988,393.350006,394.200012,369.25836200000003,8731282
2016-08-26,395.850006,396.149994,392.149994,394.799988,369.820374,8667763
2016-08-30,394.799988,396.799988,384.25,389.100006,364.48104900000004,16929865
2016-08-31,389.299988,393.350006,385.899994,386.350006,361.90506,18558057
2016-09-01,387.600006,389.399994,383.450012,386.600006,362.139252,16148169
2016-09-02,385.100006,395.799988,378.399994,393.549988,368.649475,23750671
2016-09-05,394.049988,394.549988,389.0,392.649994,367.806427,9805879
2016-09-06,393.350006,395.950012,390.850006,395.0,370.007751,21238175
2016-09-07,383.149994,394.450012,380.899994,390.0,365.324097,17867391
2016-09-08,390.0,396.149994,388.149994,394.700012,369.726746,11191553
2016-09-09,394.649994,395.399994,389.450012,390.049988,365.370911,8672165
2016-09-12,384.100006,387.825012,383.375,385.0,360.64047200000005,11888551
2016-09-13,385.350006,386.649994,379.549988,379.549988,355.535248,17266140
2016-09-14,381.0,381.0,373.100006,375.299988,351.554169,19833755
2016-09-15,374.049988,379.899994,372.821014,379.899994,355.863129,16881339
2016-09-16,378.899994,385.649994,376.700012,381.200012,357.080933,26296225
2016-09-19,384.200012,387.100006,383.049988,384.649994,360.312592,15055562
2016-09-20,385.600006,390.201996,383.899994,388.350006,363.778503,11299711
2016-09-21,389.0,393.649994,389.0,391.100006,366.354523,14407768
2016-09-22,393.899994,399.200012,390.700012,397.0,371.881195,11493552
2016-09-23,396.25,400.299988,395.950012,397.600006,372.443237,11621000
2016-09-26,395.649994,396.549988,387.399994,389.75,365.089935,12655574
2016-09-27,390.600006,392.549988,385.096008,387.0,362.513916,13060264
2016-09-28,388.5,392.850006,386.950012,391.75,366.96337900000003,15412807
2016-09-29,394.450012,395.0,390.649994,391.299988,366.54184,13333901
2016-09-30,387.549988,390.549988,371.350006,389.049988,364.434204,19419271
2016-10-03,385.200012,386.899994,382.649994,385.100006,360.734131,17944220
2016-10-04,385.0,393.299988,384.850006,389.200012,364.57473799999997,70071222
2016-10-05,387.5,390.100006,380.700012,381.25,357.127716,45266361
2016-10-06,382.299988,383.450012,372.0,373.850006,350.195953,22423620
2016-10-07,375.200012,375.744995,363.299988,367.75,344.481903,22382511
2016-10-10,367.0,373.888,364.600006,373.0,349.399719,18240120
2016-10-11,374.649994,377.100006,371.75,373.149994,349.540222,16205922
2016-10-12,373.149994,377.950012,369.100006,369.899994,346.49585,19154334
2016-10-13,368.75,368.799011,364.049988,368.0,344.716095,27997986
2016-10-14,369.299988,375.950012,369.299988,375.299988,351.554169,15345703
2016-10-17,372.850006,380.649994,371.799988,378.649994,354.69223,19914471
2016-10-18,379.899994,384.649994,379.700012,384.649994,360.312592,20878877
2016-10-19,382.5,386.049988,377.450012,380.0,355.956818,18018463
2016-10-20,379.450012,380.399994,374.850006,376.799988,352.95929,13945302
2016-10-21,375.799988,380.450012,373.450012,380.350006,356.284668,12868177
2016-10-24,383.0,384.549988,377.299988,377.700012,353.802368,11385898
2016-10-25,378.700012,392.092987,378.5,387.700012,363.169647,21382696
2016-10-26,390.0,391.950012,383.649994,387.600006,363.075958,14344258
2016-10-27,389.649994,395.394989,373.0,379.25,355.254272,21250496
2016-10-28,378.149994,381.721008,373.5,378.75,354.785889,18740769
2016-10-31,376.149994,377.369995,374.200012,375.950012,352.16308599999996,13011817
2016-11-01,376.399994,376.799988,370.299988,371.149994,347.666748,14998245
2016-11-02,369.350006,377.369995,367.652008,372.200012,348.65036000000003,17149501
2016-11-03,370.100006,374.156006,367.75,371.350006,347.85412599999995,14467591
2016-11-04,370.0,370.399994,359.799988,361.549988,338.674164,22014056
2016-11-07,367.450012,368.0,359.649994,361.100006,338.252655,21718356
2016-11-08,359.25,364.149994,358.450012,363.0,340.03244,14475547
2016-11-09,355.0,362.799988,353.179993,362.799988,339.845062,16904948
2016-11-10,365.850006,366.0,342.149994,347.850006,325.841003,36179708
2016-11-11,349.75,361.414001,349.049988,361.0,338.158966,36384769
2016-11-14,362.700012,365.100006,357.200012,357.649994,335.020935,23390808
2016-11-15,360.5,367.549988,359.950012,363.700012,340.68814100000003,24108821
2016-11-16,365.149994,370.200012,361.200012,362.149994,339.236237,25949427
2016-11-17,363.049988,374.899994,362.399994,373.399994,349.77441400000004,18436217
2016-11-18,375.25,375.25,362.899994,362.899994,339.93875099999997,23544723
2016-11-21,363.649994,365.12399300000004,358.100006,361.549988,338.674164,22749779
2016-11-22,363.799988,366.950012,361.350006,366.450012,343.26416,9178756
2016-11-23,366.450012,371.700012,359.799988,360.5,337.690613,13953851
2016-11-24,361.549988,363.149994,356.27301,358.100006,335.442474,12841913
2016-11-25,358.549988,359.700012,355.149994,358.850006,336.14502000000005,9102275
2016-11-28,358.299988,359.25,348.75,350.299988,328.135986,13900845
2016-11-29,350.299988,358.700012,343.649994,354.350006,331.929749,33828091
2016-11-30,355.700012,363.049988,354.75,357.100006,334.505737,46269466
2016-12-01,355.0,356.450012,349.5,353.200012,330.85247799999996,18485112
2016-12-02,351.200012,360.049988,349.5,358.600006,335.910828,15169508
2016-12-05,354.899994,359.899994,351.549988,352.149994,329.868927,14128533
2016-12-06,352.799988,354.75,350.0,352.100006,329.822083,13188293
2016-12-07,354.100006,358.049988,351.399994,357.299988,334.693085,13880187
2016-12-08,360.649994,361.238007,354.299988,357.049988,334.458893,20988334
2016-12-09,358.25,359.200012,351.5,352.0,329.728394,17158971
2016-12-12,353.350006,353.350006,343.75,346.700012,324.763763,20775855
2016-12-13,345.299988,360.450012,345.299988,359.450012,336.707062,22195839
2016-12-14,359.450012,365.067993,356.049988,363.649994,340.641327,18545876
2016-12-15,362.0,367.115997,359.450012,363.549988,340.54760699999997,19031261
2016-12-16,363.700012,368.75,363.350006,367.0,343.779327,28358387
2016-12-19,368.100006,376.052002,366.450012,371.399994,347.90094,15880794
2016-12-20,371.549988,374.25,366.950012,368.149994,344.856598,11618494
2016-12-21,369.149994,371.399994,367.609985,371.25,347.760437,11146025
2016-12-22,369.0,371.700012,366.600006,370.950012,347.479462,12348114
2016-12-23,370.600006,371.700012,368.350006,370.350006,346.917389,4158835
2016-12-28,370.350006,370.350006,366.399994,368.049988,344.762878,8124093
2016-12-29,363.0,371.049988,362.200012,370.950012,352.119507,7010377
2016-12-30,372.200012,372.899994,365.0,366.899994,348.275085,6779988
2017-01-03,366.899994,376.450012,366.899994,371.450012,352.59411600000004,14324026
2017-01-04,372.5,380.799988,365.549988,380.549988,361.232178,22025318
2017-01-05,382.600006,386.049988,375.322998,384.399994,364.886749,18310312
2017-01-06,385.200012,385.25,381.600006,384.549988,365.029114,12651601
2017-01-09,386.25,386.899994,380.850006,385.950012,366.358093,13307527
2017-01-10,384.5,389.149994,383.549988,387.700012,368.019257,23103009
2017-01-11,397.0,400.700012,393.299988,396.850006,376.704742,29094238
2017-01-12,395.0,398.794006,390.950012,392.0,372.100952,24210563
2017-01-13,392.950012,393.47399900000005,389.850006,391.75,371.863647,22586462
2017-01-16,391.549988,391.549988,387.799988,388.600006,368.873535,17387665
2017-01-17,386.5,387.878998,382.649994,383.399994,363.9375,14856927
2017-01-18,386.0,386.0,379.204987,380.549988,361.232178,19083173
2017-01-19,381.049988,382.350006,375.5,378.049988,358.8591,18010196
2017-01-20,380.0,387.350006,380.0,387.149994,367.497131,17947148
2017-01-23,383.950012,384.420013,380.399994,382.549988,363.130646,29047084
2017-01-24,325.0,330.0,301.399994,303.0,287.618866,214275017
2017-01-25,303.450012,314.605011,297.799988,302.350006,287.001862,90610473
2017-01-26,301.5,306.200012,300.450012,302.100006,286.76455699999997,49045051
2017-01-27,306.200012,309.950012,298.549988,302.799988,287.428986,49123499
2017-01-30,304.0,305.799988,301.160004,305.5,289.991943,34021663
2017-01-31,305.100006,310.75,302.899994,303.850006,288.42572,46058678
2017-02-01,308.600006,316.579987,304.100006,305.600006,290.086884,46532823
2017-02-02,304.399994,307.839996,302.649994,305.200012,289.707184,21647702
2017-02-03,306.75,308.299988,303.950012,307.450012,291.84295699999996,20244309
2017-02-06,307.5,311.440002,305.799988,306.850006,291.27340699999996,21923551
2017-02-07,306.25,310.600006,306.25,308.549988,292.887115,19449588
2017-02-08,308.75,311.566986,304.600006,311.200012,295.402588,21901183
2017-02-09,309.600006,311.600006,307.700012,308.299988,292.64977999999996,21600390
2017-02-10,309.049988,310.809998,305.450012,306.25,290.70385699999997,20868195
2017-02-13,306.399994,308.399994,304.700012,304.700012,289.232574,17846974
2017-02-14,305.350006,306.100006,303.684998,305.75,290.229248,24402739
2017-02-15,307.950012,311.299988,306.649994,309.700012,293.97876,19463490
2017-02-16,310.100006,313.621002,309.700012,312.5,296.636597,17751994
2017-02-17,312.5,316.700012,310.125,316.100006,300.05386400000003,24271721
2017-02-20,322.5,324.02999900000003,320.054993,323.299988,306.888336,25405996
2017-02-21,323.899994,324.799988,320.299988,320.799988,304.51525899999996,21514077
2017-02-22,319.75,327.25,319.62298599999997,327.25,310.637848,25200537
2017-02-23,327.0,334.0,326.799988,331.200012,314.387329,40869409
2017-02-24,331.200012,336.299988,330.799988,332.899994,316.00100699999996,29376099
2017-02-27,333.049988,334.350006,330.02999900000003,330.799988,314.007599,20297052
2017-02-28,328.0,329.649994,326.5,327.100006,310.495453,32681070
2017-03-01,327.399994,330.299988,323.350006,328.450012,311.77691699999997,20727073
2017-03-02,328.0,338.25,327.200012,334.600006,317.614716,31505908
2017-03-03,334.200012,337.549988,331.75,332.950012,316.048492,25896050
2017-03-06,332.899994,335.350006,332.76001,333.049988,316.143402,20298626
2017-03-07,333.899994,333.899994,331.75,332.5,315.621338,22418551
2017-03-08,328.350006,329.98999,326.700012,328.5,311.824371,17852220
2017-03-09,327.799988,331.140015,325.649994,330.200012,313.43807999999996,19308715
2017-03-10,345.0,349.200012,337.799988,342.450012,325.066254,56255805
2017-03-13,344.549988,345.75,330.649994,331.600006,314.767029,22566244
2017-03-14,332.450012,335.700012,331.700012,334.049988,317.092621,19683033
2017-03-15,333.450012,334.399994,330.600006,331.950012,315.099243,12928505
2017-03-16,335.0,335.0,328.11499,330.149994,313.390625,26639921
2017-03-17,329.200012,336.899994,324.0,334.350006,317.377411,38194685
2017-03-20,335.850006,337.049988,332.299988,333.149994,316.238312,15086400
2017-03-21,333.049988,334.195007,326.75,327.049988,310.447968,24889516
2017-03-22,325.899994,330.950012,324.794006,330.549988,313.770294,20397152
2017-03-23,330.450012,331.5,325.100006,331.399994,314.577148,17094030
2017-03-24,330.100006,331.14801,324.446014,325.649994,309.119049,22034399
2017-03-27,320.0,325.549988,318.68899500000003,324.950012,308.45459,28397717
2017-03-28,325.75,326.450012,320.100006,324.25,307.79013100000003,15249878
2017-03-29,324.450012,326.625,322.25,322.350006,305.986572,19983237
2017-03-30,323.299988,324.308014,315.149994,317.0,300.908173,30929502
2017-03-31,315.549988,321.100006,309.950012,318.200012,302.047272,47172038
2017-04-03,325.5,325.5,314.52999900000003,316.0,299.95892299999997,23095853
2017-04-04,316.899994,318.75,312.649994,313.950012,298.013,27292538
2017-04-05,315.450012,315.450012,311.22399900000005,313.600006,297.68075600000003,20776480
2017-04-06,312.600006,315.910004,310.450012,314.200012,298.25030499999997,16423646
2017-04-07,312.450012,313.25,309.0,312.049988,296.20944199999997,19579032
2017-04-10,311.850006,315.0,310.022003,315.0,299.009674,15414060
2017-04-11,315.0,315.52999900000003,310.200012,312.950012,297.06375099999997,19089211
2017-04-12,312.600006,317.0,311.799988,315.700012,299.674164,12325034
2017-04-13,316.600006,317.549988,312.049988,313.100006,297.206146,13616747
2017-04-18,313.100006,315.0,308.799988,310.350006,294.595734,18486959
2017-04-19,310.149994,312.0,308.200012,311.5,295.68734700000005,17657321
2017-04-20,310.5,313.25,310.181,311.549988,295.734802,14665454
2017-04-21,310.799988,313.899994,310.0,310.950012,295.165283,16993451
2017-04-24,314.850006,317.75,310.399994,314.0,298.060455,14323547
2017-04-25,313.899994,316.850006,311.88198900000003,313.450012,297.538391,18739649
2017-04-26,312.799988,314.149994,310.049988,310.049988,294.310944,21916582
2017-04-27,310.0,310.950012,307.92199700000003,308.100006,292.45996099999996,16035998
2017-04-28,307.25,308.5,301.639008,304.75,289.280029,20614686
2017-05-02,305.5,307.799988,302.25,302.5,287.144226,21927806
2017-05-03,303.049988,304.380005,301.549988,302.0,286.669617,13043032
2017-05-04,304.0,305.950012,301.0,305.649994,290.134338,20946763
2017-05-05,303.950012,310.20401,303.950012,309.549988,293.83633399999997,14042456
2017-05-08,310.299988,311.350006,306.25,306.600006,291.036102,17259714
2017-05-09,307.399994,308.549988,304.5,306.0,290.466553,18046182
2017-05-10,306.75,312.649994,303.899994,311.899994,296.067047,22182932
2017-05-11,312.549988,314.0,297.399994,297.850006,282.730286,57078790
2017-05-12,298.0,306.5,297.899994,305.950012,290.419098,34693484
2017-05-15,306.049988,306.653992,301.450012,303.5,288.093475,19484137
2017-05-16,304.600006,310.299988,299.759003,309.850006,294.121124,28181351
2017-05-17,309.25,309.299988,305.5,309.049988,293.361725,16308260
2017-05-18,314.799988,314.799988,304.200012,308.950012,293.266815,20600539
2017-05-19,310.0,313.450012,307.350006,311.549988,295.734802,19728579
2017-05-22,313.450012,316.010986,311.632996,314.850006,298.86731000000003,19539000
2017-05-23,315.450012,316.700012,311.679993,315.649994,299.62667799999997,15715224
2017-05-24,316.25,318.010986,313.899994,316.850006,300.76577799999995,20399504
2017-05-25,311.0,314.799988,308.799988,313.399994,297.490906,28673579
2017-05-26,313.600006,317.364014,310.121002,313.799988,297.87060499999995,25934977
2017-05-30,313.799988,314.5,307.234985,308.850006,293.171906,19416107
2017-05-31,309.350006,314.369995,306.149994,309.549988,293.83633399999997,31572585
2017-06-01,305.299988,310.28299,303.38501,303.850006,288.42572,29554916
2017-06-02,305.799988,310.549988,302.934998,303.149994,287.76122999999995,20731844
2017-06-05,303.549988,306.0,302.5,304.649994,289.185089,14704581
2017-06-06,305.049988,306.649994,301.399994,301.649994,286.337372,17547432
2017-06-07,301.799988,304.600006,301.450012,302.899994,287.52392599999996,18934111
2017-06-08,303.200012,303.649994,300.350006,301.200012,285.910248,16373831
2017-06-09,299.899994,300.889008,294.195007,294.75,279.787628,27885432
2017-06-12,295.899994,300.0,295.100006,298.5,283.34729,21188710
2017-06-13,300.0,300.420013,295.549988,296.799988,281.73358199999996,17946524
2017-06-14,296.649994,299.899994,295.450012,297.700012,282.587921,28515994
2017-06-15,297.299988,297.549988,292.98199500000004,293.5,278.60107400000004,15932545
2017-06-16,292.950012,293.5,287.06298799999996,291.100006,276.322906,44372872
2017-06-19,290.799988,292.350006,289.559998,289.700012,274.993988,3540017
2017-06-20,289.0,289.149994,284.489014,286.299988,271.766571,147995183
2017-06-21,285.549988,288.28799399999997,280.737,283.200012,268.823944,8950203
2017-06-22,283.0,283.399994,277.440002,282.0,267.684845,3955627
2017-06-23,281.200012,287.100006,280.77398700000003,285.899994,271.386871,3655784
2017-06-26,286.75,291.06298799999996,286.424011,288.427002,273.785614,5104760
2017-06-27,287.200012,289.200012,285.0,287.99798599999997,273.378357,9047330
2017-06-28,289.850006,295.040009,288.549988,294.100006,279.17062400000003,3260808
2017-06-29,294.5,295.950012,291.75,293.200012,278.316315,9859389
2017-06-30,292.350006,295.5,291.200012,294.75,279.787628,3227121
2017-07-03,294.899994,294.899994,290.899994,291.950012,277.129761,26053853
2017-07-04,290.799988,293.75,290.149994,291.700012,276.892456,15871319
2017-07-05,291.799988,292.799988,288.600006,288.75,274.092194,27874765
2017-07-06,287.75,290.549988,285.899994,287.649994,273.048035,19742402
2017-07-07,287.350006,288.75,285.350006,287.200012,272.620911,12642336
2017-07-10,288.0,289.600006,286.950012,288.399994,273.759979,11307783
2017-07-11,288.950012,289.549988,284.82800299999997,287.600006,273.00057999999996,10727493
2017-07-12,287.5,291.200012,286.75,290.100006,275.373688,12860877
2017-07-13,289.75,306.0,289.75,301.600006,286.289917,81752556
2017-07-14,302.25,302.803986,299.700012,300.649994,285.388153,22723471
2017-07-17,300.0,303.140015,300.0,302.0,286.669617,17895342
2017-07-18,302.25,305.399994,301.75,304.25,288.805389,22084931
2017-07-19,305.0,306.399994,302.700012,305.149994,289.659698,14297214
2017-07-20,306.200012,310.950012,305.149994,310.799988,295.02288799999997,21508487
2017-07-21,311.600006,314.649994,307.299988,308.350006,292.697266,17711227
2017-07-24,308.600006,309.299988,303.600006,305.649994,290.134338,19202209
2017-07-25,305.950012,308.049988,305.799988,306.600006,291.036102,10327216
2017-07-26,306.149994,311.350006,306.049988,310.649994,294.880493,15400089
2017-07-27,311.899994,317.700012,311.600006,316.149994,300.101318,28035596
2017-07-28,312.0,313.149994,301.350006,310.399994,294.643188,27443594
2017-07-31,309.600006,316.010986,308.850006,313.5,297.585846,24060027
2017-08-01,312.700012,317.5,311.25,316.0,299.95892299999997,19421224
2017-08-02,315.549988,316.200012,311.700012,312.899994,297.016296,22013780
2017-08-03,312.25,314.899994,311.049988,313.899994,297.965515,10995629
2017-08-04,312.549988,317.149994,311.950012,316.75,300.67086800000004,41780816
2017-08-07,317.0,317.93899500000003,314.772003,316.0,299.95892299999997,13091457
2017-08-08,315.700012,317.850006,313.899994,316.950012,300.860718,17046555
2017-08-09,316.200012,316.950012,312.899994,313.299988,297.395966,21707409
2017-08-10,304.149994,313.299988,297.445007,298.899994,293.614075,18293751
2017-08-11,299.049988,301.75,290.97000099999997,294.350006,289.144562,24974417
2017-08-14,295.899994,297.399994,292.299988,296.950012,291.698578,14924175
2017-08-15,296.899994,298.149994,292.829987,296.649994,291.40387000000004,18107693
2017-08-16,297.100006,297.325012,293.350006,294.399994,289.193665,14428346
2017-08-17,295.049988,295.75,291.899994,293.600006,288.407806,15499996
2017-08-18,292.0,293.850006,290.600006,292.5,287.327271,11749826
2017-08-21,291.350006,293.350006,291.049988,292.200012,287.032593,10890945
2017-08-22,293.350006,294.399994,291.977997,292.950012,287.769318,14815612
2017-08-23,293.0,293.549988,292.149994,293.0,287.81842,8820947
2017-08-24,293.049988,293.549988,291.670013,291.700012,286.54141200000004,9290251
2017-08-25,291.950012,292.649994,289.850006,290.149994,285.018799,6376968
2017-08-29,290.149994,290.149994,283.989014,287.75,282.661255,13791788
2017-08-30,289.299988,292.0,287.707001,290.700012,285.55911299999997,16262276
2017-08-31,290.0,293.25,289.350006,292.549988,287.376373,16521021
2017-09-01,292.299988,293.049988,287.950012,288.450012,283.348907,11721081
2017-09-04,288.0,291.25,288.0,289.950012,284.822357,11743445
2017-09-05,290.350006,293.5,287.700012,287.700012,282.612152,24542486
2017-09-06,286.850006,287.350006,283.049988,285.399994,280.352814,15443129
2017-09-07,285.549988,288.100006,284.450012,286.549988,281.482483,13537682
2017-09-08,285.75,286.149994,282.02999900000003,283.950012,278.928467,11623369
2017-09-11,284.5,285.113007,281.450012,283.950012,278.928467,16026636
2017-09-12,283.700012,285.799988,282.329987,283.25,278.24084500000004,18164315
2017-09-13,282.5,285.700012,281.100006,285.049988,280.009003,19175920
2017-09-14,285.0,285.799988,281.450012,282.5,277.50412,15474901
2017-09-15,281.450012,284.457001,278.899994,284.399994,279.370514,112639293
2017-09-18,285.0,289.350006,284.350006,287.600006,282.513916,24233831
2017-09-19,286.25,286.850006,282.649994,285.0,279.9599,25374306
2017-09-20,285.950012,288.899994,285.100006,286.850006,281.777191,13648998
2017-09-21,286.75,286.950012,280.899994,282.549988,277.553223,15500551
2017-09-22,282.0,286.75,280.74301099999997,282.799988,277.798798,12272290
2017-09-25,282.600006,287.5,281.549988,286.950012,281.875427,13049135
2017-09-26,287.200012,289.100006,284.600006,285.5,280.45105,13727216
2017-09-27,286.25,286.549988,284.049988,284.600006,279.566986,13523438
2017-09-28,284.950012,285.204987,281.049988,282.350006,277.35675,13427273
2017-09-29,283.149994,285.204987,282.600006,283.899994,278.87933300000003,15994369
2017-10-02,283.25,283.899994,282.100006,283.149994,278.142609,15651175
2017-10-03,283.0,284.774994,278.085999,279.350006,274.409821,16659689
2017-10-04,281.0,282.839996,279.0,279.25,274.311584,15872374
2017-10-05,279.850006,280.730011,278.799988,279.5,274.557159,15025571
2017-10-06,280.399994,284.869995,280.0,283.149994,278.142609,18450644
2017-10-09,280.149994,281.649994,279.149994,279.5,274.557159,16214201
2017-10-10,277.950012,280.25,276.399994,277.049988,272.150482,16617670
2017-10-11,277.25,278.0,273.600006,276.049988,271.168152,22978604
2017-10-12,275.850006,279.850006,274.850006,279.0,274.06601,16902143
2017-10-13,278.0,279.350006,274.850006,274.850006,269.98941,17023082
2017-10-16,275.899994,275.950012,272.899994,273.450012,268.614166,20097755
2017-10-17,272.600006,274.399994,268.0,270.0,265.22515899999996,24590535
2017-10-18,270.0,272.450012,269.649994,271.350006,266.5513,12175783
2017-10-19,271.799988,275.100006,270.75,272.700012,267.87744100000003,21729175
2017-10-20,272.0,273.850006,270.25,270.850006,266.06015,16267209
2017-10-23,270.649994,274.799988,270.549988,273.75,268.908844,15357260
2017-10-24,273.799988,274.600006,271.100006,272.549988,267.73004199999997,14074280
2017-10-25,271.899994,273.0,264.15799,265.049988,260.36270099999996,25991514
2017-10-26,264.600006,267.0,261.399994,264.950012,260.264496,19267608
2017-10-27,265.700012,267.049988,262.75,263.0,258.348969,14064503
2017-10-30,262.149994,263.649994,260.0,262.100006,257.464874,17460008
2017-10-31,262.450012,262.809998,260.299988,260.299988,255.696686,16300912
2017-11-01,263.549988,263.549988,260.149994,260.5,255.893173,22558344
2017-11-02,267.0,267.799988,249.399994,253.600006,249.115204,42168784
2017-11-03,253.69999700000002,255.522995,247.99099700000002,249.80000299999998,245.382401,23250312
2017-11-06,248.850006,252.600006,246.600006,252.30000299999998,247.838181,22683513
2017-11-07,252.05000299999998,252.899994,247.80000299999998,248.5,244.105377,20397401
2017-11-08,248.55000299999998,251.25,247.0,251.149994,246.708511,26267947
2017-11-09,251.19999700000002,251.69999700000002,246.55000299999998,249.0,244.596542,23337347
2017-11-10,250.649994,250.850006,245.75,247.75,243.368652,16798200
2017-11-13,248.600006,249.25,244.0,244.44999700000002,240.126999,17013893
2017-11-14,246.05000299999998,246.98500099999998,242.88999900000002,243.75,239.439377,21417707
2017-11-15,244.69999700000002,250.149994,244.5,247.149994,242.779251,32520155
2017-11-16,247.80000299999998,248.149994,242.69999700000002,244.850006,240.519943,23080406
2017-11-17,245.149994,247.649994,244.21600299999997,245.399994,241.060196,18319933
2017-11-20,243.25,247.0,242.75,245.80000299999998,241.45314,14919891
2017-11-21,246.350006,246.399994,243.149994,245.5,241.15843199999998,21718535
2017-11-22,245.25,251.75,244.05000299999998,249.69999700000002,245.284164,26798000
2017-11-23,250.25,250.25,247.05000299999998,249.0,244.596542,15724771
2017-11-24,249.100006,249.100006,244.75,246.44999700000002,242.091629,13361151
2017-11-27,246.649994,248.94999700000002,245.19999700000002,246.25,241.89517200000003,11854746
2017-11-28,246.19999700000002,249.600006,245.649994,249.0,244.596542,31191246
2017-11-29,250.0,256.950012,249.30000299999998,255.399994,250.88334700000001,36466440
2017-11-30,256.450012,261.649994,252.399994,260.799988,256.187836,47829537
2017-12-01,261.0,261.149994,255.80000299999998,257.100006,252.553299,23273343
2017-12-04,259.0,259.75,256.899994,258.200012,253.63385,28330888
2017-12-05,259.049988,260.100006,256.75,258.100006,253.535614,13884418
2017-12-06,257.649994,258.850006,255.44999700000002,257.200012,252.651535,11334917
2017-12-07,256.450012,265.049988,255.649994,262.75,258.103363,24708305
2017-12-08,263.25,270.299988,262.299988,268.0,263.260529,24853991
2017-12-11,267.350006,269.549988,265.450012,268.75,263.997284,31113240
2017-12-12,269.75,272.100006,267.899994,269.700012,264.930481,26992847
2017-12-13,269.850006,271.149994,267.75,268.23199500000004,263.488434,21666111
2017-12-14,275.0,276.149994,271.75,273.850006,269.00708,36065399
2017-12-15,276.049988,278.399994,274.399994,277.549988,272.64163199999996,35099600
2017-12-18,277.700012,278.299988,273.899994,275.350006,270.48056,15645656
2017-12-19,276.450012,277.0,272.600006,273.75,268.908844,16148742
2017-12-20,272.200012,272.950012,267.799988,270.149994,265.372498,24757981
2017-12-21,269.350006,274.299988,268.100006,274.0,269.154419,16235553
2017-12-22,272.799988,274.850006,271.700012,274.100006,269.252655,17531407
2017-12-27,274.100006,274.899994,270.600006,274.25,269.399994,20959605
2017-12-28,270.149994,270.700012,266.299988,267.350006,267.350006,12575854
2017-12-29,266.549988,271.850006,265.850006,271.700012,271.700012,7160147
2018-01-02,271.700012,278.5,271.700012,275.0,275.0,18649145
2018-01-03,275.850006,275.950012,271.950012,272.399994,272.399994,13680709
2018-01-04,272.799988,273.75,267.649994,269.049988,269.049988,17449455
2018-01-05,267.950012,271.0,267.399994,271.0,271.0,13083176
2018-01-08,271.0,272.850006,267.549988,267.950012,267.950012,18079015
2018-01-09,269.100006,273.850006,268.600006,273.600006,273.600006,23700104
2018-01-10,273.0,274.350006,270.799988,272.799988,272.799988,20049606
2018-01-11,273.450012,273.600006,268.350006,270.850006,270.850006,22232311
2018-01-12,272.149994,276.149994,271.649994,274.899994,274.899994,33663517
2018-01-15,274.25,278.149994,273.5,275.700012,275.700012,17026986
2018-01-16,277.25,277.399994,272.850006,274.0,274.0,18832254
2018-01-17,274.0,274.450012,268.350006,269.0,269.0,15082565
2018-01-18,268.100006,268.649994,263.75,267.0,267.0,17842933
2018-01-19,267.5,268.25,261.600006,264.100006,264.100006,34476101
2018-01-22,264.149994,272.049988,264.149994,266.299988,266.299988,32211613
2018-01-23,268.200012,268.549988,264.700012,265.850006,265.850006,17701150
2018-01-24,265.75,266.049988,261.399994,261.399994,261.399994,19038799
2018-01-25,261.25,264.700012,260.549988,260.549988,260.549988,24500047
2018-01-26,261.149994,264.200012,260.799988,262.899994,262.899994,26322778
2018-01-29,262.950012,262.950012,259.350006,260.25,260.25,19458792
2018-01-30,259.149994,260.049988,257.25,257.5,257.5,21908324
2018-01-31,259.5,259.799988,254.69999700000002,255.44999700000002,255.44999700000002,25696790
2018-02-01,262.399994,262.700012,255.05000299999998,256.0,256.0,29003700
2018-02-02,255.0,256.350006,240.05000299999998,250.350006,250.350006,83939067
2018-02-05,249.0,250.149994,246.899994,246.899994,246.899994,42167605
2018-02-06,241.25,243.75,238.19999700000002,239.0,239.0,44189349
2018-02-07,239.850006,243.350006,238.100006,241.30000299999998,241.30000299999998,30193322
2018-02-08,238.75,239.19999700000002,235.149994,235.5,235.5,38380217
2018-02-09,235.5,235.55000299999998,230.19999700000002,230.94999700000002,230.94999700000002,28011271
2018-02-12,231.0,233.5,229.600006,230.399994,230.399994,26390694
2018-02-13,231.0,231.0,225.850006,225.850006,225.850006,36697634
2018-02-14,230.0,231.19999700000002,225.149994,225.55000299999998,225.55000299999998,47482558
2018-02-15,227.5,227.5,224.30000299999998,225.649994,225.649994,18660018
2018-02-16,227.100006,229.600006,225.69999700000002,228.399994,228.399994,18929754
2018-02-19,228.899994,230.100006,226.149994,228.0,228.0,17325401
2018-02-20,228.600006,231.649994,228.30000299999998,230.80000299999998,230.80000299999998,23499470
2018-02-21,233.0,233.5,230.55000299999998,232.5,232.5,26132966
2018-02-22,231.649994,233.75,230.05000299999998,232.350006,232.350006,19981791
2018-02-23,237.0,244.600006,236.5,244.05000299999998,244.05000299999998,49032112
2018-02-26,245.350006,245.850006,242.0,242.80000299999998,242.80000299999998,26285416
2018-02-27,242.850006,244.55000299999998,240.899994,243.25,243.25,19998402
2018-02-28,241.19999700000002,244.600006,239.600006,239.80000299999998,239.80000299999998,45653392
2018-03-01,239.80000299999998,240.75,238.25,240.0,240.0,26667601
2018-03-02,238.899994,241.94999700000002,235.0,236.25,236.25,23468691
2018-03-05,236.350006,238.899994,235.69999700000002,238.399994,238.399994,34096990
