Date,Open,High,Low,Close,Adj Close,Volume
2015-01-02,2855.570068,2864.159912,2774.060059,2785.860107,2613.801514,149697
2015-01-05,2781.51001,2817.969971,2749.300049,2759.040039,2588.637451,252144
2015-01-06,2769.709961,2798.709961,2721.439941,2772.919922,2601.6604,297786
2015-01-07,2787.939941,2815.899902,2763.290039,2790.110107,2617.7890629999997,177377
2015-01-08,2827.600098,2855.570068,2786.899902,2845.939941,2670.170654,350796
2015-01-09,2844.800049,2861.98999,2821.179932,2841.590088,2666.0896,646955
2015-01-12,2856.600098,2868.409912,2802.949951,2844.800049,2669.1015629999997,273282
2015-01-13,2841.590088,2887.679932,2841.169922,2874.830078,2697.276611,247579
2015-01-14,2836.199951,2863.02002,2815.899902,2853.389893,2677.1604,297907
2015-01-15,2871.6201170000004,2910.25,2835.159912,2899.47998,2720.404053,540059
2015-01-16,2895.23999,2912.429932,2868.409912,2910.25,2730.508789,418582
2015-01-19,2916.679932,2969.290039,2913.459961,2931.689941,2750.6245120000003,343661
2015-01-20,2972.5,2983.27002,2932.72998,2947.75,2765.692871,368517
2015-01-21,2955.310059,2960.689941,2914.5,2944.540039,2762.680908,392884
2015-01-22,2947.75,2974.570068,2940.290039,2967.110107,2783.857178,455121
2015-01-23,2895.23999,2962.76001,2880.219971,2939.25,2757.717773,557428
2015-01-26,2928.47998,2974.570068,2924.23999,2971.360107,2787.844482,268293
2015-01-27,2982.1298829999996,3056.189941,2928.47998,2930.659912,2749.658447,435004
2015-01-28,2940.290039,2970.320068,2784.72998,2922.060059,2741.5896,424480
2015-01-29,2916.679932,2931.689941,2889.850098,2902.689941,2723.415771,255044
2015-01-30,2917.709961,2921.02002,2850.179932,2850.179932,2674.1489260000003,378116
2015-02-02,2857.639893,2886.639893,2843.76001,2880.219971,2702.333496,250254
2015-02-03,2842.6201170000004,2865.199951,2756.76001,2843.76001,2668.1252440000003,517055
2015-02-04,2842.6201170000004,2842.6201170000004,2813.72998,2837.340088,2662.101807,291799
2015-02-05,2831.949951,2889.850098,2831.949951,2870.590088,2693.298584,214327
2015-02-06,2866.23999,2927.449951,2858.780029,2900.6201170000004,2721.4736329999996,363343
2015-02-09,2892.02002,2931.689941,2877.01001,2919.889893,2739.553467,434962
2015-02-10,2916.679932,2985.340088,2912.73999,2933.8701170000004,2752.670166,372290
2015-02-11,2947.75,2987.52002,2918.850098,2948.889893,2766.762207,311542
2015-02-12,2956.340088,3003.570068,2927.550049,2988.550049,2803.973145,294228
2015-02-13,2998.189941,2998.189941,2923.100098,2931.689941,2750.6245120000003,489356
2015-02-16,2922.060059,2937.080078,2902.689941,2929.52002,2748.5888670000004,459023
2015-02-17,2914.5,2970.320068,2908.080078,2966.080078,2782.890625,418972
2015-02-18,2951.060059,2978.919922,2938.110107,2954.27002,2771.809814,239043
2015-02-19,2952.100098,3014.340088,2932.72998,2993.939941,2809.029785,354092
2015-02-20,2988.550049,3034.639893,2976.75,3014.340088,2828.17041,309403
2015-02-23,3026.149902,3030.399902,2990.72998,3001.399902,2816.029297,309209
2015-02-24,3003.570068,3027.189941,2962.76001,2974.570068,2790.856201,434831
2015-02-25,2964.939941,3016.409912,2940.290039,2949.919922,2767.728516,384633
2015-02-26,2939.25,2959.550049,2898.449951,2949.919922,2767.728516,301546
2015-02-27,2953.1298829999996,2967.110107,2918.850098,2927.449951,2746.646484,257258
2015-03-02,2934.899902,2943.5,2866.23999,2880.219971,2702.333496,347942
2015-03-03,2873.800049,2892.02002,2842.6201170000004,2850.179932,2674.1489260000003,327032
2015-03-04,2841.590088,2878.040039,2836.199951,2878.040039,2700.2885739999997,360723
2015-03-05,2864.159912,2920.399902,2823.360107,2913.459961,2733.5205079999996,536764
2015-03-06,2903.830078,2911.290039,2870.590088,2887.679932,2709.332764,340939
2015-03-09,2885.600098,2900.6201170000004,2854.429932,2868.409912,2691.252686,214289
2015-03-10,2872.659912,2884.459961,2856.090088,2856.600098,2680.1723629999997,425831
2015-03-11,2865.199951,2875.969971,2850.179932,2872.659912,2695.240723,1057054
2015-03-12,2880.219971,2925.27002,2869.449951,2915.639893,2735.565918,263071
2015-03-13,2917.709961,2966.080078,2906.01001,2930.659912,2749.658447,434083
2015-03-16,2933.8701170000004,2967.110107,2928.47998,2957.47998,2774.822021,253839
2015-03-17,2951.060059,2963.899902,2909.219971,2916.679932,2736.541748,289913
2015-03-18,2927.449951,2957.47998,2900.6201170000004,2943.5,2761.705322,465865
2015-03-19,2953.1298829999996,2971.360107,2937.080078,2956.340088,2773.752441,321444
2015-03-20,2957.47998,2975.709961,2942.459961,2969.290039,2785.902344,310618
2015-03-23,2959.550049,2967.320068,2921.02002,2958.52002,2775.797607,279321
2015-03-24,2953.1298829999996,2976.75,2944.540039,2969.290039,2785.902344,242436
2015-03-25,2978.919922,2988.550049,2951.580078,2982.1298829999996,2797.948975,319038
2015-03-26,2967.110107,2984.310059,2904.8701170000004,2930.659912,2749.658447,580766
2015-03-27,2929.52002,2940.290039,2881.25,2914.5,2734.496094,342834
2015-03-30,2929.52002,2949.919922,2908.080078,2923.100098,2742.56543,355850
2015-03-31,2922.060059,2953.1298829999996,2922.060059,2938.110107,2756.648193,433481
2015-04-01,2928.47998,2991.76001,2923.100098,2957.47998,2774.822021,345750
2015-04-02,2963.899902,3004.610107,2955.310059,2996.110107,2811.066162,269833
2015-04-07,2996.110107,3059.399902,2991.76001,3050.800049,2862.378418,304044
2015-04-08,3054.01001,3064.679932,3005.75,3013.199951,2827.10083,281980
2015-04-09,3025.01001,3080.840088,3015.3798829999996,3078.659912,2888.517822,448302
2015-04-10,3078.659912,3125.889893,3078.659912,3115.1201170000004,2922.726318,387610
2015-04-13,3100.100098,3119.469971,3085.080078,3110.8701170000004,2918.738281,250009
2015-04-14,3096.889893,3132.310059,3096.889893,3112.939941,2920.6801760000003,474696
2015-04-15,3110.8701170000004,3155.929932,3105.48999,3110.8701170000004,2918.738281,337406
2015-04-16,3119.469971,3119.469971,3076.48999,3081.8701170000004,2891.529541,282986
2015-04-17,3067.889893,3089.429932,3045.409912,3055.050049,2866.365723,332450
2015-04-20,3060.429932,3090.469971,3060.429932,3085.080078,2894.54126,264103
2015-04-21,3085.080078,3123.709961,3079.699951,3117.290039,2924.761719,437320
2015-04-22,3164.52002,3247.070068,3151.570068,3179.540039,2983.16748,598138
2015-04-23,3195.590088,3225.6298829999996,3167.72998,3225.6298829999996,3026.410645,329882
2015-04-24,3220.23999,3235.26001,3192.3798829999996,3194.560059,2997.259521,249584
2015-04-27,3210.610107,3211.649902,3150.540039,3187.0,2990.166504,301220
2015-04-28,3189.169922,3196.6298829999996,3114.080078,3137.699951,2943.910889,569961
2015-04-29,3124.75,3147.330078,3065.820068,3065.820068,2876.470703,237082
2015-04-30,3028.219971,3064.679932,2989.590088,3041.169922,2887.246094,376581
2015-05-01,3034.639893,3042.6201170000004,2997.149902,3019.6201170000004,2866.787109,191338
2015-05-05,3019.6201170000004,3072.23999,2985.340088,2990.72998,2839.3588870000003,381790
2015-05-06,2990.72998,3018.590088,2968.149902,2992.800049,2841.324463,240001
2015-05-07,2992.800049,2992.800049,2944.540039,2981.100098,2830.216553,360344
2015-05-08,3027.189941,3100.100098,3018.590088,3095.850098,2939.158691,495303
2015-05-11,3101.23999,3116.26001,3049.659912,3058.26001,2903.471436,208300
2015-05-12,3032.570068,3048.6201170000004,2986.3798829999996,3029.360107,2876.03418,243571
2015-05-13,3032.570068,3058.26001,3019.6201170000004,3040.030029,2886.163818,379518
2015-05-14,3040.030029,3059.399902,3015.3798829999996,3026.149902,2872.986328,256520
2015-05-15,3012.169922,3037.850098,2983.169922,2993.939941,2842.4064940000003,496161
2015-05-18,3000.360107,3023.97998,2968.149902,2987.52002,2836.311279,229537
2015-05-19,2997.149902,3028.219971,2976.75,3028.219971,2874.95166,246412
2015-05-20,3028.219971,3044.3798829999996,3013.199951,3036.820068,2883.116455,192847
2015-05-21,3043.23999,3159.139893,3032.570068,3139.77002,2980.855469,832683
2015-05-22,3148.360107,3152.709961,3108.699951,3139.77002,2980.855469,220366
2015-05-26,3139.77002,3149.5,3085.080078,3092.639893,2936.111084,234554
2015-05-27,3084.050049,3145.149902,3084.050049,3137.699951,2978.8901370000003,272713
2015-05-28,3138.72998,3195.590088,3136.560059,3193.419922,3031.790283,443161
2015-05-29,3193.419922,3210.610107,3134.48999,3137.699951,2978.8901370000003,357458
2015-06-01,3142.97998,3162.350098,3108.699951,3132.310059,2973.773193,198961
2015-06-02,3153.75,3169.800049,3103.310059,3110.8701170000004,2953.418457,258269
2015-06-03,3111.909912,3176.330078,3111.909912,3123.709961,2965.608643,288611
2015-06-04,3108.699951,3119.469971,3069.030029,3070.060059,2914.674072,309766
2015-06-05,3054.01001,3071.199951,3022.840088,3034.639893,2881.0463870000003,270155
2015-06-08,3031.429932,3037.850098,2994.97998,3027.189941,2873.9736329999996,202704
2015-06-09,3033.610107,3054.01001,3011.1298829999996,3045.409912,2891.271484,313445
2015-06-10,3049.659912,3061.469971,3030.399902,3051.840088,2897.376221,279279
2015-06-11,3042.199951,3081.8701170000004,3042.199951,3062.610107,2907.60083,252129
2015-06-12,3048.6201170000004,3060.429932,3000.360107,3009.98999,2857.644287,180916
2015-06-15,2987.52002,3004.610107,2974.570068,2989.590088,2838.276855,251337
2015-06-16,2975.709961,3006.780029,2943.5,3001.399902,2849.48877,215604
2015-06-17,2997.149902,3023.97998,2987.52002,3009.98999,2857.644287,227001
2015-06-18,2993.939941,3013.199951,2956.340088,3008.959961,2856.666504,216527
2015-06-19,3021.800049,3040.030029,3004.610107,3008.959961,2856.666504,301489
2015-06-22,3055.050049,3060.429932,3030.399902,3056.189941,2901.505615,178872
2015-06-23,3065.820068,3084.050049,3063.639893,3064.679932,2909.566162,164306
2015-06-24,3064.679932,3072.23999,3037.850098,3037.850098,2884.0942379999997,264343
2015-06-25,3023.97998,3036.820068,3007.820068,3022.840088,2869.8439940000003,284629
2015-06-26,3007.820068,3055.050049,2998.290039,3042.199951,2888.224121,200046
2015-06-29,2967.110107,2988.550049,2929.52002,2978.919922,2828.146729,546313
2015-06-30,2958.52002,2994.97998,2951.060059,2952.100098,2802.68457,319943
2015-07-01,2967.110107,2990.72998,2951.060059,2979.959961,2829.134277,170344
2015-07-02,2981.100098,2986.3798829999996,2959.76001,2969.290039,2819.00415,113765
2015-07-03,2966.080078,2966.080078,2942.77002,2957.47998,2807.791748,147507
2015-07-06,2924.23999,2959.550049,2910.77002,2941.320068,2792.449951,138807
2015-07-07,2938.110107,2942.459961,2875.969971,2879.179932,2733.454834,139724
2015-07-08,2879.179932,2907.040039,2866.23999,2885.600098,2739.550049,315105
2015-07-09,2896.27002,2932.72998,2896.27002,2926.310059,2778.199707,200785
2015-07-10,2997.149902,3006.780029,2948.889893,3002.540039,2850.571533,211147
2015-07-13,3036.820068,3051.840088,3001.399902,3025.01001,2871.903809,229228
2015-07-14,3028.219971,3035.780029,3004.610107,3009.98999,2857.644287,174805
2015-07-15,3005.75,3036.820068,3005.75,3025.01001,2871.903809,247717
2015-07-16,3028.219971,3067.889893,3022.6298829999996,3049.659912,2895.306641,240673
2015-07-17,3054.01001,3055.050049,3026.149902,3038.98999,2885.17627,310208
2015-07-20,3046.449951,3046.449951,2994.350098,2998.189941,2846.44165,343803
2015-07-21,3070.060059,3173.01001,3061.050049,3165.560059,3005.340332,824287
2015-07-22,3233.090088,3250.280029,3196.209961,3216.0,3053.227295,619964
2015-07-23,3242.820068,3266.439941,3218.070068,3262.090088,3096.9846190000003,495313
2015-07-24,3263.1201170000004,3267.469971,3232.050049,3235.26001,3071.512451,305001
2015-07-27,3228.840088,3235.26001,3185.959961,3187.0,3025.6948239999997,206151
2015-07-28,3194.560059,3197.77002,3146.290039,3161.310059,3001.305664,372646
2015-07-29,3162.350098,3214.860107,3162.350098,3214.860107,3052.14502,321901
2015-07-30,3227.800049,3235.26001,3185.959961,3205.22998,3043.002686,239128
2015-07-31,3223.449951,3265.300049,3213.820068,3261.050049,3095.997314,437884
2015-08-03,3261.050049,3288.909912,3250.280029,3286.73999,3120.386719,317261
2015-08-04,3273.889893,3315.73999,3273.889893,3302.889893,3135.719482,308506
2015-08-05,3307.139893,3325.3701170000004,3300.719971,3314.699951,3146.931641,282491
2015-08-06,3309.310059,3312.52002,3277.100098,3302.889893,3135.719482,213448
2015-08-07,3297.51001,3297.51001,3261.050049,3278.139893,3112.222412,247441
2015-08-10,3289.949951,3318.949951,3273.889893,3318.949951,3150.966553,252993
2015-08-11,3316.77002,3316.77002,3288.909912,3300.719971,3133.659424,226492
2015-08-12,3279.280029,3304.030029,3247.070068,3276.070068,3110.256836,679444
2015-08-13,3285.699951,3345.77002,3285.699951,3337.179932,3168.273682,268019
2015-08-14,3339.350098,3375.8100590000004,3338.209961,3365.040039,3194.724121,224636
2015-08-17,3379.0200200000004,3379.0200200000004,3314.699951,3328.580078,3160.109375,171522
2015-08-18,3321.1201170000004,3330.75,3308.800049,3314.699951,3146.931641,176875
2015-08-19,3298.540039,3298.540039,3244.889893,3251.419922,3086.854736,228442
2015-08-20,3236.399902,3237.439941,3178.399902,3182.75,3021.660156,205787
2015-08-21,3158.0,3158.0,3079.699951,3079.699951,2923.825928,321918
2015-08-24,3008.959961,3008.959961,2896.27002,2958.52002,2808.779297,505000
2015-08-25,3000.360107,3112.939941,2997.149902,3106.52002,2949.288818,371579
2015-08-26,3071.199951,3076.48999,3012.169922,3015.3798829999996,2862.761475,381535
2015-08-27,3037.850098,3057.219971,3011.1298829999996,3057.219971,2932.6328129999997,334953
2015-08-28,3067.889893,3102.27002,3049.659912,3102.27002,2975.847168,364081
2015-09-01,3102.27002,3106.52002,3007.820068,3057.219971,2932.6328129999997,499125
2015-09-02,3079.699951,3099.060059,3044.3798829999996,3058.26001,2933.630615,303054
2015-09-03,3079.699951,3084.050049,3043.23999,3063.639893,2938.791016,407955
2015-09-04,3029.360107,3038.98999,2997.149902,3002.540039,2880.181396,256413
2015-09-07,3017.550049,3034.639893,2976.75,3020.76001,2897.658691,183723
2015-09-08,3036.820068,3058.26001,3030.399902,3050.800049,2926.474609,251734
2015-09-09,3130.139893,3130.139893,3045.409912,3047.590088,2923.3955079999996,327951
2015-09-10,3032.570068,3057.219971,3023.97998,3037.850098,2914.05249,228884
2015-09-11,3049.659912,3049.659912,3005.75,3023.97998,2900.747803,177470
2015-09-14,3029.360107,3046.449951,2982.1298829999996,2990.72998,2868.852539,145857
2015-09-15,2991.76001,2992.800049,2958.52002,2981.100098,2859.615234,212337
2015-09-16,2992.800049,3009.98999,2973.540039,2983.169922,2861.600342,188919
2015-09-17,2986.3798829999996,2986.3798829999996,2943.5,2948.889893,2828.717773,214934
2015-09-18,2944.540039,2944.540039,2873.800049,2890.98999,2773.177002,369990
2015-09-21,2882.389893,2974.570068,2880.219971,2941.320068,2821.456055,385436
2015-09-22,2933.8701170000004,2947.75,2860.949951,2861.98999,2745.3591309999997,412057
2015-09-23,2857.639893,2913.459961,2857.639893,2885.600098,2768.006836,278568
2015-09-24,2877.01001,2918.850098,2865.199951,2885.600098,2768.006836,291330
2015-09-25,2922.060059,2962.76001,2915.639893,2948.889893,2828.717773,307261
2015-09-28,2939.25,2962.76001,2883.429932,2883.429932,2765.925049,225337
2015-09-29,2856.600098,2887.679932,2836.199951,2849.149902,2733.042236,379199
2015-09-30,2897.409912,2952.100098,2887.679932,2906.01001,2787.585205,403539
2015-10-01,2929.52002,2987.52002,2921.02002,2937.080078,2817.38916,295806
2015-10-02,2942.459961,2963.899902,2877.01001,2914.5,2795.729004,323470
2015-10-05,2964.939941,2967.110107,2939.25,2967.110107,2846.195557,184374
2015-10-06,2973.540039,2988.550049,2952.100098,2978.919922,2857.523682,135038
2015-10-07,2990.72998,2999.530029,2915.639893,2918.850098,2799.901855,339221
2015-10-08,2922.060059,2979.959961,2917.709961,2976.75,2855.442139,261148
2015-10-09,3003.570068,3052.8701170000004,3000.360107,3018.590088,2895.577148,299714
2015-10-12,3019.6201170000004,3019.6201170000004,2960.689941,2963.899902,2843.115723,170332
2015-10-13,2955.310059,2958.52002,2919.889893,2940.290039,2820.4682620000003,201488
2015-10-14,2932.72998,2945.679932,2916.679932,2932.72998,2813.216064,219292
2015-10-15,2959.550049,3002.540039,2940.290039,2976.75,2855.442139,207609
2015-10-16,3001.399902,3018.590088,2964.939941,2972.5,2851.365234,195061
2015-10-19,2968.149902,2993.939941,2958.0,2988.550049,2866.761475,112756
2015-10-20,2985.340088,3006.780029,2974.570068,3003.570068,2881.169434,250637
2015-10-21,3016.409912,3041.169922,2985.340088,3041.169922,2917.236816,214046
2015-10-22,3029.360107,3078.659912,3022.840088,3074.409912,2949.122314,170509
2015-10-23,3095.850098,3137.699951,3076.48999,3123.709961,2996.4135739999997,270227
2015-10-26,3127.959961,3130.139893,3096.889893,3108.699951,2982.0153809999997,155384
2015-10-27,3106.52002,3106.52002,3089.429932,3092.639893,2966.609375,178484
2015-10-28,3094.709961,3118.330078,3082.909912,3114.080078,2987.176025,184616
2015-10-29,3121.540039,3138.72998,3103.310059,3134.48999,3006.75415,181860
2015-10-30,3136.560059,3147.330078,3099.060059,3108.699951,2982.0153809999997,231615
2015-11-02,3097.929932,3116.26001,3085.080078,3097.929932,2971.684082,173199
2015-11-03,3111.909912,3116.26001,3082.909912,3100.100098,2973.765625,273717
2015-11-04,3107.659912,3130.139893,3070.060059,3078.659912,2953.199219,242482
2015-11-05,3014.340088,3065.820068,2942.459961,3061.469971,2936.709473,497931
2015-11-06,3071.199951,3089.429932,3051.840088,3065.820068,2940.882568,171081
2015-11-09,3058.26001,3069.649902,3004.610107,3004.610107,2882.1669920000004,206857
2015-11-10,3018.590088,3022.840088,2989.590088,3000.360107,2878.090332,459711
2015-11-11,3021.800049,3067.889893,3011.1298829999996,3051.840088,2927.472412,156941
2015-11-12,3044.3798829999996,3048.6201170000004,2962.76001,2987.52002,2865.7734379999997,246952
2015-11-13,2990.72998,2990.72998,2954.27002,2968.149902,2847.192627,200105
2015-11-16,2945.679932,2976.75,2933.8701170000004,2948.889893,2828.717773,232888
2015-11-17,2975.709961,3002.540039,2963.899902,3001.399902,2879.087646,159977
2015-11-18,2977.780029,3000.360107,2954.27002,2991.76001,2869.84082,823499
2015-11-19,3001.399902,3060.429932,2989.590088,3041.169922,2917.236816,214168
2015-11-20,3051.840088,3065.820068,2948.889893,3063.639893,2938.791016,159627
2015-11-23,3056.189941,3066.850098,3042.199951,3042.199951,2918.224854,158350
2015-11-24,3043.23999,3043.23999,2949.919922,2960.689941,2840.036865,320358
2015-11-25,2961.72998,3008.959961,2961.72998,2986.3798829999996,2864.679932,234714
2015-11-26,3000.360107,3007.820068,2977.780029,2988.550049,2866.761475,156939
2015-11-27,2984.310059,2999.320068,2960.689941,2971.360107,2850.272217,153059
2015-11-30,3031.429932,3079.699951,3007.820068,3076.48999,2951.1176760000003,363684
2015-12-01,3091.5,3134.48999,3057.219971,3084.050049,2958.369873,306113
2015-12-02,3107.659912,3126.929932,3091.5,3099.060059,2972.768066,157280
2015-12-03,3096.889893,3116.26001,3046.449951,3067.889893,2942.868164,329078
2015-12-04,3049.659912,3073.47998,3029.360107,3036.820068,2913.064453,260894
2015-12-07,3043.23999,3119.469971,3043.23999,3119.469971,2992.346191,338808
2015-12-08,3090.469971,3190.209961,3081.8701170000004,3190.209961,3060.2036129999997,679893
2015-12-09,3207.399902,3214.860107,3163.3798829999996,3179.540039,3049.9682620000003,295703
2015-12-10,3193.419922,3218.070068,3182.75,3199.840088,3069.441162,244250
2015-12-11,3202.01001,3206.360107,3152.709961,3193.419922,3063.282471,372532
2015-12-14,3193.419922,3214.649902,3137.699951,3146.290039,3018.0732420000004,253700
2015-12-15,3176.330078,3179.540039,3156.959961,3161.310059,3032.481201,289238
2015-12-16,3162.350098,3180.570068,3152.709961,3160.169922,3031.387451,234403
2015-12-17,3199.840088,3246.030029,3193.419922,3231.01001,3099.340576,309886
2015-12-18,3218.070068,3243.860107,3209.570068,3228.840088,3097.259277,539172
2015-12-21,3218.070068,3248.100098,3202.01001,3202.01001,3071.522705,224709
2015-12-22,3217.030029,3232.050049,3183.790039,3218.070068,3086.927979,169282
2015-12-23,3228.840088,3262.090088,3221.3798829999996,3249.23999,3116.8278809999997,301645
2015-12-24,3263.1201170000004,3266.439941,3247.070068,3263.1201170000004,3130.142334,25099
2015-12-29,3263.1201170000004,3314.699951,3254.6298829999996,3314.699951,3179.620361,107828
2015-12-30,3313.560059,3313.560059,3277.100098,3283.52002,3149.7109379999997,132407
2015-12-31,3278.139893,3278.139893,3249.23999,3263.1201170000004,3130.142334,57822
2016-01-04,3263.1201170000004,3263.1201170000004,3189.169922,3209.570068,3078.774414,214147
2016-01-05,3223.449951,3234.22998,3162.350098,3188.030029,3058.112305,149385
2016-01-06,3174.149902,3178.399902,3134.48999,3164.52002,3035.560547,263735
2016-01-07,3105.48999,3120.5,3066.850098,3103.310059,2976.844971,284104
2016-01-08,3103.310059,3142.97998,3086.219971,3086.219971,2960.451172,220908
2016-01-11,3082.909912,3090.469971,3034.639893,3034.639893,2910.973145,228046
2016-01-12,3034.639893,3097.929932,3028.219971,3075.449951,2950.1201170000004,274538
2016-01-13,3100.100098,3126.929932,3092.639893,3112.939941,2986.082275,231662
2016-01-14,3081.8701170000004,3086.219971,2997.149902,3075.449951,2950.1201170000004,317934
2016-01-15,3137.699951,3175.189941,3050.800049,3090.469971,2964.528076,393494
2016-01-18,3086.219971,3112.939941,3065.820068,3077.6201170000004,2952.201904,244288
2016-01-19,3130.139893,3133.76001,3087.26001,3097.929932,2971.684082,236247
2016-01-20,3057.219971,3089.429932,2982.1298829999996,2999.320068,2877.092529,308323
2016-01-21,3014.340088,3056.189941,2992.800049,3031.429932,2907.894043,356537
2016-01-22,3077.6201170000004,3082.909912,3040.030029,3061.469971,2936.709473,233656
2016-01-25,3086.219971,3122.679932,3074.409912,3122.679932,2995.425293,262971
2016-01-26,3076.48999,3099.060059,3056.189941,3081.8701170000004,2956.278564,330022
2016-01-27,3058.26001,3073.27002,3012.169922,3044.3798829999996,2920.316162,395767
2016-01-28,3052.8701170000004,3057.530029,2988.550049,3002.540039,2880.181396,226720
2016-01-29,3035.780029,3059.399902,2992.800049,3059.399902,2934.724121,402351
2016-02-01,3074.409912,3093.679932,3005.75,3035.780029,2912.066895,294894
2016-02-02,3036.820068,3042.199951,2967.110107,2991.76001,2869.84082,280394
2016-02-03,2991.76001,3002.540039,2971.360107,2992.800049,2870.838135,320010
2016-02-04,3014.340088,3026.149902,2955.310059,3012.169922,2889.418701,248550
2016-02-05,3023.97998,3048.6201170000004,2976.75,2987.52002,2865.7734379999997,293752
2016-02-08,2990.72998,3002.540039,2884.459961,2885.600098,2768.006836,379402
2016-02-09,2886.639893,2901.659912,2826.570068,2855.570068,2739.200684,432069
2016-02-10,2871.6201170000004,2954.27002,2871.6201170000004,2945.679932,2825.638428,311718
2016-02-11,2918.850098,2918.850098,2851.219971,2892.02002,2774.165283,265013
2016-02-12,2911.290039,2931.689941,2888.810059,2924.23999,2805.072021,318568
2016-02-15,2987.52002,3005.75,2956.340088,2968.149902,2847.192627,236645
2016-02-16,2978.919922,2996.110107,2951.060059,2982.1298829999996,2860.603027,192410
2016-02-17,2979.959961,3062.610107,2968.149902,3055.050049,2930.55127,222343
2016-02-18,3071.199951,3071.199951,3029.360107,3054.01001,2929.553955,274300
2016-02-19,3051.840088,3067.889893,3027.189941,3041.169922,2917.236816,306875
2016-02-22,3079.699951,3095.850098,3044.3798829999996,3067.889893,2942.868164,260790
2016-02-23,3110.8701170000004,3205.22998,3054.01001,3141.939941,3013.900391,467725
2016-02-24,3135.52002,3181.610107,3119.469971,3174.149902,3044.797852,414785
2016-02-25,3207.399902,3222.419922,3182.22998,3211.649902,3080.769775,315294
2016-02-26,3236.399902,3251.419922,3158.0,3199.840088,3069.441162,300869
2016-02-29,3187.0,3205.22998,3159.139893,3188.030029,3058.112305,299112
2016-03-01,3188.030029,3221.3798829999996,3183.790039,3203.050049,3072.5205079999996,334408
2016-03-02,3221.3798829999996,3262.090088,3198.800049,3202.01001,3071.522705,279916
2016-03-03,3219.209961,3221.3798829999996,3185.959961,3198.800049,3068.443604,207228
2016-03-04,3212.790039,3227.800049,3183.790039,3225.6298829999996,3094.179932,224260
2016-03-07,3224.590088,3237.439941,3175.189941,3197.77002,3067.455566,210700
2016-03-08,3174.149902,3206.360107,3161.310059,3167.72998,3038.639648,322009
2016-03-09,3131.27002,3140.909912,3100.100098,3132.310059,3004.663086,348185
2016-03-10,3141.939941,3173.01001,3057.219971,3061.469971,2936.709473,308259
2016-03-11,3106.52002,3118.330078,3075.449951,3094.709961,2968.595215,242829
2016-03-14,3094.709961,3127.959961,3089.429932,3103.310059,2976.844971,263944
2016-03-15,3087.26001,3094.709961,3064.679932,3078.659912,2953.199219,454707
2016-03-16,3096.889893,3119.469971,3088.290039,3101.23999,2974.8591309999997,256847
2016-03-17,3127.959961,3138.72998,3090.469971,3129.100098,3001.58374,263718
2016-03-18,3129.100098,3191.350098,3125.889893,3158.0,3029.306152,451198
2016-03-21,3138.72998,3185.959961,3138.72998,3175.189941,3045.79541,288573
2016-03-22,3189.169922,3218.070068,3177.360107,3195.590088,3065.3642579999996,248094
2016-03-23,3192.3798829999996,3244.889893,3182.75,3213.820068,3082.851318,434262
2016-03-24,3193.419922,3205.22998,3176.330078,3181.610107,3051.954102,207746
2016-03-29,3181.610107,3239.610107,3178.5,3229.8798829999996,3098.256836,308444
2016-03-30,3259.909912,3283.52002,3230.699951,3267.469971,3134.315186,293859
2016-03-31,3255.659912,3266.439941,3236.399902,3259.909912,3127.0629879999997,340653
2016-04-01,3229.8798829999996,3250.280029,3170.939941,3200.97998,3070.534424,280893
2016-04-04,3198.800049,3232.050049,3181.610107,3209.570068,3078.774414,254160
2016-04-05,3182.75,3191.350098,3163.3798829999996,3189.169922,3059.205811,256300
2016-04-06,3189.169922,3248.100098,3182.75,3248.100098,3115.7346190000003,394079
2016-04-07,3248.100098,3263.1201170000004,3183.790039,3191.350098,3061.2971190000003,365424
2016-04-08,3182.75,3198.800049,3176.330078,3185.959961,3056.126709,256489
2016-04-11,3178.399902,3203.8798829999996,3148.360107,3158.0,3029.306152,219402
2016-04-12,3160.169922,3183.790039,3129.100098,3178.399902,3048.8747559999997,226272
2016-04-13,3206.360107,3219.209961,3192.3798829999996,3218.070068,3086.927979,286752
2016-04-14,3214.860107,3277.100098,3214.860107,3214.860107,3083.848877,557906
2016-04-15,3232.050049,3232.050049,3187.0,3221.3798829999996,3090.103271,196202
2016-04-18,3250.280029,3273.889893,3229.8798829999996,3268.51001,3135.3127440000003,311079
2016-04-19,3266.439941,3331.790039,3266.439941,3299.679932,3165.212402,330340
2016-04-20,3298.540039,3308.179932,3269.649902,3295.330078,3161.0395510000003,178912
2016-04-21,3308.179932,3315.73999,3272.860107,3281.449951,3147.725342,200806
2016-04-22,3285.699951,3287.8798829999996,3251.419922,3261.050049,3128.1567379999997,185948
2016-04-25,3273.889893,3278.139893,3246.030029,3258.8798829999996,3126.074951,291117
2016-04-26,3261.050049,3274.929932,3217.030029,3217.030029,3085.93042,305382
2016-04-27,3196.6298829999996,3277.100098,3149.5,3274.929932,3141.470947,550673
2016-04-28,3276.070068,3283.52002,3228.840088,3266.439941,3133.32666,236561
2016-04-29,3257.840088,3267.469971,3227.800049,3229.8798829999996,3098.256836,290138
2016-05-03,3229.8798829999996,3283.52002,3211.649902,3229.8798829999996,3098.256836,394676
2016-05-04,3237.439941,3243.860107,3185.959961,3210.610107,3079.772217,227519
2016-05-05,3195.590088,3204.189941,3165.560059,3180.570068,3087.499268,195956
2016-05-06,3160.169922,3171.97998,3132.310059,3168.77002,3076.044678,209791
2016-05-09,2963.0,3017.0,2961.0,2985.0,2897.6521,359510
2016-05-10,3011.0,3011.0,2959.0,3005.0,2917.066895,298978
2016-05-11,3000.0,3031.0,2979.0,3005.0,2917.066895,276766
2016-05-12,3001.0,3014.0,2960.0,2975.0,2887.94458,289508
2016-05-13,2961.0,3003.0,2944.0,2996.0,2908.330078,200071
2016-05-16,2991.0,3009.0,2982.0,2998.0,2910.271729,103705
2016-05-17,3006.0,3019.340088,2982.0,2996.0,2908.330078,221673
2016-05-18,2981.0,3005.0,2977.0,2990.0,2902.505615,200520
2016-05-19,2987.0,2987.0,2947.0,2954.0,2867.559082,156706
2016-05-20,2960.0,2986.0,2949.639893,2970.0,2883.091064,320750
2016-05-23,2975.0,2985.0,2963.0,2967.0,2880.178711,175895
2016-05-24,2951.0,2980.0,2936.0,2954.0,2867.559082,215841
2016-05-25,2976.0,2976.0,2931.0,2942.0,2855.9104,377489
2016-05-26,2935.0,2951.0,2926.0,2944.0,2857.8520510000003,172018
2016-05-27,2960.0,2972.0,2938.0,2950.0,2863.67627,295594
2016-05-31,2950.0,2971.0,2935.0,2940.0,2853.96875,365941
2016-06-01,2947.0,2947.0,2911.0,2924.0,2838.4372559999997,310785
2016-06-02,2915.0,2950.0,2915.0,2935.0,2849.11499,347733
2016-06-03,2935.0,2946.0,2917.0,2923.0,2837.466309,173837
2016-06-06,2929.0,2947.330078,2925.0,2933.0,2847.173828,162842
2016-06-07,2934.0,2967.0,2934.0,2959.0,2872.412842,206514
2016-06-08,2941.0,2959.0,2933.0,2953.0,2866.588379,153766
2016-06-09,2959.0,2961.0,2935.0,2950.0,2863.67627,200706
2016-06-10,2938.0,2941.0,2884.0,2918.0,2832.612549,293342
2016-06-13,2892.0,2927.0,2890.0,2912.0,2826.788086,251502
2016-06-14,2923.0,2923.0,2867.0,2872.0,2787.958496,256556
2016-06-15,2895.0,2909.0,2872.0,2893.0,2808.3442379999997,303265
2016-06-16,2884.0,2893.0,2830.0,2845.0,2761.748779,395086
2016-06-17,2847.0,2875.0,2807.0,2838.0,2754.9536129999997,527792
2016-06-20,2884.0,2924.0,2859.0,2902.0,2817.080811,296601
2016-06-21,2907.0,2907.0,2886.0,2893.0,2808.3442379999997,210627
2016-06-22,2895.0,2916.0,2884.0,2910.0,2824.84668,286384
2016-06-23,2933.0,2963.0,2912.0,2933.0,2847.173828,207736
2016-06-24,2797.0,2903.0,2754.1298829999996,2877.0,2792.8122559999997,733660
2016-06-27,2864.0,2884.0,2796.0,2819.0,2736.509521,638592
2016-06-28,2873.0,2901.0,2831.0,2873.0,2788.929443,410688
2016-06-29,2986.0,3013.0,2933.0,3013.0,2924.83252,592172
2016-06-30,3015.0,3139.0,3003.0,3139.0,3047.1455079999996,701535
2016-07-01,3161.0,3196.0,3112.0,3196.0,3102.477783,421222
2016-07-04,3216.0,3216.0,3143.0,3165.0,3072.384766,199656
2016-07-05,3166.0,3196.0,3119.0,3196.0,3102.477783,385989
2016-07-06,3170.0,3224.0,3163.0,3224.0,3129.658447,404448
2016-07-07,3231.0,3272.0,3229.0,3240.0,3145.190186,323685
2016-07-08,3217.0,3263.0,3217.0,3239.0,3144.219482,316129
2016-07-11,3265.0,3274.0,3232.0,3272.0,3176.253906,513598
2016-07-12,3266.0,3294.0,3247.0,3259.0,3163.634033,293295
2016-07-13,3236.0,3291.0,3200.0,3274.0,3178.195068,417727
2016-07-14,3282.0,3330.0,3263.0,3275.0,3179.166016,243236
2016-07-15,3259.0,3283.0,3236.0,3278.0,3182.0783690000003,164862
2016-07-18,3282.0,3324.0,3246.399902,3317.0,3219.936768,231234
2016-07-19,3304.0,3333.0,3261.0,3306.0,3209.258789,227942
2016-07-20,3299.0,3379.0,3299.0,3346.0,3248.088379,353568
2016-07-21,3332.0,3354.0,3300.0,3337.0,3239.351807,236724
2016-07-22,3339.0,3369.0,3322.0,3362.0,3263.620361,277412
2016-07-25,3353.0,3375.0,3307.0,3324.0,3226.732178,301597
2016-07-26,3250.0,3320.0,3250.0,3293.0,3196.639404,517721
2016-07-27,3286.0,3342.0,3285.0,3319.0,3221.878662,377175
2016-07-28,3321.0,3372.0,3318.669922,3319.0,3221.878662,301132
2016-07-29,3315.0,3333.0,3273.0,3325.0,3227.7028809999997,412786
2016-08-01,3325.0,3343.0,3306.0,3324.0,3226.732178,311412
2016-08-02,3307.0,3317.0,3281.0,3295.0,3198.580811,232108
2016-08-03,3311.0,3315.0,3288.0,3299.0,3202.463623,279005
2016-08-04,3315.0,3333.0,3251.0,3302.0,3205.375732,337965
2016-08-05,3327.0,3354.0,3317.0,3334.0,3236.439453,418417
2016-08-08,3347.0,3365.080078,3330.0,3338.0,3240.322266,240394
2016-08-09,3346.0,3388.0,3336.149902,3388.0,3288.859375,161911
2016-08-10,3364.0,3384.0,3350.0,3366.0,3267.50293,236164
2016-08-11,3377.0,3412.0,3364.0,3412.0,3312.156982,380512
2016-08-12,3416.0,3416.0,3367.0,3380.0,3281.0935059999997,154227
2016-08-15,3373.0,3420.0,3368.0,3412.0,3312.156982,200508
2016-08-16,3412.0,3427.0,3385.0,3391.0,3291.771484,191880
2016-08-17,3404.0,3404.0,3374.0,3392.0,3292.7421879999997,313593
2016-08-18,3406.0,3432.0,3390.0,3401.0,3301.47876,284296
2016-08-19,3414.0,3426.0,3388.0,3398.0,3298.56665,261171
2016-08-22,3386.0,3396.0,3369.0,3383.0,3284.005615,167200
2016-08-23,3382.0,3398.0,3361.0,3363.0,3264.59082,208335
2016-08-24,3347.0,3392.0,3334.0,3352.0,3253.912842,296296
2016-08-25,3355.0,3389.0,3344.0,3362.0,3263.620361,342140
2016-08-26,3363.0,3385.0,3357.0,3380.0,3281.0935059999997,191540
2016-08-30,3380.0,3433.0,3334.0,3339.0,3241.293213,384747
2016-08-31,3337.0,3341.0,3298.0,3310.0,3213.141846,351718
2016-09-01,3322.0,3332.0,3293.0,3315.0,3217.995361,243826
2016-09-02,3339.0,3366.0,3312.0,3353.0,3254.883545,215675
2016-09-05,3355.0,3376.0,3327.429932,3343.0,3245.176025,101441
2016-09-06,3333.0,3354.0,3333.0,3352.0,3253.912842,167955
2016-09-07,3380.0,3398.0,3372.0,3383.0,3284.005615,511837
2016-09-08,3355.0,3404.0,3352.0,3380.0,3313.167236,335036
2016-09-09,3388.0,3388.0,3301.0,3309.0,3243.571045,206162
2016-09-12,3283.0,3283.0,3248.0,3263.0,3198.480957,546951
2016-09-13,3280.0,3388.0,3254.0,3286.0,3221.026123,366126
2016-09-14,3296.0,3325.0,3284.699951,3289.0,3223.966553,159890
2016-09-15,3300.0,3319.0,3278.0,3311.0,3245.5317379999997,170384
2016-09-16,3304.0,3337.0,3304.0,3328.0,3262.195557,378489
2016-09-19,3359.0,3359.0,3299.280029,3308.0,3242.591064,512494
2016-09-20,3340.0,3409.6999509999996,3340.0,3389.0,3321.989502,241681
2016-09-21,3398.0,3417.0,3374.0,3389.0,3321.989502,232486
2016-09-22,3402.0,3429.0,3389.0,3394.0,3326.890625,190202
2016-09-23,3396.0,3441.0,3383.0,3429.0,3361.198486,301116
2016-09-26,3411.0,3416.3100590000004,3362.0,3410.0,3342.574219,287164
2016-09-27,3421.0,3473.0,3412.0,3418.0,3350.416016,432145
2016-09-28,3413.0,3465.0,3402.0,3424.0,3356.297363,375809
2016-09-29,3455.0,3525.0,3428.0,3463.0,3394.5261229999996,378633
2016-09-30,3430.0,3492.0,3417.0,3484.0,3415.11084,309658
2016-10-03,3486.0,3566.0,3477.0,3563.0,3492.548828,556756
2016-10-04,3578.0,3629.0,3555.0,3624.0,3552.342773,3478043
2016-10-05,3624.0,3626.0,3558.0,3558.0,3487.647705,735380
2016-10-06,3640.0,3668.0,3578.0,3611.0,3539.5996090000003,504599
2016-10-07,3637.0,3669.0,3608.0,3639.0,3567.046143,470018
2016-10-10,3721.0,3721.0,3638.6999509999996,3669.0,3596.452881,459018
2016-10-11,3661.0,3689.2700200000004,3654.0,3659.0,3586.650879,368575
2016-10-12,3660.0,3684.0,3649.0,3653.0,3580.7692869999996,355838
2016-10-13,3659.0,3669.0,3641.0,3664.0,3591.5520020000004,329009
2016-10-14,3668.0,3694.0,3657.0,3661.0,3588.6110840000006,412004
2016-10-17,3659.0,3660.0,3610.0,3613.0,3541.560303,412522
2016-10-18,3632.0,3656.0,3601.0,3612.0,3540.580078,493687
2016-10-19,3627.0,3632.0,3604.0,3632.0,3560.1845700000003,239024
2016-10-20,3648.0,3648.0,3611.0,3623.0,3551.3623049999997,227437
2016-10-21,3616.0,3636.0,3583.0,3599.0,3527.836914,274398
2016-10-24,3609.0,3624.0,3572.0,3574.0,3503.3312990000004,297379
2016-10-25,3585.0,3617.0,3584.0,3591.0,3519.9951170000004,256330
2016-10-26,3573.0,3644.0,3502.0,3514.0,3444.517822,330210
2016-10-27,3504.0,3536.0,3493.0,3520.0,3450.39917,530972
2016-10-28,3502.0,3512.0,3444.0,3507.0,3437.65625,364139
2016-10-31,3486.0,3508.0,3478.0,3498.0,3428.834229,390832
2016-11-01,3494.0,3510.8000490000004,3464.0,3474.0,3405.3085939999996,350715
2016-11-02,3468.0,3474.0,3443.0,3461.0,3392.565918,441849
2016-11-03,3444.0,3460.0,3308.0,3367.0,3300.424316,768643
2016-11-04,3322.0,3338.0,3240.0,3259.0,3194.560059,633082
2016-11-07,3279.0,3295.0,3238.0,3246.0,3181.816895,739955
2016-11-08,3252.0,3284.0,3244.0,3272.0,3207.302734,481929
2016-11-09,3211.0,3283.0,3174.0,3261.0,3196.520264,466735
2016-11-10,3271.0,3282.0,3105.0,3144.0,3081.83374,1076226
2016-11-11,3142.0,3150.0,3066.0,3073.0,3012.237793,705407
2016-11-14,3096.0,3125.0,3067.0,3072.0,3011.257568,385647
2016-11-15,3095.0,3134.0,3082.0,3115.0,3053.407227,498480
2016-11-16,3127.0,3140.0,3111.0,3132.0,3070.071045,523218
2016-11-17,3144.0,3153.0,3127.0,3136.0,3073.991943,411880
2016-11-18,3128.0,3154.0,3120.0,3141.0,3078.893066,510788
2016-11-21,3131.0,3200.0,3131.0,3198.0,3134.7658690000003,584374
2016-11-22,3214.0,3229.0,3189.0,3191.0,3127.904541,797994
2016-11-23,3198.0,3222.969971,3191.0,3222.0,3158.29126,661303
2016-11-24,3224.0,3256.0,3204.0,3256.0,3191.619141,312885
2016-11-25,3264.0,3286.0,3234.0,3284.0,3219.06543,386664
2016-11-28,3285.0,3307.0,3251.0,3296.0,3230.8283690000003,500509
2016-11-29,3294.0,3316.0,3276.0,3282.0,3217.105225,947496
2016-11-30,3249.0,3294.0,3225.0,3262.0,3197.500732,727699
2016-12-01,3262.0,3264.0,3156.0,3159.0,3096.537354,819450
2016-12-02,3129.0,3196.0,3127.0,3187.0,3123.983643,417858
2016-12-05,3187.0,3248.0,3168.0,3168.0,3105.359375,463079
2016-12-06,3164.0,3176.0,3149.0,3167.0,3104.37915,453741
2016-12-07,3163.0,3177.0,3122.0,3135.0,3073.011963,472573
2016-12-08,3130.0,3177.0,3130.0,3165.0,3102.418457,313256
2016-12-09,3183.0,3194.669922,3163.0,3192.0,3128.884766,402460
2016-12-12,3189.0,3197.0,3076.0,3084.0,3023.020264,491765
2016-12-13,3073.0,3142.0,3073.0,3130.0,3068.110596,512969
2016-12-14,3117.0,3136.0,3107.0,3125.0,3063.209473,434695
2016-12-15,3122.0,3173.0,3113.0,3161.0,3098.497559,370835
2016-12-16,3153.0,3192.320068,3149.0,3192.0,3128.884766,472293
2016-12-19,3204.0,3208.0,3160.0,3208.0,3144.568359,259172
2016-12-20,3202.0,3213.0,3168.73999,3169.0,3106.339355,357218
2016-12-21,3166.0,3174.0,3137.0,3141.0,3078.893066,367753
2016-12-22,3131.0,3161.0,3127.0,3159.0,3096.537354,341846
2016-12-23,3161.0,3162.0,3144.0,3150.0,3087.715088,452032
2016-12-28,3150.0,3185.0,3143.0,3160.0,3097.517334,501085
2016-12-29,3173.0,3182.0,3154.0,3182.0,3119.082275,161052
2016-12-30,3189.0,3196.0,3166.0,3196.0,3132.805664,180491
2017-01-03,3196.0,3235.0,3194.0,3233.0,3169.073975,507413
2017-01-04,3239.0,3244.0,3214.0,3238.0,3173.975098,346072
2017-01-05,3239.0,3279.0,3222.0,3277.0,3212.203857,463983
2017-01-06,3273.0,3281.0,3221.0,3248.0,3183.777344,301853
2017-01-09,3253.0,3277.0,3228.0,3275.0,3210.243652,319295
2017-01-10,3260.0,3276.0,3238.0,3268.0,3203.381836,442471
2017-01-11,3263.0,3294.0,3262.0,3294.0,3228.86792,232723
2017-01-12,3283.0,3325.0,3258.0,3323.0,3257.294434,493354
2017-01-13,3332.0,3342.0,3306.0,3338.0,3271.997803,548941
2017-01-16,3347.0,3350.0,3326.0,3339.0,3272.978027,319603
2017-01-17,3330.0,3338.0,3300.0,3314.0,3248.472412,630278
2017-01-18,3332.0,3344.0,3321.0,3325.0,3259.2548829999996,488627
2017-01-19,3317.0,3352.0,3315.0,3350.0,3283.760498,338592
2017-01-20,3350.0,3374.0,3344.0,3370.0,3303.365234,545272
2017-01-23,3366.0,3374.0,3340.0,3360.0,3293.5627440000003,293979
2017-01-24,3382.0,3410.0,3364.0,3365.0,3298.4638670000004,390499
2017-01-25,3386.0,3390.0,3343.0,3388.0,3321.009033,476841
2017-01-26,3406.0,3409.0,3383.0,3390.0,3322.969727,426445
2017-01-27,3399.0,3430.0,3372.0,3406.0,3338.65332,462545
2017-01-30,3380.0,3411.0,3380.0,3398.0,3330.811523,566038
2017-01-31,3396.0,3396.0,3348.0,3348.0,3281.800049,643207
2017-02-01,3370.0,3373.0,3326.0,3348.0,3281.800049,480496
2017-02-02,3344.0,3360.0,3325.0,3342.0,3275.918701,290039
2017-02-03,3338.0,3370.0,3322.0,3359.0,3292.58252,559995
2017-02-06,3352.0,3380.0,3338.0,3355.0,3288.661621,334193
2017-02-07,3355.0,3409.0,3353.0,3391.0,3323.949951,289891
2017-02-08,3367.0,3404.360107,3358.0,3383.0,3316.108154,317637
2017-02-09,3383.0,3397.0,3382.0,3388.0,3321.009033,268912
2017-02-10,3391.0,3399.0,3360.0,3394.0,3326.890625,311724
2017-02-13,3399.0,3407.0,3374.0,3399.0,3331.791748,348129
2017-02-14,3401.0,3402.0,3367.0,3376.0,3309.246338,324312
2017-02-15,3394.0,3396.0,3345.0,3378.0,3311.207031,464351
2017-02-16,3385.0,3387.0,3357.0,3381.0,3314.147461,322194
2017-02-17,3393.0,3408.0,3370.0,3408.0,3340.613525,301883
2017-02-20,3405.0,3418.0,3382.0,3395.0,3327.87085,210962
2017-02-21,3406.0,3408.0,3361.0,3373.0,3306.305664,348363
2017-02-22,3370.0,3376.0,3333.0,3344.0,3277.87915,354680
2017-02-23,3344.0,3360.0,3328.0,3329.0,3263.175781,335567
2017-02-24,3321.0,3331.0,3300.300049,3310.0,3244.551514,259862
2017-02-27,3335.0,3353.0,3321.0,3345.0,3278.859375,298210
2017-02-28,3414.0,3521.0,3339.0,3508.0,3438.6362299999996,1331918
2017-03-01,3492.0,3515.0,3449.0,3483.0,3414.130615,630012
2017-03-02,3442.0,3609.0,3442.0,3595.0,3523.9160159999997,822074
2017-03-03,3588.0,3596.0,3551.0,3557.0,3486.6674799999996,507078
2017-03-06,3558.0,3566.0,3540.0,3560.0,3489.608398,594318
2017-03-07,3546.0,3617.0,3546.0,3597.0,3525.8767090000006,444584
2017-03-08,3587.0,3624.0,3585.0,3605.0,3533.718506,517849
2017-03-09,3624.0,3692.0,3612.0,3636.0,3564.1054689999996,614734
2017-03-10,3640.0,3661.399902,3608.0,3643.0,3570.9670409999994,380390
2017-03-13,3639.0,3650.0,3623.0,3639.0,3567.046143,413909
2017-03-14,3643.0,3643.0,3615.820068,3616.0,3544.500977,421430
2017-03-15,3631.0,3631.0,3580.0,3629.0,3557.243896,322677
2017-03-16,3663.0,3676.0,3618.0,3629.0,3557.243896,369794
2017-03-17,3613.0,3635.0,3597.0,3621.0,3549.4021,478400
2017-03-20,3621.0,3660.0,3615.0,3651.0,3578.8088380000004,324575
2017-03-21,3643.0,3659.0,3629.0,3629.0,3557.243896,378793
2017-03-22,3613.0,3614.0,3574.4499509999996,3582.0,3511.173096,338153
2017-03-23,3578.0,3630.0,3562.0,3621.0,3549.4021,299338
2017-03-24,3619.0,3630.0,3593.0,3608.0,3536.6591799999997,291809
2017-03-27,3582.0,3603.0,3575.0,3597.0,3525.8767090000006,278195
2017-03-28,3616.0,3616.0,3567.0,3599.0,3527.836914,289395
2017-03-29,3624.0,3624.0,3569.0,3589.0,3518.0349119999996,377854
2017-03-30,3595.0,3595.0,3562.0,3581.0,3510.193115,285028
2017-03-31,3551.0,3584.0,3550.0,3564.0,3493.529297,484437
2017-04-03,3582.0,3590.0,3548.0,3584.0,3513.133789,368414
2017-04-04,3602.0,3628.0,3599.0,3616.0,3544.500977,350526
2017-04-05,3560.0,3565.0,3478.0,3486.0,3417.071533,952158
2017-04-06,3461.0,3503.0,3461.0,3483.0,3414.130615,493865
2017-04-07,3489.0,3507.0,3474.0,3492.0,3422.952637,480347
2017-04-10,3476.0,3547.0,3475.0,3532.0,3462.161865,444276
2017-04-11,3520.0,3598.360107,3520.0,3585.0,3514.114014,789064
2017-04-12,3591.0,3619.0,3582.0,3599.0,3527.836914,348859
2017-04-13,3596.0,3629.0900880000004,3577.0,3628.0,3556.263672,364173
2017-04-18,3628.0,3632.0,3551.0,3554.0,3483.726807,513465
2017-04-19,3550.0,3566.0,3503.0,3508.0,3438.6362299999996,536551
2017-04-20,3511.0,3517.0,3497.0,3517.0,3447.458496,229740
2017-04-21,3600.0,3603.0,3533.0,3541.0,3470.983887,437420
2017-04-24,3565.0,3621.0,3564.0,3619.0,3547.4414060000004,262388
2017-04-25,3629.0,3661.0,3612.6599119999996,3659.0,3586.650879,458873
2017-04-26,3777.0,3877.0,3751.0,3797.0,3721.921875,1008883
2017-04-27,3789.0,3819.0,3751.0,3786.0,3711.139404,607696
2017-04-28,3798.0,3815.0,3745.6599119999996,3764.0,3689.5744630000004,554620
2017-05-02,3791.0,3855.0,3769.0,3820.0,3744.467285,620618
2017-05-03,3811.0,3820.0,3791.0,3819.0,3743.487061,316024
2017-05-04,3771.0,3804.0,3743.0,3804.0,3769.499023,408849
2017-05-05,3809.0,3836.0,3788.0,3835.0,3800.217773,311422
2017-05-08,3824.0,3844.0,3818.320068,3841.0,3806.16333,337554
2017-05-09,3838.0,3878.0,3838.0,3873.0,3837.873047,396566
2017-05-10,3869.0,3912.0,3853.0,3899.0,3863.637207,442449
2017-05-11,3893.0,3936.0,3887.0,3901.0,3865.6191409999997,506990
2017-05-12,3902.0,3955.0,3892.0,3938.0,3902.2836909999996,464116
2017-05-15,3949.0,3959.0,3891.0,3929.0,3893.3652340000003,455119
2017-05-16,3854.0,3947.0,3854.0,3934.0,3898.319824,523201
2017-05-17,3925.0,3938.0,3908.0,3924.0,3888.4106450000004,440018
2017-05-18,3924.0,3951.0,3886.0,3929.0,3893.3652340000003,557824
2017-05-19,3922.0,3957.0,3917.0,3927.0,3891.383301,457798
2017-05-22,3948.0,3948.0,3891.0,3917.0,3881.474121,358510
2017-05-23,3912.0,3999.0,3904.0,3978.0,3941.920898,543960
2017-05-24,3982.0,3989.0,3936.0,3966.0,3930.0295409999994,556192
2017-05-25,3975.0,3975.0,3927.0,3941.0,3905.256348,259604
2017-05-26,3936.0,3982.0,3935.0,3962.0,3926.065918,333246
2017-05-30,3962.0,3975.330078,3924.0,3966.0,3930.0295409999994,295646
2017-05-31,3951.0,3988.0,3951.0,3963.0,3927.056885,539899
2017-06-01,3971.0,4017.0,3971.0,3994.0,3957.775635,424551
2017-06-02,4006.0,4025.0,3990.899902,4020.0,3983.539795,296005
2017-06-05,4013.0,4022.0,3983.0,3998.0,3961.7395020000004,216865
2017-06-06,3988.0,3989.0,3946.0,3960.0,3924.0839840000003,280184
2017-06-07,3956.0,3956.0,3891.0,3904.0,3868.5920409999994,333073
2017-06-08,3910.0,3927.0,3882.0,3894.0,3858.6826170000004,324028
2017-06-09,3920.0,3970.0,3916.0,3950.0,3914.1748049999997,502798
2017-06-12,3939.0,3951.0,3916.0,3938.0,3902.2836909999996,386594
2017-06-13,3949.0,3966.0,3945.0,3963.0,3927.056885,294248
2017-06-14,3977.0,4002.0,3971.0,3971.0,3934.984375,264141
2017-06-15,3988.0,3988.0,3893.0,3904.0,3868.5920409999994,375080
2017-06-16,3917.0,3945.0,3903.0,3906.0,3870.5737299999996,1268726
2017-06-19,3932.0,3974.0,3928.0,3971.0,3934.984375,426477
2017-06-20,3971.0,4013.0,3965.0,3965.0,3929.038818,45708
2017-06-21,3952.0,3989.080078,3940.0,3978.0,3941.920898,84663
2017-06-22,3965.0,3980.0,3939.0,3939.0,3903.274414,33657
2017-06-23,3928.0,3954.0,3908.0,3943.0,3907.2382810000004,90832
2017-06-26,3956.0,4001.330078,3929.0,3985.6899409999996,3949.5410159999997,52029
2017-06-27,3965.0,3986.0,3945.0,3969.540039,3933.537598,24822
2017-06-28,3938.0,3945.0,3908.0,3914.0,3878.501221,83030
2017-06-29,3923.0,3927.280029,3848.0,3860.0,3824.990967,21862
2017-06-30,3860.0,3930.0,3871.0,3885.0,3849.764404,26652
2017-07-03,3883.0,3924.0,3875.959961,3897.0,3861.655518,537681
2017-07-04,3899.0,3901.0,3861.0,3861.0,3825.9819340000004,254839
2017-07-05,3860.0,3878.0,3824.0,3876.0,3840.845947,267806
2017-07-06,3876.0,3884.0,3821.0,3850.0,3815.0817869999996,351911
2017-07-07,3848.0,3860.0,3826.0,3850.0,3815.0817869999996,296134
2017-07-10,3866.0,3866.0,3826.0,3849.0,3814.0908200000003,266368
2017-07-11,3849.0,3868.0,3815.0,3830.0,3795.2631840000004,248030
2017-07-12,3846.0,3910.0,3841.0,3907.0,3871.564697,424318
2017-07-13,3911.0,3911.0,3879.0,3898.0,3862.6464840000003,276141
2017-07-14,3904.0,3904.0,3882.0,3896.0,3860.664551,191642
2017-07-17,3904.0,3935.0,3904.0,3906.0,3870.5737299999996,199225
2017-07-18,3900.0,3925.0,3897.0,3903.0,3867.601074,386402
2017-07-19,3914.0,3939.0,3888.0,3919.0,3883.455811,215107
2017-07-20,3913.0,3937.0,3897.0,3910.0,3874.537598,291204
2017-07-21,3909.0,3930.0,3867.0,3880.0,3844.8095700000003,325052
2017-07-24,3864.0,3891.0,3817.0,3825.0,3790.30835,613288
2017-07-25,3729.0,3795.0,3612.0,3766.0,3731.843506,942481
2017-07-26,3795.0,3825.0,3756.0,3756.0,3721.9343259999996,624905
2017-07-27,3750.0,3774.0,3735.0,3748.0,3714.006836,558571
2017-07-28,3729.0,3737.0,3687.0,3691.0,3657.523926,629358
2017-07-31,3696.0,3715.0,3684.0,3701.0,3667.4331049999996,508545
2017-08-01,3725.0,3764.0,3716.0,3745.0,3711.033936,485500
2017-08-02,3744.0,3751.0,3728.0,3742.0,3708.061279,332814
2017-08-03,3737.0,3747.0,3706.0,3707.0,3673.3786619999996,342762
2017-08-04,3699.0,3759.0,3690.0,3750.0,3715.9887700000004,249249
2017-08-07,3767.0,3777.0,3746.0,3750.0,3715.9887700000004,272467
2017-08-08,3749.0,3768.0,3736.0,3747.0,3713.015869,216195
2017-08-09,3716.0,3775.01001,3715.0,3770.0,3735.8073729999996,429503
2017-08-10,3766.0,3772.0,3740.0,3747.0,3713.015869,345940
2017-08-11,3746.0,3758.0,3734.0,3749.0,3714.997803,296891
2017-08-14,3753.0,3771.0,3750.0,3756.0,3721.9343259999996,382607
2017-08-15,3753.0,3789.0,3750.0,3779.0,3744.725586,217928
2017-08-16,3796.0,3841.0,3796.0,3817.0,3782.381104,372686
2017-08-17,3829.0,3848.0,3817.0,3830.0,3795.2631840000004,261548
2017-08-18,3812.0,3816.0,3783.0,3808.0,3773.462646,309994
2017-08-21,3794.0,3814.0,3791.0,3810.0,3775.44458,244534
2017-08-22,3821.0,3872.0,3821.0,3863.0,3827.9638670000004,201868
2017-08-23,3871.0,3881.0,3858.0,3875.0,3839.8549799999996,210646
2017-08-24,3885.0,3903.0,3867.0,3892.0,3856.7006840000004,205078
2017-08-25,3894.0,3903.0,3875.0,3896.0,3860.664551,213648
2017-08-29,3896.0,3896.0,3851.0,3881.0,3845.8005369999996,372488
2017-08-30,3896.0,3935.0,3857.8400880000004,3859.0,3824.0,233802
2017-08-31,3840.0,3859.389893,3817.0,3842.0,3842.0,352865
2017-09-01,3845.0,3862.0,3834.0,3834.0,3834.0,444110
2017-09-04,3818.0,3855.0,3815.75,3842.0,3842.0,170884
2017-09-05,3834.0,3887.0,3834.0,3863.0,3863.0,284098
2017-09-06,3861.0,3866.0,3824.0,3829.0,3829.0,261238
2017-09-07,3827.0,3868.0,3825.0,3864.0,3864.0,282390
2017-09-08,3856.0,3900.0,3852.0,3900.0,3900.0,224099
2017-09-11,3908.0,3908.0,3862.0,3867.0,3867.0,352089
2017-09-12,3864.0,3891.0,3839.0,3860.0,3860.0,329805
2017-09-13,3839.0,3842.0,3777.0,3777.0,3777.0,397039
2017-09-14,3772.0,3783.0,3710.0,3713.0,3713.0,374692
2017-09-15,3712.0,3721.0,3661.0,3675.0,3675.0,586492
2017-09-18,3693.0,3738.0,3685.0,3737.0,3737.0,238376
2017-09-19,3718.0,3762.0,3713.0,3747.0,3747.0,216862
2017-09-20,3746.0,3789.0,3743.0,3743.0,3743.0,238268
2017-09-21,3732.0,3767.0,3715.0,3767.0,3767.0,331409
2017-09-22,3764.0,3779.0,3744.0,3755.0,3755.0,265874
2017-09-25,3725.0,3751.0,3722.6599119999996,3746.0,3746.0,255315
2017-09-26,3731.0,3736.0,3720.0,3721.0,3721.0,319385
2017-09-27,3732.0,3732.0,3709.0,3725.0,3725.0,323873
2017-09-28,3725.0,3764.0,3708.3400880000004,3757.0,3757.0,306587
2017-09-29,3756.0,3793.3798829999996,3755.0,3793.0,3793.0,359034
2017-10-02,3790.0,3836.9799799999996,3790.0,3836.0,3836.0,366487
2017-10-03,3815.0,3891.0,3815.0,3876.0,3876.0,633532
2017-10-04,3866.0,3895.0,3856.0,3895.0,3895.0,249499
2017-10-05,3893.0,3902.0,3878.0,3893.0,3893.0,454671
2017-10-06,3894.0,3921.0,3869.0,3900.0,3900.0,201446
2017-10-09,3887.0,3918.0,3850.0,3891.0,3891.0,662350
2017-10-10,3877.0,3911.0,3866.0,3877.0,3877.0,303313
2017-10-11,3875.0,3887.0,3857.669922,3880.0,3880.0,336151
2017-10-12,3865.0,3929.0,3861.0,3929.0,3929.0,373045
2017-10-13,3933.0,3975.0,3928.0,3959.0,3959.0,696276
2017-10-16,3957.0,3966.0,3887.0,3897.0,3897.0,316699
2017-10-17,3885.0,3900.0,3875.0,3875.0,3875.0,287505
2017-10-18,3895.0,3908.0,3867.0,3889.0,3889.0,205048
2017-10-19,3889.0,3892.0,3857.0,3875.0,3875.0,230953
2017-10-20,3875.0,3911.0,3875.0,3881.0,3881.0,345608
2017-10-23,3875.0,3916.0,3849.5,3915.0,3915.0,192724
2017-10-24,3900.0,3915.0,3873.0,3873.0,3873.0,185152
2017-10-25,3885.0,3946.0,3858.0,3919.0,3919.0,322662
2017-10-26,3936.0,4002.0,3922.0,3981.0,3981.0,418344
2017-10-27,3973.0,4029.0,3973.0,4020.0,4020.0,347869
2017-10-30,4007.0,4045.0,4005.0,4014.0,4014.0,487150
2017-10-31,4220.0,4220.0,4014.600098,4184.0,4184.0,1046550
2017-11-01,4225.0,4231.0,4162.0,4162.0,4162.0,537640
2017-11-02,4150.0,4200.0,4133.0,4175.0,4175.0,532586
2017-11-03,4175.0,4254.0,4170.0,4242.0,4242.0,341069
2017-11-06,4240.0,4275.0,4227.0,4243.0,4243.0,270545
2017-11-07,4238.0,4253.0,4195.0,4206.0,4206.0,312091
2017-11-08,4197.0,4266.0,4197.0,4262.0,4262.0,432854
2017-11-09,4249.0,4274.0,4215.0,4225.0,4225.0,437101
2017-11-10,4226.0,4240.0,4175.0,4182.0,4182.0,254695
2017-11-13,4209.0,4211.0,4126.0,4153.0,4153.0,389304
2017-11-14,4151.0,4185.0,4145.620117,4181.0,4181.0,406402
2017-11-15,4175.0,4194.0,4157.0,4188.0,4188.0,349603
2017-11-16,4197.0,4246.0,4181.0,4240.0,4240.0,375572
2017-11-17,4230.0,4270.0,4203.0,4270.0,4270.0,451509
2017-11-20,4269.0,4317.0,4265.0,4317.0,4317.0,176079
2017-11-21,4306.0,4333.0,4260.0,4320.0,4320.0,318903
2017-11-22,4314.0,4326.0,4262.0,4275.0,4275.0,259748
2017-11-23,4261.0,4300.0,4244.0,4293.0,4293.0,141580
2017-11-24,4295.0,4315.0,4265.0,4303.0,4303.0,232920
2017-11-27,4289.0,4319.0,4277.0,4298.0,4298.0,261280
2017-11-28,4305.0,4367.0,4281.0,4367.0,4367.0,304661
2017-11-29,4349.0,4349.0,4279.0,4296.0,4296.0,435983
2017-11-30,4279.0,4291.0,4239.0,4273.0,4273.0,591927
2017-12-01,4268.0,4297.0,4231.0,4236.0,4236.0,308808
2017-12-04,4268.0,4310.0,4249.0,4277.0,4277.0,442973
2017-12-05,4296.0,4323.0,4261.0,4316.0,4316.0,319546
2017-12-06,4306.0,4306.0,4261.0,4266.0,4266.0,388418
2017-12-07,4265.0,4302.0,4241.0,4250.0,4250.0,342920
2017-12-08,4255.0,4263.0,4221.0,4253.0,4253.0,310693
2017-12-11,4253.0,4269.0,4234.0,4251.0,4251.0,281301
2017-12-12,4259.0,4265.0,4226.0,4252.0,4252.0,477397
2017-12-13,4250.0,4265.0,4215.0,4250.0,4250.0,435328
2017-12-14,4256.0,4310.0,4239.0,4291.0,4291.0,423962
2017-12-15,4293.0,4331.0,4284.0,4331.0,4331.0,634820
2017-12-18,4332.0,4397.0,4332.0,4373.0,4373.0,301980
2017-12-19,4362.0,4392.0,4338.0,4365.0,4365.0,299747
2017-12-20,4363.0,4369.0,4336.0,4350.0,4350.0,337287
2017-12-21,4340.0,4365.0,4332.0,4363.0,4363.0,534591
2017-12-22,4350.0,4365.0,4335.0,4363.0,4363.0,113669
2017-12-27,4363.0,4406.0,4345.0,4396.0,4396.0,181346
2017-12-28,4409.0,4420.0,4392.0,4405.0,4405.0,113259
2017-12-29,4421.0,4430.0,4396.0,4424.0,4424.0,125080
2018-01-02,4424.0,4428.0,4377.0,4403.0,4403.0,311461
2018-01-03,4396.0,4476.0,4396.0,4461.0,4461.0,342213
2018-01-04,4389.0,4461.0,4389.0,4451.0,4451.0,398612
2018-01-05,4461.0,4488.0,4451.0,4479.0,4479.0,327842
2018-01-08,4488.0,4507.0,4462.0,4497.0,4497.0,423029
2018-01-09,4504.0,4571.0,4500.0,4512.0,4512.0,433393
2018-01-10,4492.0,4505.0,4424.0,4436.0,4436.0,451551
2018-01-11,4433.0,4468.0,4412.0,4436.0,4436.0,484384
2018-01-12,4436.0,4458.0,4388.0,4409.0,4409.0,768912
2018-01-15,4410.0,4417.0,4370.0,4388.0,4388.0,413614
2018-01-16,4395.0,4435.0,4387.0,4422.0,4422.0,361796
2018-01-17,4422.0,4461.0,4400.0,4433.0,4433.0,614394
2018-01-18,4443.0,4455.0,4425.0,4450.0,4450.0,322599
2018-01-19,4467.0,4534.0,4467.0,4534.0,4534.0,696154
2018-01-22,4524.0,4533.0,4469.0,4469.0,4469.0,354639
2018-01-23,4496.0,4645.0,4486.0,4597.0,4597.0,667085
2018-01-24,4602.0,4603.0,4480.0,4480.0,4480.0,442324
2018-01-25,4469.0,4494.0,4383.0,4422.0,4422.0,812105
2018-01-26,4431.0,4529.0,4406.0,4513.0,4513.0,380063
2018-01-29,4510.0,4595.0,4496.0,4513.0,4513.0,510845
2018-01-30,4494.0,4535.0,4483.0,4486.0,4486.0,407147
2018-01-31,4500.0,4533.0,4476.0,4484.0,4484.0,481826
2018-02-01,4500.0,4528.0,4395.0,4399.0,4399.0,478548
2018-02-02,4387.0,4402.0,4354.0,4354.0,4354.0,527987
2018-02-05,4318.0,4364.0,4281.0,4340.0,4340.0,475862
2018-02-06,4235.0,4320.0,4217.0,4267.0,4267.0,868867
2018-02-07,4303.0,4392.0,4254.0,4374.0,4374.0,615051
2018-02-08,4355.0,4396.0,4317.0,4323.0,4323.0,784438
2018-02-09,4316.0,4359.0,4267.0,4273.0,4273.0,531285
2018-02-12,4323.0,4342.0,4301.0,4323.0,4323.0,385851
2018-02-13,4322.0,4352.0,4311.0,4321.0,4321.0,288470
2018-02-14,4354.0,4361.0,4278.0,4325.0,4325.0,418296
2018-02-15,4341.0,4411.0,4333.0,4411.0,4411.0,474058
2018-02-16,4416.0,4478.0,4406.0,4453.0,4453.0,403972
2018-02-19,4474.0,4520.0,4388.0,4410.0,4410.0,323254
2018-02-20,4420.0,4499.0,4420.0,4466.0,4466.0,497669
2018-02-21,4465.0,4537.0,4446.0,4523.0,4523.0,278391
2018-02-22,4489.0,4543.0,4460.0,4538.0,4538.0,321801
2018-02-23,4539.0,4554.0,4513.0,4538.0,4538.0,316222
2018-02-26,4585.0,4612.0,4509.0,4548.0,4548.0,490341
2018-02-27,4469.0,4604.0,4445.0,4550.0,4550.0,540585
2018-02-28,4528.0,4636.0,4527.0,4622.0,4622.0,703290
2018-03-01,4622.0,4631.0,4526.0,4581.0,4581.0,597728
2018-03-02,4535.0,4561.0,4450.0,4456.0,4456.0,490103
2018-03-05,4437.0,4505.0,4413.0,4449.0,4449.0,920302
2018-03-06,4502.0,4593.0,4502.0,4527.0,4527.0,648681
2018-03-07,4507.0,4541.0,4486.0,4525.0,4525.0,447266
2018-03-08,4540.0,4621.0,4509.0,4611.0,4611.0,742001
2018-03-09,4612.0,4646.0,4592.0,4632.0,4632.0,438984
