Date,Open,High,Low,Close,Adj Close,Volume
2015-01-02,1576.0,1578.0,1527.650024,1542.0,1383.632446,1022563
2015-01-05,1522.0,1553.0,1499.0,1503.0,1348.637817,1519467
2015-01-06,1500.0,1511.0,1466.810059,1471.0,1319.924438,2303358
2015-01-07,1490.0,1509.0,1481.140015,1496.0,1342.356812,1646034
2015-01-08,1521.0,1556.0,1510.199951,1552.0,1392.6054689999999,1564761
2015-01-09,1546.0,1560.0,1512.0,1523.0,1366.5839839999999,1437718
2015-01-12,1536.0,1559.0,1516.0,1527.0,1370.172974,1222916
2015-01-13,1520.0,1543.449951,1516.0,1528.0,1371.0703130000002,1807647
2015-01-14,1504.0,1523.0,1476.0,1486.0,1333.383789,1954387
2015-01-15,1502.0,1518.790039,1454.0,1495.0,1341.4594730000001,2935398
2015-01-16,1485.0,1512.569946,1466.400024,1508.0,1353.1245119999999,3815689
2015-01-19,1507.0,1564.0,1507.0,1557.0,1397.091919,1395579
2015-01-20,1567.0,1577.0,1554.0,1568.0,1406.962158,1333172
2015-01-21,1569.0,1599.0,1565.0,1598.0,1433.881226,4394271
2015-01-22,1606.0,1662.0,1555.0,1639.0,1470.670288,6775293
2015-01-23,1616.0,1709.219971,1616.0,1680.0,1507.459351,5831521
2015-01-26,1676.0,1696.0,1642.0,1663.0,1492.205566,2986303
2015-01-27,1660.0,1673.0,1615.0,1624.0,1457.2109380000002,2996342
2015-01-28,1631.0,1642.0,1612.0,1620.0,1453.621704,1957843
2015-01-29,1613.0,1627.0,1604.0,1612.0,1446.443237,1480028
2015-01-30,1616.0,1627.0,1601.859985,1603.0,1438.367676,2412669
2015-02-02,1610.0,1727.040039,1610.0,1718.0,1541.556763,14641064
2015-02-03,1726.0,1787.0,1725.0,1746.0,1566.68103,7166244
2015-02-04,1749.0,1795.8299559999998,1748.0,1779.0,1596.29187,4262531
2015-02-05,1768.0,1781.939941,1743.0,1747.0,1567.5783689999998,6330002
2015-02-06,1740.0,1746.0,1709.0,1724.0,1546.940552,6165512
2015-02-09,1710.0,1760.199951,1704.0,1756.0,1575.654053,3020767
2015-02-10,1760.0,1782.0,1752.0,1782.0,1598.983765,6155373
2015-02-11,1780.0,1793.0,1763.0,1784.0,1600.77832,2366082
2015-02-12,1784.0,1828.0,1784.0,1820.0,1633.081177,10515361
2015-02-13,1846.0,1870.959961,1820.0,1820.0,1633.081177,3169069
2015-02-16,1810.0,1835.0,1809.5,1826.0,1638.464966,2506036
2015-02-17,1824.0,1834.0,1801.0,1811.0,1625.005493,1816319
2015-02-18,1812.0,1872.640015,1812.0,1847.0,1657.308105,2622295
2015-02-19,1843.0,1851.0,1825.4000239999998,1832.0,1643.848633,1597318
2015-02-20,1828.0,2478.5,1821.0,1835.0,1646.540649,1764809
2015-02-23,1849.0,1857.560059,1825.0,1829.0,1641.1567380000001,1598451
2015-02-24,1824.0,1833.0,1810.0,1828.0,1640.259399,2130442
2015-02-25,1830.0,1838.119995,1820.0,1826.0,1638.464966,1889719
2015-02-26,1821.0,1851.0,1788.0,1827.0,1639.362305,2392327
2015-02-27,1819.0,1842.540039,1815.0,1830.0,1642.054077,2696351
2015-03-02,1830.0,1851.0,1812.0,1813.0,1626.799927,2554363
2015-03-03,1814.0,1821.0,1770.0,1770.0,1588.216187,3401185
2015-03-04,1773.0,1791.130005,1732.0,1788.0,1604.367676,3808820
2015-03-05,1752.0,1810.930054,1741.0,1801.0,1656.803955,2284168
2015-03-06,1795.0,1816.0,1788.0,1797.0,1653.124268,2001552
2015-03-09,1760.0,1777.0,1722.0,1727.0,1588.72876,4378229
2015-03-10,1727.0,1749.0,1699.0,1699.0,1562.970459,3340957
2015-03-11,1707.0,1743.130005,1707.0,1742.0,1602.52771,3912801
2015-03-12,1751.0,1813.0,1747.0,1807.0,1662.323608,3943790
2015-03-13,1804.0,1817.0,1794.219971,1811.0,1666.003296,2480472
2015-03-16,1758.0,1771.0,1730.619995,1731.0,1592.408447,8200123
2015-03-17,1729.0,1756.0,1665.969971,1687.0,1551.9313960000002,5435036
2015-03-18,1696.0,1787.0,1682.0,1771.0,1629.205811,4338316
2015-03-19,1782.0,1791.069946,1744.0,1751.0,1610.8071289999998,2624813
2015-03-20,1825.0,1866.0,1812.0,1840.0,1692.6813960000002,7899805
2015-03-23,1847.0,1856.0,1823.3299559999998,1852.0,1703.7205809999998,3049620
2015-03-24,1850.0,1876.0,1825.0,1830.0,1683.4820559999998,3717371
2015-03-25,1820.0,1854.0,1812.0,1817.0,1671.522949,3091396
2015-03-26,1805.0,1808.0,1779.0,1794.0,1650.364502,2206988
2015-03-27,1804.0,1832.0,1779.0,1788.0,1644.844604,2608981
2015-03-30,1770.0,1794.300049,1742.5999760000002,1787.0,1643.924805,3179624
2015-03-31,1785.0,1807.439941,1748.9899899999998,1750.0,1609.887329,2755033
2015-04-01,1750.0,1778.0,1740.959961,1745.0,1605.2875980000001,2191414
2015-04-02,1760.0,1780.469971,1720.0,1762.0,1620.926392,1655579
2015-04-07,1762.0,1790.0999760000002,1762.0,1782.0,1639.325195,2099597
2015-04-08,1789.0,1789.0,1743.0,1752.0,1611.727173,1733331
2015-04-09,1779.0,1809.0,1763.0,1809.0,1664.163574,2756948
2015-04-10,1810.0,1811.0,1791.0,1797.0,1653.124268,1529487
2015-04-13,1796.0,1805.0,1787.0,1790.0,1646.684692,1089578
2015-04-14,1779.0,1805.8499760000002,1779.0,1803.0,1658.643799,1650766
2015-04-15,1815.0,1871.1700440000002,1806.0,1857.0,1708.320435,2722332
2015-04-16,1872.0,1904.449951,1860.0,1860.0,1711.0800780000002,6213306
2015-04-17,1861.0,1869.0,1828.589966,1835.0,1688.081787,3138939
2015-04-20,1839.0,1866.0,1839.0,1860.0,1711.0800780000002,1556496
2015-04-21,1868.0,1898.390015,1862.0,1879.0,1728.55896,2491281
2015-04-22,1890.0,1895.0,1846.0,1859.0,1710.160156,1883672
2015-04-23,1861.0,1869.0,1838.630005,1855.0,1706.480469,3617024
2015-04-24,1865.0,1912.0,1860.0,1900.0,1747.877563,3331488
2015-04-27,1898.0,1918.0,1871.0,1908.0,1755.236938,2473862
2015-04-28,1896.0,1910.47998,1879.0,1892.0,1740.5179440000002,2866465
2015-04-29,1895.0,1902.0,1807.3299559999998,1823.0,1677.04248,2243491
2015-04-30,1855.0,1888.0,1802.7399899999998,1829.0,1682.562134,3584515
2015-05-01,1861.0,1861.0,1805.0,1838.0,1690.8414309999998,1167892
2015-05-05,1838.0,1856.189941,1817.0,1848.0,1700.0408940000002,3826121
2015-05-06,1835.0,1862.0,1802.0,1857.0,1708.320435,3009300
2015-05-07,1850.0,1858.0,1793.300049,1853.0,1704.640747,3175860
2015-05-08,1844.0,1906.589966,1828.0,1891.0,1739.598145,1788310
2015-05-11,1887.0,1892.0,1837.0,1837.0,1689.921753,1716657
2015-05-12,1823.0,1830.0,1805.0,1818.0,1672.4428710000002,2016936
2015-05-13,1818.0,1833.0,1793.089966,1802.0,1657.723999,2431084
2015-05-14,1806.0,1816.199951,1778.0,1810.0,1665.083374,1024898
2015-05-15,1818.0,1832.0,1801.0,1816.0,1670.602905,1072228
2015-05-18,1826.0,1834.0,1799.0,1816.0,1670.602905,1106165
2015-05-19,1826.0,1866.189941,1801.0,1851.0,1702.800659,1164207
2015-05-20,1847.0,1875.319946,1831.0,1851.0,1702.800659,1116374
2015-05-21,1843.0,1860.0,1833.0,1840.0,1692.6813960000002,981244
2015-05-22,1845.0,1856.0,1827.430054,1833.0,1686.241821,1384336
2015-05-26,1833.0,1842.0,1773.0,1776.0,1633.805542,2166096
2015-05-27,1777.0,1843.0,1770.0,1839.0,1691.761475,2706820
2015-05-28,1841.0,1851.0,1831.0,1847.0,1699.120972,1388609
2015-05-29,1843.0,1867.0,1822.140015,1831.0,1684.4021,2104000
2015-06-01,1833.0,1860.0,1801.0,1804.0,1659.563599,1173247
2015-06-02,1814.0,1829.0,1770.75,1792.0,1648.524414,2060578
2015-06-03,1805.0,1867.0,1805.0,1853.0,1704.640747,3069025
2015-06-04,1852.0,1852.0,1799.0,1816.0,1670.602905,3285788
2015-06-05,1800.0,1832.699951,1799.0,1809.0,1664.163574,1756161
2015-06-08,1805.0,1827.0,1799.0,1822.0,1676.122559,2245984
2015-06-09,1814.0,1820.6700440000002,1790.0,1795.0,1651.284302,2188059
2015-06-10,1796.0,1853.9200440000002,1787.0,1842.0,1694.5213620000002,2503288
2015-06-11,1853.0,1893.280029,1852.0,1885.0,1734.078491,2980221
2015-06-12,1870.0,1880.0,1828.0,1845.0,1697.281128,1983388
2015-06-15,1829.0,1847.290039,1817.0,1830.0,1683.4820559999998,2160895
2015-06-16,1820.0,1838.290039,1783.0,1829.0,1682.562134,2835410
2015-06-17,1825.0,1864.0,1825.0,1834.0,1687.161743,2682780
2015-06-18,1824.0,1847.0,1789.0,1847.0,1699.120972,2464868
2015-06-19,1840.0,1932.060059,1831.0,1857.0,1708.320435,3811261
2015-06-22,1884.0,1916.0,1870.459961,1914.0,1760.7565920000002,2767625
2015-06-23,1905.0,1968.0999760000002,1889.0,1927.0,1772.71582,2222349
2015-06-24,1922.0,1930.0,1895.910034,1902.0,1749.717407,1931245
2015-06-25,1897.0,1917.0,1878.0,1883.0,1732.23877,2863490
2015-06-26,1875.0,1877.0,1853.0,1859.0,1710.160156,2408370
2015-06-29,1798.0,1830.9000239999998,1787.0,1809.0,1664.163574,1797912
2015-06-30,1803.0,1818.0,1777.469971,1786.0,1643.005005,2220742
2015-07-01,1805.0,1848.0,1798.0,1814.0,1668.763062,2648562
2015-07-02,1805.0,1831.540039,1805.0,1818.0,1672.4428710000002,2368946
2015-07-03,1809.0,1827.0,1806.0,1811.0,1666.003296,925317
2015-07-06,1775.0,1813.47998,1770.0,1780.0,1637.485352,1602419
2015-07-07,1789.0,1797.0,1730.0,1730.0,1591.488525,3210109
2015-07-08,1732.0,1764.0,1718.709961,1754.0,1613.567017,2114725
2015-07-09,1755.0,1803.0,1755.0,1796.0,1652.204224,1875026
2015-07-10,1813.0,1846.0,1799.0,1846.0,1698.20105,3127795
2015-07-13,1869.0,1895.530029,1853.0,1865.0,1715.679932,1147071
2015-07-14,1865.0,1875.0,1836.0,1862.0,1712.9200440000002,1850776
2015-07-15,1857.0,1898.089966,1850.0,1861.0,1712.000122,1323235
2015-07-16,1873.0,1888.880005,1863.0,1882.0,1731.3187260000002,1667201
2015-07-17,1892.0,1892.0,1861.2399899999998,1863.0,1713.839844,1339424
2015-07-20,1853.0,1872.380005,1852.4000239999998,1862.0,1712.9200440000002,1172948
2015-07-21,1865.0,1881.0,1844.290039,1861.0,1712.000122,1801833
2015-07-22,1850.0,1900.27002,1845.0,1876.0,1725.7990719999998,1422672
2015-07-23,1896.0,1918.0,1874.9000239999998,1899.0,1746.957642,2233952
2015-07-24,1895.0,1921.0,1882.0,1886.0,1734.9985350000002,1109664
2015-07-27,1876.0,1881.0,1834.25,1840.0,1692.6813960000002,1185655
2015-07-28,1839.0,1867.7399899999998,1814.0,1850.0,1701.8807370000002,1478911
2015-07-29,1870.0,1894.380005,1866.0,1888.0,1736.838257,1860340
2015-07-30,1896.0,1904.0,1865.560059,1879.0,1728.55896,1280624
2015-07-31,1879.0,1915.0,1877.699951,1907.0,1754.317139,1615557
2015-08-03,1900.0,1933.5,1885.0,1922.0,1768.116089,1510036
2015-08-04,1914.0,1939.8299559999998,1905.0,1935.0,1780.0753170000003,1649352
2015-08-05,1965.0,1972.77002,1950.0,1957.0,1800.3139649999998,1365210
2015-08-06,1947.0,1958.0,1915.9200440000002,1934.0,1779.155518,1129107
2015-08-07,1936.0,1950.0,1931.0,1941.0,1785.594971,1058107
2015-08-10,1968.0,1968.0,1932.0,1961.0,1803.9936519999999,1031547
2015-08-11,1956.0,1968.0,1940.0,1951.0,1794.794189,1216673
2015-08-12,1937.0,1937.0,1876.2399899999998,1899.0,1746.957642,2647983
2015-08-13,1920.0,1971.0,1920.0,1963.0,1805.8334960000002,1696389
2015-08-14,1973.0,1977.0,1937.0,1951.0,1794.794189,1134546
2015-08-17,1961.0,1977.0,1945.0,1969.0,1811.3532710000002,693896
2015-08-18,1961.0,1983.0,1952.52002,1960.0,1803.073608,1388354
2015-08-19,1950.0,1954.0,1910.2600100000002,1917.0,1763.516602,1082094
2015-08-20,1897.0,1934.0,1878.189941,1895.0,1743.277954,1570547
2015-08-21,1860.0,1886.0,1788.699951,1806.0,1661.403687,3636901
2015-08-24,1740.0,1764.0,1651.069946,1736.0,1597.008057,4511316
2015-08-25,1756.0,1834.290039,1740.0,1805.0,1660.483765,5290844
2015-08-26,1765.0,1833.0,1758.0,1800.0,1655.883911,2032509
2015-08-27,1861.0,1910.9000239999998,1856.0,1893.0,1741.437988,2711005
2015-08-28,1886.0,1923.0,1879.0,1922.0,1768.116089,1725408
2015-09-01,1922.0,1925.0,1850.699951,1880.0,1729.4787600000002,1717835
2015-09-02,1886.0,1894.0,1856.0,1857.0,1708.320435,1835953
2015-09-03,1876.0,1886.699951,1859.7399899999998,1874.0,1723.9592289999998,3842346
2015-09-04,1848.0,1856.0,1827.0,1849.0,1700.960938,2474142
2015-09-07,1861.0,1875.0,1855.0,1875.0,1724.87915,771694
2015-09-08,1879.0,1921.0,1879.0,1916.0,1762.5965579999997,1939904
2015-09-09,1963.0,1979.0,1931.0,1943.0,1787.4346920000003,1355054
2015-09-10,1898.0,1941.47998,1898.0,1919.0,1782.3265379999998,1102398
2015-09-11,1920.0,1927.0,1891.550049,1910.0,1773.967529,1563957
2015-09-14,1904.0,1923.0,1879.7399899999998,1885.0,1750.747925,1440601
2015-09-15,1889.0,1916.0,1879.0,1913.0,1776.753906,1013794
2015-09-16,1926.0,1938.0,1895.0,1908.0,1772.109863,1518183
2015-09-17,1920.0,1920.0,1896.0,1908.0,1772.109863,1319686
2015-09-18,1902.0,1905.0,1841.0,1873.0,1739.6027829999998,1832493
2015-09-21,1862.0,1887.0999760000002,1862.0,1862.0,1729.386108,1629457
2015-09-22,1863.0,1877.640015,1799.640015,1806.0,1677.3745119999999,1606817
2015-09-23,1795.0,1848.0,1776.0,1833.0,1702.451416,1358932
2015-09-24,1823.0,1836.0,1742.310059,1759.0,1633.722046,1556957
2015-09-25,1800.0,1838.0,1790.0,1823.0,1693.163818,1478838
2015-09-28,1810.0,1816.0,1756.3299559999998,1759.0,1633.722046,1675464
2015-09-29,1719.0,1748.0,1690.0,1700.0,1578.92395,3743365
2015-09-30,1730.0,1746.0,1722.0,1741.0,1617.0039060000001,3094598
2015-10-01,1764.0,1774.0,1707.0,1728.0,1604.9296880000002,2961476
2015-10-02,1734.0,1754.0,1685.0,1711.0,1589.1405029999999,1926122
2015-10-05,1749.0,1775.0,1744.0,1768.0,1642.080933,1603742
2015-10-06,1765.0,1788.0,1745.0,1774.0,1647.653564,1162694
2015-10-07,1779.0,1798.0,1752.0,1763.0,1637.437134,2412426
2015-10-08,1760.0,1777.0,1751.5,1765.0,1639.294556,1921852
2015-10-09,1780.0,1787.0,1750.939941,1763.0,1637.437134,1452935
2015-10-12,1769.0,1775.140015,1755.0,1766.0,1640.223389,1257726
2015-10-13,1758.0,1790.0,1743.0,1782.0,1655.083862,1163837
2015-10-14,1760.0,1765.0,1732.0,1734.0,1610.502563,1278396
2015-10-15,1742.0,1767.4899899999998,1735.0,1758.0,1632.793091,901689
2015-10-16,1765.0,1774.0,1740.0,1754.0,1629.0780029999999,934969
2015-10-19,1738.0,1760.0,1719.0,1726.0,1603.0722660000001,1368875
2015-10-20,1727.0,1736.0,1695.0,1726.0,1603.0722660000001,1354410
2015-10-21,1730.0,1794.0,1724.0,1791.0,1663.442749,2014002
2015-10-22,1782.0,1812.089966,1749.380005,1783.0,1656.012573,2228087
2015-10-23,1791.0,1844.410034,1791.0,1823.0,1693.163818,1985611
2015-10-26,1812.0,1825.0,1792.0,1792.0,1664.37146,1228795
2015-10-27,1788.0,1792.27002,1746.780029,1747.0,1622.576416,1424487
2015-10-28,1755.0,1801.0,1755.0,1801.0,1672.7307130000002,1050496
2015-10-29,1802.0,1802.0,1759.619995,1765.0,1639.294556,1368826
2015-10-30,1777.0,1785.0,1762.0,1781.0,1654.154907,1243797
2015-11-02,1765.0,1810.97998,1764.6700440000002,1809.0,1680.160889,982464
2015-11-03,1814.0,1816.0,1782.0,1790.0,1662.51416,1812433
2015-11-04,1801.0,1810.189941,1779.969971,1800.0,1671.80188,1056383
2015-11-05,1740.0,1806.0,1736.0,1796.0,1668.08667,2706536
2015-11-06,1847.0,1892.589966,1840.0,1861.0,1728.457397,2977313
2015-11-09,1852.0,1880.0,1818.0,1820.0,1690.377441,1924342
2015-11-10,1829.0,1830.689941,1761.0,1782.0,1655.083862,1600410
2015-11-11,1800.0,1807.0,1785.0,1791.0,1663.442749,1518517
2015-11-12,1789.0,1799.0,1752.4000239999998,1753.0,1628.14917,1111253
2015-11-13,1749.0,1778.0,1743.0,1777.0,1650.439697,1260938
2015-11-16,1754.0,1795.0,1754.0,1782.0,1655.083862,1105683
2015-11-17,1795.0,1829.0,1793.0,1801.0,1672.7307130000002,1568183
2015-11-18,1785.0,1796.9200440000002,1763.939941,1778.0,1651.368774,1646061
2015-11-19,1810.0,1890.0,1735.0,1875.0,1741.460205,2884075
2015-11-20,1887.0,1912.0,1816.02002,1900.0,1764.679688,4346790
2015-11-23,1882.0,1921.0,1881.0,1917.0,1780.468994,1855235
2015-11-24,1919.0,1919.0,1882.5999760000002,1903.0,1767.466064,2960839
2015-11-25,1915.0,1935.369995,1907.0,1924.0,1786.9703370000002,1566397
2015-11-26,1940.0,1966.0,1930.0,1966.0,1825.9791260000002,1474255
2015-11-27,1950.0,1989.0,1943.0,1960.0,1820.406372,1708854
2015-11-30,1950.0,1976.0,1950.0,1955.0,1815.762573,1520846
2015-12-01,1964.0,1972.0,1952.0,1966.0,1825.9791260000002,2531146
2015-12-02,1985.0,2000.0100100000002,1965.5,1978.0,1837.124512,1196322
2015-12-03,1973.0,1990.0,1903.359985,1942.0,1803.688354,2660082
2015-12-04,1942.0,1967.0,1925.0,1955.0,1815.762573,1406304
2015-12-07,1959.0,1979.0,1947.0,1973.0,1832.480591,941420
2015-12-08,1970.0,1977.0,1943.0,1950.0,1811.1187739999998,2400014
2015-12-09,1956.0,1968.0,1931.0,1941.0,1802.7596440000002,4158575
2015-12-10,1930.0,1940.0,1916.560059,1918.0,1781.397827,1216881
2015-12-11,1912.0,1919.0,1880.0,1880.0,1746.104248,1902311
2015-12-14,1880.0,1904.0,1853.9000239999998,1875.0,1741.460205,1903948
2015-12-15,1899.0,1900.0,1878.0,1885.0,1750.747925,1611458
2015-12-16,1878.0,1891.0,1869.97998,1877.0,1743.3178710000002,1121211
2015-12-17,1911.0,1933.0,1907.0,1921.0,1784.184082,1237683
2015-12-18,1904.0,1920.0,1879.540039,1908.0,1772.109863,1590500
2015-12-21,1907.0,1948.0,1897.969971,1910.0,1773.967529,1406087
2015-12-22,1923.0,1936.0,1906.9000239999998,1927.0,1789.7565920000002,715209
2015-12-23,1943.0,1963.27002,1929.0,1946.0,1807.4034420000003,1021577
2015-12-24,1954.0,1955.0,1930.0,1946.0,1807.4034420000003,84231
2015-12-29,1946.0,1990.0,1946.0,1980.0,1838.9820559999998,629492
2015-12-30,1980.0,1987.0,1969.0,1972.0,1831.551636,275946
2015-12-31,1985.0,1985.0,1959.0,1971.0,1830.6230469999998,133568
2016-01-04,1971.0,1973.0,1896.02002,1917.0,1780.468994,1062718
2016-01-05,1927.0,1958.800049,1924.0,1933.0,1795.329468,805012
2016-01-06,1917.0,1939.0100100000002,1875.0,1897.0,1761.893311,1154278
2016-01-07,1864.0,1889.0,1841.109985,1864.0,1731.2436519999999,1692149
2016-01-08,1865.0,1887.410034,1835.5,1849.0,1717.312012,1226221
2016-01-11,1837.0,1874.310059,1837.0,1848.0,1716.383057,1213556
2016-01-12,1848.0,1892.0,1840.119995,1867.0,1734.030029,1373650
2016-01-13,1883.0,1910.880005,1864.3499760000002,1871.0,1737.744995,2414987
2016-01-14,1845.0,1848.0,1815.910034,1830.0,1699.665161,1966364
2016-01-15,1845.0,1853.0,1778.0,1784.0,1656.941284,3144223
2016-01-18,1789.0,1815.4200440000002,1751.0,1753.0,1628.14917,1374547
2016-01-19,1779.0,1825.0,1778.0,1823.0,1693.163818,1782870
2016-01-20,1780.0,1792.0,1744.0,1759.0,1633.722046,2299951
2016-01-21,1772.0,1814.300049,1754.410034,1801.0,1672.7307130000002,1755686
2016-01-22,1840.0,1868.800049,1815.0,1844.0,1712.668091,2215436
2016-01-25,1849.0,1866.380005,1830.8499760000002,1849.0,1717.312012,919693
2016-01-26,1812.0,1846.0,1803.0,1836.0,1705.237793,969255
2016-01-27,1850.0,1865.0,1825.930054,1865.0,1732.172485,1319666
2016-01-28,1856.0,1861.0,1783.0,1787.0,1659.727783,3211151
2016-01-29,1800.0,1854.0,1792.0,1854.0,1721.955811,1691693
2016-02-01,1863.0,1882.5,1828.0,1849.0,1717.312012,1006943
2016-02-02,1843.0,1856.75,1775.0,1788.0,1660.6563720000001,1347723
2016-02-03,1771.0,1794.300049,1738.0,1741.0,1617.0039060000001,2130810
2016-02-04,1765.0,1785.0,1722.0,1776.0,1649.511108,3740910
2016-02-05,1784.0,1809.0,1763.8499760000002,1770.0,1643.938354,1936901
2016-02-08,1768.0,1770.0,1626.550049,1637.0,1520.410889,3427410
2016-02-09,1630.0,1654.0,1581.0,1639.0,1522.268555,4317476
2016-02-10,1647.0,1739.25,1639.0,1705.0,1583.567749,2702884
2016-02-11,1692.0,1700.0,1636.97998,1660.0,1541.772827,2496499
2016-02-12,1670.0,1702.699951,1652.0,1680.0,1560.348267,2670781
2016-02-15,1705.0,1752.359985,1696.0,1724.0,1601.2146,1234083
2016-02-16,1753.0,1768.0,1715.9200440000002,1734.0,1610.502563,1668549
2016-02-17,1735.0,1796.0,1733.0,1796.0,1668.08667,1414451
2016-02-18,1807.0,1814.0,1776.0,1802.0,1673.659424,1803954
2016-02-19,1802.0,1809.0,1771.0,1791.0,1663.442749,1413196
2016-02-22,1810.0,1839.0,1810.0,1817.0,1687.591064,722398
2016-02-23,1800.0,1833.0,1800.0,1812.0,1682.9471440000002,1172153
2016-02-24,1814.0,1818.0,1753.050049,1771.0,1644.8673099999999,1429744
2016-02-25,1792.0,1815.0,1788.0,1793.0,1665.3005369999998,1135320
2016-02-26,1814.0,1825.0,1795.0,1816.0,1686.6622309999998,1962382
2016-02-29,1799.0,1866.290039,1795.0,1844.0,1712.668091,2086816
2016-03-01,1844.0,1876.369995,1836.0,1868.0,1734.9588620000002,1606552
2016-03-02,1890.0,1903.0,1842.0,1850.0,1718.2407230000001,2054567
2016-03-03,1907.0,1948.0,1743.390015,1935.0,1797.18689,2522131
2016-03-04,1941.0,1953.0,1914.699951,1917.0,1780.468994,2478154
2016-03-07,1910.0,1916.0,1879.0,1901.0,1765.608398,1192031
2016-03-08,1895.0,1925.0,1868.800049,1922.0,1785.112793,2752339
2016-03-09,1950.0,1950.0,1899.0,1917.0,1780.468994,1533548
2016-03-10,1898.0,1917.47998,1859.0,1859.0,1767.160522,1537380
2016-03-11,1884.0,1954.410034,1858.719971,1940.0,1844.158936,2249385
2016-03-14,1942.0,1986.0,1930.0,1955.0,1858.417847,4443957
2016-03-15,1948.0,1964.0,1916.880005,1934.0,1838.4554440000002,780606
2016-03-16,1946.0,1959.0,1925.9200440000002,1933.0,1837.5048829999998,894696
2016-03-17,1939.0,1948.0,1900.0,1947.0,1850.81311,1702379
2016-03-18,1950.0,1961.4200440000002,1941.0,1942.0,1846.0601809999998,1709514
2016-03-21,1931.0,1951.030029,1917.22998,1928.0,1832.7519530000002,1083325
2016-03-22,1926.0,1953.0,1909.619995,1950.0,1853.6649170000003,1583876
2016-03-23,1945.0,1957.0,1932.780029,1938.0,1842.257813,2785490
2016-03-24,1925.0,1966.530029,1925.0,1948.0,1851.763916,1242116
2016-03-29,1948.0,1989.369995,1948.0,1970.0,1872.67688,1432190
2016-03-30,1985.0,2001.0,1971.0,1986.0,1887.886475,1493819
2016-03-31,1980.0,1985.0,1955.050049,1966.0,1868.874634,1141929
2016-04-01,1942.0,1986.0,1935.819946,1981.0,1883.133423,1055043
2016-04-04,1970.0,1993.0,1969.0,1976.0,1878.3806149999998,632107
2016-04-05,1959.0,1971.0,1929.790039,1940.0,1844.158936,1638667
2016-04-06,1965.0,1997.0,1958.0,1980.0,1882.182983,1733636
2016-04-07,1985.0,2008.0,1981.410034,1990.0,1891.6889649999998,1548635
2016-04-08,1997.0,2034.0,1992.0,2023.0,1923.058716,1317961
2016-04-11,2018.0,2041.4200440000002,1979.410034,2026.0,1925.9104,860560
2016-04-12,2028.0,2030.0,2015.0,2022.0,1922.1079100000002,1733733
2016-04-13,2036.0,2071.090088,2025.0,2050.0,1948.7247309999998,1668611
2016-04-14,2057.0,2064.0,2020.949951,2050.0,1948.7247309999998,974291
2016-04-15,2045.0,2048.0,2011.0,2035.0,1934.46582,1448687
2016-04-18,2017.0,2041.0,2010.0,2030.0,1929.7127690000002,909547
2016-04-19,2029.0,2037.410034,2010.0,2023.0,1923.058716,1848531
2016-04-20,2020.0,2020.0,1998.0,2008.0,1908.7996829999997,1233684
2016-04-21,2008.0,2019.640015,1989.4899899999998,2004.0,1904.9971920000003,1272123
2016-04-22,2002.0,2011.0,1970.0,1973.0,1875.528687,1211394
2016-04-25,1983.0,2007.0,1974.630005,1981.0,1883.133423,983002
2016-04-26,1980.0,2016.810059,1977.0,2011.0,1911.6513670000002,2555109
2016-04-27,2020.0,2044.0,1997.0,2042.0,1941.119873,2721525
2016-04-28,2025.0,2036.0,2003.0,2032.0,1931.614014,1468441
2016-04-29,2009.0,2014.0,1969.1500239999998,1988.0,1889.78772,1805967
2016-05-03,1988.0,1988.0,1932.4899899999998,1951.0,1854.6157230000001,1618201
2016-05-04,1948.0,1977.0,1935.790039,1951.0,1854.6157230000001,2222462
2016-05-05,1954.0,1967.199951,1914.0,1948.0,1851.763916,1508230
2016-05-06,1947.0,1973.0,1940.0,1971.0,1873.627686,1770722
2016-05-09,1985.0,2007.22998,1977.0,2003.0,1904.046631,1196202
2016-05-10,2018.0,2037.3499760000002,2008.0,2028.0,1927.811523,1167507
2016-05-11,2028.0,2031.0,2010.089966,2017.0,1917.35498,1507192
2016-05-12,1999.0,2038.0,1997.0,2021.0,1921.157471,1600375
2016-05-13,2018.0,2033.0,1994.22998,2023.0,1923.058716,1026878
2016-05-16,2009.0,2031.0,2008.0,2031.0,1930.66333,890419
2016-05-17,2027.0,2046.0,2016.0,2021.0,1921.157471,641435
2016-05-18,2016.0,2021.709961,1988.0,1999.0,1900.2442629999998,1655603
2016-05-19,1988.0,1999.7600100000002,1960.0,1991.0,1892.639404,1247324
2016-05-20,2014.0,2049.0,2011.0,2043.0,1942.070679,1509114
2016-05-23,2037.0,2059.0,2034.0,2038.0,1937.317627,793263
2016-05-24,2025.0,2080.820068,2022.0,2050.0,1948.7247309999998,1373455
2016-05-25,2071.0,2101.0,2059.0,2078.0,1975.3414309999998,3127476
2016-05-26,2072.0,2079.73999,2047.02002,2060.0,1958.230713,1416780
2016-05-27,2062.0,2086.51001,2053.0,2082.0,1979.143921,1234557
2016-05-31,2082.0,2093.0,2065.0,2075.0,1972.4896239999998,1326167
2016-06-01,2088.0,2088.0,2037.27002,2074.0,1971.539063,1660506
2016-06-02,2073.0,2085.330078,2060.909912,2073.0,1970.5885010000002,1241839
2016-06-03,2078.0,2094.0,2035.4000239999998,2052.0,1950.625977,1090146
2016-06-06,2055.0,2086.0,2045.0,2082.0,1979.143921,843651
2016-06-07,2097.0,2161.0,2092.0,2105.0,2001.007568,1208881
2016-06-08,2094.0,2147.0,2094.0,2147.0,2040.932861,1906835
2016-06-09,2134.0,2142.0,2098.0,2098.0,1994.3535160000001,1104995
2016-06-10,2083.0,2086.0,2027.030029,2053.0,1951.576416,1510844
2016-06-13,2042.0,2047.0,2002.430054,2013.0,1913.5526120000002,1016817
2016-06-14,1999.0,2013.0,1993.469971,2000.0,1901.194824,2048814
2016-06-15,2010.0,2027.0,2000.0,2012.0,1912.602173,1434387
2016-06-16,1990.0,2004.0,1967.0,1982.0,1884.0841059999998,1519304
2016-06-17,1998.0,2015.0,1993.0,1994.0,1895.4913329999997,2501632
2016-06-20,2030.0,2101.72998,2020.0,2061.0,1959.1813960000002,1308765
2016-06-21,2060.0,2068.0,2029.0,2036.0,1935.4162600000002,1004850
2016-06-22,2055.0,2073.0,2035.0,2035.0,1934.46582,1714156
2016-06-23,2057.0,2099.0,2049.0,2094.0,1990.551025,1381472
2016-06-24,2000.0,2089.0,1700.0,2076.0,1973.44043,4472055
2016-06-27,2036.0,2069.0,1902.689941,1950.0,1853.6649170000003,2984239
2016-06-28,1996.0,2048.0,1960.0,2043.0,1942.070679,2064824
2016-06-29,2077.0,2133.600098,2039.0,2122.0,2017.167725,2001651
2016-06-30,2126.0,2185.0,2094.0,2185.0,2077.05542,2460603
2016-07-01,2208.0,2231.0,2182.0,2191.0,2082.758789,3821283
2016-07-04,2207.0,2207.0,2157.0,2158.0,2051.389404,1331150
2016-07-05,2154.0,2170.0,2087.02002,2125.0,2020.019531,2576839
2016-07-06,2112.0,2140.0,2070.0,2096.0,1992.452271,2813380
2016-07-07,2120.0,2146.0,2106.0,2106.0,2001.9580079999998,3153639
2016-07-08,2111.0,2170.810059,2104.72998,2148.0,2041.883423,3652834
2016-07-11,2173.0,2209.0,2169.0,2205.0,2096.0673829999996,3257104
2016-07-12,2197.0,2213.399902,2170.469971,2185.0,2077.05542,2438212
2016-07-13,2176.0,2247.0,2012.699951,2228.0,2117.931152,2878686
2016-07-14,2206.0,2246.0,2190.0,2209.0,2099.869629,2660542
2016-07-15,2215.0,2218.0,2173.0,2204.0,2095.116943,2018188
2016-07-18,2205.0,2221.0,2187.0,2201.0,2092.264893,3568025
2016-07-19,2203.0,2220.0,2190.0,2208.0,2098.919189,1194056
2016-07-20,2220.0,2238.0,2205.0,2215.0,2105.5732420000004,1214045
2016-07-21,2216.0,2219.0,2180.189941,2195.0,2086.561279,1950724
2016-07-22,2251.0,2292.8798829999996,2231.899902,2252.0,2140.745361,2124481
2016-07-25,2247.0,2261.0,2234.0,2243.0,2132.189941,1081855
2016-07-26,2244.0,2261.0,2236.419922,2250.0,2138.8442379999997,1033438
2016-07-27,2262.0,2297.0,2260.0,2287.0,2174.016357,1124307
2016-07-28,2300.0,2308.0,2263.389893,2281.0,2168.3127440000003,979873
2016-07-29,2295.0,2319.73999,2276.0,2302.0,2188.275391,1207808
2016-08-01,2325.0,2332.0,2277.060059,2284.0,2171.164307,1333730
2016-08-02,2273.0,2279.560059,2243.0,2244.0,2133.140625,1460794
2016-08-03,2240.0,2247.1298829999996,2229.0,2230.0,2119.832275,1577659
2016-08-04,2239.0,2266.0,2215.0,2265.0,2153.103271,1919115
2016-08-05,2263.0,2305.439941,2263.0,2295.0,2181.621094,1381421
2016-08-08,2294.0,2332.0,2279.199951,2332.0,2216.793213,1476887
2016-08-09,2334.0,2375.0,2318.070068,2369.0,2251.965332,2610949
2016-08-10,2369.0,2386.0,2361.0,2385.0,2267.174805,1432986
2016-08-11,2391.0,2417.0,2379.0,2415.0,2295.692871,2063808
2016-08-12,2406.0,2456.0,2404.0,2456.0,2334.667236,1960038
2016-08-15,2453.0,2491.0,2443.0,2482.0,2359.3828129999997,1670147
2016-08-16,2471.0,2519.0,2460.0,2512.0,2387.900879,1593837
2016-08-17,2514.0,2627.0,2513.0,2535.0,2409.764648,4264042
2016-08-18,2555.0,2586.1298829999996,2502.360107,2532.0,2406.912598,2274858
2016-08-19,2535.0,2590.290039,2491.52002,2507.0,2383.1479489999997,2703606
2016-08-22,2500.0,2526.959961,2484.0,2508.0,2384.098389,1558885
2016-08-23,2524.0,2531.090088,2492.0,2497.0,2373.641846,1930166
2016-08-24,2483.0,2509.98999,2455.0,2469.0,2347.025146,2751373
2016-08-25,2501.0,2584.0,2476.0,2540.0,2414.517578,3655581
2016-08-26,2520.0,2568.0,2488.0,2540.0,2414.517578,2331115
2016-08-30,2540.0,2603.0,2540.0,2585.0,2457.294189,2460481
2016-08-31,2578.0,2598.0,2547.0,2565.0,2438.282227,3881984
2016-09-01,2564.0,2578.97998,2520.0,2530.0,2405.011475,2170731
2016-09-02,2547.0,2565.709961,2522.0,2537.0,2411.665771,3156186
2016-09-05,2547.0,2592.810059,2532.0,2580.0,2452.54126,1339287
2016-09-06,2577.0,2586.47998,2534.800049,2547.0,2421.1716309999997,1819024
2016-09-07,2553.0,2566.0,2534.0,2562.0,2435.430908,2023523
2016-09-08,2535.0,2571.0,2514.840088,2530.0,2422.790039,1508530
2016-09-09,2512.0,2517.0,2447.0,2449.0,2345.222412,2061334
2016-09-12,2407.0,2534.75,2402.280029,2452.0,2348.095215,2578294
2016-09-13,2451.0,2499.0,2431.580078,2471.0,2366.290039,2318398
2016-09-14,2482.0,2522.0,2476.0,2496.0,2390.230713,2147525
2016-09-15,2481.0,2525.0,2467.0,2515.0,2408.425537,2593953
2016-09-16,2519.0,2540.0,2483.5,2484.0,2378.7392579999996,13004007
2016-09-19,2490.0,2522.0,2472.0,2506.0,2399.806885,2799298
2016-09-20,2503.0,2555.0,2485.5,2517.0,2410.340576,2705412
2016-09-21,2530.0,2555.0,2515.0,2520.0,2413.2138670000004,1803581
2016-09-22,2534.0,2599.0,2530.25,2576.0,2466.840576,2452783
2016-09-23,2574.0,2607.0,2564.0,2607.0,2496.5271,1387153
2016-09-26,2599.0,2599.0,2539.919922,2554.0,2445.772705,1105494
2016-09-27,2572.0,2580.0,2517.0,2535.0,2427.578125,1286682
2016-09-28,2539.0,2590.0,2529.0,2568.0,2459.179443,1091521
2016-09-29,2560.0,2585.0,2544.0,2560.0,2451.518555,1315128
2016-09-30,2539.0,2577.350098,2517.0,2562.0,2453.433838,1826071
2016-10-03,2565.0,2606.0,2550.76001,2581.0,2471.628662,1036321
2016-10-04,2594.0,2686.0,2593.0,2659.0,2546.323486,4091239
2016-10-05,2655.0,2672.0,2596.22998,2641.0,2529.086182,1525404
2016-10-06,2642.0,2659.0,2628.77002,2639.0,2527.170898,1284425
2016-10-07,2660.0,2702.0,2619.590088,2660.0,2547.28125,1386728
2016-10-10,2657.0,2723.0,2646.389893,2723.0,2607.611328,1769765
2016-10-11,2716.0,2724.0,2669.179932,2693.0,2578.8828129999997,1480431
2016-10-12,2676.0,2687.0,2647.0,2657.0,2544.408447,2248091
2016-10-13,2657.0,2657.0,2609.0,2631.0,2519.509766,1257406
2016-10-14,2655.0,2686.0,2634.25,2676.0,2562.603027,1236878
2016-10-17,2658.0,2687.0,2642.0,2680.0,2566.433594,1646640
2016-10-18,2687.0,2750.780029,2687.0,2716.0,2600.908203,1406584
2016-10-19,2705.0,2705.0,2682.0,2691.0,2576.967529,836008
2016-10-20,2685.0,2703.0,2662.0,2688.0,2574.094482,1237003
2016-10-21,2709.0,2721.0,2677.0,2711.0,2596.1201170000004,1186657
2016-10-24,2725.0,2744.0,2701.0,2723.0,2607.611328,1228056
2016-10-25,2732.0,2744.0,2684.070068,2696.0,2581.755615,1213106
2016-10-26,2675.0,2687.280029,2641.0,2671.0,2557.814697,847045
2016-10-27,2662.0,2688.0,2634.0,2660.0,2547.28125,1023214
2016-10-28,2656.0,2671.0,2608.0,2670.0,2556.857178,1251998
2016-10-31,2663.0,2670.0,2644.0,2644.0,2531.959229,2298444
2016-11-01,2659.0,2663.0,2593.47998,2606.0,2495.56958,2183176
2016-11-02,2618.0,2653.659912,2583.0,2596.0,2485.993164,1831532
2016-11-03,2582.0,2613.290039,2538.0,2551.0,2442.899902,1853099
2016-11-04,2534.0,2569.100098,2522.0,2552.0,2443.857422,1219446
2016-11-07,2584.0,2627.0,2552.199951,2602.0,2491.739014,1399473
2016-11-08,2599.0,2659.0,2599.0,2650.0,2537.705078,1333097
2016-11-09,2620.0,2889.47998,2595.0,2810.0,2690.924805,8614402
2016-11-10,2820.0,3029.0,2789.0,2812.0,2692.839844,7148628
2016-11-11,2803.0,2831.0,2731.090088,2760.0,2643.043701,3759886
2016-11-14,2800.0,2819.0,2761.3798829999996,2804.0,2685.178955,3395361
2016-11-15,2805.0,2827.0,2767.0,2781.0,2663.153564,2395933
2016-11-16,2780.0,2798.0,2690.0,2701.0,2586.543945,3119694
2016-11-17,2676.0,2762.0,2645.0,2746.0,2629.636719,3450983
2016-11-18,2755.0,2755.0,2719.0,2732.0,2616.22998,4272184
2016-11-21,2751.0,2770.0,2709.0,2711.0,2596.1201170000004,1990183
2016-11-22,2722.0,2744.0,2691.0,2692.0,2577.925049,1698145
2016-11-23,2701.0,2723.0,2637.0,2649.0,2536.747314,2032919
2016-11-24,2679.0,2717.0,2645.0,2706.0,2591.331787,1636235
2016-11-25,2721.0,2735.0,2682.0,2711.0,2596.1201170000004,1210641
2016-11-28,2713.0,2737.0,2640.699951,2658.0,2545.365967,1644557
2016-11-29,2642.0,2680.0,2612.98999,2642.0,2530.043945,2499180
2016-11-30,2661.0,2715.0,2659.0,2660.0,2547.28125,2278260
2016-12-01,2639.0,2652.0,2603.0,2625.0,2513.76416,1427462
2016-12-02,2600.0,2601.0,2572.0,2575.0,2465.883057,2288232
2016-12-05,2563.0,2629.0,2559.0,2591.0,2481.205078,1928296
2016-12-06,2587.0,2658.0,2571.0,2656.0,2543.450684,2523548
2016-12-07,2690.0,2733.0,2679.550049,2726.0,2610.4841309999997,3643612
2016-12-08,2747.0,2755.110107,2709.0,2720.0,2604.73877,1884121
2016-12-09,2710.0,2740.0,2704.47998,2705.0,2590.374268,1696757
2016-12-12,2703.0,2715.0,2667.0,2678.0,2564.518066,1337708
2016-12-13,2671.0,2701.0,2658.340088,2679.0,2565.47583,1132779
2016-12-14,2669.0,2704.0,2647.300049,2666.0,2553.026855,1362137
2016-12-15,2662.0,2721.0,2659.0,2716.0,2600.908203,1567599
2016-12-16,2725.0,2762.0,2686.0,2700.0,2585.586182,2151866
2016-12-19,2692.0,2701.0,2668.780029,2693.0,2578.8828129999997,815784
2016-12-20,2693.0,2711.320068,2660.0,2710.0,2595.162354,1502733
2016-12-21,2710.0,2719.0,2675.0,2715.0,2599.950439,860515
2016-12-22,2705.0,2720.820068,2686.600098,2720.0,2604.73877,1039090
2016-12-23,2720.0,2743.0,2707.0,2734.0,2618.145264,262362
2016-12-28,2734.0,2768.0,2714.0,2755.0,2638.255371,706005
2016-12-29,2745.0,2789.0,2737.0,2782.0,2664.111084,733546
2016-12-30,2773.0,2830.0,2763.0,2830.0,2710.077393,887786
2017-01-03,2830.0,3342.0,2752.540039,2761.0,2644.001221,1835872
2017-01-04,2758.0,2767.0,2741.0,2754.0,2637.297852,1200439
2017-01-05,2750.0,2781.0,2716.959961,2758.0,2641.128418,1293230
2017-01-06,2745.0,2778.0,2745.0,2767.0,2649.74707,818709
2017-01-09,2764.0,2784.0,2743.040039,2782.0,2664.111084,1099029
2017-01-10,2780.0,2817.0,2780.0,2810.0,2690.924805,1519397
2017-01-11,2804.0,2850.639893,2796.199951,2836.0,2715.822754,1667748
2017-01-12,2835.0,2841.0,2809.0,2833.0,2712.950195,1137053
2017-01-13,2853.0,2895.0,2842.0,2878.0,2756.043457,1452906
2017-01-16,2875.0,2895.0,2839.02002,2862.0,2740.721191,654880
2017-01-17,2861.0,2870.0,2796.0,2796.0,2677.517822,1452049
2017-01-18,2802.0,2827.0,2779.0,2811.0,2691.882568,1587136
2017-01-19,2811.0,2814.600098,2777.0,2792.0,2673.6875,1424959
2017-01-20,2783.0,2849.0,2775.0,2836.0,2715.822754,1347650
2017-01-23,2812.0,2841.030029,2808.0,2822.0,2702.41626,1270322
2017-01-24,2830.0,2876.0,2815.320068,2856.0,2734.975342,1474452
2017-01-25,2900.0,2950.1298829999996,2842.800049,2895.0,2772.322754,2293438
2017-01-26,2900.0,2900.0,2846.0,2863.0,2741.678711,2187288
2017-01-27,2865.0,2880.0,2829.409912,2844.0,2723.4838870000003,2111781
2017-01-30,2836.0,2856.840088,2792.0,2804.0,2685.178955,1087285
2017-01-31,2814.0,2821.0,2754.310059,2770.0,2652.619873,1733605
2017-02-01,2772.0,2831.860107,2770.0,2794.0,2675.602783,2214338
2017-02-02,2801.0,2849.0,2790.0,2835.0,2714.865723,1753676
2017-02-03,2830.0,2882.0,2826.0,2849.0,2728.271973,1389460
2017-02-06,2839.0,2850.0,2804.0,2814.0,2694.755371,1173392
2017-02-07,2829.0,2833.0,2743.0,2745.0,2628.678955,2626464
2017-02-08,2734.0,2757.0,2694.0,2716.0,2600.908203,2551363
2017-02-09,2722.0,2750.969971,2692.0,2740.0,2623.8911129999997,1907140
2017-02-10,2751.0,2796.0,2711.820068,2760.0,2643.043701,1606348
2017-02-13,2775.0,2802.0,2711.330078,2785.0,2666.9838870000003,1203610
2017-02-14,2755.0,2793.409912,2727.139893,2733.0,2617.1875,1926986
2017-02-15,2744.0,2764.0,2737.0,2760.0,2643.043701,1238239
2017-02-16,2777.0,2796.0,2738.0,2764.0,2646.874268,1540637
2017-02-17,2769.0,2788.0,2751.0,2753.0,2636.340088,2018463
2017-02-20,2769.0,2790.0,2756.0,2784.0,2666.026611,911846
2017-02-21,2787.0,2845.939941,2772.0,2814.0,2694.755371,1888770
2017-02-22,2810.0,2823.0,2771.0,2786.0,2667.94165,1474733
2017-02-23,2786.0,2796.0,2688.0,2695.0,2580.797852,2232555
2017-02-24,2696.0,2780.219971,2611.0,2667.0,2553.984375,3430013
2017-02-27,2688.0,2763.0,2663.290039,2744.0,2627.72168,2380845
2017-02-28,2770.0,2773.0,2713.600098,2720.0,2604.73877,3034082
2017-03-01,2774.0,2885.0,2752.659912,2854.0,2733.060303,2631178
2017-03-02,2834.0,2879.0,2823.0,2840.0,2719.65332,2384675
2017-03-03,2842.0,2893.169922,2824.0,2885.0,2762.746826,1417458
2017-03-06,2886.0,2891.0,2855.570068,2875.0,2753.17041,1345401
2017-03-07,2889.0,2907.0,2866.22998,2888.0,2765.619629,1093655
2017-03-08,2878.0,2923.0,2871.0,2898.0,2775.1958010000003,1341247
2017-03-09,2859.0,2911.23999,2832.669922,2870.0,2792.906982,1748168
2017-03-10,2877.0,2917.0,2861.52002,2884.0,2806.5307620000003,1634980
2017-03-13,2880.0,2893.0,2856.0,2861.0,2784.148682,1490334
2017-03-14,2878.0,2880.0,2829.0,2840.0,2763.712646,1666827
2017-03-15,2835.0,2881.659912,2835.0,2853.0,2776.363525,1476079
2017-03-16,2878.0,2879.030029,2824.080078,2850.0,2773.444092,1572128
2017-03-17,2848.0,2856.0,2819.0,2827.0,2751.0620120000003,1324170
2017-03-20,2828.0,2867.0,2814.02002,2850.0,2773.444092,834625
2017-03-21,2853.0,2872.540039,2808.0,2820.0,2744.25,1508010
2017-03-22,2796.0,2896.399902,2772.0,2794.0,2718.948486,2937714
2017-03-23,2801.0,2859.060059,2794.0,2829.0,2753.0083010000003,1753338
2017-03-24,2825.0,2849.0,2795.0,2821.0,2745.223145,4367348
2017-03-27,2780.0,2780.0,2740.0,2763.0,2688.7810059999997,1372982
2017-03-28,2796.0,2812.0,2758.0,2801.0,2725.760254,1175972
2017-03-29,2818.0,2829.0,2783.0,2804.0,2728.6796879999997,1059082
2017-03-30,2811.0,2844.27002,2799.0,2824.0,2748.142578,1002046
2017-03-31,2800.0,2842.540039,2777.0,2810.0,2734.518555,2639734
2017-04-03,2817.0,2851.0,2771.0,2779.0,2704.351318,1362807
2017-04-04,2780.0,2805.0,2775.0,2802.0,2726.733398,1221375
2017-04-05,2815.0,2815.0,2775.0,2785.0,2710.189941,1110451
2017-04-06,2764.0,2783.0,2726.0,2765.0,2690.727295,2416264
2017-04-07,2745.0,2811.0,2745.0,2800.0,2724.787109,1086506
2017-04-10,2796.0,2799.429932,2773.0,2785.0,2710.189941,616597
2017-04-11,2756.0,2793.0,2745.0,2757.0,2682.9423829999996,1208023
2017-04-12,2762.0,2778.949951,2723.0,2743.0,2669.318359,1006556
2017-04-13,2733.0,2734.77002,2694.0,2701.0,2628.446533,1206943
2017-04-18,2701.0,2715.860107,2610.080078,2614.0,2543.783447,2861297
2017-04-19,2601.0,2662.0,2600.0,2636.0,2565.192627,1663591
2017-04-20,2610.0,2678.0,2599.5,2676.0,2604.11792,1617556
2017-04-21,2715.0,2728.0,2653.679932,2709.0,2636.231445,2688762
2017-04-24,2821.0,2867.0,2755.699951,2854.0,2777.33667,3396400
2017-04-25,2848.0,2868.469971,2836.0,2839.0,2762.739502,2297313
2017-04-26,2851.0,2891.0,2824.0,2849.0,2772.470947,2878139
2017-04-27,2835.0,2842.949951,2801.0,2826.0,2750.088623,1517452
2017-04-28,2815.0,2843.0,2778.0,2819.0,2743.276855,1410098
2017-05-02,2829.0,2897.0,2816.0,2887.0,2809.450195,2097159
2017-05-03,2874.0,2890.0,2854.0,2887.0,2809.450195,1412662
2017-05-04,2887.0,2935.0,2887.0,2909.0,2830.859375,1305623
2017-05-05,2900.0,2955.0,2891.0,2920.0,2841.563721,2840846
2017-05-08,2917.0,2927.0,2864.0,2872.0,2794.853271,1353491
2017-05-09,2880.0,2930.0,2869.0,2887.0,2809.450195,948774
2017-05-10,2863.0,2894.0,2846.0,2881.0,2803.611328,1647534
2017-05-11,2915.0,2918.0,2872.0,2892.0,2814.315918,1524168
2017-05-12,2900.0,2911.0,2853.939941,2878.0,2800.691895,1268397
2017-05-15,2865.0,2880.0,2842.0,2877.0,2799.71875,1264357
2017-05-16,2873.0,2890.0,2851.610107,2874.0,2796.799561,968327
2017-05-17,2854.0,2856.0,2297.699951,2774.0,2699.485596,2345637
2017-05-18,2778.0,2788.110107,2684.0,2773.0,2698.512451,2954521
2017-05-19,2790.0,2820.0,2773.219971,2812.0,2736.464844,1261221
2017-05-22,2848.0,2850.0,2778.8701170000004,2797.0,2721.8676760000003,1023469
2017-05-23,2800.0,2837.0,2796.0,2809.0,2733.54541,959444
2017-05-24,2798.0,2815.0,2776.0,2785.0,2710.189941,1397068
2017-05-25,2814.0,2814.0,2762.0,2774.0,2699.485596,918274
2017-05-26,2780.0,2801.0,2742.939941,2790.0,2715.055908,1667634
2017-05-30,2790.0,2828.350098,2755.0,2804.0,2728.6796879999997,1379556
2017-05-31,2814.0,2855.0,2783.790039,2792.0,2717.002197,2406691
2017-06-01,2823.0,2837.0,2791.419922,2827.0,2751.0620120000003,1898402
2017-06-02,2851.0,2865.0,2818.409912,2840.0,2763.712646,1123361
2017-06-05,2833.0,2837.1201170000004,2809.0,2809.0,2733.54541,788351
2017-06-06,2787.0,2800.0,2759.419922,2777.0,2702.405029,1265872
2017-06-07,2761.0,2794.0,2753.0,2778.0,2703.378174,1537132
2017-06-08,2772.0,2829.0,2755.0,2802.0,2726.733398,1602936
2017-06-09,2832.0,2880.0,2811.98999,2876.0,2798.74585,1867197
2017-06-12,2854.0,2866.0,2813.48999,2846.0,2769.551514,1068419
2017-06-13,2852.0,2887.0,2836.689941,2845.0,2768.5783690000003,1469564
2017-06-14,2850.0,2869.22998,2823.0,2842.0,2765.658936,3926417
2017-06-15,2826.0,2846.169922,2778.0,2799.0,2723.813965,1521379
2017-06-16,2798.0,2826.0,2777.0,2821.0,2745.223145,2774304
2017-06-19,2851.0,2886.0,2843.0,2868.0,2790.960693,737781
2017-06-20,2893.0,2901.0,2868.389893,2882.0,2804.584473,69860
2017-06-21,2868.0,2886.459961,2841.0,2875.0,2797.772461,998164
2017-06-22,2865.0,2863.780029,2819.6298829999996,2840.0,2763.712646,591718
2017-06-23,2821.0,2834.610107,2792.0,2822.0,2746.196289,182902
2017-06-26,2839.0,2852.47998,2823.0,2834.060059,2757.932373,1524222
2017-06-27,2826.0,2831.840088,2771.8701170000004,2785.179932,2710.365234,409211
2017-06-28,2777.0,2824.0,2755.75,2777.0,2702.405029,2548511
2017-06-29,2798.0,2797.139893,2735.0,2750.0,2676.130127,453505
2017-06-30,2733.0,2791.0,2725.969971,2734.0,2660.560059,363688
2017-07-03,2734.0,2773.0,2730.0,2770.0,2695.593018,1675115
2017-07-04,2764.0,2793.0,2755.0,2770.0,2695.593018,1457659
2017-07-05,2766.0,2807.0,2756.51001,2803.0,2727.706543,1474749
2017-07-06,2802.0,2807.0,2750.23999,2758.0,2683.915283,1333450
2017-07-07,2753.0,2773.0,2736.0,2772.0,2697.539307,827149
2017-07-10,2774.0,2798.0,2759.0,2779.0,2704.351318,1053952
2017-07-11,2775.0,2786.310059,2744.449951,2755.0,2680.996094,850757
2017-07-12,2765.0,2845.419922,2762.0,2820.0,2744.25,1777702
2017-07-13,2810.0,2841.0,2797.0,2798.0,2722.84082,1352200
2017-07-14,2802.0,2803.709961,2747.0,2756.0,2681.9689940000003,1285428
2017-07-17,2751.0,2776.0,2746.0,2760.0,2685.861572,837754
2017-07-18,2762.0,2771.0,2712.459961,2744.0,2670.291504,1749014
2017-07-19,2758.0,2787.0,2747.570068,2770.0,2695.593018,1356272
2017-07-20,2762.0,2815.0,2718.790039,2754.0,2680.022705,1316332
2017-07-21,2738.0,2761.0,2700.070068,2717.0,2644.016602,2152783
2017-07-24,2714.0,2724.0,2663.0,2685.0,2612.876221,2306915
2017-07-25,2693.0,2730.0,2686.0,2714.0,2641.097412,1145777
2017-07-26,2705.0,2744.0,2687.0,2728.0,2654.721191,1477280
2017-07-27,2709.0,2725.0,2698.0,2718.0,2644.98999,3003545
2017-07-28,2691.0,2728.0,2649.0,2667.0,2595.3598629999997,2372950
2017-07-31,2668.0,2679.0,2654.0,2657.0,2585.628418,1392250
2017-08-01,2642.0,2690.0,2636.0,2670.0,2598.279053,1634763
2017-08-02,2640.0,2642.0,2593.0,2625.0,2554.488037,3227513
2017-08-03,2625.0,2696.0,2613.0,2670.0,2598.279053,2159599
2017-08-04,2650.0,2714.0,2649.0,2699.0,2626.5002440000003,1524396
2017-08-07,2707.0,2716.0,2680.800049,2696.0,2623.580811,744248
2017-08-08,2685.0,2705.0,2669.0,2697.0,2624.553955,1056934
2017-08-09,2669.0,2673.0,2638.0,2660.0,2588.547852,2027044
2017-08-10,2665.0,2677.0,2628.0,2636.0,2565.192627,1356088
2017-08-11,2629.0,2653.0,2602.0,2628.0,2557.407471,1462535
2017-08-14,2624.0,2667.0,2624.0,2659.0,2587.574707,690256
2017-08-15,2677.0,2733.0,2661.0,2719.0,2645.962891,1871570
2017-08-16,2735.0,2765.0,2730.0,2746.0,2672.237549,1681707
2017-08-17,2737.0,2752.0,2712.0,2723.0,2649.855469,1553344
2017-08-18,2694.0,2708.0,2659.0,2671.0,2599.252441,1600921
2017-08-21,2652.0,2680.0,2645.0,2659.0,2587.574707,2812485
2017-08-22,2668.0,2709.0,2650.689941,2699.0,2626.5002440000003,945419
2017-08-23,2702.0,2714.0,2650.689941,2690.0,2617.741943,1746422
2017-08-24,2801.0,2817.0,2747.0,2793.0,2717.975098,3586629
2017-08-25,2781.0,2816.0,2719.0,2720.0,2646.936035,2473634
2017-08-29,2720.0,2720.0,2608.399902,2647.0,2575.896973,4012379
2017-08-30,2683.0,2685.449951,2648.27002,2668.0,2596.332764,5475215
2017-08-31,2685.0,2725.0,2664.110107,2715.0,2642.0703129999997,2718955
2017-09-01,2715.0,2767.8701170000004,2706.75,2734.0,2660.560059,1984447
2017-09-04,2740.0,2757.0,2719.0,2744.0,2670.291504,1506437
2017-09-05,2744.0,2758.0,2699.0,2699.0,2626.5002440000003,1275134
2017-09-06,2689.0,2699.0,2651.0,2667.0,2595.3598629999997,1195174
2017-09-07,2675.0,2699.0,2648.0,2676.0,2623.001221,1278860
2017-09-08,2663.0,2674.0,2646.0,2652.0,2599.4765629999997,887934
2017-09-11,2666.0,2696.0,2660.0,2665.0,2612.2192379999997,1447806
2017-09-12,2665.0,2689.530029,2654.0,2654.0,2601.4370120000003,6639469
2017-09-13,2677.0,2679.0,2657.0,2662.0,2609.278564,1792413
2017-09-14,2660.0,2679.439941,2629.0,2644.0,2591.63501,1507950
2017-09-15,2642.0,2662.22998,2619.0,2640.0,2587.714355,3083083
2017-09-18,2651.0,2678.0,2635.0,2673.0,2620.060791,1661667
2017-09-19,2657.0,2698.0,2654.0,2669.0,2616.139893,1628128
2017-09-20,2662.0,2682.610107,2646.0,2655.0,2602.417236,1510509
2017-09-21,2763.0,2775.0,2675.100098,2719.0,2665.149658,5291159
2017-09-22,2711.0,2761.659912,2699.0,2721.0,2667.110107,2113803
2017-09-25,2686.0,2723.580078,2682.0,2695.0,2641.625,1701280
2017-09-26,2681.0,2694.0,2664.040039,2670.0,2617.1201170000004,1182725
2017-09-27,2697.0,2731.0,2686.0,2705.0,2651.427002,3318554
2017-09-28,2709.0,2784.0,2709.0,2784.0,2728.862305,2169149
2017-09-29,2790.0,2841.0,2787.600098,2837.0,2780.8127440000003,2550188
2017-10-02,2837.0,2844.0,2798.0,2811.0,2755.3276370000003,2446164
2017-10-03,2817.0,2835.23999,2809.0,2829.0,2772.971191,1349713
2017-10-04,2825.0,2843.0,2821.060059,2835.0,2778.852295,2222259
2017-10-05,2828.0,2844.0,2788.040039,2810.0,2754.347412,4000674
2017-10-06,2755.0,2781.0,2748.820068,2774.0,2719.060303,4027309
2017-10-09,2764.0,2786.0,2746.0,2747.0,2692.595215,1261144
2017-10-10,2740.0,2756.0,2738.0,2746.0,2691.61499,1330102
2017-10-11,2768.0,2778.0,2749.0,2765.0,2710.238525,1534162
2017-10-12,2751.0,2770.5,2746.0,2751.0,2696.5158690000003,1241914
2017-10-13,2740.0,2796.540039,2724.0,2752.0,2697.496094,1595927
2017-10-16,2760.0,2765.0,2722.0,2728.0,2673.971436,1394276
2017-10-17,2724.0,2732.0,2692.0,2724.0,2670.050537,1328438
2017-10-18,2725.0,2734.0,2704.0,2723.0,2669.070557,1633598
2017-10-19,2729.0,2750.0,2705.0,2746.0,2691.61499,1287750
2017-10-20,2793.0,2806.0,2769.0,2790.0,2734.743408,2182341
2017-10-23,2855.0,2867.959961,2816.8701170000004,2818.0,2762.188965,1908116
2017-10-24,2806.0,2839.0,2804.0,2838.0,2781.792969,1066256
2017-10-25,2830.0,2846.0,2790.0,2800.0,2744.54541,1296156
2017-10-26,2821.0,2864.290039,2806.0,2852.0,2795.515625,1581748
2017-10-27,2861.0,2894.0,2832.0,2861.0,2804.337402,1875548
2017-10-30,2857.0,2862.0,2817.0,2825.0,2769.050293,2288668
2017-10-31,2835.0,2850.75,2824.570068,2834.0,2777.87207,1357540
2017-11-01,2802.0,2841.0,2611.219971,2780.0,2724.94165,3759445
2017-11-02,2799.0,2807.0,2611.219971,2804.0,2748.466309,2450696
2017-11-03,2820.0,2821.0,2783.0,2793.0,2737.684082,1844838
2017-11-06,2782.0,2811.0,2763.0,2764.0,2709.258545,780130
2017-11-07,2780.0,2783.969971,2698.0,2698.0,2644.565674,1612738
2017-11-08,2710.0,2762.100098,2705.0,2761.0,2706.317871,2141709
2017-11-09,2765.0,2785.0,2724.699951,2725.0,2671.0307620000003,2069199
2017-11-10,2740.0,2748.419922,2690.8798829999996,2701.0,2647.506104,1501097
2017-11-13,2737.0,2737.0,2651.300049,2670.0,2617.1201170000004,1416208
2017-11-14,2685.0,2726.929932,2637.040039,2663.0,2610.258789,1620258
2017-11-15,2628.0,2645.0,2613.0,2636.0,2583.793457,2202287
2017-11-16,2673.0,2681.100098,2618.169922,2674.0,2621.041016,1703221
2017-11-17,2715.0,2718.0,2685.0,2700.0,2646.525879,1609314
2017-11-20,2721.0,2751.0,2717.0,2740.0,2685.7338870000003,1276150
2017-11-21,2708.0,2747.0,2664.0,2673.0,2620.060791,3113368
2017-11-22,2655.0,2688.0,2638.0,2638.0,2585.753906,2274732
2017-11-23,2645.0,2667.0,2634.0,2644.0,2591.63501,886486
2017-11-24,2632.0,2651.0,2614.0,2649.0,2596.5361329999996,1123351
2017-11-27,2644.0,2658.0,2620.0,2621.0,2569.090576,1884552
2017-11-28,2617.0,2650.0,2597.0,2644.0,2591.63501,1282173
2017-11-29,2635.0,2643.0,2607.0,2618.0,2566.149902,2218674
2017-11-30,2615.0,2627.0,2562.0,2566.0,2515.179932,2579312
2017-12-01,2574.0,2598.0,2538.0,2547.0,2496.556152,6249375
2017-12-04,2595.0,2624.0,2586.0,2604.0,2552.427246,3340033
2017-12-05,2617.0,2622.0,2573.0,2581.0,2529.8828129999997,2050636
2017-12-06,2570.0,2581.0,2554.0,2579.0,2527.9223629999997,1666042
2017-12-07,2581.0,2631.0,2574.0,2580.0,2528.902588,2789630
2017-12-08,2618.0,2638.0,2601.0,2628.0,2575.951904,3416300
2017-12-11,2635.0,2659.0,2621.0,2641.0,2588.69458,2505964
2017-12-12,2649.0,2649.0,2589.0,2596.0,2544.585693,3111268
2017-12-13,2595.0,2601.0,2571.0,2585.030029,2533.8330079999996,2558829
2017-12-14,2583.0,2583.0,2530.0,2530.0,2479.892822,2384525
2017-12-15,2546.0,2554.0,2522.0,2532.0,2481.853271,2535126
2017-12-18,2557.0,2582.0,2535.0,2545.0,2494.595703,2810480
2017-12-19,2546.0,2600.0,2543.0,2600.0,2548.506592,1879885
2017-12-20,2586.0,2614.0,2572.0,2601.0,2549.486572,1744234
2017-12-21,2607.0,2648.0,2593.0,2646.0,2593.595459,1403934
2017-12-22,2636.0,2669.0,2632.0,2655.0,2602.417236,966243
2017-12-27,2655.0,2710.0,2654.0,2663.0,2610.258789,1154492
2017-12-28,2670.0,2670.0,2648.0,2663.0,2610.258789,1110375
2017-12-29,2660.0,2675.0,2642.0,2657.0,2604.377686,537806
2018-01-02,2657.0,2667.0,2635.0,2651.0,2598.496338,2678264
2018-01-03,2652.0,2686.0,2642.0,2679.0,2625.941895,2769823
2018-01-04,2695.0,2754.0,2691.0,2744.0,2689.654541,2655529
2018-01-05,2739.0,2762.0,2729.0,2762.0,2707.298096,2261936
2018-01-08,2752.0,2761.0,2727.0,2755.0,2700.436768,1982656
2018-01-09,2746.0,2774.0,2735.0,2764.0,2709.258545,2238635
2018-01-10,2764.0,2764.0,2730.0,2749.0,2694.55542,1766477
2018-01-11,2759.0,2760.0,2705.0,2706.0,2652.407227,3322638
2018-01-12,2720.0,2725.0,2693.0,2704.0,2650.446777,2218730
2018-01-15,2699.0,2709.0,2677.0,2693.0,2639.6645510000003,1219454
2018-01-16,2702.0,2704.0,2665.0,2680.0,2626.9221190000003,2561229
2018-01-17,2690.0,2690.0,2656.0,2661.0,2608.29834,1311196
2018-01-18,2680.0,2680.0,2618.0,2624.0,2572.03125,1290101
2018-01-19,2615.0,2683.0,2610.0,2683.0,2629.862549,2516415
2018-01-22,2684.0,2716.0,2673.0,2716.0,2662.208984,3382170
2018-01-23,2731.0,2773.0,2715.0,2770.0,2715.139648,4460991
2018-01-24,2762.0,2772.0,2698.0,2698.0,2644.565674,2599454
2018-01-25,2695.0,2726.0,2666.0,2683.0,2629.862549,2314892
2018-01-26,2723.0,2732.0,2696.0,2725.0,2671.0307620000003,2484425
2018-01-29,2732.0,2744.0,2711.0,2714.0,2660.248779,1877461
2018-01-30,2687.0,2701.0,2666.0,2672.0,2619.080566,2351626
2018-01-31,2687.0,2687.0,2610.0,2612.0,2560.268799,3342511
2018-02-01,2627.0,2632.0,2559.0,2575.0,2524.001709,2213329
2018-02-02,2570.0,2573.0,2529.0,2542.0,2491.655273,2457299
2018-02-05,2503.0,2524.0,2491.0,2496.0,2446.566162,2022159
2018-02-06,2406.0,2510.0,2397.0,2451.0,2402.45752,3732754
2018-02-07,2500.0,2505.0,2435.0,2491.0,2441.665283,2862602
2018-02-08,2465.0,2478.0,2394.0,2396.0,2348.546875,3272133
2018-02-09,2379.0,2417.0,2354.0,2380.0,2332.863525,2709509
2018-02-12,2428.0,2436.0,2406.0,2428.0,2379.913086,2344411
2018-02-13,2412.0,2470.0,2390.0,2459.0,2410.299072,3311884
2018-02-14,2476.0,2485.0,2402.0,2427.0,2378.932861,2233527
2018-02-15,2446.0,2492.0,2441.0,2489.0,2439.704834,3260097
2018-02-16,2515.0,2528.0,2482.0,2482.0,2432.8435059999997,2114567
2018-02-19,2479.0,2488.0,2450.0,2458.0,2409.318848,747593
2018-02-20,2470.0,2515.0,2459.0,2500.0,2450.487061,1905972
2018-02-21,2500.0,2504.0,2471.0,2491.0,2441.665283,1287309
2018-02-22,2468.0,2497.0,2452.0,2489.0,2439.704834,1161608
2018-02-23,2489.0,2495.0,2459.0,2466.0,2417.1604,860573
2018-02-26,2473.0,2490.0,2456.0,2473.0,2424.021729,1351801
2018-02-27,2480.0,2490.0,2434.0,2436.0,2387.754639,1674132
2018-02-28,2429.0,2439.0,2399.0,2402.0,2354.427979,2347109
2018-03-01,2475.0,2484.0,2418.0,2445.0,2396.576416,4592823
2018-03-02,2412.0,2424.0,2384.0,2399.0,2351.487305,2756696
2018-03-05,2417.0,2471.0,2394.0,2461.0,2412.259521,4830883
2018-03-06,2487.0,2498.0,2439.0,2439.0,2390.695068,1879381
2018-03-07,2435.0,2473.0,2430.0,2464.0,2415.199951,2037957
2018-03-08,2430.0,2448.0,2409.0,2444.0,2444.0,2065631
2018-03-09,2432.0,2470.0,2432.0,2445.0,2445.0,1582600
