Date,Open,High,Low,Close,Adj Close,Volume
2015-01-02,23.950001,23.969998999999998,23.620001000000002,23.77,22.320131,190000
2015-01-05,23.35,23.35,22.879998999999998,23.059998999999998,21.65344,358700
2015-01-06,22.690001000000002,22.889999,22.299999,22.51,21.136986,535000
2015-01-07,22.700001,22.969998999999998,22.59,22.91,21.512587,228600
2015-01-08,23.17,23.59,23.139999,23.52,22.085382,184800
2015-01-09,23.48,23.48,23.040001,23.34,21.916361,255700
2015-01-12,23.41,23.459999,23.09,23.27,21.850632,281000
2015-01-13,23.35,23.440001000000002,22.809998999999998,23.01,21.606489,1552700
2015-01-14,22.709999,22.870001000000002,22.57,22.85,21.456251,179800
2015-01-15,22.57,22.809998999999998,22.559998999999998,22.620001000000002,21.240278,280000
2015-01-16,22.639999,23.059998999999998,22.52,23.030001000000002,21.625270999999998,183900
2015-01-20,23.92,23.93,23.66,23.85,22.395252,402200
2015-01-21,24.049999,24.219998999999998,24.0,24.16,22.686344000000002,349000
2015-01-22,24.43,24.91,24.389999,24.76,23.249748,1756200
2015-01-23,25.469998999999998,25.540001,25.01,25.040001,23.512670999999997,2314200
2015-01-26,24.889999,25.18,24.76,25.059998999999998,23.531446,866300
2015-01-27,24.790001,24.82,24.219998999999998,24.6,23.099504,1291900
2015-01-28,24.719998999999998,24.719998999999998,24.219998999999998,24.27,22.789635,287600
2015-01-29,24.5,24.620001000000002,24.26,24.59,23.090117000000003,276300
2015-01-30,24.26,24.370001000000002,24.07,24.139999,22.667562,436700
2015-02-02,25.190001000000002,25.889999,25.02,25.799999,24.226309,928700
2015-02-03,26.4,26.610001,26.290001,26.57,24.949347,544700
2015-02-04,26.719998999999998,27.110001,26.620001000000002,26.75,25.118364,681700
2015-02-05,26.83,26.92,26.639999,26.719998999999998,25.090195,576300
2015-02-06,26.290001,26.48,26.15,26.290001,24.686424,1487600
2015-02-09,26.5,26.780001000000002,26.49,26.6,24.977514000000003,361700
2015-02-10,27.08,27.209999,26.950001,27.129998999999998,25.475187,1127600
2015-02-11,27.08,27.25,26.879998999999998,27.18,25.522139000000003,1481500
2015-02-12,27.889999,28.15,27.799999,28.110001,26.395414000000002,886900
2015-02-13,28.25,28.33,27.940001000000002,28.02,26.310902000000002,935400
2015-02-17,27.790001,28.01,27.639999,28.01,26.301514,323200
2015-02-18,28.620001000000002,28.66,28.360001,28.469998999999998,26.733452000000003,272800
2015-02-19,28.290001,28.370001000000002,28.139999,28.200001,26.479923,201900
2015-02-20,28.08,28.530001000000002,28.0,28.459999,26.724059999999998,283100
2015-02-23,28.209999,28.32,28.16,28.32,26.592602000000003,270100
2015-02-24,28.15,28.389999,28.040001,28.360001,26.630163,455400
2015-02-25,28.33,28.450001,28.219998999999998,28.34,26.611383,170400
2015-02-26,28.309998999999998,28.33,28.049999,28.17,26.45175,382400
2015-02-27,28.08,28.49,28.059998999999998,28.309998999999998,26.583209999999998,981800
2015-03-02,28.219998999999998,28.25,27.879998999999998,28.200001,26.479923,606500
2015-03-03,27.65,27.709999,27.32,27.5,25.822618,571000
2015-03-04,27.26,27.49,27.07,27.49,25.813229,402000
2015-03-05,27.309998999999998,27.629998999999998,27.26,27.58,26.371643,472900
2015-03-06,27.27,27.280001000000002,26.91,27.02,25.836176000000002,374400
2015-03-09,26.57,26.59,26.120001000000002,26.219998999999998,25.071226,762800
2015-03-10,26.09,26.15,25.719998999999998,25.77,24.640942000000003,443500
2015-03-11,25.969998999999998,26.16,25.860001,26.129998999999998,24.985167999999998,348900
2015-03-12,26.83,27.08,26.83,27.049999,25.864862,279600
2015-03-13,26.690001000000002,26.91,26.530001000000002,26.91,25.730995,234400
2015-03-16,26.01,26.049999,25.75,25.82,24.688748999999998,441900
2015-03-17,24.969998999999998,25.280001000000002,24.860001,25.209999,24.105476,1216300
2015-03-18,26.209999,26.83,26.040001,26.67,25.501510999999997,757600
2015-03-19,26.309998999999998,26.309998999999998,25.799999,25.99,24.851305,310800
2015-03-20,27.73,27.92,27.58,27.58,26.371643,830700
2015-03-23,27.639999,27.870001000000002,27.629998999999998,27.67,26.457696999999996,650600
2015-03-24,27.43,27.530001000000002,27.16,27.200001,26.008291,1474100
2015-03-25,27.370001000000002,27.42,27.15,27.15,25.96048,500500
2015-03-26,26.719998999999998,26.91,26.469998999999998,26.84,25.664061,477300
2015-03-27,26.93,26.98,26.59,26.799999,25.625814000000002,368300
2015-03-30,26.27,26.690001000000002,26.25,26.65,25.482385999999998,338000
2015-03-31,26.049999,26.290001,25.99,26.190001000000002,25.042542,503000
2015-04-01,26.200001,26.209999,25.92,26.18,25.03298,379300
2015-04-02,26.02,26.35,26.0,26.24,25.090351000000002,332800
2015-04-06,26.290001,26.719998999999998,26.27,26.610001,25.444138,114200
2015-04-07,26.549999,26.639999,26.4,26.4,25.243338,236800
2015-04-08,26.4,26.42,26.120001000000002,26.290001,25.138161,271600
2015-04-09,26.65,26.959999,26.6,26.83,25.654501,384500
2015-04-10,26.5,26.540001,26.33,26.459999,25.300711,211100
2015-04-13,26.389999,26.530001000000002,26.17,26.280001000000002,25.128597,347700
2015-04-14,26.639999,26.809998999999998,26.559998999999998,26.809998999999998,25.635376,1070900
2015-04-15,27.41,27.610001,27.389999,27.51,26.304708,308200
2015-04-16,28.24,28.299999,27.73,27.77,26.553316,535400
2015-04-17,27.77,27.9,27.280001000000002,27.43,26.228214,301200
2015-04-20,27.73,27.860001,27.58,27.59,26.381201,231600
2015-04-21,27.969998999999998,28.16,27.799999,28.01,26.782803,1327200
2015-04-22,27.98,28.040001,27.83,27.9,26.67762,377200
2015-04-23,27.879998999999998,28.139999,27.790001,27.99,26.763678000000002,263100
2015-04-24,28.67,28.940001000000002,28.639999,28.809998999999998,27.54775,461100
2015-04-27,28.9,29.120001000000002,28.780001000000002,28.780001000000002,27.519068,291500
2015-04-28,28.92,29.030001000000002,28.82,28.959999,27.691177000000003,301500
2015-04-29,28.370001000000002,28.43,27.950001,28.290001,27.050534999999996,334400
2015-04-30,27.940001000000002,28.139999,27.85,27.950001,26.725431,269400
2015-05-01,28.059998999999998,28.209999,27.700001,28.18,26.945354,387300
2015-05-04,28.24,28.25,28.02,28.190001000000002,26.954915999999997,175100
2015-05-05,27.9,28.17,27.879998999999998,28.1,26.868858000000003,299900
2015-05-06,28.110001,28.41,27.860001,28.299999,27.060095,353800
2015-05-07,27.870001000000002,28.25,27.82,28.16,26.926229,294600
2015-05-08,28.98,29.23,28.940001000000002,29.09,27.815483,313100
2015-05-11,28.83,28.91,28.6,28.780001000000002,27.519068,562700
2015-05-12,28.530001000000002,28.639999,28.35,28.450001,27.203523999999998,201000
2015-05-13,28.4,28.620001000000002,28.25,28.43,27.184401,265100
2015-05-14,28.620001000000002,28.77,28.450001,28.76,27.499943,259100
2015-05-15,28.66,28.799999,28.459999,28.76,27.499943,196800
2015-05-18,28.5,28.59,28.360001,28.57,27.318268,234900
2015-05-19,28.700001,28.790001,28.639999,28.690001000000002,27.433008,235200
2015-05-20,28.719998999999998,28.959999,28.67,28.719998999999998,27.461695000000002,285400
2015-05-21,28.799999,28.959999,28.68,28.93,27.662492999999998,237800
2015-05-22,28.68,28.690001000000002,28.290001,28.290001,27.050534999999996,219000
2015-05-26,27.93,27.93,27.15,27.280001000000002,26.084787,602300
2015-05-27,27.93,28.24,27.92,28.18,26.945354,359200
2015-05-28,28.24,28.27,27.959999,28.219998999999998,26.983598999999998,230700
2015-05-29,28.43,28.450001,27.91,28.040001,26.811487,295200
2015-06-01,27.85,27.9,27.34,27.549999,26.342955,201200
2015-06-02,27.6,27.77,27.469998999999998,27.59,26.381201,262500
2015-06-03,28.33,28.610001,28.190001000000002,28.200001,26.964478000000003,312500
2015-06-04,28.059998999999998,28.35,27.68,27.75,26.534193,284400
2015-06-05,27.540001,27.76,27.48,27.639999,26.429009999999998,206700
2015-06-08,27.719998999999998,27.91,27.690001000000002,27.84,26.620251,424600
2015-06-09,27.65,27.67,27.360001,27.549999,26.342955,158600
2015-06-10,28.15,28.65,28.110001,28.49,27.241774,307400
2015-06-11,29.059998999999998,29.25,28.98,29.17,27.891981,471200
2015-06-12,28.58,28.860001,28.4,28.58,27.327827000000003,402400
2015-06-15,28.6,28.66,28.379998999999998,28.5,27.251331,404300
2015-06-16,28.190001000000002,28.58,28.129998999999998,28.52,27.270458,189800
2015-06-17,29.01,29.08,28.559998999999998,28.889999,27.624246999999997,348200
2015-06-18,28.549999,29.799999,28.530001000000002,29.26,27.978035,535200
2015-06-19,29.52,29.700001,29.360001,29.43,28.140589000000002,430400
2015-06-22,29.43,30.25,29.43,30.09,28.771673,335600
2015-06-23,30.26,30.469998999999998,30.110001,30.17,28.848166,728900
2015-06-24,29.940001000000002,30.02,29.59,29.66,28.360509999999998,288600
2015-06-25,29.65,29.690001000000002,29.360001,29.48,28.188395,570100
2015-06-26,29.360001,29.4,29.09,29.209999,27.930222999999998,405400
2015-06-29,28.639999,28.719998999999998,28.120001000000002,28.18,26.945354,438600
2015-06-30,28.57,28.57,27.959999,28.110001,26.878421999999997,408600
2015-07-01,28.57,28.620001000000002,28.139999,28.35,27.107903999999998,489900
2015-07-02,28.33,28.41,28.27,28.4,27.155712,196200
2015-07-06,27.700001,27.98,27.58,27.780001000000002,26.56288,996900
2015-07-07,27.280001000000002,27.610001,26.66,27.549999,26.342955,494400
2015-07-08,26.93,26.959999,26.700001,26.809998999999998,25.635376,329400
2015-07-09,27.52,27.709999,27.33,27.33,26.132595000000002,223400
2015-07-10,28.35,28.68,28.309998999999998,28.6,27.346952,383300
2015-07-13,28.879998999999998,28.969998999999998,28.66,28.809998999999998,27.54775,270900
2015-07-14,28.74,29.01,28.65,28.92,27.652931,456000
2015-07-15,28.92,29.040001,28.77,28.84,27.576439,376100
2015-07-16,29.120001000000002,29.41,29.110001,29.219998999999998,27.939787,203400
2015-07-17,29.209999,29.280001000000002,29.01,29.120001000000002,27.844171999999997,160300
2015-07-20,28.98,29.200001,28.83,29.190001000000002,27.9111,242800
2015-07-21,28.98,29.07,28.879998999999998,29.01,27.738989,234500
2015-07-22,29.16,29.450001,29.16,29.309998999999998,28.025843,167400
2015-07-23,29.57,29.65,29.18,29.23,27.94935,196800
2015-07-24,29.440001000000002,29.549999,28.889999,28.969998999999998,27.700740999999997,423900
2015-07-27,28.74,28.77,28.299999,28.360001,27.11747,553400
2015-07-28,28.620001000000002,29.280001000000002,28.57,29.09,27.815483,307100
2015-07-29,29.32,29.700001,29.27,29.52,28.226645,211200
2015-07-30,29.299999,29.370001000000002,29.1,29.33,28.044970000000003,186000
2015-07-31,29.83,29.85,29.6,29.709999,28.408317999999998,218900
2015-08-03,29.719998999999998,30.0,29.629998999999998,29.77,28.465690999999996,478400
2015-08-04,29.950001,30.290001,29.92,30.120001000000002,28.800356,305500
2015-08-05,30.459999,30.629998999999998,30.32,30.389999,29.058525,179900
2015-08-06,30.27,30.309998999999998,29.84,29.9,28.589996000000003,269900
2015-08-07,29.98,30.120001000000002,29.889999,30.09,28.771673,275700
2015-08-10,30.16,30.700001,30.139999,30.6,29.259325,241700
2015-08-11,30.41,30.559998999999998,30.25,30.51,29.173269,232600
2015-08-12,29.6,30.17,29.42,30.16,28.838602,296200
2015-08-13,30.219998999999998,30.73,30.190001000000002,30.52,29.182831,360000
2015-08-14,30.299999,30.719998999999998,30.280001000000002,30.719998999999998,29.374069,198900
2015-08-17,30.52,30.950001,30.42,30.950001,29.593994,242400
2015-08-18,30.799999,30.85,30.67,30.790001,29.441002,251000
2015-08-19,30.440001000000002,30.440001000000002,29.889999,30.139999,28.819481,921600
2015-08-20,30.049999,30.08,29.48,29.51,28.217083000000002,327700
2015-08-21,29.030001000000002,29.23,28.059998999999998,28.110001,26.878421999999997,402700
2015-08-24,26.59,28.049999,26.18,27.18,25.989168,388200
2015-08-25,28.43,28.450001,27.299999,27.299999,26.103908999999998,409500
2015-08-26,28.370001000000002,28.41,27.620001000000002,28.23,26.993161999999998,464400
2015-08-27,28.879998999999998,29.42,28.690001000000002,29.370001000000002,28.083215999999997,352400
2015-08-28,29.18,29.799999,29.139999,29.620001000000002,28.322264,695900
2015-08-31,29.690001000000002,29.99,29.440001000000002,29.77,28.465690999999996,378600
2015-09-01,28.540001,28.889999,28.27,28.49,27.241774,653500
2015-09-02,28.77,28.77,28.200001,28.68,27.423446999999996,362500
2015-09-03,28.459999,28.639999,28.27,28.41,27.165276000000002,669900
2015-09-04,28.040001,28.200001,27.84,28.030001000000002,26.801928000000004,223600
2015-09-08,29.27,29.6,29.26,29.59,28.293577000000003,444000
2015-09-09,29.940001000000002,29.969998999999998,29.309998999999998,29.34,28.054531,297000
2015-09-10,29.290001,29.77,29.290001,29.6,28.303139,535500
2015-09-11,29.34,29.52,29.290001,29.41,28.121464000000003,791300
2015-09-14,29.23,29.309998999999998,29.059998999999998,29.200001,27.920665999999997,1481500
2015-09-15,29.200001,29.639999,29.139999,29.610001,28.3127,273000
2015-09-16,29.469998999999998,29.700001,29.450001,29.65,28.350948,431600
2015-09-17,29.58,30.139999,29.530001000000002,29.77,28.465690999999996,398400
2015-09-18,29.25,29.459999,28.98,29.030001000000002,27.758112,342400
2015-09-21,29.129998999999998,29.16,28.700001,28.790001,27.528627,272400
2015-09-22,28.24,28.25,27.73,28.02,26.792362,466700
2015-09-23,28.08,28.190001000000002,27.790001,27.889999,26.668058000000002,281400
2015-09-24,27.24,27.33,26.790001,27.299999,26.103908999999998,315100
2015-09-25,27.83,27.83,27.200001,27.4,26.199528,539300
2015-09-28,27.15,27.15,26.48,26.530001000000002,25.367643,958900
2015-09-29,26.02,26.1,25.540001,25.76,24.63138,649200
2015-09-30,26.25,26.540001,26.1,26.540001,25.377209,594500
2015-10-01,26.139999,26.370001000000002,25.940001000000002,26.34,25.185968,563200
2015-10-02,25.809998999999998,26.639999,25.700001,26.629998999999998,25.463261,502500
2015-10-05,26.790001,27.01,26.77,27.0,25.817053,350400
2015-10-06,27.08,27.24,26.75,26.84,25.664061,331900
2015-10-07,27.290001,27.530001000000002,26.98,27.299999,26.103908999999998,244900
2015-10-08,27.030001000000002,27.49,26.959999,27.469998999999998,26.266459,549900
2015-10-09,27.27,27.35,27.049999,27.09,25.903109,524200
2015-10-12,27.129998999999998,27.190001000000002,27.040001,27.129998999999998,25.941354999999998,178500
2015-10-13,26.969998999999998,27.299999,26.889999,26.91,25.730995,198400
2015-10-14,26.969998999999998,27.120001000000002,26.75,26.780001000000002,25.606691,222400
2015-10-15,27.02,27.379998999999998,27.01,27.27,26.075224,279300
2015-10-16,27.08,27.17,26.889999,27.120001000000002,25.931797,188300
2015-10-19,26.73,26.84,26.57,26.76,25.587568,146100
2015-10-20,26.629998999999998,26.879998999999998,26.629998999999998,26.65,25.482385999999998,138000
2015-10-21,27.67,27.709999,27.35,27.370001000000002,26.170842999999998,499200
2015-10-22,27.280001000000002,27.700001,27.15,27.530001000000002,26.323833,387700
2015-10-23,28.08,28.219998999999998,27.93,28.059998999999998,26.830609999999997,246200
2015-10-26,27.780001000000002,27.85,27.48,27.59,26.381201,146400
2015-10-27,27.09,27.15,26.709999,26.889999,25.711872,166200
2015-10-28,27.15,27.620001000000002,27.02,27.440001000000002,26.237773999999998,375700
2015-10-29,26.959999,27.17,26.9,27.030001000000002,25.845739000000002,193800
2015-10-30,27.24,27.51,27.190001000000002,27.360001,26.161278,140200
2015-11-02,27.809998999999998,27.99,27.76,27.91,26.687183,126700
2015-11-03,27.83,27.860001,27.450001,27.68,26.467259999999996,318000
2015-11-04,27.65,27.83,27.49,27.82,26.601126,312700
2015-11-05,27.43,28.08,27.16,27.969998999999998,26.744555,757400
2015-11-06,28.18,28.41,28.040001,28.309998999999998,27.069658,473500
2015-11-09,28.049999,28.07,27.379998999999998,27.559998999999998,26.352518,222700
2015-11-10,26.93,27.15,26.82,27.08,25.893545,177500
2015-11-11,27.34,27.41,27.139999,27.24,26.046537,144600
2015-11-12,26.77,26.950001,26.51,26.51,25.348522,157500
2015-11-13,26.860001,27.190001000000002,26.73,26.870001000000002,25.692749,288600
2015-11-16,27.09,27.49,26.969998999999998,27.49,26.285583000000003,248000
2015-11-17,27.5,27.540001,27.1,27.18,25.989168,275000
2015-11-18,27.200001,27.33,26.99,27.309998999999998,26.113468,326100
2015-11-19,28.59,28.799999,28.48,28.59,27.337390999999997,330100
2015-11-20,29.01,29.08,28.77,28.809998999999998,27.54775,176400
2015-11-23,28.92,29.120001000000002,28.780001000000002,28.879998999999998,27.614683000000003,150400
2015-11-24,28.530001000000002,28.85,28.51,28.799999,27.538189000000003,175700
2015-11-25,29.049999,29.129998999999998,28.950001,29.040001,27.767675,149500
2015-11-27,29.459999,29.610001,29.43,29.549999,28.255328999999996,167500
2015-11-30,29.620001000000002,29.639999,29.32,29.32,28.035406,181500
2015-12-01,29.65,29.799999,29.51,29.75,28.446568,327500
2015-12-02,29.719998999999998,29.74,29.290001,29.370001000000002,28.083215999999997,328100
2015-12-03,29.48,29.51,28.84,28.92,27.652931,218200
2015-12-04,29.41,29.77,29.4,29.700001,28.39876,470300
2015-12-07,29.610001,29.780001000000002,29.52,29.610001,28.3127,394900
2015-12-08,29.129998999999998,29.280001000000002,29.07,29.18,27.901540999999998,168700
2015-12-09,29.25,29.459999,28.790001,29.030001000000002,27.758112,231000
2015-12-10,29.23,29.309998999999998,28.950001,29.01,27.738989,134200
2015-12-11,28.93,28.940001000000002,28.41,28.48,27.232208,221900
2015-12-14,28.549999,28.709999,28.280001000000002,28.709999,27.452131,291800
2015-12-15,28.450001,28.540001,28.17,28.26,27.021851,381000
2015-12-16,28.26,28.700001,28.139999,28.66,27.404324,189300
2015-12-17,28.48,28.76,28.43,28.549999,27.299143,797700
2015-12-18,28.5,28.59,28.17,28.200001,26.964478000000003,376700
2015-12-21,28.959999,28.99,28.25,28.43,27.184401,203800
2015-12-22,28.57,28.719998999999998,28.450001,28.559998999999998,27.308702,276800
2015-12-23,28.870001000000002,29.120001000000002,28.809998999999998,29.059998999999998,27.786796999999996,290200
2015-12-24,29.16,29.35,28.98,29.25,27.968473,53500
2015-12-28,28.940001000000002,29.24,28.940001000000002,29.18,27.901540999999998,199700
2015-12-29,29.27,29.459999,29.18,29.4,28.111902,286200
2015-12-30,29.27,29.34,29.110001,29.110001,27.834608000000003,80300
2015-12-31,29.030001000000002,29.059998999999998,28.809998999999998,28.82,27.557314,66300
2016-01-04,28.26,28.379998999999998,27.98,28.35,27.107903999999998,234000
2016-01-05,28.6,28.6,28.139999,28.35,27.107903999999998,287400
2016-01-06,27.51,28.1,27.469998999999998,27.969998999999998,26.744555,363900
2016-01-07,27.030001000000002,27.379998999999998,26.74,26.799999,25.625814000000002,375400
2016-01-08,27.41,27.43,26.530001000000002,26.610001,25.444138,242000
2016-01-11,26.99,27.049999,26.57,26.940001000000002,25.759682,197100
2016-01-12,27.17,27.200001,26.65,26.98,25.797928,382200
2016-01-13,27.09,27.200001,26.290001,26.4,25.243338,275300
2016-01-14,26.450001,26.84,26.17,26.66,25.491948999999998,311800
2016-01-15,25.639999,25.85,25.110001,25.43,24.315839999999998,444100
2016-01-19,25.68,25.870001000000002,25.379998999999998,25.559998999999998,24.440144,313600
2016-01-20,25.17,25.48,24.6,25.290001,24.181974,411600
2016-01-21,25.209999,25.74,24.99,25.549999,24.43058,253400
2016-01-22,26.25,26.59,26.209999,26.530001000000002,25.367643,275700
2016-01-25,26.4,26.49,26.059998999999998,26.08,24.937361,299900
2016-01-26,26.08,26.450001,26.07,26.43,25.272028,286100
2016-01-27,26.280001000000002,26.799999,26.219998999999998,26.41,25.252903,551500
2016-01-28,26.120001000000002,26.18,25.639999,25.860001,24.727001,1813800
2016-01-29,26.01,26.93,25.99,26.92,25.740557,887900
2016-02-01,26.440001000000002,26.889999,26.33,26.780001000000002,25.606691,354200
2016-02-02,26.0,26.030001000000002,25.59,25.73,24.602695,371100
2016-02-03,26.030001000000002,26.030001000000002,25.33,25.690001000000002,24.564447,1096300
2016-02-04,25.52,26.309998999999998,25.49,26.25,25.099913,702900
2016-02-05,26.17,26.27,25.370001000000002,25.52,24.401896,690500
2016-02-08,24.610001,24.610001,23.42,23.719998999999998,22.680757999999997,615200
2016-02-09,23.370001000000002,24.059998999999998,23.33,23.889999,22.843309,616100
2016-02-10,24.58,25.02,24.48,24.6,23.522205,372900
2016-02-11,24.360001,24.52,23.969998999999998,24.34,23.273595999999998,517600
2016-02-12,24.219998999999998,24.58,24.17,24.549999,23.474394,542300
2016-02-16,25.18,25.18,24.77,25.049999,23.952488,310400
2016-02-17,25.450001,25.889999,25.440001000000002,25.74,24.612254999999998,502000
2016-02-18,25.77,26.01,25.73,25.75,24.621819,275700
2016-02-19,25.459999,25.75,25.389999,25.700001,24.574011,306500
2016-02-22,25.719998999999998,25.940001000000002,25.709999,25.889999,24.755685999999997,413700
2016-02-23,25.709999,25.889999,25.530001000000002,25.6,24.478392000000003,348200
2016-02-24,24.85,25.32,24.610001,25.32,24.210657,999800
2016-02-25,25.24,25.41,25.0,25.41,24.296715,568800
2016-02-26,25.25,25.360001,25.09,25.26,24.153285999999998,373800
2016-02-29,25.610001,25.83,25.5,25.549999,24.43058,376800
2016-03-01,25.549999,26.34,25.549999,26.219998999999998,25.071226,633300
2016-03-02,26.1,26.34,25.91,26.33,25.176407,322700
2016-03-03,27.18,27.620001000000002,27.15,27.610001,26.400328000000002,446200
2016-03-04,27.48,27.540001,27.120001000000002,27.25,26.056099,418300
2016-03-07,26.809998999999998,27.200001,26.77,27.16,25.970043,257100
2016-03-08,27.26,27.370001000000002,27.07,27.08,25.893545,310600
2016-03-09,27.41,27.459999,27.110001,27.17,25.979605,259000
2016-03-10,26.879998999999998,27.15,26.459999,26.73,26.022438,420000
2016-03-11,27.540001,27.959999,27.51,27.860001,27.122528000000003,448000
2016-03-14,28.34,28.4,27.879998999999998,27.879998999999998,27.141996000000002,383200
2016-03-15,27.540001,27.57,27.299999,27.549999,26.820734,191900
2016-03-16,27.120001000000002,27.66,27.110001,27.59,26.859674,444600
2016-03-17,27.73,28.26,27.65,28.190001000000002,27.443794,192400
2016-03-18,28.32,28.360001,28.129998999999998,28.190001000000002,27.443794,267900
2016-03-21,27.799999,27.950001,27.76,27.83,27.093321000000003,560500
2016-03-22,27.58,27.860001,27.57,27.74,27.005703000000004,259400
2016-03-23,27.610001,27.709999,27.24,27.280001000000002,26.557879999999997,195000
2016-03-24,27.6,27.709999,27.530001000000002,27.66,26.927821999999995,281400
2016-03-28,27.84,27.950001,27.66,27.809998999999998,27.073851,95700
2016-03-29,28.02,28.469998999999998,27.959999,28.440001000000002,27.687174,371700
2016-03-30,28.66,28.780001000000002,28.43,28.469998999999998,27.716378999999996,209200
2016-03-31,28.41,28.41,28.110001,28.18,27.434057,344500
2016-04-01,27.9,28.33,27.889999,28.280001000000002,27.531409999999997,267000
2016-04-04,28.33,28.34,28.08,28.190001000000002,27.443794,182100
2016-04-05,27.73,27.790001,27.440001000000002,27.48,26.752585999999997,261600
2016-04-06,27.959999,28.09,27.870001000000002,28.07,27.326967,604400
2016-04-07,28.08,28.16,27.790001,27.83,27.093321000000003,301900
2016-04-08,28.42,28.66,28.379998999999998,28.49,27.735851,222500
2016-04-11,28.879998999999998,29.08,28.639999,28.65,27.891615,282200
2016-04-12,28.77,28.860001,28.57,28.82,28.057116999999998,302900
2016-04-13,29.129998999999998,29.290001,28.98,29.120001000000002,28.349176,233800
2016-04-14,28.860001,29.040001,28.67,28.940001000000002,28.173939,168400
2016-04-15,28.6,28.950001,28.6,28.860001,28.096058000000003,316600
2016-04-18,28.709999,29.059998999999998,28.709999,29.02,28.251821999999997,231400
2016-04-19,29.07,29.33,29.0,29.25,28.475733,286300
2016-04-20,28.9,29.040001,28.870001000000002,28.870001000000002,28.105793,346900
2016-04-21,28.790001,28.969998999999998,28.549999,28.559998999999998,27.803997,230800
2016-04-22,28.68,28.73,28.389999,28.5,27.745586,291800
2016-04-25,28.809998999999998,28.83,28.59,28.719998999999998,27.959761,310600
2016-04-26,29.290001,29.35,29.120001000000002,29.200001,28.427057,415000
2016-04-27,29.629998999999998,29.780001000000002,29.469998999999998,29.629998999999998,28.845672999999998,286200
2016-04-28,29.25,29.639999,29.200001,29.26,28.485468,302400
2016-04-29,29.209999,29.25,28.9,29.110001,28.339439000000002,429600
2016-05-02,29.18,29.280001000000002,29.08,29.09,28.319967,264600
2016-05-03,28.74,29.0,28.379998999999998,28.459999,27.706642,1152900
2016-05-04,28.190001000000002,28.389999,28.09,28.280001000000002,27.531409999999997,588300
2016-05-05,28.01,28.34,28.0,28.32,27.570351000000002,413600
2016-05-06,28.309998999999998,28.889999,28.280001000000002,28.84,28.076586,846800
2016-05-09,28.889999,29.110001,28.73,29.0,28.232349,1292800
2016-05-10,29.190001000000002,29.52,29.18,29.459999,28.680173999999997,910000
2016-05-11,29.280001000000002,29.41,29.129998999999998,29.139999,28.368645,1014600
2016-05-12,29.540001,29.75,29.290001,29.57,28.787262,1967600
2016-05-13,29.129998999999998,29.370001000000002,29.120001000000002,29.190001000000002,28.41732,636000
2016-05-16,29.16,29.6,29.15,29.440001000000002,28.660706,1030100
2016-05-17,29.49,29.58,29.290001,29.35,28.573086,473700
2016-05-18,29.32,29.52,29.059998999999998,29.35,28.573086,449700
2016-05-19,29.26,29.75,29.129998999999998,29.639999,28.855408,1807300
2016-05-20,29.99,30.1,29.84,29.85,29.059853000000004,302400
2016-05-23,29.83,29.879998999999998,29.690001000000002,29.709999,28.923555,787100
2016-05-24,30.01,30.34,30.01,30.26,29.458997999999998,375700
2016-05-25,30.85,30.860001,30.67,30.77,29.955498,1397100
2016-05-26,30.549999,30.639999,30.389999,30.549999,29.741321999999997,826200
2016-05-27,30.530001000000002,30.82,30.530001000000002,30.690001000000002,29.877616999999997,382200
2016-05-31,30.690001000000002,30.780001000000002,30.49,30.610001,29.799732000000002,1631600
2016-06-01,30.129998999999998,30.360001,30.09,30.360001,29.556351,319100
2016-06-02,30.18,30.280001000000002,30.030001000000002,30.27,29.468733,418000
2016-06-03,30.200001,30.33,30.030001000000002,30.27,29.468733,632100
2016-06-06,30.15,30.57,30.129998999999998,30.559998999999998,29.751057,380400
2016-06-07,30.77,30.98,30.77,30.92,30.101528000000002,287400
2016-06-08,31.18,31.549999,31.17,31.4,30.568819,1303300
2016-06-09,30.809998999999998,30.91,30.68,30.73,29.916555,984900
2016-06-10,29.76,29.9,29.59,29.75,28.962497999999997,1272700
2016-06-13,28.969998999999998,29.24,28.809998999999998,28.870001000000002,28.105793,816900
2016-06-14,28.77,28.85,28.42,28.59,27.833204,269500
2016-06-15,28.709999,28.950001,28.65,28.68,27.920820000000003,334000
2016-06-16,28.120001000000002,28.709999,27.92,28.68,27.920820000000003,771000
2016-06-17,28.93,29.110001,28.709999,29.030001000000002,28.261559000000002,545400
2016-06-20,30.450001,30.549999,30.280001000000002,30.290001,29.488204999999997,730500
2016-06-21,30.25,30.459999,30.030001000000002,30.23,29.429792,557000
2016-06-22,30.620001000000002,30.629998999999998,30.17,30.26,29.458997999999998,547700
2016-06-23,31.190001000000002,31.52,30.9,31.49,30.656439000000002,1995600
2016-06-24,27.969998999999998,28.969998999999998,27.959999,28.620001000000002,27.862409999999997,3093500
2016-06-27,26.43,26.629998999999998,25.82,26.540001,25.837471,1681900
2016-06-28,27.25,27.870001000000002,27.23,27.799999,27.064116,3203500
2016-06-29,28.17,28.950001,28.129998999999998,28.780001000000002,28.018172999999997,1432900
2016-06-30,28.73,29.58,28.690001000000002,29.58,28.796996999999998,963500
2016-07-01,29.57,29.610001,29.309998999999998,29.459999,28.680173999999997,523500
2016-07-05,28.26,28.280001000000002,27.809998999999998,27.879998999999998,27.141996000000002,759300
2016-07-06,27.25,27.91,27.02,27.91,27.171204,1680000
2016-07-07,28.02,28.049999,27.450001,27.639999,26.90835,685400
2016-07-08,28.26,28.34,28.1,28.24,27.49247,639400
2016-07-11,28.93,28.99,28.74,28.77,28.008438,508300
2016-07-12,29.07,29.309998999999998,28.959999,29.120001000000002,28.349176,425500
2016-07-13,29.82,30.0,29.15,29.190001000000002,28.41732,1191600
2016-07-14,29.790001,30.01,29.6,29.9,29.108526,1251500
2016-07-15,29.370001000000002,29.540001,29.34,29.48,28.699644,1933600
2016-07-18,29.360001,29.68,29.24,29.629998999999998,28.845672999999998,754400
2016-07-19,29.280001000000002,29.48,29.25,29.35,28.573086,545500
2016-07-20,29.459999,29.610001,29.42,29.51,28.728849,739800
2016-07-21,29.209999,29.52,29.18,29.389999,28.612026,1332000
2016-07-22,30.0,30.1,29.75,29.77,28.981968,678600
2016-07-25,29.639999,29.82,29.639999,29.77,28.981968,288500
2016-07-26,29.889999,29.98,29.639999,29.93,29.137733,361300
2016-07-27,30.33,30.48,30.190001000000002,30.35,29.546614,446900
2016-07-28,30.52,30.549999,30.190001000000002,30.360001,29.556351,413300
2016-07-29,30.73,30.98,30.42,30.76,29.945763,542200
2016-08-01,30.540001,30.620001000000002,30.23,30.33,29.527143,412200
2016-08-02,30.280001000000002,30.33,30.07,30.219998999999998,29.420054999999998,418300
2016-08-03,30.01,30.18,30.0,30.16,29.361645000000003,947800
2016-08-04,29.959999,30.110001,29.82,30.059998999999998,29.264291999999998,503300
2016-08-05,30.16,30.450001,30.15,30.370001000000002,29.566086,325500
2016-08-08,30.51,30.700001,30.51,30.68,29.86788,307900
2016-08-09,30.709999,31.15,30.700001,31.01,30.189146,350900
2016-08-10,31.360001,31.389999,31.190001000000002,31.34,30.510409999999997,889700
2016-08-11,31.51,31.66,31.42,31.440001000000002,30.607763000000002,1102300
2016-08-12,31.98,32.029999,31.780001000000002,31.809998999999998,30.967968,779300
2016-08-15,32.23,32.330002,32.150002,32.18,31.328175,372300
2016-08-16,32.580002,33.009997999999996,32.560001,32.880001,32.009646999999994,677900
2016-08-17,33.59,33.630001,33.150002,33.459998999999996,32.574290999999995,1635900
2016-08-18,33.5,33.700001,33.290001000000004,33.700001,32.807938,755300
2016-08-19,32.98,33.290001000000004,32.919998,33.099998,32.22382,756200
2016-08-22,32.84,33.349998,32.759997999999996,33.32,32.438,718500
2016-08-23,33.240002000000004,33.419998,33.18,33.18,32.301704,750400
2016-08-24,32.970001,33.099998,32.779999,32.939999,32.068054,742900
2016-08-25,33.919998,33.919998,33.560001,33.560001,32.671646,1903800
2016-08-26,33.950001,34.029999,33.029999,33.240002000000004,32.360115,1594300
2016-08-29,33.68,34.139998999999996,33.580002,33.91,33.012378999999996,637800
2016-08-30,33.93,33.959998999999996,33.700001,33.849998,32.953964,916800
2016-08-31,33.52,33.869999,33.43,33.799999,32.905289,1068800
2016-09-01,33.52,33.869999,33.450001,33.82,32.924763,513300
2016-09-02,33.889998999999996,34.060001,33.68,33.889998999999996,32.992908,1248400
2016-09-06,34.25,34.279999,33.939999,34.040001000000004,33.138939,2063500
2016-09-07,34.009997999999996,34.049999,33.790001000000004,34.0,33.304482,1647000
2016-09-08,34.09,34.18,33.490002000000004,33.490002000000004,32.804916,940400
2016-09-09,33.080002,33.099998,32.25,32.32,31.658848,2026300
2016-09-12,32.369999,33.110001000000004,32.34,33.09,32.413094,1709600
2016-09-13,32.939999,33.040001000000004,32.57,32.689999,32.021278,1425300
2016-09-14,33.09,33.209998999999996,32.880001,32.939999,32.266163,1823600
2016-09-15,33.189999,33.439999,32.91,33.43,32.746143,5626400
2016-09-16,33.23,33.25,32.130001,32.139998999999996,31.482529,3140800
2016-09-19,32.880001,32.880001,32.439999,32.549999,31.884141999999997,1884100
2016-09-20,32.950001,33.02,32.529999,32.610001000000004,31.942915000000003,1262400
2016-09-21,32.82,32.98,32.560001,32.970001,32.295551,1334900
2016-09-22,33.93,34.02,33.549999,33.619999,32.932251,1196500
2016-09-23,33.459998999999996,33.790001000000004,33.450001,33.540001000000004,32.853893,816500
2016-09-26,33.23,33.27,33.07,33.110001000000004,32.432686,872900
2016-09-27,32.630001,33.110001000000004,32.57,33.060001,32.383713,645000
2016-09-28,33.639998999999996,33.68,33.240002000000004,33.529999,32.844093,2373600
2016-09-29,33.360001000000004,33.450001,32.830002,33.029999,32.354321,1307800
2016-09-30,33.27,33.450001,33.060001,33.27,32.589413,1457800
2016-10-03,33.189999,33.369999,32.880001,33.029999,32.354321,384700
2016-10-04,34.18,34.200001,33.650002,33.720001,33.030209,1717800
2016-10-05,33.68,33.740002000000004,33.470001,33.490002000000004,32.804916,662000
2016-10-06,33.48,33.630001,33.32,33.599998,32.912663,1424100
2016-10-07,33.349998,33.400002,32.830002,32.93,32.256371,655200
2016-10-10,33.299999,33.720001,33.299999,33.599998,32.912663,740700
2016-10-11,33.189999,33.209998999999996,32.560001,32.740002000000004,32.070254999999996,739700
2016-10-12,32.419998,32.59,32.27,32.48,31.815572999999997,1137100
2016-10-13,32.02,32.549999,31.940001000000002,32.439999,31.776391999999998,1493300
2016-10-14,32.57,32.82,32.52,32.52,31.854754999999997,1007900
2016-10-17,32.380001,32.790001000000004,32.369999,32.689999,32.021278,639500
2016-10-18,33.560001,33.57,33.299999,33.389998999999996,32.706959000000005,546200
2016-10-19,33.099998,33.25,33.009997999999996,33.060001,32.383713,651600
2016-10-20,32.790001000000004,33.18,32.560001,32.990002000000004,32.315144000000004,2329800
2016-10-21,32.950001,33.139998999999996,32.849998,33.099998,32.42289,668300
2016-10-24,33.41,33.470001,33.02,33.209998999999996,32.530640000000005,538500
2016-10-25,33.189999,33.220001,32.630001,32.720001,32.050667,421400
2016-10-26,32.369999,32.779999,32.310001,32.599998,31.933119,372900
2016-10-27,32.75,32.75,32.150002,32.450001,31.786188,519600
2016-10-28,32.119999,32.52,32.080002,32.380001,31.717621,868000
2016-10-31,32.43,32.5,32.279999,32.299999,31.639257,898200
2016-11-01,32.060001,32.310001,31.700001,31.85,31.198463,776900
2016-11-02,31.889999,32.150002,31.809998999999998,31.83,31.178871,495800
2016-11-03,31.809998999999998,31.85,31.549999,31.6,30.953577000000003,552500
2016-11-04,31.67,32.110001000000004,31.549999,31.74,31.090712,1116900
2016-11-07,32.41,32.470001,32.240002000000004,32.419998,31.7568,395400
2016-11-08,32.580002,32.990002000000004,32.509997999999996,32.799999,32.129025,545500
2016-11-09,35.360001000000004,35.529999,34.82,35.02,34.303616,4538000
2016-11-10,35.860001000000004,35.880001,34.869999,35.18,34.460342,4466200
2016-11-11,34.93,35.07,34.48,34.630001,33.921593,1401400
2016-11-14,34.860001000000004,35.0,34.66,34.919998,34.205662,1737400
2016-11-15,34.509997999999996,34.599998,34.290001000000004,34.560001,33.853027000000004,2477400
2016-11-16,33.709998999999996,33.799999,33.48,33.73,33.040005,2239500
2016-11-17,34.09,34.27,33.93,34.16,33.461205,4305500
2016-11-18,33.59,33.830002,33.59,33.73,33.040005,1728500
2016-11-21,33.970001,34.09,33.650002,33.709998999999996,33.020412,1582800
2016-11-22,33.799999,33.799999,33.34,33.470001,32.785323999999996,1699900
2016-11-23,32.73,32.959998999999996,32.630001,32.919998,32.246571,724500
2016-11-25,33.68,33.799999,33.490002000000004,33.77,33.079184999999995,644700
2016-11-28,33.02,33.169998,32.650002,32.68,32.011482,2760600
2016-11-29,32.599998,33.029999,32.599998,32.869999,32.197594,1016000
2016-11-30,33.610001000000004,33.619999,33.09,33.110001000000004,32.432686,641000
2016-12-01,32.990002000000004,33.09,32.740002000000004,32.84,32.168213,496900
2016-12-02,32.560001,32.830002,32.439999,32.540001000000004,31.874346000000003,476100
2016-12-05,33.02,33.09,32.790001000000004,32.869999,32.197594,1172600
2016-12-06,33.290001000000004,33.849998,33.290001000000004,33.810001,33.118365999999995,1362600
2016-12-07,34.220001,34.669998,34.07,34.619999,33.911797,1985500
2016-12-08,34.27,34.400002,34.02,34.049999,33.353455,1209100
2016-12-09,34.23,34.259997999999996,33.939999,34.119999,33.422024,591100
2016-12-12,33.939999,34.139998999999996,33.740002000000004,33.869999,33.177139000000004,517200
2016-12-13,34.110001000000004,34.34,33.810001,33.82,33.128161999999996,609900
2016-12-14,33.68,33.880001,33.279999,33.290001000000004,32.609004999999996,581400
2016-12-15,33.560001,33.68,33.380001,33.57,32.883274,518700
2016-12-16,33.740002000000004,33.77,33.459998999999996,33.48,32.795116,519200
2016-12-19,33.200001,33.419998,33.16,33.299999,32.618801,456600
2016-12-20,33.0,33.459998999999996,32.959998999999996,33.380001,32.697165999999996,376900
2016-12-21,33.259997999999996,33.529999,33.220001,33.419998,32.736343,258900
2016-12-22,33.27,33.389998999999996,33.18,33.200001,32.520846999999996,408100
2016-12-23,33.310001,33.369999,33.200001,33.34,32.657982000000004,133700
2016-12-27,33.52,33.52,33.400002,33.43,32.746143,157400
2016-12-28,33.759997999999996,33.759997999999996,33.450001,33.470001,32.785323999999996,401700
2016-12-29,33.860001000000004,34.040001000000004,33.790001000000004,33.860001000000004,33.167343,331200
2016-12-30,34.52,34.709998999999996,34.279999,34.380001,33.676708000000005,799700
2017-01-03,34.009997999999996,34.27,33.59,33.66,32.971436,1206500
2017-01-04,33.799999,33.860001000000004,33.59,33.849998,33.157551,869500
2017-01-05,34.029999,34.27,34.029999,34.189999,33.490593,1254100
2017-01-06,34.040001000000004,34.110001000000004,33.91,33.950001,33.255505,635900
2017-01-09,33.73,33.849998,33.639998999999996,33.720001,33.030209,414100
2017-01-10,34.18,34.25,34.009997999999996,34.040001000000004,33.343662,702100
2017-01-11,34.349998,34.66,34.119999,34.650002,33.941185,805000
2017-01-12,34.73,34.759997999999996,34.43,34.650002,33.941185,543700
2017-01-13,34.990002000000004,35.09,34.82,35.02,34.303616,520900
2017-01-17,34.84,34.880001,34.540001000000004,34.68,33.970573,304700
2017-01-18,34.48,34.77,34.459998999999996,34.599998,33.892204,385900
2017-01-19,34.279999,34.419998,34.139998999999996,34.34,33.637524,471800
2017-01-20,34.869999,35.09,34.810001,35.060001,34.342796,338300
2017-01-23,35.169998,35.41,35.060001,35.389998999999996,34.666046,348500
2017-01-24,35.66,35.869999,35.52,35.779999,35.048065,452200
2017-01-25,36.82,36.830002,36.43,36.59,35.841496,450900
2017-01-26,36.029999,36.110001000000004,35.779999,36.0,35.263565,540200
2017-01-27,35.720001,35.830002,35.57,35.630001,34.901138,364800
2017-01-30,35.310001,35.32,34.91,35.150002,34.430958000000004,602800
2017-01-31,35.18,35.220001,34.259997999999996,34.52,33.813843,1455400
2017-02-01,35.360001000000004,35.59,35.07,35.540001000000004,34.812977000000004,832300
2017-02-02,35.52,35.689999,35.369999,35.400002,34.675841999999996,609400
2017-02-03,35.91,35.91,35.509997999999996,35.57,34.842365,481400
2017-02-06,35.009997999999996,35.080002,34.849998,34.98,34.264435,430800
2017-02-07,34.27,34.529999,34.169998,34.279999,33.578751000000004,1343800
2017-02-08,33.889998999999996,34.119999,33.740002000000004,34.07,33.373047,538700
2017-02-09,33.919998,34.360001000000004,33.91,34.220001,33.519981,806300
2017-02-10,34.57,34.700001,34.400002,34.540001000000004,33.833434999999994,354600
2017-02-13,34.790001000000004,34.98,34.73,34.779999,34.068523,1248500
2017-02-14,34.310001,34.400002,34.049999,34.259997999999996,33.559162,399000
2017-02-15,34.060001,34.470001,34.049999,34.43,33.725685,618100
2017-02-16,34.889998999999996,34.900002,34.419998,34.509997999999996,33.804043,525600
2017-02-17,34.279999,34.330002,34.07,34.220001,33.519981,516700
2017-02-21,34.970001,35.209998999999996,34.880001,35.200001,34.479935,923600
2017-02-22,34.700001,34.82,34.490002000000004,34.799999,34.088116,557900
2017-02-23,34.84,34.91,33.669998,33.830002,33.137959,845800
2017-02-24,32.869999,33.490002000000004,32.82,33.41,32.726551,786900
2017-02-27,33.360001000000004,34.360001000000004,33.330002,34.16,33.461205,1096400
2017-02-28,34.139998999999996,34.240002000000004,33.700001,33.77,33.079184999999995,782700
2017-03-01,35.259997999999996,35.290001000000004,35.02,35.099998,34.381977,1336100
2017-03-02,34.639998999999996,34.939999,34.610001000000004,34.790001000000004,34.078323,1203500
2017-03-03,35.009997999999996,35.5,35.009997999999996,35.490002000000004,34.764004,674200
2017-03-06,35.200001,35.220001,35.07,35.169998,34.450542,341600
2017-03-07,35.169998,35.310001,34.970001,35.139998999999996,34.421162,435200
2017-03-08,35.34,35.470001,35.07,35.09,34.372184999999995,405200
2017-03-09,34.779999,34.93,34.669998,34.880001,34.648338,743000
2017-03-10,35.130001,35.18,34.900002,35.139998999999996,34.906609,596200
2017-03-13,35.060001,35.119999,34.830002,35.040001000000004,34.807274,650200
2017-03-14,34.52,34.630001,34.34,34.560001,34.330463,539100
2017-03-15,34.91,35.200001,34.82,35.169998,34.936409000000005,693900
2017-03-16,34.990002000000004,35.310001,34.990002000000004,35.209998999999996,34.976143,572300
2017-03-17,35.130001,35.209998999999996,34.880001,35.060001,34.827141,596300
2017-03-20,35.360001000000004,35.52,35.09,35.209998999999996,34.976143,657500
2017-03-21,35.759997999999996,35.799999,34.889998999999996,34.91,34.678135,713800
2017-03-22,34.669998,35.0,34.52,34.869999,34.638401,612100
2017-03-23,35.299999,35.650002,35.220001,35.34,35.105282,683600
2017-03-24,34.91,35.310001,34.91,35.080002,34.847008,630600
2017-03-27,34.549999,34.889998999999996,34.5,34.790001000000004,34.558933,490300
2017-03-28,34.860001000000004,35.189999,34.849998,34.970001,34.73774,627700
2017-03-29,34.540001000000004,35.009997999999996,34.509997999999996,34.970001,34.73774,400400
2017-03-30,35.189999,35.330002,34.990002000000004,35.02,34.787407,574700
2017-03-31,34.639998999999996,35.290001000000004,34.630001,35.169998,34.936409000000005,632000
2017-04-03,35.02,35.130001,34.470001,34.650002,34.419865,485800
2017-04-04,34.77,34.91,34.709998999999996,34.889998999999996,34.658268,401200
2017-04-05,34.900002,35.07,34.43,34.439999,34.211258,501200
2017-04-06,34.48,34.669998,34.380001,34.450001,34.221191,463000
2017-04-07,34.59,34.849998,34.57,34.759997999999996,34.529133,581700
2017-04-10,34.610001000000004,34.68,34.470001,34.490002000000004,34.260929,282000
2017-04-11,34.57,34.639998999999996,34.200001,34.599998,34.370193,658200
2017-04-12,34.380001,34.400002,34.080002,34.25,34.022521999999995,358900
2017-04-13,33.810001,34.040001000000004,33.59,33.610001000000004,33.386772,473000
2017-04-17,33.799999,33.91,33.639998999999996,33.91,33.684779999999996,223300
2017-04-18,33.529999,33.669998,33.279999,33.419998,33.198032,546100
2017-04-19,33.849998,33.950001,33.560001,33.639998999999996,33.416573,423400
2017-04-20,33.98,34.34,33.919998,34.200001,33.972854999999996,572200
2017-04-21,34.529999,34.77,34.32,34.75,34.519199,892600
2017-04-24,36.34,36.759997999999996,36.16,36.419998,36.178104,1167500
2017-04-25,36.549999,36.580002,36.200001,36.200001,35.959568,921700
2017-04-26,36.599998,36.650002,36.360001000000004,36.41,36.168175,888700
2017-04-27,36.380001,36.549999,36.240002000000004,36.450001,36.207909,411500
2017-04-28,36.610001000000004,36.630001,36.310001,36.32,36.07877,362600
2017-05-01,36.509997999999996,36.639998999999996,36.41,36.52,36.277443,309000
2017-05-02,37.200001,37.259997999999996,36.970001,37.16,36.913193,1196700
2017-05-03,37.279999,37.299999,37.029999,37.099998,36.853588,756500
2017-05-04,37.470001,37.540001000000004,37.259997999999996,37.450001,37.201267,918000
2017-05-05,38.029999,38.040001000000004,37.709998999999996,37.759997999999996,37.509205,774100
2017-05-08,37.259997999999996,37.310001,37.009997999999996,37.110001000000004,36.863525,1021200
2017-05-09,37.43,37.490002000000004,37.16,37.200001,36.952927,859800
2017-05-10,37.18,37.389998999999996,37.130001,37.279999,37.032394000000004,609200
2017-05-11,37.330002,37.380001,36.93,37.279999,37.032394000000004,449900
2017-05-12,36.98,37.09,36.84,36.91,36.664852,716700
2017-05-15,36.849998,37.259997999999996,36.82,37.169998,36.923126,649500
2017-05-16,37.139998999999996,37.25,37.029999,37.040001000000004,36.793991,289100
2017-05-17,36.23,36.27,35.639998999999996,35.650002,35.413222999999995,751400
2017-05-18,35.549999,36.060001,35.540001000000004,35.98,35.741028,490500
2017-05-19,36.220001,36.610001000000004,36.220001,36.509997999999996,36.267509000000004,309200
2017-05-22,36.59,36.639998999999996,36.290001000000004,36.41,36.168175,349800
2017-05-23,36.529999,36.610001000000004,36.259997999999996,36.48,36.237709,218500
2017-05-24,35.970001,36.259997999999996,35.900002,36.25,36.009235,534200
2017-05-25,36.02,36.139998999999996,35.860001000000004,35.98,35.741028,443500
2017-05-26,35.77,35.869999,35.599998,35.709998999999996,35.472823999999996,295200
2017-05-30,35.810001,36.150002,35.790001000000004,36.07,35.830433,272100
2017-05-31,36.439999,36.509997999999996,35.970001,36.119999,35.8801,399600
2017-06-01,36.240002000000004,36.610001000000004,36.150002,36.599998,36.356911,379100
2017-06-02,36.509997999999996,36.700001,36.48,36.630001,36.386715,293400
2017-06-05,36.459998999999996,36.560001,36.27,36.360001000000004,36.118507,198400
2017-06-06,35.740002000000004,35.919998,35.68,35.700001,35.462891,356400
2017-06-07,35.790001000000004,35.970001,35.700001,35.919998,35.681427,406600
2017-06-08,36.25,36.5,36.189999,36.209998999999996,35.969501,815800
2017-06-09,36.369999,36.650002,36.240002000000004,36.459998999999996,36.217842,388200
2017-06-12,36.459998999999996,36.459998999999996,35.799999,36.099998,35.860233,335100
2017-06-13,36.43,36.43,36.119999,36.299999,36.058903,397200
2017-06-14,36.209998999999996,36.48,36.0,36.09,35.8503,400500
2017-06-15,35.450001,35.799999,35.419998,35.77,35.532425,312600
2017-06-16,35.830002,36.169998,35.709998999999996,36.150002,35.909901,310500
2017-06-19,36.540001000000004,36.759997999999996,36.419998,36.509997999999996,36.267509000000004,292300
2017-06-20,36.529999,36.59,36.16,36.27,36.029106,330100
2017-06-21,36.310001,36.470001,36.220001,36.310001,36.06884,560300
2017-06-22,35.77,36.049999,35.68,35.889998999999996,35.651627000000005,421400
2017-06-23,35.77,36.080002,35.639998999999996,35.959998999999996,35.721160999999995,321700
2017-06-26,36.139998999999996,36.259997999999996,35.950001,36.080002,35.840365999999996,252100
2017-06-27,35.630001,35.799999,35.52,35.619999,35.383419,897200
2017-06-28,36.240002000000004,36.419998,35.889998999999996,36.02,35.780766,1500900
2017-06-29,35.82,35.880001,35.380001,35.580002,35.343689000000005,1300400
2017-06-30,36.029999,36.080002,35.290001000000004,35.470001,35.234417,1706000
2017-07-03,35.57,35.900002,35.540001000000004,35.799999,35.562225,1050700
2017-07-05,35.939999,36.32,35.860001000000004,36.310001,36.06884,457100
2017-07-06,35.720001,35.849998,35.580002,35.66,35.423157,396900
2017-07-07,35.57,35.849998,35.419998,35.82,35.582091999999996,323300
2017-07-10,35.740002000000004,35.950001,35.689999,35.849998,35.611893,336400
2017-07-11,35.740002000000004,35.740002000000004,35.360001000000004,35.66,35.423157,309100
2017-07-12,36.389998999999996,36.509997999999996,36.240002000000004,36.349998,36.10857,327600
2017-07-13,36.52,36.52,36.110001000000004,36.279999,36.039035999999996,357400
2017-07-14,36.080002,36.200001,35.91,36.110001000000004,35.870166999999995,264500
2017-07-17,36.060001,36.139998999999996,35.98,36.07,35.830433,503300
2017-07-18,35.709998999999996,35.790001000000004,35.639998999999996,35.75,35.512558,227400
2017-07-19,36.060001,36.189999,35.970001,36.139998999999996,35.899967,332400
2017-07-20,36.209998999999996,36.240002000000004,35.689999,35.779999,35.542358,233800
2017-07-21,35.330002,35.450001,35.07,35.419998,35.184746000000004,475500
2017-07-24,34.880001,35.209998999999996,34.709998999999996,35.169998,34.936409000000005,670000
2017-07-25,35.439999,35.57,35.279999,35.310001,35.075480999999996,514200
2017-07-26,35.470001,35.75,35.34,35.639998999999996,35.403286,488600
2017-07-27,35.639998999999996,35.639998999999996,35.27,35.439999,35.204617,402200
2017-07-28,34.919998,35.169998,34.740002000000004,35.169998,34.936409000000005,412100
2017-07-31,34.98,35.130001,34.880001,35.07,34.837074,357300
2017-08-01,35.48,35.48,34.790001000000004,34.869999,34.638401,824300
2017-08-02,34.470001,34.959998999999996,34.450001,34.950001,34.717873,1095100
2017-08-03,35.040001000000004,35.400002,34.799999,34.880001,34.648338,1542700
2017-08-04,35.389998999999996,35.400002,35.080002,35.27,35.035748,1375700
2017-08-07,35.040001000000004,35.139998999999996,34.959998999999996,35.099998,34.866875,616300
2017-08-08,34.810001,35.02,34.669998,34.740002000000004,34.509266,614200
2017-08-09,34.459998999999996,34.630001,34.439999,34.619999,34.39006,601900
2017-08-10,34.400002,34.5,34.0,34.02,33.794048,667400
2017-08-11,34.189999,34.299999,33.990002000000004,34.060001,33.833782,653400
2017-08-14,34.470001,34.549999,34.32,34.450001,34.221191,513300
2017-08-15,34.919998,35.009997999999996,34.810001,34.860001000000004,34.628468,608400
2017-08-16,35.360001000000004,35.369999,35.169998,35.34,35.105282,903800
2017-08-17,34.950001,35.220001,34.669998,34.689999,34.459595,668600
2017-08-18,34.419998,34.48,34.18,34.330002,34.10199,497400
2017-08-21,34.220001,34.369999,34.119999,34.25,34.022521999999995,306600
2017-08-22,34.470001,34.700001,34.450001,34.639998999999996,34.409931,388800
2017-08-23,34.32,34.52,34.290001000000004,34.290001000000004,34.062256,311600
2017-08-24,35.68,35.990002000000004,35.48,35.560001,35.323822,722800
2017-08-25,35.630001,35.630001,34.970001,35.110001000000004,34.876808000000004,945800
2017-08-28,35.009997999999996,35.07,34.650002,34.810001,34.578804,682100
2017-08-29,34.169998,34.470001,34.119999,34.23,34.002651,700600
2017-08-30,34.389998999999996,34.689999,34.349998,34.639998999999996,34.409931,807700
2017-08-31,34.84,35.02,34.779999,34.91,34.678135,716600
2017-09-01,35.599998,35.619999,35.360001000000004,35.470001,35.234417,512700
2017-09-05,35.369999,35.490002000000004,34.860001000000004,34.91,34.678135,534200
2017-09-06,34.709998999999996,34.849998,34.650002,34.779999,34.549,411100
2017-09-07,35.279999,35.299999,34.91,35.040001000000004,35.040001000000004,474400
2017-09-08,35.009997999999996,35.060001,34.860001000000004,34.889998999999996,34.889998999999996,349300
2017-09-11,35.259997999999996,35.27,34.849998,34.860001000000004,34.860001000000004,575700
2017-09-12,35.200001,35.349998,35.130001,35.169998,35.169998,361000
2017-09-13,35.360001000000004,35.400002,35.009997999999996,35.09,35.09,494400
2017-09-14,35.18,35.419998,35.060001,35.259997999999996,35.259997999999996,626200
2017-09-15,35.700001,35.84,35.529999,35.720001,35.720001,855900
2017-09-18,36.080002,36.130001,35.810001,35.889998999999996,35.889998999999996,500400
2017-09-19,36.330002,36.34,35.830002,36.029999,36.029999,551200
2017-09-20,35.93,36.130001,35.720001,35.939999,35.939999,469800
2017-09-21,36.619999,36.959998999999996,36.549999,36.84,36.84,442900
2017-09-22,36.580002,36.759997999999996,36.549999,36.599998,36.599998,392900
2017-09-25,36.310001,36.330002,36.07,36.150002,36.150002,341800
2017-09-26,36.110001000000004,36.169998,35.75,35.93,35.93,784400
2017-09-27,36.419998,36.419998,36.099998,36.259997999999996,36.259997999999996,474800
2017-09-28,36.970001,37.389998999999996,36.849998,37.279999,37.279999,610400
2017-09-29,37.669998,38.060001,37.57,37.860001000000004,37.860001000000004,952900
2017-10-02,37.259997999999996,37.389998999999996,37.099998,37.16,37.16,451000
2017-10-03,37.400002,37.490002000000004,37.349998,37.439999,37.439999,391300
2017-10-04,37.450001,37.630001,37.419998,37.459998999999996,37.459998999999996,291200
2017-10-05,37.119999,37.189999,36.740002000000004,36.93,36.93,505500
2017-10-06,36.169998,36.25,36.07,36.25,36.25,512400
2017-10-09,36.259997999999996,36.259997999999996,35.939999,36.009997999999996,36.009997999999996,267500
2017-10-10,36.240002000000004,36.259997999999996,36.130001,36.240002000000004,36.240002000000004,478300
2017-10-11,36.580002,36.610001000000004,36.349998,36.439999,36.439999,445600
2017-10-12,36.259997999999996,36.290001000000004,36.150002,36.189999,36.189999,317700
2017-10-13,36.68,36.84,36.459998999999996,36.459998999999996,36.459998999999996,356800
2017-10-16,36.310001,36.369999,36.080002,36.240002000000004,36.240002000000004,424300
2017-10-17,35.880001,35.98,35.830002,35.93,35.93,268900
2017-10-18,35.91,35.970001,35.790001000000004,35.810001,35.810001,198000
2017-10-19,35.740002000000004,36.290001000000004,35.73,36.27,36.27,311100
2017-10-20,36.66,36.93,36.630001,36.689999,36.689999,296200
2017-10-23,37.380001,37.380001,36.939999,36.98,36.98,309800
2017-10-24,37.07,37.23,36.860001000000004,37.169998,37.169998,220800
2017-10-25,37.299999,37.349998,36.84,37.07,37.07,354100
2017-10-26,37.200001,37.610001000000004,37.16,37.459998999999996,37.459998999999996,309600
2017-10-27,37.73,37.790001000000004,37.48,37.580002,37.580002,325700
2017-10-30,37.380001,37.549999,37.150002,37.290001000000004,37.290001000000004,351500
2017-10-31,37.619999,37.66,37.400002,37.52,37.52,246900
2017-11-01,37.32,37.360001000000004,36.740002000000004,36.790001000000004,36.790001000000004,365700
2017-11-02,36.240002000000004,36.639998999999996,36.220001,36.560001,36.560001,589000
2017-11-03,36.529999,36.619999,36.369999,36.540001000000004,36.540001000000004,666100
2017-11-06,36.34,36.439999,36.25,36.400002,36.400002,780500
2017-11-07,35.759997999999996,35.849998,35.369999,35.419998,35.419998,1237200
2017-11-08,35.720001,36.349998,35.669998,36.240002000000004,36.240002000000004,520200
2017-11-09,35.950001,36.150002,35.450001,35.830002,35.830002,476000
2017-11-10,35.849998,35.91,35.630001,35.799999,35.799999,308400
2017-11-13,35.029999,35.240002000000004,34.889998999999996,35.110001000000004,35.110001000000004,347800
2017-11-14,34.779999,35.009997999999996,34.77,34.970001,34.970001,338500
2017-11-15,34.400002,34.790001000000004,34.400002,34.630001,34.630001,411300
2017-11-16,35.09,35.259997999999996,34.990002000000004,35.150002,35.150002,285900
2017-11-17,35.59,35.779999,35.48,35.619999,35.619999,440700
2017-11-20,36.259997999999996,36.41,36.169998,36.23,36.23,648800
2017-11-21,35.59,35.689999,35.200001,35.34,35.34,475300
2017-11-22,35.259997999999996,35.290001000000004,35.009997999999996,35.119999,35.119999,325200
2017-11-24,35.130001,35.330002,35.130001,35.25,35.25,252400
2017-11-27,35.330002,35.330002,34.799999,34.799999,34.799999,344600
2017-11-28,34.639998999999996,35.150002,34.57,35.130001,35.130001,453300
2017-11-29,35.209998999999996,35.349998,35.02,35.25,35.25,389000
2017-11-30,35.009997999999996,35.130001,34.560001,34.66,34.66,789200
2017-12-01,34.75,34.779999,34.41,34.700001,34.700001,1179500
2017-12-04,35.25,35.470001,35.09,35.130001,35.130001,1256400
2017-12-05,34.990002000000004,34.990002000000004,34.689999,34.740002000000004,34.740002000000004,926700
2017-12-06,34.400002,34.709998999999996,34.299999,34.48,34.48,913200
2017-12-07,34.860001000000004,35.240002000000004,34.77,35.200001,35.200001,944800
2017-12-08,35.360001000000004,35.73,35.189999,35.669998,35.669998,1380800
2017-12-11,35.5,35.639998999999996,35.419998,35.43,35.43,716700
2017-12-12,35.02,35.16,34.68,34.73,34.73,1278600
2017-12-13,34.75,34.900002,34.669998,34.740002000000004,34.740002000000004,611400
2017-12-14,34.52,34.630001,33.919998,33.959998999999996,33.959998999999996,699500
2017-12-15,34.009997999999996,34.060001,33.790001000000004,33.869999,33.869999,507600
2017-12-18,34.23,34.330002,34.150002,34.290001000000004,34.290001000000004,573400
2017-12-19,34.75,34.790001000000004,34.43,34.549999,34.549999,639800
2017-12-20,34.98,34.990002000000004,34.650002,34.759997999999996,34.759997999999996,616400
2017-12-21,35.16,35.419998,35.099998,35.240002000000004,35.240002000000004,514800
2017-12-22,34.990002000000004,35.68,34.970001,35.669998,35.669998,700900
2017-12-26,35.889998999999996,36.240002000000004,35.799999,35.91,35.91,457500
2017-12-27,35.740002000000004,35.98,35.669998,35.91,35.91,520100
2017-12-28,35.880001,36.119999,35.869999,36.009997999999996,36.009997999999996,686900
2017-12-29,36.099998,36.32,35.98,36.09,36.09,446700
2018-01-02,36.029999,36.450001,36.009997999999996,36.389998999999996,36.389998999999996,932700
2018-01-03,36.310001,36.66,36.23,36.619999,36.619999,1257300
2018-01-04,37.48,37.639998999999996,37.360001000000004,37.549999,37.549999,3576900
2018-01-05,37.630001,37.799999,37.419998,37.610001000000004,37.610001000000004,1185700
2018-01-08,37.459998999999996,37.73,37.450001,37.650002,37.650002,1182600
2018-01-09,37.459998999999996,37.790001000000004,37.41,37.650002,37.650002,1133400
2018-01-10,37.470001,37.599998,37.380001,37.459998999999996,37.459998999999996,949700
2018-01-11,37.119999,37.189999,36.98,37.139998999999996,37.139998999999996,1697300
2018-01-12,37.279999,37.389998999999996,37.189999,37.32,37.32,583200
2018-01-16,37.029999,37.27,36.950001,36.98,36.98,641800
2018-01-17,37.279999,37.279999,37.02,37.080002,37.080002,556800
2018-01-18,37.110001000000004,37.220001,36.669998,36.869999,36.869999,371200
2018-01-19,37.080002,37.349998,36.970001,37.330002,37.330002,434600
2018-01-22,37.970001,38.23,37.799999,38.220001,38.220001,1031800
2018-01-23,38.82,38.98,38.700001,38.869999,38.869999,885800
2018-01-24,38.73,38.869999,38.279999,38.459998999999996,38.459998999999996,591900
2018-01-25,38.560001,39.32,38.279999,38.560001,38.560001,850900
2018-01-26,38.689999,38.990002000000004,38.669998,38.959998999999996,38.959998999999996,622900
2018-01-29,38.560001,38.759997999999996,38.32,38.560001,38.560001,941400
2018-01-30,38.150002,38.27,37.91,38.02,38.02,604500
2018-01-31,37.669998,37.740002000000004,37.209998999999996,37.389998999999996,37.389998999999996,670200
2018-02-01,36.66,37.259997999999996,36.630001,36.880001,36.880001,980600
2018-02-02,36.419998,36.490002000000004,35.82,35.889998999999996,35.889998999999996,756000
2018-02-05,35.299999,35.619999,34.580002,34.610001000000004,34.610001000000004,1537300
2018-02-06,34.139998999999996,35.400002,34.07,35.32,35.32,2486500
2018-02-07,34.549999,35.119999,34.529999,34.84,34.84,1459000
2018-02-08,34.439999,34.57,33.189999,33.189999,33.189999,1131200
2018-02-09,33.259997999999996,33.580002,32.470001,33.389998999999996,33.389998999999996,1751700
2018-02-12,33.849998,33.970001,33.639998999999996,33.830002,33.830002,827200
2018-02-13,33.990002000000004,34.490002000000004,33.950001,34.400002,34.400002,1110300
2018-02-14,33.82,34.459998999999996,33.82,34.41,34.41,634000
2018-02-15,35.040001000000004,35.459998999999996,34.82,35.330002,35.330002,793800
2018-02-16,35.32,35.439999,34.849998,34.900002,34.900002,454200
2018-02-20,34.959998999999996,35.200001,34.73,34.869999,34.869999,886800
2018-02-21,34.84,35.189999,34.580002,34.580002,34.580002,582100
2018-02-22,34.68,35.0,34.490002000000004,34.709998999999996,34.709998999999996,537000
2018-02-23,34.75,34.880001,34.59,34.860001000000004,34.860001000000004,324600
2018-02-26,34.869999,34.93,34.610001000000004,34.82,34.82,413600
2018-02-27,34.32,34.490002000000004,33.75,33.75,33.75,771900
2018-02-28,33.66,33.68,33.099998,33.099998,33.099998,810200
2018-03-01,34.009997999999996,34.139998999999996,33.25,33.529999,33.529999,694100
2018-03-02,33.369999,33.77,33.150002,33.709998999999996,33.709998999999996,872300
2018-03-05,33.869999,34.369999,33.799999,34.369999,34.369999,730049
