Date,Open,High,Low,Close,Adj Close,Volume
2015-01-02,1006.3800050000001,1013.419983,999.7999880000001,1004.1300050000001,1004.1300050000001,0
2015-01-05,1000.150024,1001.7700199999999,992.419983,995.2700199999999,995.2700199999999,0
2015-01-06,997.4799800000001,1005.9799800000001,984.070007,993.6900019999999,993.6900019999999,0
2015-01-07,999.590027,1015.5300289999999,999.590027,1015.4699710000001,1015.4699710000001,0
2015-01-08,1026.670044,1034.109985,1026.359985,1032.369995,1032.369995,0
2015-01-09,1034.369995,1034.939941,1023.7999880000001,1029.310059,1029.310059,0
2015-01-12,1036.180054,1039.890015,1028.160034,1033.829956,1033.829956,0
2015-01-13,1040.719971,1047.599976,1022.7299800000001,1031.560059,1031.560059,0
2015-01-14,1025.23999,1035.130005,1022.4799800000001,1029.780029,1029.780029,0
2015-01-15,1035.449951,1037.22998,1023.9500119999999,1024.079956,1024.079956,0
2015-01-16,1023.0599980000001,1046.0,1022.159973,1045.0,1045.0,0
2015-01-20,1047.219971,1051.27002,1036.800049,1049.030029,1049.030029,0
2015-01-21,1045.949951,1052.390015,1042.150024,1048.430054,1048.430054,0
2015-01-22,1048.459961,1051.040039,1038.069946,1050.530029,1050.530029,0
2015-01-23,1050.26001,1052.119995,1047.869995,1049.51001,1049.51001,0
2015-01-26,1049.26001,1058.579956,1046.430054,1058.329956,1058.329956,0
2015-01-27,1054.310059,1060.199951,1049.589966,1054.22998,1054.22998,0
2015-01-28,1056.810059,1060.369995,1043.140015,1044.800049,1044.800049,0
2015-01-29,1049.400024,1058.790039,1044.359985,1057.329956,1057.329956,0
2015-01-30,1055.099976,1055.099976,1036.089966,1036.660034,1036.660034,0
2015-02-02,1041.410034,1042.540039,1026.650024,1041.109985,1041.109985,0
2015-02-03,1042.459961,1044.069946,1024.609985,1042.77002,1042.77002,0
2015-02-04,1037.630005,1038.829956,1031.439941,1034.439941,1034.439941,0
2015-02-05,1053.459961,1064.51001,1053.459961,1063.449951,1063.449951,0
2015-02-06,1060.689941,1065.079956,1054.829956,1056.969971,1056.969971,0
2015-02-09,1053.98999,1055.0,1043.829956,1046.089966,1046.089966,0
2015-02-10,1050.339966,1063.079956,1050.339966,1062.040039,1062.040039,0
2015-02-11,1062.400024,1066.800049,1055.910034,1062.609985,1062.609985,0
2015-02-12,1069.859985,1077.780029,1066.569946,1077.73999,1077.73999,0
2015-02-13,1080.920044,1087.5,1078.72998,1087.430054,1087.430054,0
2015-02-17,1085.630005,1093.060059,1084.709961,1092.23999,1092.23999,0
2015-02-18,1092.23999,1092.23999,1083.670044,1090.689941,1090.689941,0
2015-02-19,1089.900024,1093.630005,1087.380005,1091.349976,1091.349976,0
2015-02-20,1092.550049,1105.130005,1089.910034,1105.089966,1105.089966,0
2015-02-23,1108.890015,1115.599976,1107.640015,1110.680054,1110.680054,0
2015-02-24,1107.949951,1110.51001,1102.959961,1109.709961,1109.709961,0
2015-02-25,1108.719971,1112.48999,1103.329956,1108.939941,1108.939941,0
2015-02-26,1108.099976,1112.579956,1104.300049,1112.569946,1112.569946,0
2015-02-27,1111.319946,1113.390015,1106.180054,1106.329956,1106.329956,0
2015-03-02,1107.670044,1116.300049,1107.670044,1115.890015,1115.890015,0
2015-03-03,1114.579956,1114.780029,1103.25,1108.709961,1108.709961,0
2015-03-04,1105.619995,1111.550049,1098.040039,1110.130005,1110.130005,0
2015-03-05,1112.689941,1121.800049,1112.689941,1115.160034,1115.160034,0
2015-03-06,1111.48999,1111.48999,1096.839966,1097.930054,1097.930054,0
2015-03-09,1099.109985,1108.189941,1095.420044,1106.73999,1106.73999,0
2015-03-10,1100.130005,1101.25,1094.359985,1094.420044,1094.420044,0
2015-03-11,1096.819946,1103.829956,1095.869995,1099.27002,1099.27002,0
2015-03-12,1102.300049,1118.52002,1102.300049,1118.390015,1118.390015,0
2015-03-13,1115.369995,1118.819946,1108.48999,1115.369995,1115.369995,0
2015-03-16,1122.380005,1134.560059,1122.380005,1133.829956,1133.829956,0
2015-03-17,1130.150024,1140.880005,1128.47998,1138.170044,1138.170044,0
2015-03-18,1136.880005,1160.76001,1136.319946,1156.430054,1156.430054,0
2015-03-19,1153.390015,1154.449951,1147.25,1152.849976,1152.849976,0
2015-03-20,1161.75,1164.880005,1154.199951,1161.130005,1161.130005,0
2015-03-23,1159.420044,1161.439941,1153.290039,1154.540039,1154.540039,0
2015-03-24,1155.699951,1160.52002,1147.359985,1147.390015,1147.390015,0
2015-03-25,1149.949951,1154.319946,1124.640015,1125.060059,1125.060059,0
2015-03-26,1120.589966,1134.709961,1114.839966,1124.76001,1124.76001,0
2015-03-27,1127.150024,1135.619995,1127.150024,1132.829956,1132.829956,0
2015-03-30,1133.819946,1141.76001,1133.72998,1140.02002,1140.02002,0
2015-03-31,1132.23999,1135.290039,1124.48999,1124.48999,1124.48999,0
2015-04-01,1125.140015,1125.47998,1109.349976,1118.969971,1118.969971,0
2015-04-02,1121.900024,1125.689941,1118.339966,1119.969971,1119.969971,0
2015-04-06,1120.189941,1128.329956,1118.050049,1124.47998,1124.47998,0
2015-04-07,1128.939941,1135.920044,1128.599976,1129.48999,1129.48999,0
2015-04-08,1132.369995,1161.949951,1132.369995,1158.550049,1158.550049,0
2015-04-09,1159.099976,1168.949951,1159.099976,1166.290039,1166.290039,0
2015-04-10,1165.680054,1176.959961,1164.369995,1175.420044,1175.420044,0
2015-04-13,1171.680054,1178.880005,1166.560059,1166.910034,1166.910034,0
2015-04-14,1167.449951,1171.310059,1163.689941,1168.890015,1168.890015,0
2015-04-15,1171.819946,1174.719971,1169.849976,1170.079956,1170.079956,0
2015-04-16,1168.150024,1171.449951,1164.880005,1165.869995,1165.869995,0
2015-04-17,1159.290039,1163.060059,1151.530029,1162.589966,1162.589966,0
2015-04-20,1163.869995,1165.52002,1157.439941,1159.949951,1159.949951,0
2015-04-21,1170.189941,1175.130005,1169.829956,1171.839966,1171.839966,0
2015-04-22,1173.51001,1175.5,1169.099976,1171.369995,1171.369995,0
2015-04-23,1168.810059,1178.209961,1164.959961,1176.859985,1176.859985,0
2015-04-24,1173.540039,1178.73999,1169.75,1174.839966,1174.839966,0
2015-04-27,1176.369995,1177.439941,1148.329956,1149.060059,1149.060059,0
2015-04-28,1149.819946,1153.589966,1134.459961,1148.780029,1148.780029,0
2015-04-29,1143.77002,1151.5,1139.890015,1146.540039,1146.540039,0
2015-04-30,1146.290039,1149.27002,1127.410034,1132.089966,1132.089966,0
2015-05-01,1137.599976,1146.290039,1137.380005,1146.27002,1146.27002,0
2015-05-04,1147.849976,1156.689941,1147.849976,1150.48999,1150.48999,0
2015-05-05,1152.569946,1152.569946,1137.72998,1139.569946,1139.569946,0
2015-05-06,1142.75,1142.75,1126.060059,1131.930054,1131.930054,0
2015-05-07,1129.430054,1136.530029,1124.73999,1133.48999,1133.48999,0
2015-05-08,1143.670044,1154.47998,1143.670044,1151.25,1151.25,0
2015-05-11,1155.140015,1157.369995,1150.839966,1154.02002,1154.02002,0
2015-05-12,1149.369995,1151.430054,1143.72998,1146.949951,1146.949951,0
2015-05-13,1148.849976,1152.719971,1143.709961,1145.51001,1145.51001,0
2015-05-14,1151.72998,1159.170044,1146.449951,1158.869995,1158.869995,0
2015-05-15,1156.160034,1160.890015,1156.160034,1159.469971,1159.469971,0
2015-05-18,1158.849976,1162.550049,1156.130005,1161.709961,1161.709961,0
2015-05-19,1162.180054,1173.079956,1161.359985,1170.219971,1170.219971,0
2015-05-20,1169.969971,1174.589966,1167.300049,1170.709961,1170.709961,0
2015-05-21,1173.109985,1176.430054,1171.52002,1175.660034,1175.660034,0
2015-05-22,1173.72998,1177.170044,1171.930054,1172.97998,1172.97998,0
2015-05-26,1169.569946,1169.72998,1157.790039,1159.97998,1159.97998,0
2015-05-27,1162.23999,1178.290039,1162.0,1177.47998,1177.47998,0
2015-05-28,1175.839966,1180.969971,1173.72998,1180.859985,1180.859985,0
2015-05-29,1180.780029,1183.849976,1170.869995,1173.170044,1173.170044,0
2015-06-01,1177.369995,1178.75,1170.380005,1175.329956,1175.329956,0
2015-06-02,1174.619995,1178.079956,1166.430054,1171.959961,1171.959961,0
2015-06-03,1174.800049,1176.640015,1172.400024,1174.98999,1174.98999,0
2015-06-04,1170.920044,1178.170044,1162.849976,1165.910034,1165.910034,0
2015-06-05,1160.5,1164.109985,1153.689941,1162.5,1162.5,0
2015-06-08,1162.5,1162.5,1154.030029,1154.199951,1154.199951,0
2015-06-09,1153.189941,1153.22998,1144.859985,1151.540039,1151.540039,0
2015-06-10,1156.5,1164.380005,1154.359985,1162.959961,1162.959961,0
2015-06-11,1163.859985,1171.650024,1162.890015,1169.22998,1169.22998,0
2015-06-12,1165.189941,1165.189941,1154.660034,1156.819946,1156.819946,0
2015-06-15,1149.109985,1150.640015,1142.790039,1148.969971,1148.969971,0
2015-06-16,1150.160034,1155.170044,1146.170044,1154.969971,1154.969971,0
2015-06-17,1154.589966,1158.109985,1149.680054,1154.660034,1154.660034,0
2015-06-18,1157.27002,1172.619995,1157.27002,1168.02002,1168.02002,0
2015-06-19,1166.310059,1169.75,1163.920044,1164.130005,1164.130005,0
2015-06-22,1172.060059,1178.859985,1172.060059,1174.589966,1174.589966,0
2015-06-23,1177.359985,1182.839966,1175.069946,1178.699951,1178.699951,0
2015-06-24,1176.819946,1178.410034,1167.900024,1167.900024,1167.900024,0
2015-06-25,1170.369995,1176.140015,1165.97998,1174.119995,1174.119995,0
2015-06-26,1175.300049,1175.300049,1161.23999,1164.25,1164.25,0
2015-06-29,1151.930054,1157.660034,1136.530029,1137.310059,1137.310059,0
2015-06-30,1145.170044,1147.209961,1136.439941,1143.709961,1143.709961,0
2015-07-01,1150.48999,1158.560059,1150.420044,1156.47998,1156.47998,0
2015-07-02,1159.599976,1160.869995,1152.689941,1157.599976,1157.599976,0
2015-07-06,1149.869995,1162.52002,1148.290039,1157.849976,1157.849976,0
2015-07-07,1158.47998,1162.609985,1144.27002,1161.949951,1161.949951,0
2015-07-08,1156.469971,1156.469971,1143.060059,1143.650024,1143.650024,0
2015-07-09,1158.180054,1162.579956,1151.540039,1153.26001,1153.26001,0
2015-07-10,1168.390015,1177.609985,1168.180054,1176.300049,1176.300049,0
2015-07-13,1185.02002,1188.619995,1182.199951,1185.180054,1185.180054,0
2015-07-14,1185.910034,1198.089966,1184.630005,1196.650024,1196.650024,0
2015-07-15,1196.300049,1198.0,1188.670044,1191.109985,1191.109985,0
2015-07-16,1196.25,1200.349976,1196.25,1197.589966,1197.589966,0
2015-07-17,1197.420044,1197.420044,1191.680054,1196.25,1196.25,0
2015-07-20,1199.099976,1203.319946,1197.550049,1200.660034,1200.660034,0
2015-07-21,1199.939941,1201.280029,1189.079956,1192.449951,1192.449951,0
2015-07-22,1187.900024,1196.530029,1186.25,1196.130005,1196.130005,0
2015-07-23,1198.369995,1201.73999,1194.619995,1196.48999,1196.48999,0
2015-07-24,1192.01001,1195.76001,1178.01001,1180.680054,1180.680054,0
2015-07-27,1183.400024,1186.119995,1177.930054,1185.939941,1185.939941,0
2015-07-28,1188.650024,1199.089966,1182.550049,1199.02002,1199.02002,0
2015-07-29,1201.589966,1202.959961,1195.060059,1197.310059,1197.310059,0
2015-07-30,1196.170044,1199.550049,1189.800049,1195.630005,1195.630005,0
2015-07-31,1199.969971,1209.959961,1199.969971,1206.349976,1206.349976,0
2015-08-03,1210.390015,1212.859985,1201.619995,1208.72998,1208.72998,0
2015-08-04,1208.27002,1210.119995,1192.430054,1197.540039,1197.540039,0
2015-08-05,1202.400024,1206.560059,1201.839966,1204.219971,1204.219971,0
2015-08-06,1205.430054,1206.839966,1176.569946,1178.349976,1178.349976,0
2015-08-07,1178.540039,1178.959961,1164.540039,1178.76001,1178.76001,0
2015-08-10,1181.530029,1191.160034,1181.530029,1188.819946,1188.819946,0
2015-08-11,1181.630005,1185.030029,1173.160034,1178.76001,1178.76001,0
2015-08-12,1169.77002,1175.609985,1152.430054,1173.22998,1173.22998,0
2015-08-13,1171.939941,1179.030029,1169.660034,1172.680054,1172.680054,0
2015-08-14,1173.589966,1174.619995,1163.540039,1171.75,1171.75,0
2015-08-17,1168.140015,1183.119995,1163.310059,1183.089966,1183.089966,0
2015-08-18,1181.719971,1186.599976,1179.869995,1180.540039,1180.540039,0
2015-08-19,1175.349976,1182.160034,1167.219971,1174.170044,1174.170044,0
2015-08-20,1166.069946,1168.939941,1144.390015,1144.390015,1144.390015,0
2015-08-21,1134.969971,1140.689941,1110.939941,1110.939941,1110.939941,0
2015-08-24,1055.310059,1103.329956,1040.22998,1070.25,1070.25,0
2015-08-25,1094.380005,1103.400024,1061.150024,1061.26001,1061.26001,0
2015-08-26,1079.209961,1097.160034,1060.0,1096.23999,1096.23999,0
2015-08-27,1105.939941,1121.560059,1102.050049,1119.530029,1119.530029,0
2015-08-28,1115.890015,1118.359985,1107.699951,1117.790039,1117.790039,0
2015-08-31,1118.02002,1121.689941,1098.800049,1100.719971,1100.719971,0
2015-09-01,1088.160034,1090.069946,1070.27002,1074.449951,1074.449951,0
2015-09-02,1085.800049,1095.579956,1078.579956,1095.23999,1095.23999,0
2015-09-03,1101.51001,1106.390015,1084.180054,1087.449951,1087.449951,0
2015-09-04,1074.560059,1082.150024,1065.5,1074.680054,1074.680054,0
2015-09-08,1090.01001,1102.050049,1087.48999,1101.310059,1101.310059,0
2015-09-09,1107.869995,1109.98999,1082.150024,1084.219971,1084.219971,0
2015-09-10,1085.209961,1097.439941,1083.300049,1090.540039,1090.540039,0
2015-09-11,1087.310059,1095.47998,1083.319946,1095.439941,1095.439941,0
2015-09-14,1095.439941,1095.439941,1086.140015,1092.319946,1092.319946,0
2015-09-15,1094.410034,1107.069946,1092.050049,1106.410034,1106.410034,0
2015-09-16,1108.130005,1118.189941,1103.969971,1116.52002,1116.52002,0
2015-09-17,1113.849976,1140.719971,1113.849976,1126.48999,1126.48999,0
2015-09-18,1120.22998,1124.099976,1113.829956,1115.72998,1115.72998,0
2015-09-21,1121.369995,1122.579956,1083.369995,1090.52002,1090.52002,0
2015-09-22,1079.449951,1079.449951,1060.26001,1070.599976,1070.599976,0
2015-09-23,1073.069946,1082.810059,1066.810059,1068.369995,1068.369995,0
2015-09-24,1066.069946,1066.069946,1044.75,1059.359985,1059.359985,0
2015-09-25,1068.119995,1071.130005,1023.3699949999999,1033.119995,1033.119995,0
2015-09-28,1031.869995,1033.569946,971.75,982.4400019999999,982.4400019999999,0
2015-09-29,982.4400019999999,1000.2899779999999,966.080017,976.6900019999999,976.6900019999999,0
2015-09-30,991.099976,1013.7000119999999,991.099976,1012.98999,1012.98999,0
2015-10-01,1014.6900019999999,1022.6199949999999,1002.8699949999999,1022.0,1022.0,0
2015-10-02,1011.1199949999999,1043.650024,1003.320007,1043.530029,1043.530029,0
2015-10-05,1049.48999,1051.780029,1027.569946,1036.839966,1036.839966,0
2015-10-06,1038.550049,1039.890015,1003.1199949999999,1020.590027,1020.590027,0
2015-10-07,1020.4799800000001,1032.880005,1006.7000119999999,1024.76001,1024.76001,0
2015-10-08,1024.76001,1036.130005,1011.9799800000001,1033.540039,1033.540039,0
2015-10-09,1034.709961,1041.079956,1029.819946,1035.689941,1035.689941,0
2015-10-12,1030.819946,1035.72998,1026.290039,1032.430054,1032.430054,0
2015-10-13,1026.890015,1037.599976,1011.7199710000001,1012.8599849999999,1012.8599849999999,0
2015-10-14,1018.409973,1030.589966,1015.7299800000001,1022.0599980000001,1022.0599980000001,0
2015-10-15,1017.5399779999999,1042.930054,1015.7299800000001,1042.329956,1042.329956,0
2015-10-16,1046.25,1057.930054,1046.25,1057.800049,1057.800049,0
2015-10-19,1056.910034,1060.670044,1042.040039,1054.380005,1054.380005,0
2015-10-20,1051.560059,1052.599976,1020.3800050000001,1023.7299800000001,1023.7299800000001,0
2015-10-21,1027.699951,1029.650024,971.2899779999999,998.909973,998.909973,0
2015-10-22,997.159973,998.48999,972.8599849999999,990.01001,990.01001,0
2015-10-23,997.9400019999999,1033.119995,997.9400019999999,1023.090027,1023.090027,0
2015-10-26,1018.570007,1034.119995,1014.3599849999999,1026.52002,1026.52002,0
2015-10-27,1030.469971,1041.099976,1029.400024,1039.219971,1039.219971,0
2015-10-28,1047.26001,1061.76001,1037.619995,1059.5,1059.5,0
2015-10-29,1059.219971,1073.97998,1054.589966,1059.400024,1059.400024,0
2015-10-30,1060.72998,1065.300049,1051.189941,1051.290039,1051.290039,0
2015-11-02,1056.380005,1071.640015,1056.339966,1070.410034,1070.410034,0
2015-11-03,1070.439941,1074.079956,1063.300049,1069.75,1069.75,0
2015-11-04,1073.609985,1074.280029,1060.969971,1065.390015,1065.390015,0
2015-11-05,1069.640015,1069.640015,1044.719971,1050.449951,1050.449951,0
2015-11-06,1039.459961,1044.709961,1025.359985,1043.949951,1043.949951,0
2015-11-09,1039.709961,1039.98999,1019.159973,1026.819946,1026.819946,0
2015-11-10,1020.8800050000001,1030.910034,1012.7299800000001,1029.810059,1029.810059,0
2015-11-11,1031.5,1035.459961,1021.7800289999999,1022.070007,1022.070007,0
2015-11-12,1016.9799800000001,1018.73999,1001.01001,1001.0200199999999,1001.0200199999999,0
2015-11-13,996.2999880000001,1013.599976,996.2999880000001,1008.1099849999999,1008.1099849999999,0
2015-11-16,1009.48999,1018.5300289999999,1006.150024,1017.4500119999999,1017.4500119999999,0
2015-11-17,1020.98999,1035.819946,1018.3699949999999,1027.060059,1027.060059,0
2015-11-18,1030.790039,1045.339966,1028.400024,1044.130005,1044.130005,0
2015-11-19,1045.300049,1047.47998,1036.609985,1041.300049,1041.300049,0
2015-11-20,1044.839966,1051.699951,1044.199951,1046.98999,1046.98999,0
2015-11-23,1047.839966,1052.640015,1038.790039,1042.430054,1042.430054,0
2015-11-24,1037.839966,1043.709961,1034.839966,1042.859985,1042.859985,0
2015-11-25,1043.900024,1052.550049,1043.77002,1049.51001,1049.51001,0
2015-11-27,1050.780029,1052.869995,1048.27002,1049.140015,1049.140015,0
2015-11-30,1049.5,1049.859985,1038.300049,1041.339966,1041.339966,0
2015-12-01,1047.339966,1061.560059,1045.560059,1061.02002,1061.02002,0
2015-12-02,1062.170044,1068.73999,1046.949951,1050.400024,1050.400024,0
2015-12-03,1055.109985,1055.469971,1026.219971,1031.51001,1031.51001,0
2015-12-04,1034.800049,1055.48999,1034.640015,1054.73999,1054.73999,0
2015-12-07,1056.420044,1059.540039,1041.689941,1047.73999,1047.73999,0
2015-12-08,1039.5,1046.609985,1035.930054,1042.030029,1042.030029,0
2015-12-09,1039.910034,1046.849976,1028.430054,1032.26001,1032.26001,0
2015-12-10,1033.880005,1044.349976,1032.599976,1039.030029,1039.030029,0
2015-12-11,1032.449951,1032.449951,1019.2800289999999,1021.659973,1021.659973,0
2015-12-14,1023.169983,1027.619995,1008.8699949999999,1026.26001,1026.26001,0
2015-12-15,1035.300049,1051.449951,1035.300049,1046.77002,1046.77002,0
2015-12-16,1055.630005,1067.569946,1049.689941,1065.97998,1065.97998,0
2015-12-17,1066.069946,1066.849976,1049.599976,1049.810059,1049.810059,0
2015-12-18,1044.790039,1049.52002,1039.630005,1039.839966,1039.839966,0
2015-12-21,1043.619995,1050.640015,1039.189941,1046.060059,1046.060059,0
2015-12-22,1047.579956,1057.300049,1046.160034,1055.449951,1055.449951,0
2015-12-23,1061.380005,1071.560059,1061.380005,1069.869995,1069.869995,0
2015-12-24,1067.920044,1071.099976,1067.099976,1068.630005,1068.630005,0
2015-12-28,1066.040039,1066.040039,1057.810059,1061.579956,1061.579956,0
2015-12-29,1067.530029,1072.339966,1065.459961,1070.689941,1070.689941,0
2015-12-30,1069.540039,1074.97998,1067.77002,1068.920044,1068.920044,0
2015-12-31,1065.150024,1066.329956,1057.380005,1057.469971,1057.469971,0
2016-01-04,1043.109985,1043.109985,1026.939941,1036.77002,1036.77002,0
2016-01-05,1039.140015,1048.530029,1038.530029,1044.900024,1044.900024,0
2016-01-06,1034.689941,1041.329956,1025.569946,1031.810059,1031.810059,0
2016-01-07,1016.7100220000001,1024.0,1007.570007,1010.4400019999999,1010.4400019999999,0
2016-01-08,1016.580017,1019.4600220000001,989.2999880000001,991.2800289999999,991.2800289999999,0
2016-01-11,994.0399779999999,995.570007,962.830017,977.2000119999999,977.2000119999999,0
2016-01-12,982.340027,997.570007,972.6900019999999,990.099976,990.099976,0
2016-01-13,990.099976,1000.25,961.349976,963.0,963.0,0
2016-01-14,964.5,992.3900150000001,953.5300289999999,987.7000119999999,987.7000119999999,0
2016-01-15,964.5499880000001,974.8099980000001,956.23999,971.5300289999999,971.5300289999999,0
2016-01-19,983.099976,988.1300050000001,959.7700199999999,970.580017,970.580017,0
2016-01-20,958.8699949999999,985.429993,942.7800289999999,974.8699949999999,974.8699949999999,0
2016-01-21,963.349976,970.7000119999999,950.5399779999999,959.580017,959.580017,0
2016-01-22,971.1300050000001,980.4699710000001,971.1300050000001,978.570007,978.570007,0
2016-01-25,976.590027,987.2299800000001,973.6300050000001,974.179993,974.179993,0
2016-01-26,977.6099849999999,987.349976,967.419983,984.8599849999999,984.8599849999999,0
2016-01-27,981.159973,988.6300050000001,960.599976,966.8800050000001,966.8800050000001,0
2016-01-28,967.8699949999999,969.7000119999999,934.7800289999999,939.6400150000001,939.6400150000001,0
2016-01-29,943.099976,959.3099980000001,942.7800289999999,959.3099980000001,959.3099980000001,0
2016-02-01,952.76001,968.0300289999999,944.6900019999999,963.8900150000001,963.8900150000001,0
2016-02-02,954.840027,962.4799800000001,943.8800050000001,949.6099849999999,949.6099849999999,0
2016-02-03,954.7199710000001,955.179993,930.659973,953.1300050000001,953.1300050000001,0
2016-02-04,953.1300050000001,955.7299800000001,935.5399779999999,943.9699710000001,943.9699710000001,0
2016-02-05,941.2700199999999,942.830017,928.9799800000001,933.2899779999999,933.2899779999999,0
2016-02-08,921.9799800000001,921.9799800000001,895.9600220000001,908.6900019999999,908.6900019999999,0
2016-02-09,899.929993,915.409973,893.98999,906.26001,906.26001,0
2016-02-10,913.8699949999999,922.830017,902.2800289999999,905.150024,905.150024,0
2016-02-11,905.150024,905.150024,877.3599849999999,886.7000119999999,886.7000119999999,0
2016-02-12,889.5,902.070007,884.1900019999999,902.0599980000001,902.0599980000001,0
2016-02-16,909.9400019999999,918.9699710000001,908.5200199999999,918.7899779999999,918.7899779999999,0
2016-02-17,920.2999880000001,938.2199710000001,920.2999880000001,938.1400150000001,938.1400150000001,0
2016-02-18,933.820007,937.669983,925.1900019999999,925.429993,925.429993,0
2016-02-19,923.179993,924.409973,916.26001,921.830017,921.830017,0
2016-02-22,926.0399779999999,931.9500119999999,920.76001,926.6300050000001,926.6300050000001,0
2016-02-23,925.5599980000001,934.330017,921.7100220000001,922.0499880000001,922.0499880000001,0
2016-02-24,912.659973,924.2199710000001,903.429993,923.599976,923.599976,0
2016-02-25,926.919983,938.580017,923.7899779999999,938.429993,938.429993,0
2016-02-26,940.900024,944.1099849999999,933.179993,933.340027,933.340027,0
2016-02-29,926.599976,926.599976,903.3900150000001,903.580017,903.580017,0
2016-03-01,909.7299800000001,921.2999880000001,903.3599849999999,920.73999,920.73999,0
2016-03-02,919.4600220000001,925.830017,916.929993,925.7800289999999,925.7800289999999,0
2016-03-03,919.919983,920.4400019999999,911.3599849999999,917.1099849999999,917.1099849999999,0
2016-03-04,918.7999880000001,922.4699710000001,913.2899779999999,916.1300050000001,916.1300050000001,0
2016-03-07,916.1300050000001,933.909973,909.7299800000001,928.7000119999999,928.7000119999999,0
2016-03-08,924.8599849999999,925.7100220000001,915.0399779999999,915.919983,915.919983,0
2016-03-09,920.7299800000001,924.820007,916.2199710000001,923.679993,923.679993,0
2016-03-10,929.2100220000001,936.51001,916.5200199999999,923.3800050000001,923.3800050000001,0
2016-03-11,927.23999,946.6300050000001,927.23999,946.6199949999999,946.6199949999999,0
2016-03-14,945.26001,946.0499880000001,938.3699949999999,942.48999,942.48999,0
2016-03-15,927.929993,928.25,891.820007,894.0300289999999,894.0300289999999,0
2016-03-16,891.6900019999999,897.0200199999999,881.48999,889.51001,889.51001,0
2016-03-17,889.51001,889.51001,868.8900150000001,877.679993,877.679993,0
2016-03-18,876.929993,884.4500119999999,872.3800050000001,882.4699710000001,882.4699710000001,0
2016-03-21,882.419983,899.330017,881.7199710000001,891.820007,891.820007,0
2016-03-22,889.150024,908.340027,887.159973,906.9400019999999,906.9400019999999,0
2016-03-23,908.6900019999999,910.73999,898.5200199999999,899.599976,899.599976,0
2016-03-24,894.3900150000001,899.5599980000001,888.4799800000001,895.0599980000001,895.0599980000001,0
2016-03-28,895.830017,897.0300289999999,881.830017,884.25,884.25,0
2016-03-29,882.900024,902.150024,878.5399779999999,900.4500119999999,900.4500119999999,0
2016-03-30,905.2100220000001,910.1199949999999,896.580017,898.4799800000001,898.4799800000001,0
2016-03-31,898.2899779999999,907.5599980000001,893.0599980000001,900.1300050000001,900.1300050000001,0
2016-04-01,894.4600220000001,916.0499880000001,890.090027,913.75,913.75,0
2016-04-04,919.929993,928.830017,919.2899779999999,920.9699710000001,920.9699710000001,0
2016-04-05,912.1400150000001,916.0200199999999,907.6300050000001,912.5399779999999,912.5399779999999,0
2016-04-06,916.8599849999999,949.7199710000001,916.8599849999999,949.6400150000001,949.6400150000001,0
2016-04-07,950.669983,957.5399779999999,940.929993,946.5300289999999,946.5300289999999,0
2016-04-08,950.2700199999999,951.5499880000001,934.830017,938.409973,938.409973,0
2016-04-11,941.659973,943.25,922.7299800000001,924.580017,924.580017,0
2016-04-12,922.900024,931.6400150000001,920.25,927.4799800000001,927.4799800000001,0
2016-04-13,927.4799800000001,941.0,924.099976,940.179993,940.179993,0
2016-04-14,940.179993,942.919983,936.01001,940.429993,940.429993,0
2016-04-15,939.900024,942.429993,934.26001,939.6300050000001,939.6300050000001,0
2016-04-18,937.669983,954.3699949999999,934.830017,952.4400019999999,952.4400019999999,0
2016-04-19,956.2000119999999,969.1199949999999,955.0599980000001,960.8599849999999,960.8599849999999,0
2016-04-20,961.3099980000001,967.25,955.5599980000001,961.929993,961.929993,0
2016-04-21,962.1400150000001,975.26001,962.1400150000001,973.840027,973.840027,0
2016-04-22,976.6099849999999,985.9400019999999,971.6099849999999,979.5300289999999,979.5300289999999,0
2016-04-25,979.5300289999999,979.5300289999999,956.2800289999999,957.1300050000001,957.1300050000001,0
2016-04-26,957.599976,957.599976,945.330017,953.4600220000001,953.4600220000001,0
2016-04-27,952.150024,954.159973,944.2199710000001,947.2999880000001,947.2999880000001,0
2016-04-28,941.6900019999999,949.2899779999999,935.5499880000001,940.6400150000001,940.6400150000001,0
2016-04-29,940.6199949999999,941.3800050000001,921.0499880000001,927.3900150000001,927.3900150000001,0
2016-05-02,927.090027,929.909973,916.8800050000001,929.900024,929.900024,0
2016-05-03,934.330017,943.3800050000001,924.830017,934.76001,934.76001,0
2016-05-04,926.150024,926.150024,911.590027,916.1099849999999,916.1099849999999,0
2016-05-05,913.51001,915.340027,905.5,911.8599849999999,911.8599849999999,0
2016-05-06,891.669983,896.1099849999999,871.48999,879.7700199999999,879.7700199999999,0
2016-05-09,888.4400019999999,898.76001,888.080017,893.590027,893.590027,0
2016-05-10,896.3699949999999,901.4500119999999,894.4500119999999,899.0200199999999,899.0200199999999,0
2016-05-11,898.51001,900.5300289999999,882.650024,882.849976,882.849976,0
2016-05-12,887.7199710000001,889.5,867.3699949999999,873.3900150000001,873.3900150000001,0
2016-05-13,872.090027,882.6099849999999,871.4699710000001,878.070007,878.070007,0
2016-05-16,876.9799800000001,895.099976,876.4400019999999,894.2299800000001,894.2299800000001,0
2016-05-17,892.659973,899.01001,890.330017,895.080017,895.080017,0
2016-05-18,893.830017,904.400024,892.98999,898.7700199999999,898.7700199999999,0
2016-05-19,893.0300289999999,896.25,876.7700199999999,883.820007,883.820007,0
2016-05-20,887.3900150000001,902.419983,887.3900150000001,900.8599849999999,900.8599849999999,0
2016-05-23,901.73999,902.4799800000001,893.2899779999999,894.179993,894.179993,0
2016-05-24,899.9500119999999,908.849976,899.1199949999999,908.150024,908.150024,0
2016-05-25,915.0599980000001,917.48999,911.419983,915.2700199999999,915.2700199999999,0
2016-05-26,915.2199710000001,920.4400019999999,912.090027,918.830017,918.830017,0
2016-05-27,921.2800289999999,931.3900150000001,921.2800289999999,927.1900019999999,927.1900019999999,0
2016-05-31,930.5599980000001,934.2700199999999,924.590027,928.2700199999999,928.2700199999999,0
2016-06-01,926.2999880000001,939.75,925.2199710000001,936.3800050000001,936.3800050000001,0
2016-06-02,936.8699949999999,947.6199949999999,936.5499880000001,945.9699710000001,945.9699710000001,0
2016-06-03,945.4600220000001,945.4600220000001,930.26001,940.8599849999999,940.8599849999999,0
2016-06-06,941.4500119999999,949.340027,936.820007,946.98999,946.98999,0
2016-06-07,937.070007,943.150024,930.51001,940.4400019999999,940.4400019999999,0
2016-06-08,940.159973,940.7199710000001,935.2899779999999,937.5,937.5,0
2016-06-09,932.659973,940.2000119999999,927.909973,930.6300050000001,930.6300050000001,0
2016-06-10,918.9699710000001,918.9699710000001,906.4699710000001,910.4699710000001,910.4699710000001,0
2016-06-13,907.1099849999999,916.169983,903.169983,903.7100220000001,903.7100220000001,0
2016-06-14,897.0300289999999,905.26001,891.4799800000001,904.5499880000001,904.5499880000001,0
2016-06-15,907.669983,912.1300050000001,897.1900019999999,898.25,898.25,0
2016-06-16,892.7700199999999,898.340027,883.9699710000001,897.080017,897.080017,0
2016-06-17,897.3099980000001,897.6300050000001,886.0599980000001,887.7999880000001,887.7999880000001,0
2016-06-20,903.830017,905.2100220000001,894.8599849999999,895.2100220000001,895.2100220000001,0
2016-06-21,899.340027,901.179993,885.320007,891.0300289999999,891.0300289999999,0
2016-06-22,890.5,909.51001,890.23999,895.0,895.0,0
2016-06-23,904.4799800000001,910.7800289999999,899.73999,910.7800289999999,910.7800289999999,0
2016-06-24,877.7999880000001,893.419983,874.080017,874.4600220000001,874.4600220000001,0
2016-06-27,871.159973,873.090027,853.4500119999999,857.590027,857.590027,0
2016-06-28,869.26001,886.659973,869.26001,885.9600220000001,885.9600220000001,0
2016-06-29,895.7299800000001,909.98999,892.3699949999999,906.330017,906.330017,0
2016-06-30,907.6900019999999,914.2999880000001,900.1199949999999,913.3599849999999,913.3599849999999,0
2016-07-01,915.099976,925.9699710000001,913.4699710000001,923.9699710000001,923.9699710000001,0
2016-07-05,921.75,922.3800050000001,913.6900019999999,918.650024,918.650024,0
2016-07-06,914.320007,933.409973,911.6199949999999,932.7199710000001,932.7199710000001,0
2016-07-07,935.409973,939.659973,928.5599980000001,934.2800289999999,934.2800289999999,0
2016-07-08,936.26001,944.2999880000001,932.4600220000001,941.590027,941.590027,0
2016-07-11,946.01001,948.150024,942.409973,942.580017,942.580017,0
2016-07-12,946.840027,952.6400150000001,944.8699949999999,950.2299800000001,950.2299800000001,0
2016-07-13,955.8099980000001,961.2899779999999,946.0300289999999,946.150024,946.150024,0
2016-07-14,952.2700199999999,953.4699710000001,947.2299800000001,952.5499880000001,952.5499880000001,0
2016-07-15,953.25,955.090027,947.01001,948.7999880000001,948.7999880000001,0
2016-07-18,948.6199949999999,954.840027,948.590027,951.429993,951.429993,0
2016-07-19,949.400024,954.6900019999999,942.2800289999999,945.8599849999999,945.8599849999999,0
2016-07-20,954.4799800000001,964.26001,953.590027,963.659973,963.659973,0
2016-07-21,963.0300289999999,968.8699949999999,958.349976,961.0499880000001,961.0499880000001,0
2016-07-22,962.2899779999999,963.8699949999999,956.3900150000001,960.400024,960.400024,0
2016-07-25,958.929993,960.599976,954.650024,960.150024,960.150024,0
2016-07-26,959.9600220000001,960.330017,948.1099849999999,951.330017,951.330017,0
2016-07-27,951.9799800000001,963.0599980000001,951.9699710000001,961.2800289999999,961.2800289999999,0
2016-07-28,960.580017,963.23999,950.8599849999999,961.48999,961.48999,0
2016-07-29,961.48999,964.9400019999999,956.1900019999999,962.2999880000001,962.2999880000001,0
2016-08-01,961.7999880000001,968.659973,959.419983,961.8599849999999,961.8599849999999,0
2016-08-02,962.4500119999999,967.2199710000001,958.25,963.900024,963.900024,0
2016-08-03,960.159973,972.7100220000001,958.669983,970.849976,970.849976,0
2016-08-04,971.659973,975.820007,969.2700199999999,970.23999,970.23999,0
2016-08-05,964.6099849999999,967.179993,960.669983,965.330017,965.330017,0
2016-08-08,962.070007,962.169983,953.4799800000001,956.7700199999999,956.7700199999999,0
2016-08-09,963.3900150000001,980.099976,963.26001,978.8900150000001,978.8900150000001,0
2016-08-10,968.1300050000001,969.330017,959.8800050000001,963.6099849999999,963.6099849999999,0
2016-08-11,961.320007,965.5200199999999,959.1099849999999,963.7100220000001,963.7100220000001,0
2016-08-12,961.9799800000001,965.099976,958.8900150000001,965.0399779999999,965.0399779999999,0
2016-08-15,968.580017,972.090027,967.7999880000001,969.6400150000001,969.6400150000001,0
2016-08-16,967.4400019999999,971.650024,963.7700199999999,964.070007,964.070007,0
2016-08-17,969.330017,971.570007,962.2999880000001,968.8800050000001,968.8800050000001,0
2016-08-18,970.75,973.1300050000001,965.8699949999999,968.5399779999999,968.5399779999999,0
2016-08-19,964.7100220000001,966.75,961.5300289999999,966.3900150000001,966.3900150000001,0
2016-08-22,967.6400150000001,974.929993,966.75,969.7700199999999,969.7700199999999,0
2016-08-23,973.4699710000001,974.849976,969.3699949999999,970.7299800000001,970.7299800000001,0
2016-08-24,973.7800289999999,979.400024,944.1099849999999,947.1199949999999,947.1199949999999,0
2016-08-25,949.090027,954.7999880000001,932.26001,938.0399779999999,938.0399779999999,0
2016-08-26,940.429993,947.179993,933.599976,939.4799800000001,939.4799800000001,0
2016-08-29,940.9699710000001,941.9799800000001,933.1099849999999,938.159973,938.159973,0
2016-08-30,937.5300289999999,940.080017,934.2700199999999,935.9699710000001,935.9699710000001,0
2016-08-31,934.2999880000001,934.349976,925.0300289999999,928.8099980000001,928.8099980000001,0
2016-09-01,927.3800050000001,929.919983,923.090027,928.8900150000001,928.8900150000001,0
2016-09-02,928.8900150000001,932.5200199999999,922.9600220000001,927.5499880000001,927.5499880000001,0
2016-09-06,930.0499880000001,941.840027,929.900024,937.1199949999999,937.1199949999999,0
2016-09-07,937.830017,942.1400150000001,934.3599849999999,938.26001,938.26001,0
2016-09-08,937.099976,941.6900019999999,933.8699949999999,938.2999880000001,938.2999880000001,0
2016-09-09,929.409973,929.48999,915.6099849999999,915.6099849999999,915.6099849999999,0
2016-09-12,913.3699949999999,938.150024,913.3699949999999,936.150024,936.150024,0
2016-09-13,929.4400019999999,929.4400019999999,917.590027,923.23999,923.23999,0
2016-09-14,925.7000119999999,936.3800050000001,925.0200199999999,927.4500119999999,927.4500119999999,0
2016-09-15,927.3900150000001,936.7999880000001,923.0599980000001,935.090027,935.090027,0
2016-09-16,935.090027,936.830017,929.8699949999999,934.820007,934.820007,0
2016-09-19,937.7199710000001,939.4500119999999,929.6400150000001,930.9500119999999,930.9500119999999,0
2016-09-20,930.9500119999999,936.8099980000001,930.9500119999999,931.6099849999999,931.6099849999999,0
2016-09-21,932.01001,937.830017,925.0399779999999,936.0499880000001,936.0499880000001,0
2016-09-22,940.159973,945.7299800000001,940.159973,943.5,943.5,0
2016-09-23,941.2000119999999,951.7800289999999,941.2000119999999,948.6400150000001,948.6400150000001,0
2016-09-26,942.5300289999999,943.570007,926.599976,928.48999,928.48999,0
2016-09-27,927.6300050000001,935.659973,925.909973,935.5300289999999,935.5300289999999,0
2016-09-28,936.7800289999999,937.419983,927.1099849999999,934.5,934.5,0
2016-09-29,934.5,934.5,902.6300050000001,906.2800289999999,906.2800289999999,0
2016-09-30,907.849976,911.580017,902.7899779999999,905.6099849999999,905.6099849999999,0
2016-10-03,906.150024,910.820007,901.429993,910.4500119999999,910.4500119999999,0
2016-10-04,912.2800289999999,914.590027,902.3099980000001,906.929993,906.929993,0
2016-10-05,910.4799800000001,915.7199710000001,909.2899779999999,913.2999880000001,913.2999880000001,0
2016-10-06,907.2700199999999,908.2100220000001,899.73999,903.2100220000001,903.2100220000001,0
2016-10-07,904.7000119999999,906.409973,894.8800050000001,901.1099849999999,901.1099849999999,0
2016-10-10,905.4699710000001,913.0399779999999,905.4699710000001,909.150024,909.150024,0
2016-10-11,903.4799800000001,903.679993,883.6900019999999,887.590027,887.590027,0
2016-10-12,887.0599980000001,889.659973,875.76001,877.7100220000001,877.7100220000001,0
2016-10-13,870.01001,885.0,868.23999,881.080017,881.080017,0
2016-10-14,883.0200199999999,884.5,868.419983,868.4400019999999,868.4400019999999,0
2016-10-17,867.2299800000001,868.400024,860.2700199999999,861.599976,861.599976,0
2016-10-18,868.8099980000001,875.679993,868.01001,874.4400019999999,874.4400019999999,0
2016-10-19,873.7899779999999,875.8900150000001,871.1099849999999,871.179993,871.179993,0
2016-10-20,871.26001,878.820007,871.1900019999999,876.7199710000001,876.7199710000001,0
2016-10-21,881.400024,887.0,878.9799800000001,881.3900150000001,881.3900150000001,0
2016-10-24,881.3900150000001,882.2700199999999,876.150024,876.4699710000001,876.4699710000001,0
2016-10-25,874.25,880.7100220000001,871.599976,877.650024,877.650024,0
2016-10-26,874.1400150000001,878.1400150000001,866.580017,870.080017,870.080017,0
2016-10-27,880.1099849999999,881.0599980000001,873.1900019999999,873.1900019999999,873.1900019999999,0
2016-10-28,866.090027,866.090027,847.01001,849.9500119999999,849.9500119999999,0
2016-10-31,849.1300050000001,849.1300050000001,835.26001,835.51001,835.51001,0
2016-11-01,834.200012,847.929993,828.289978,845.6099849999999,845.6099849999999,0
2016-11-02,846.0499880000001,850.1900019999999,833.419983,836.219971,836.219971,0
2016-11-03,840.5200199999999,840.5200199999999,802.6400150000001,804.049988,804.049988,0
2016-11-04,804.26001,819.869995,804.26001,814.169983,814.169983,0
2016-11-07,822.289978,833.799988,822.289978,829.6400150000001,829.6400150000001,0
2016-11-08,814.900024,830.070007,810.6099849999999,820.3900150000001,820.3900150000001,0
2016-11-09,864.9699710000001,872.919983,852.330017,867.9699710000001,867.9699710000001,0
2016-11-10,875.320007,886.169983,867.590027,875.5399779999999,875.5399779999999,0
2016-11-11,870.9500119999999,873.6900019999999,862.3099980000001,868.5,868.5,0
2016-11-14,867.4799800000001,871.0300289999999,861.849976,866.330017,866.330017,0
2016-11-15,863.179993,863.429993,850.820007,862.330017,862.330017,0
2016-11-16,859.1400150000001,859.1400150000001,846.5,847.1400150000001,847.1400150000001,0
2016-11-17,851.0499880000001,851.9400019999999,842.840027,849.9600220000001,849.9600220000001,0
2016-11-18,848.51001,849.7000119999999,839.0499880000001,839.4400019999999,839.4400019999999,0
2016-11-21,839.4400019999999,843.5200199999999,838.830017,841.9600220000001,841.9600220000001,0
2016-11-22,841.3599849999999,841.7899779999999,822.25,827.349976,827.349976,0
2016-11-23,811.659973,830.599976,808.48999,830.539978,830.539978,0
2016-11-25,830.539978,838.169983,830.539978,835.820007,835.820007,0
2016-11-28,832.869995,834.3900150000001,829.530029,830.650024,830.650024,0
2016-11-29,833.030029,834.650024,826.849976,827.789978,827.789978,0
2016-11-30,830.119995,830.320007,820.4400019999999,821.5599980000001,821.5599980000001,0
2016-12-01,821.530029,823.539978,807.73999,808.880005,808.880005,0
2016-12-02,811.02002,817.460022,808.830017,815.3900150000001,815.3900150000001,0
2016-12-05,819.969971,822.0599980000001,814.48999,818.25,818.25,0
2016-12-06,816.219971,821.070007,811.9400019999999,820.909973,820.909973,0
2016-12-07,814.1400150000001,814.23999,798.590027,808.929993,808.929993,0
2016-12-08,806.6400150000001,813.429993,801.8099980000001,812.679993,812.679993,0
2016-12-09,816.549988,827.130005,816.549988,822.820007,822.820007,0
2016-12-12,820.8599849999999,825.1400150000001,820.8599849999999,821.710022,821.710022,0
2016-12-13,826.320007,832.0599980000001,826.320007,831.320007,831.320007,0
2016-12-14,830.340027,834.530029,819.97998,823.849976,823.849976,0
2016-12-15,826.200012,830.549988,825.289978,828.969971,828.969971,0
2016-12-16,832.380005,835.280029,828.539978,832.1900019999999,832.1900019999999,0
2016-12-19,831.5599980000001,839.919983,830.070007,831.580017,831.580017,0
2016-12-20,834.48999,835.23999,829.52002,831.840027,831.840027,0
2016-12-21,831.969971,833.650024,827.590027,828.409973,828.409973,0
2016-12-22,828.409973,832.669983,826.289978,827.700012,827.700012,0
2016-12-23,828.3900150000001,836.73999,828.0599980000001,836.630005,836.630005,0
2016-12-27,836.919983,843.0399779999999,834.030029,834.369995,834.369995,0
2016-12-28,836.26001,836.460022,825.700012,826.210022,826.210022,0
2016-12-29,828.8099980000001,831.8099980000001,827.570007,829.090027,829.090027,0
2016-12-30,831.3099980000001,838.070007,831.26001,835.179993,835.179993,0
2017-01-03,841.2700199999999,851.8599849999999,840.570007,851.75,851.75,0
2017-01-04,853.080017,864.9799800000001,853.080017,861.330017,861.330017,0
2017-01-05,864.2000119999999,869.659973,859.25,868.2199710000001,868.2199710000001,0
2017-01-06,863.98999,865.0499880000001,856.3800050000001,857.929993,857.929993,0
2017-01-09,857.6900019999999,862.8699949999999,855.400024,859.8099980000001,859.8099980000001,0
2017-01-10,866.3900150000001,867.570007,857.840027,858.2899779999999,858.2899779999999,0
2017-01-11,857.900024,857.900024,825.039978,833.150024,833.150024,0
2017-01-12,829.780029,837.530029,827.1900019999999,834.330017,834.330017,0
2017-01-13,837.25,839.8699949999999,833.5599980000001,834.369995,834.369995,0
2017-01-17,830.75,831.26001,822.880005,829.409973,829.409973,0
2017-01-18,833.700012,836.169983,824.669983,831.719971,831.719971,0
2017-01-19,830.419983,830.580017,823.169983,823.200012,823.200012,0
2017-01-20,820.419983,822.48999,814.700012,815.780029,815.780029,0
2017-01-23,813.0599980000001,815.01001,806.98999,809.72998,809.72998,0
2017-01-24,808.6099849999999,808.6099849999999,799.080017,803.119995,803.119995,0
2017-01-25,806.6900019999999,812.799988,803.8599849999999,811.650024,811.650024,0
2017-01-26,812.929993,813.27002,805.039978,805.299988,805.299988,0
2017-01-27,807.52002,812.780029,806.909973,810.539978,810.539978,0
2017-01-30,808.919983,810.830017,804.0,807.780029,807.780029,0
2017-01-31,807.780029,823.830017,799.8599849999999,823.76001,823.76001,0
2017-02-01,824.869995,830.929993,820.3099980000001,830.929993,830.929993,0
2017-02-02,824.909973,834.330017,822.580017,833.960022,833.960022,0
2017-02-03,833.960022,837.22998,829.840027,836.9400019999999,836.9400019999999,0
2017-02-06,834.1900019999999,839.669983,832.8900150000001,839.5200199999999,839.5200199999999,0
2017-02-07,839.929993,840.7100220000001,831.6400150000001,833.6900019999999,833.6900019999999,0
2017-02-08,832.8599849999999,841.3900150000001,831.900024,839.570007,839.570007,0
2017-02-09,843.3699949999999,848.669983,843.25,844.8099980000001,844.8099980000001,0
2017-02-10,842.830017,849.340027,842.0599980000001,846.349976,846.349976,0
2017-02-13,849.820007,852.5499880000001,848.659973,850.669983,850.669983,0
2017-02-14,848.070007,863.9400019999999,848.070007,863.7800289999999,863.7800289999999,0
2017-02-15,861.4600220000001,879.900024,858.6199949999999,878.5200199999999,878.5200199999999,0
2017-02-16,881.080017,881.4799800000001,866.8699949999999,873.590027,873.590027,0
2017-02-17,872.3599849999999,876.5200199999999,869.830017,876.5200199999999,876.5200199999999,0
2017-02-21,878.0,881.080017,874.840027,878.650024,878.650024,0
2017-02-22,875.26001,879.9500119999999,874.659973,875.0,875.0,0
2017-02-23,877.679993,886.5300289999999,876.570007,883.599976,883.599976,0
2017-02-24,879.8900150000001,882.5399779999999,877.1400150000001,881.0499880000001,881.0499880000001,0
2017-02-27,878.3900150000001,888.909973,878.2000119999999,886.570007,886.570007,0
2017-02-28,880.8599849999999,882.0599980000001,872.0300289999999,873.3900150000001,873.3900150000001,0
2017-03-01,878.6300050000001,882.2899779999999,874.7899779999999,878.51001,878.51001,0
2017-03-02,876.669983,882.0599980000001,875.25,876.409973,876.409973,0
2017-03-03,875.8099980000001,881.0,871.7199710000001,875.340027,875.340027,0
2017-03-06,870.48999,871.0300289999999,861.7199710000001,863.5499880000001,863.5499880000001,0
2017-03-07,850.919983,855.679993,846.320007,852.3800050000001,852.3800050000001,0
2017-03-08,852.23999,856.75,850.7899779999999,851.9500119999999,851.9500119999999,0
2017-03-09,852.099976,854.9500119999999,849.6900019999999,853.330017,853.330017,0
2017-03-10,856.23999,860.7999880000001,854.1199949999999,859.419983,859.419983,0
2017-03-13,860.919983,861.669983,855.4699710000001,857.6400150000001,857.6400150000001,0
2017-03-14,851.51001,853.9500119999999,848.2199710000001,850.4799800000001,850.4799800000001,0
2017-03-15,850.6199949999999,863.0399779999999,850.580017,861.0300289999999,861.0300289999999,0
2017-03-16,861.73999,862.400024,855.6900019999999,859.7999880000001,859.7999880000001,0
2017-03-17,859.9600220000001,860.5300289999999,854.3099980000001,854.3900150000001,854.3900150000001,0
2017-03-20,857.0300289999999,859.570007,853.3699949999999,854.6400150000001,854.6400150000001,0
2017-03-21,856.909973,856.909973,840.9600220000001,842.7199710000001,842.7199710000001,0
2017-03-22,844.6300050000001,845.820007,837.869995,844.75,844.75,0
2017-03-23,843.0200199999999,854.0200199999999,842.6099849999999,845.2899779999999,845.2899779999999,0
2017-03-24,845.090027,849.0499880000001,842.0499880000001,845.1099849999999,845.1099849999999,0
2017-03-27,843.8900150000001,856.400024,843.2000119999999,855.419983,855.419983,0
2017-03-28,854.5,858.429993,852.7000119999999,855.23999,855.23999,0
2017-03-29,854.4699710000001,863.8599849999999,854.169983,860.4500119999999,860.4500119999999,0
2017-03-30,857.9600220000001,859.409973,851.8900150000001,853.150024,853.150024,0
2017-03-31,853.150024,855.8800050000001,847.659973,847.659973,847.659973,0
2017-04-03,847.659973,850.75,840.840027,844.409973,844.409973,0
2017-04-04,845.2199710000001,847.659973,842.51001,846.9500119999999,846.9500119999999,0
2017-04-05,846.4500119999999,850.159973,840.179993,840.4600220000001,840.4600220000001,0
2017-04-06,843.080017,847.4400019999999,841.7999880000001,844.830017,844.830017,0
2017-04-07,842.4400019999999,850.919983,840.1199949999999,847.75,847.75,0
2017-04-10,849.919983,853.590027,846.7999880000001,847.0499880000001,847.0499880000001,0
2017-04-11,848.349976,848.349976,837.8099980000001,840.5200199999999,840.5200199999999,0
2017-04-12,840.4699710000001,842.9500119999999,837.6400150000001,841.8699949999999,841.8699949999999,0
2017-04-13,838.8699949999999,841.570007,837.469971,838.679993,838.679993,0
2017-04-17,837.299988,840.5300289999999,835.950012,839.4600220000001,839.4600220000001,0
2017-04-18,833.049988,833.049988,823.01001,827.150024,827.150024,0
2017-04-19,828.47998,833.799988,827.369995,828.429993,828.429993,0
2017-04-20,831.6099849999999,834.669983,828.630005,832.849976,832.849976,0
2017-04-21,831.77002,831.97998,824.8900150000001,826.849976,826.849976,0
2017-04-24,832.9400019999999,840.590027,832.9400019999999,838.6400150000001,838.6400150000001,0
2017-04-25,842.8800050000001,844.9400019999999,840.580017,842.7199710000001,842.7199710000001,0
2017-04-26,844.2100220000001,854.0,844.2100220000001,849.26001,849.26001,0
2017-04-27,851.599976,858.6400150000001,848.73999,857.3699949999999,857.3699949999999,0
2017-04-28,857.650024,859.3699949999999,853.5300289999999,857.4600220000001,857.4600220000001,0
2017-05-01,857.4600220000001,863.6199949999999,857.4600220000001,860.2800289999999,860.2800289999999,0
2017-05-02,864.900024,870.840027,859.349976,868.409973,868.409973,0
2017-05-03,866.6400150000001,866.6400150000001,854.7299800000001,857.7999880000001,857.7999880000001,0
2017-05-04,859.599976,869.4799800000001,858.9600220000001,867.1400150000001,867.1400150000001,0
2017-05-05,867.1400150000001,869.3800050000001,862.3699949999999,869.320007,869.320007,0
2017-05-08,868.5,868.7999880000001,856.679993,857.650024,857.650024,0
2017-05-09,857.650024,877.840027,857.650024,874.2700199999999,874.2700199999999,0
2017-05-10,874.51001,878.8699949999999,868.9600220000001,878.2100220000001,878.2100220000001,0
2017-05-11,875.080017,887.6900019999999,873.1400150000001,884.9400019999999,884.9400019999999,0
2017-05-12,887.909973,893.1300050000001,884.080017,889.0599980000001,889.0599980000001,0
2017-05-15,889.9400019999999,897.8099980000001,889.650024,895.150024,895.150024,0
2017-05-16,898.51001,898.51001,889.23999,892.0300289999999,892.0300289999999,0
2017-05-17,883.8800050000001,887.76001,871.580017,871.9799800000001,871.9799800000001,0
2017-05-18,873.3900150000001,874.909973,865.8599849999999,870.0499880000001,870.0499880000001,0
2017-05-19,871.919983,875.320007,870.4799800000001,871.849976,871.849976,0
2017-05-22,873.4400019999999,876.2299800000001,870.3099980000001,871.169983,871.169983,0
2017-05-23,870.919983,873.5300289999999,868.419983,872.679993,872.679993,0
2017-05-24,872.679993,872.679993,866.650024,870.7299800000001,870.7299800000001,0
2017-05-25,871.4500119999999,873.3900150000001,870.0599980000001,872.4500119999999,872.4500119999999,0
2017-05-26,871.650024,875.599976,869.4500119999999,870.0300289999999,870.0300289999999,0
2017-05-30,869.9400019999999,873.2700199999999,864.76001,866.25,866.25,0
2017-05-31,869.840027,877.7000119999999,869.840027,873.2700199999999,873.2700199999999,0
2017-06-01,873.2800289999999,885.900024,873.2800289999999,885.6099849999999,885.6099849999999,0
2017-06-02,889.7199710000001,890.8599849999999,884.2299800000001,885.2700199999999,885.2700199999999,0
2017-06-05,881.400024,881.400024,868.7899779999999,876.2800289999999,876.2800289999999,0
2017-06-06,874.3099980000001,877.840027,870.7800289999999,872.820007,872.820007,0
2017-06-07,871.6300050000001,875.8699949999999,869.0499880000001,872.4799800000001,872.4799800000001,0
2017-06-08,876.1900019999999,887.0200199999999,876.1900019999999,883.0200199999999,883.0200199999999,0
2017-06-09,875.7299800000001,885.0200199999999,875.6400150000001,879.01001,879.01001,0
2017-06-12,878.150024,881.7800289999999,874.2000119999999,875.2899779999999,875.2899779999999,0
2017-06-13,876.2000119999999,876.7999880000001,872.2000119999999,874.419983,874.419983,0
2017-06-14,876.73999,880.6199949999999,876.090027,878.669983,878.669983,0
2017-06-15,872.659973,878.2100220000001,870.4699710000001,873.590027,873.590027,0
2017-06-16,876.5499880000001,878.51001,872.7199710000001,878.2800289999999,878.2800289999999,0
2017-06-19,880.7700199999999,890.3099980000001,880.4500119999999,888.5300289999999,888.5300289999999,0
2017-06-20,888.1900019999999,895.9699710000001,887.7800289999999,888.2700199999999,888.2700199999999,0
2017-06-21,889.2299800000001,900.1900019999999,889.2299800000001,899.4600220000001,899.4600220000001,0
2017-06-22,899.4600220000001,922.8900150000001,899.4600220000001,918.2299800000001,918.2299800000001,0
2017-06-23,916.51001,920.3599849999999,912.150024,920.179993,920.179993,0
2017-06-26,920.179993,929.2999880000001,920.179993,924.2999880000001,924.2999880000001,0
2017-06-27,925.099976,925.2800289999999,911.48999,911.659973,911.659973,0
2017-06-28,915.179993,918.9500119999999,914.3599849999999,915.6400150000001,915.6400150000001,0
2017-06-29,916.3800050000001,917.9500119999999,901.150024,907.1300050000001,907.1300050000001,0
2017-06-30,908.400024,910.25,904.7100220000001,907.2199710000001,907.2199710000001,0
2017-07-03,906.570007,911.840027,906.570007,909.340027,909.340027,0
2017-07-05,908.4600220000001,911.330017,900.590027,910.169983,910.169983,0
2017-07-06,904.099976,904.6199949999999,893.7999880000001,894.820007,894.820007,0
2017-07-07,897.3800050000001,898.5499880000001,889.98999,896.570007,896.570007,0
2017-07-10,895.9699710000001,897.340027,891.5599980000001,893.5200199999999,893.5200199999999,0
2017-07-11,890.0,895.0599980000001,887.8599849999999,892.1900019999999,892.1900019999999,0
2017-07-12,892.1900019999999,907.8800050000001,892.1900019999999,903.679993,903.679993,0
2017-07-13,905.7299800000001,909.8699949999999,899.5200199999999,906.6300050000001,906.6300050000001,0
2017-07-14,906.6300050000001,912.650024,906.6300050000001,908.669983,908.669983,0
2017-07-17,909.0200199999999,915.2199710000001,907.2700199999999,909.090027,909.090027,0
2017-07-18,908.590027,908.590027,900.8599849999999,905.919983,905.919983,0
2017-07-19,907.8099980000001,910.0499880000001,905.4400019999999,907.3599849999999,907.3599849999999,0
2017-07-20,909.8599849999999,922.330017,909.8599849999999,919.840027,919.840027,0
2017-07-21,919.26001,922.159973,917.099976,921.1900019999999,921.1900019999999,0
2017-07-24,917.409973,917.6900019999999,912.599976,915.590027,915.590027,0
2017-07-25,918.820007,920.599976,913.2199710000001,913.650024,913.650024,0
2017-07-26,914.9799800000001,914.9799800000001,910.070007,912.2899779999999,912.2899779999999,0
2017-07-27,906.320007,906.900024,891.7100220000001,896.25,896.25,0
2017-07-28,893.7999880000001,897.48999,890.349976,895.409973,895.409973,0
2017-07-31,898.7999880000001,899.179993,892.580017,892.7100220000001,892.7100220000001,0
2017-08-01,895.2700199999999,895.659973,887.2800289999999,888.9799800000001,888.9799800000001,0
2017-08-02,890.2299800000001,890.2299800000001,881.0599980000001,882.5200199999999,882.5200199999999,0
2017-08-03,871.2999880000001,872.659973,863.409973,864.070007,864.070007,0
2017-08-04,860.75,860.75,850.2800289999999,851.349976,851.349976,0
2017-08-07,851.349976,851.349976,845.4400019999999,846.8099980000001,846.8099980000001,0
2017-08-08,851.8599849999999,851.8599849999999,832.049988,834.299988,834.299988,0
2017-08-09,822.6400150000001,830.130005,819.97998,825.099976,825.099976,0
2017-08-10,827.669983,830.469971,817.429993,817.6900019999999,817.6900019999999,0
2017-08-11,818.8900150000001,825.3900150000001,817.919983,819.47998,819.47998,0
2017-08-14,824.0,825.77002,818.330017,819.049988,819.049988,0
2017-08-15,820.030029,825.419983,818.549988,823.210022,823.210022,0
2017-08-16,826.630005,829.349976,823.929993,829.130005,829.130005,0
2017-08-17,828.950012,833.6900019999999,821.26001,821.27002,821.27002,0
2017-08-18,818.3099980000001,823.960022,817.210022,819.22998,819.22998,0
2017-08-21,818.700012,820.23999,815.469971,816.700012,816.700012,0
2017-08-22,818.400024,828.070007,818.179993,825.76001,825.76001,0
2017-08-23,824.299988,825.090027,821.02002,822.669983,822.669983,0
2017-08-24,824.72998,831.9400019999999,824.3099980000001,828.210022,828.210022,0
2017-08-25,828.330017,833.460022,828.330017,828.409973,828.409973,0
2017-08-28,830.409973,832.679993,828.02002,832.210022,832.210022,0
2017-08-29,827.429993,828.080017,819.409973,826.820007,826.820007,0
2017-08-30,825.830017,828.8900150000001,822.119995,826.469971,826.469971,0
2017-08-31,829.9400019999999,843.2999880000001,829.9400019999999,842.8900150000001,842.8900150000001,0
2017-09-01,847.1400150000001,849.4600220000001,841.3599849999999,843.0,843.0,0
2017-09-05,841.4799800000001,842.26001,828.0599980000001,832.460022,832.460022,0
2017-09-06,835.1400150000001,840.9600220000001,835.1400150000001,840.01001,840.01001,0
2017-09-07,844.01001,855.2700199999999,843.7100220000001,852.6400150000001,852.6400150000001,0
2017-09-08,850.1099849999999,858.6400150000001,848.7299800000001,857.4500119999999,857.4500119999999,0
2017-09-11,863.98999,873.9600220000001,863.98999,873.429993,873.429993,0
2017-09-12,876.7100220000001,883.4600220000001,875.840027,880.650024,880.650024,0
2017-09-13,878.830017,878.830017,872.2800289999999,874.320007,874.320007,0
2017-09-14,872.2800289999999,875.849976,869.73999,871.8699949999999,871.8699949999999,0
2017-09-15,871.7299800000001,872.1099849999999,863.7999880000001,865.0499880000001,865.0499880000001,0
2017-09-18,867.320007,869.3599849999999,858.1199949999999,860.7999880000001,860.7999880000001,0
2017-09-19,863.23999,863.7700199999999,857.26001,858.4500119999999,858.4500119999999,0
2017-09-20,859.9400019999999,864.0599980000001,855.840027,862.2199710000001,862.2199710000001,0
2017-09-21,862.25,869.1300050000001,862.25,864.5399779999999,864.5399779999999,0
2017-09-22,867.8599849999999,869.51001,863.909973,867.070007,867.070007,0
2017-09-25,865.650024,870.679993,865.2700199999999,868.080017,868.080017,0
2017-09-26,865.840027,868.919983,859.7999880000001,860.349976,860.349976,0
2017-09-27,859.179993,866.419983,858.820007,864.150024,864.150024,0
2017-09-28,867.179993,867.179993,860.330017,860.919983,860.919983,0
2017-09-29,862.4799800000001,870.0300289999999,862.4799800000001,868.7700199999999,868.7700199999999,0
2017-10-02,870.5399779999999,885.2100220000001,869.080017,884.9699710000001,884.9699710000001,0
2017-10-03,885.1199949999999,886.2999880000001,875.070007,880.320007,880.320007,0
2017-10-04,880.320007,886.9699710000001,880.320007,883.0399779999999,883.0399779999999,0
2017-10-05,881.3099980000001,882.3900150000001,876.0399779999999,880.919983,880.919983,0
2017-10-06,878.830017,882.5,876.9400019999999,880.23999,880.23999,0
2017-10-09,881.5300289999999,882.5300289999999,876.659973,877.840027,877.840027,0
2017-10-10,877.5499880000001,880.7299800000001,873.98999,880.7100220000001,880.7100220000001,0
2017-10-11,880.159973,882.7800289999999,878.080017,880.7999880000001,880.7999880000001,0
2017-10-12,879.429993,879.5,871.2999880000001,872.51001,872.51001,0
2017-10-13,872.2100220000001,872.2100220000001,865.73999,868.7999880000001,868.7999880000001,0
2017-10-16,872.2999880000001,874.840027,861.9500119999999,862.8699949999999,862.8699949999999,0
2017-10-17,861.5,868.669983,858.150024,866.080017,866.080017,0
2017-10-18,867.5,867.5499880000001,858.679993,861.0200199999999,861.0200199999999,0
2017-10-19,860.340027,868.909973,857.9400019999999,868.7999880000001,868.7999880000001,0
2017-10-20,868.3800050000001,869.76001,864.330017,866.48999,866.48999,0
2017-10-23,865.679993,866.4600220000001,858.2999880000001,858.5399779999999,858.5399779999999,0
2017-10-24,857.3900150000001,857.8699949999999,848.349976,853.4500119999999,853.4500119999999,0
2017-10-25,851.7000119999999,851.7899779999999,841.9500119999999,845.2800289999999,845.2800289999999,0
2017-10-26,845.2800289999999,845.2800289999999,832.179993,834.5599980000001,834.5599980000001,0
2017-10-27,834.9400019999999,836.6900019999999,823.630005,824.5,824.5,0
2017-10-30,830.580017,830.580017,821.659973,823.530029,823.530029,0
2017-10-31,826.450012,834.22998,822.030029,826.950012,826.950012,0
2017-11-01,826.6900019999999,834.599976,824.340027,832.130005,832.130005,0
2017-11-02,828.23999,828.340027,816.950012,818.960022,818.960022,0
2017-11-03,818.840027,828.150024,818.5599980000001,827.969971,827.969971,0
2017-11-06,831.580017,834.97998,829.130005,831.960022,831.960022,0
2017-11-07,830.5599980000001,831.25,813.159973,814.23999,814.23999,0
2017-11-08,812.599976,830.75,812.599976,828.0,828.0,0
2017-11-09,825.97998,828.52002,822.150024,828.0599980000001,828.0599980000001,0
2017-11-10,827.590027,828.570007,821.75,828.5,828.5,0
2017-11-13,823.659973,827.880005,821.099976,824.210022,824.210022,0
2017-11-14,821.76001,823.469971,818.6099849999999,822.070007,822.070007,0
2017-11-15,820.619995,826.630005,815.210022,823.6400150000001,823.6400150000001,0
2017-11-16,825.409973,830.909973,824.5599980000001,830.070007,830.070007,0
2017-11-17,828.179993,835.659973,827.3099980000001,834.3599849999999,834.3599849999999,0
2017-11-20,834.3599849999999,834.3599849999999,825.400024,828.280029,828.280029,0
2017-11-21,831.52002,841.5200199999999,831.52002,838.400024,838.400024,0
2017-11-22,839.349976,844.9600220000001,839.099976,841.349976,841.349976,0
2017-11-24,842.8099980000001,846.2999880000001,841.5399779999999,844.8699949999999,844.8699949999999,0
2017-11-27,846.76001,849.4799800000001,838.51001,840.159973,840.159973,0
2017-11-28,843.849976,848.0399779999999,839.090027,846.150024,846.150024,0
2017-11-29,846.1199949999999,851.5,846.1199949999999,849.1199949999999,849.1199949999999,0
2017-11-30,849.6300050000001,853.2100220000001,846.01001,847.7700199999999,847.7700199999999,0
2017-12-01,848.1099849999999,856.8099980000001,844.159973,851.51001,851.51001,0
2017-12-04,855.0399779999999,857.090027,843.98999,844.090027,844.090027,0
2017-12-05,840.8900150000001,845.340027,837.5599980000001,840.2000119999999,840.2000119999999,0
2017-12-06,840.3699949999999,841.75,826.799988,831.099976,831.099976,0
2017-12-07,829.47998,838.289978,829.47998,836.630005,836.630005,0
2017-12-08,838.48999,854.6400150000001,838.48999,853.98999,853.98999,0
2017-12-11,854.7999880000001,866.26001,852.1900019999999,863.320007,863.320007,0
2017-12-12,864.4600220000001,875.4500119999999,864.340027,873.070007,873.070007,0
2017-12-13,873.9400019999999,878.3900150000001,870.3699949999999,873.0300289999999,873.0300289999999,0
2017-12-14,876.8599849999999,879.5300289999999,859.73999,863.1199949999999,863.1199949999999,0
2017-12-15,863.1199949999999,873.48999,862.320007,872.7299800000001,872.7299800000001,0
2017-12-18,875.3599849999999,883.98999,875.3599849999999,879.080017,879.080017,0
2017-12-19,880.070007,881.5300289999999,874.6900019999999,874.6900019999999,874.6900019999999,0
2017-12-20,876.7199710000001,878.6099849999999,868.340027,868.76001,868.76001,0
2017-12-21,870.7700199999999,877.909973,870.7700199999999,876.5200199999999,876.5200199999999,0
2017-12-22,875.4699710000001,878.2100220000001,871.9699710000001,873.7700199999999,873.7700199999999,0
2017-12-26,873.9500119999999,881.8599849999999,873.9500119999999,877.7700199999999,877.7700199999999,0
2017-12-27,880.419983,883.6099849999999,878.570007,879.900024,879.900024,0
2017-12-28,881.25,882.840027,876.919983,878.7999880000001,878.7999880000001,0
2017-12-29,880.3599849999999,882.919983,875.0300289999999,875.0300289999999,875.0300289999999,0
2018-01-02,879.909973,891.099976,879.2100220000001,890.080017,890.080017,0
2018-01-03,891.580017,898.23999,888.0200199999999,897.580017,897.580017,0
2018-01-04,901.599976,903.3900150000001,895.0599980000001,900.23999,900.23999,0
2018-01-05,903.9799800000001,907.5200199999999,902.429993,904.51001,904.51001,0
2018-01-08,904.5399779999999,905.150024,890.580017,897.3900150000001,897.3900150000001,0
2018-01-09,897.3900150000001,904.840027,897.3900150000001,903.26001,903.26001,0
2018-01-10,898.23999,902.4500119999999,894.5300289999999,901.0200199999999,901.0200199999999,0
2018-01-11,901.5399779999999,912.6900019999999,901.080017,912.4500119999999,912.4500119999999,0
2018-01-12,914.9500119999999,921.169983,914.840027,918.419983,918.419983,0
2018-01-16,920.4500119999999,926.4699710000001,913.9799800000001,914.169983,914.169983,0
2018-01-17,916.150024,919.73999,912.76001,916.3900150000001,916.3900150000001,0
2018-01-18,912.6900019999999,912.6900019999999,902.590027,909.7999880000001,909.7999880000001,0
2018-01-19,913.4500119999999,914.4600220000001,903.0,910.090027,910.090027,0
2018-01-22,907.2100220000001,920.2299800000001,906.0399779999999,920.2000119999999,920.2000119999999,0
2018-01-23,920.9799800000001,925.4799800000001,919.51001,920.599976,920.599976,0
2018-01-24,924.2000119999999,925.099976,912.8800050000001,916.1300050000001,916.1300050000001,0
2018-01-25,921.4600220000001,921.830017,912.409973,921.080017,921.080017,0
2018-01-26,926.0599980000001,933.599976,926.0599980000001,932.909973,932.909973,0
2018-01-29,925.75,932.159973,925.5300289999999,926.01001,926.01001,0
2018-01-30,926.01001,926.01001,901.3900150000001,903.0300289999999,903.0300289999999,0
2018-01-31,903.01001,905.2100220000001,882.7899779999999,885.3900150000001,885.3900150000001,0
2018-02-01,880.6099849999999,894.2199710000001,879.900024,888.429993,888.429993,0
2018-02-02,881.919983,885.400024,876.75,877.0499880000001,877.0499880000001,0
2018-02-05,871.2299800000001,872.6400150000001,834.8900150000001,837.1400150000001,837.1400150000001,0
2018-02-06,828.6099849999999,855.3099980000001,825.630005,851.5300289999999,851.5300289999999,0
2018-02-07,846.340027,857.659973,845.320007,849.3599849999999,849.3599849999999,0
2018-02-08,847.580017,854.849976,822.72998,822.72998,822.72998,0
2018-02-09,829.030029,835.130005,804.219971,829.099976,829.099976,0
2018-02-12,834.98999,845.9799800000001,829.849976,839.1400150000001,839.1400150000001,0
2018-02-13,835.3599849999999,839.1099849999999,831.539978,835.1900019999999,835.1900019999999,0
2018-02-14,830.650024,854.8699949999999,829.179993,853.4799800000001,853.4799800000001,0
2018-02-15,865.5399779999999,871.580017,860.0200199999999,871.4600220000001,871.4600220000001,0
2018-02-16,871.320007,886.2299800000001,871.2700199999999,879.419983,879.419983,0
2018-02-20,872.1300050000001,873.679993,860.409973,863.5499880000001,863.5499880000001,0
2018-02-21,864.2000119999999,874.9500119999999,859.73999,859.73999,859.73999,0
2018-02-22,860.2199710000001,863.8099980000001,850.900024,852.9799800000001,852.9799800000001,0
2018-02-23,857.2899779999999,866.159973,857.2899779999999,866.0300289999999,866.0300289999999,0
2018-02-26,866.6099849999999,873.599976,863.6199949999999,872.340027,872.340027,0
2018-02-27,871.909973,876.9500119999999,860.75,860.9600220000001,860.9600220000001,0
2018-02-28,861.4799800000001,862.340027,841.9699710000001,841.9699710000001,841.9699710000001,0
2018-03-01,841.919983,847.330017,826.909973,832.409973,832.409973,0
2018-03-02,829.150024,844.2199710000001,828.830017,842.25,842.25,0
