Date,Open,High,Low,Close,Adj Close,Volume
2015-01-02,1857.0,1857.0,1811.0,1829.0,1661.928589,1634652
2015-01-05,1824.5,1848.0,1813.7399899999998,1821.0,1654.659058,4272389
2015-01-06,1811.5,1817.030029,1734.219971,1782.0,1619.22168,9068553
2015-01-07,1796.5,1831.0,1756.77002,1809.5,1644.209839,5241530
2015-01-08,1827.0,1855.0,1763.6500239999998,1849.5,1680.5559079999998,5229662
2015-01-09,1851.0,1854.5,1815.5,1823.5,1656.930908,3516569
2015-01-12,1827.5,1850.0,1827.5,1843.5,1675.103882,3285104
2015-01-13,1849.5,1880.0,1844.5,1865.5,1695.09436,3591924
2015-01-14,1856.5,1871.5,1822.0,1828.5,1661.474243,4132917
2015-01-15,1843.5,1885.5,1811.5,1885.5,1713.2674559999998,6080381
2015-01-16,1873.0,1898.5,1869.5,1891.5,1718.71936,3882259
2015-01-19,1887.0,1913.0,1881.5,1900.5,1726.897339,2026635
2015-01-20,1902.0,1919.5,1894.5,1897.5,1724.171265,3261180
2015-01-21,1887.0,1933.0,1884.5,1933.0,1756.4284670000002,3849009
2015-01-22,1936.0,1940.0,1914.0,1938.0,1760.971802,3884892
2015-01-23,1938.5,1975.5,1931.5,1969.5,1789.594238,5958007
2015-01-26,1967.5,1987.5,1954.5,1967.0,1787.3227539999998,3668516
2015-01-27,1964.0,1965.5,1933.5,1942.0,1764.606323,4338821
2015-01-28,1960.0,1962.0,1926.550049,1962.0,1782.779541,5771395
2015-01-29,1945.0,2055.0,1935.0,2022.5,1837.753296,10253950
2015-01-30,2005.0,2015.0,1956.0,1970.0,1790.0488280000002,9523672
2015-02-02,1970.0,1982.0,1924.5,1950.0,1771.87561,5238020
2015-02-03,1950.0,1951.0,1924.0,1926.0,1750.0678710000002,4692985
2015-02-04,1924.0,1932.5,1894.0,1925.0,1749.159302,5672141
2015-02-05,1917.5,1935.0,1905.0,1916.5,1741.4356690000002,3560602
2015-02-06,1912.0,1916.5,1901.0,1909.0,1734.62085,3178446
2015-02-09,1906.5,1906.5,1879.0,1896.0,1722.808228,2919384
2015-02-10,1896.0,1911.5,1883.5,1888.0,1715.539063,4456002
2015-02-11,1888.0,1901.5,1871.5,1884.5,1712.358765,3913093
2015-02-12,1873.5,1877.5,1856.5,1862.5,1692.3684079999998,4882207
2015-02-13,1865.5,1886.459961,1832.0,1837.0,1669.1977539999998,5378875
2015-02-16,1843.0,1844.5,1826.5,1839.5,1671.4692380000001,2811875
2015-02-17,1845.5,1887.0,1841.0,1885.5,1713.2674559999998,4965573
2015-02-18,1889.5,1889.5,1856.5,1866.5,1696.003052,5701708
2015-02-19,1860.0,1897.0,1860.0,1884.0,1711.904541,4847443
2015-02-20,1886.0,1895.0,1874.5,1886.0,1713.72168,4918469
2015-02-23,1892.0,1916.0,1886.5,1913.5,1738.709839,3897755
2015-02-24,1922.0,1947.0,1906.790039,1935.5,1758.700195,6321886
2015-02-25,1935.5,1942.0,1918.0,1932.0,1755.519775,2883798
2015-02-26,1922.0,1935.5,1903.0,1935.0,1778.032471,4714852
2015-02-27,1935.0,1942.5,1928.0,1935.5,1778.491821,4507724
2015-03-02,1926.5,1936.5,1912.0,1917.0,1761.492676,3885598
2015-03-03,1921.5,1937.0,1906.0,1906.0,1751.3848879999998,3558670
2015-03-04,1910.0,1920.880005,1893.119995,1920.5,1764.708618,3071787
2015-03-05,1921.0,1945.5,1920.0,1939.0,1781.7080079999998,2809851
2015-03-06,1934.5,1951.5,1926.0,1928.5,1772.0596920000003,2955474
2015-03-09,1929.0,1929.0,1899.5,1904.0,1749.547119,3122322
2015-03-10,1897.5,1907.0,1854.5,1854.5,1704.062622,4907915
2015-03-11,1856.5,1878.0,1845.0,1849.0,1699.0086670000003,5483106
2015-03-12,1890.0,1897.5,1871.5,1882.0,1729.331909,4525083
2015-03-13,1844.5,1869.5,1842.0,1864.0,1712.7919920000002,5090729
2015-03-16,1867.0,1898.0,1853.5,1893.0,1739.439575,4306451
2015-03-17,1910.0,1937.619995,1879.0,1910.0,1755.060425,5689123
2015-03-18,1907.0,1962.5,1901.619995,1954.0,1795.4913329999997,5919072
2015-03-19,1973.5,1978.5,1921.0,1940.5,1783.086182,4717863
2015-03-20,1942.0,1942.5,1917.0,1924.0,1767.924927,6509933
2015-03-23,1922.5,1941.5,1915.0,1939.5,1782.167358,4374569
2015-03-24,1929.5,1973.0,1926.5,1937.5,1780.3295899999998,5916502
2015-03-25,1950.0,1979.0,1919.5,1923.5,1767.46521,4433192
2015-03-26,1910.0,1925.0,1882.0,1894.5,1740.8177489999998,5461899
2015-03-27,1902.0,1912.0,1882.5,1895.0,1741.277222,3728491
2015-03-30,1921.5,1932.5,1894.5,1902.0,1747.7094730000001,4012805
2015-03-31,1904.0,1904.0,1850.0,1859.5,1708.656982,6451170
2015-04-01,1857.5,1887.0,1845.869995,1868.5,1716.927002,4553626
2015-04-02,1864.0,1895.5,1852.0,1890.5,1737.1422120000002,3292802
2015-04-07,1890.5,1938.5,1890.5,1929.5,1772.9786379999998,7161676
2015-04-08,1923.5,1929.0,1901.5,1906.0,1751.3848879999998,2973302
2015-04-09,1915.0,1930.5,1910.0,1916.0,1760.573608,4022885
2015-04-10,1920.0,1940.5,1906.369995,1938.5,1781.248291,3702725
2015-04-13,1930.5,1949.6700440000002,1928.5,1940.5,1783.086182,4476204
2015-04-14,1931.0,1946.5,1923.0,1934.0,1777.113403,3372629
2015-04-15,1929.5,1979.5,1927.5,1967.0,1807.436646,6139308
2015-04-16,1930.0,1934.0,1894.5,1896.5,1742.655396,9507902
2015-04-17,1900.5,1911.8299559999998,1867.5,1876.5,1724.278076,5136843
2015-04-20,1886.0,1886.0,1865.5,1870.5,1718.764893,5201719
2015-04-21,1872.5,1892.1700440000002,1867.0,1874.5,1722.4403079999997,3139155
2015-04-22,1881.0,1881.0,1848.0,1865.5,1714.170166,3880076
2015-04-23,1879.0,1887.0,1856.0,1864.0,1712.7919920000002,3510085
2015-04-24,1872.0,1880.0,1862.5,1870.5,1718.764893,4467517
2015-04-27,1878.0,1879.5,1849.0,1866.5,1715.089111,4683679
2015-04-28,1858.5,1861.5,1834.5,1846.0,1696.252075,5945294
2015-04-29,1850.0,1857.0,1792.5,1796.5,1650.7677,4127123
2015-04-30,1807.5,1818.5,1785.5,1811.5,1664.5507810000001,4723499
2015-05-01,1802.0,1817.0,1793.5,1815.0,1667.766846,2301901
2015-05-05,1815.0,1850.0,1796.0,1797.0,1651.227051,4271895
2015-05-06,1802.5,1810.5,1787.0,1793.0,1647.551392,4910556
2015-05-07,1789.0,1789.0,1751.6700440000002,1777.0,1632.849243,5806804
2015-05-08,1800.0,1800.839966,1778.5,1791.0,1645.713745,8088155
2015-05-11,1785.0,1797.5,1780.5,1784.5,1639.741089,3239108
2015-05-12,1777.0,1781.0,1746.0,1756.0,1613.5529789999998,4675760
2015-05-13,1767.5,1775.5,1750.0,1754.5,1612.174561,3585739
2015-05-14,1754.5,1829.0999760000002,1745.5,1786.5,1641.578857,4069366
2015-05-15,1792.5,1802.0,1781.5,1786.0,1641.119507,3530204
2015-05-18,1788.0,1800.5,1773.5,1793.5,1648.010986,2307713
2015-05-19,1796.5,1820.0,1796.5,1815.0,1667.766846,3798808
2015-05-20,1814.0,1818.800049,1780.3299559999998,1799.0,1653.064697,4097692
2015-05-21,1798.5,1803.5,1779.0,1800.5,1654.442993,5039199
2015-05-22,1795.0,1828.5,1787.040039,1813.5,1666.388428,3371392
2015-05-26,1813.5,1821.5,1796.5,1806.0,1659.496948,4785089
2015-05-27,1801.0,1843.0,1796.359985,1837.5,1688.441528,5025519
2015-05-28,1838.5,1845.0,1831.0,1841.5,1692.117188,4100387
2015-05-29,1840.0,1840.0,1811.5,1815.5,1668.226196,6928705
2015-06-01,1814.5,1832.0,1814.5,1818.0,1670.5234380000002,5568554
2015-06-02,1825.5,1825.5,1782.3499760000002,1782.5,1637.903198,7969271
2015-06-03,1785.0,1807.0,1764.5,1795.5,1649.848633,5014113
2015-06-04,1794.0,1798.5,1766.5,1782.0,1637.4438480000001,3858145
2015-06-05,1776.0,1778.5,1750.5,1760.5,1617.6879880000001,4730022
2015-06-08,1909.5,1914.0,1856.0,1880.0,1727.4940190000002,18241464
2015-06-09,1865.0,1918.0,1852.5,1887.5,1734.38562,10727851
2015-06-10,1884.0,1898.5,1861.5,1892.0,1738.5205079999998,5745521
2015-06-11,1883.0,1920.22998,1879.5,1908.5,1753.6818850000002,6015697
2015-06-12,1897.0,1918.0,1887.0,1896.5,1742.655396,4277503
2015-06-15,1899.0,1899.0,1863.0,1874.5,1722.4403079999997,4809587
2015-06-16,1859.5,1875.5,1847.5,1869.5,1717.845825,4237047
2015-06-17,1868.0,1898.5,1856.0,1881.0,1728.413086,9798314
2015-06-18,1870.0,1901.5,1869.219971,1898.0,1744.033813,6563249
2015-06-19,1892.0,1908.5,1879.0,1879.0,1726.575073,6740318
2015-06-22,1897.0,1911.5,1890.97998,1907.0,1752.303711,4094556
2015-06-23,1911.0,1952.130005,1907.0,1932.0,1775.2758789999998,5445980
2015-06-24,1936.5,1946.5,1926.0,1926.0,1769.762695,4889816
2015-06-25,1923.0,1931.0,1872.5,1920.0,1764.249268,6484928
2015-06-26,1906.5,1926.0,1897.5,1899.0,1744.952881,5348132
2015-06-29,1866.5,1877.5,1848.5,1855.5,1704.981445,6229086
2015-06-30,1852.0,1858.0,1829.5,1841.0,1691.6577149999998,6551379
2015-07-01,1860.0,1886.0,1842.5,1874.0,1721.980713,3713975
2015-07-02,1875.0,1891.5,1868.0,1886.0,1733.007202,3427623
2015-07-03,1882.0,1899.5,1873.560059,1887.0,1733.92627,3160813
2015-07-06,1864.0,1890.5,1856.5,1878.0,1725.656372,3413134
2015-07-07,1882.5,1885.0,1858.0,1858.0,1707.278687,3957845
2015-07-08,1863.0,1875.5,1857.5,1868.0,1716.467407,3959976
2015-07-09,1869.5,1890.0,1862.0,1888.5,1735.304565,3566893
2015-07-10,1891.0,1928.0,1890.0,1925.5,1769.3031010000002,3915947
2015-07-13,1939.5,1945.0,1918.5,1929.0,1772.519165,3095851
2015-07-14,1929.0,1942.0,1922.5,1942.0,1784.464722,3719073
2015-07-15,1941.5,1951.5,1928.0,1945.5,1787.6805420000003,3193760
2015-07-16,1952.5,1964.380005,1945.0,1949.5,1791.356201,3621145
2015-07-17,1957.0,1957.0,1929.0,1938.5,1781.248291,2686337
2015-07-20,1933.5,1945.369995,1925.0,1931.5,1774.816406,2600067
2015-07-21,1944.0,1945.0,1923.0,1928.0,1771.6000980000001,1962404
2015-07-22,1915.5,1927.630005,1910.0,1917.0,1761.492676,2800452
2015-07-23,1940.0,1940.0,1900.0,1907.0,1752.303711,3044917
2015-07-24,1868.0,1890.0,1858.0,1860.0,1709.116455,7084878
2015-07-27,1851.0,1860.5,1817.0,1819.5,1671.901855,4363491
2015-07-28,1824.0,1832.2399899999998,1806.5,1819.0,1671.442261,5056408
2015-07-29,1820.0,1843.5,1817.5,1839.5,1690.2794190000002,5181664
2015-07-30,1840.0,1861.0,1802.5,1811.0,1664.091187,6043887
2015-07-31,1806.5,1819.5,1788.5,1789.5,1644.335571,7072546
2015-08-03,1785.5,1803.0,1785.5,1797.0,1651.227051,3756663
2015-08-04,1800.5,1800.5,1782.5,1790.0,1644.7948,3785143
2015-08-05,1792.0,1821.5,1791.0,1821.0,1673.280151,11128567
2015-08-06,1830.0,1844.5,1821.0,1838.0,1688.901245,6273438
2015-08-07,1840.0,1840.0,1809.680054,1827.0,1678.793457,3635173
2015-08-10,1835.0,1835.02002,1802.0,1829.5,1681.090576,5576386
2015-08-11,1825.0,1829.0,1800.5,1808.5,1661.794189,5417008
2015-08-12,1781.5,1810.699951,1762.5,1775.0,1631.011475,6645067
2015-08-13,1757.5,1773.5,1751.0,1762.0,1651.538574,5299473
2015-08-14,1770.0,1780.5,1762.5,1775.5,1664.192505,4783141
2015-08-17,1788.5,1788.5,1759.5,1772.0,1660.9116210000002,3133653
2015-08-18,1776.5,1790.0,1764.0,1767.0,1656.225342,4662433
2015-08-19,1762.0,1762.0,1737.5,1745.0,1635.604492,3894045
2015-08-20,1734.5,1745.0,1723.0,1740.0,1630.9179689999999,3960766
2015-08-21,1724.5,1738.5,1684.5,1684.5,1578.897095,6305785
2015-08-24,1650.0,1669.5,1592.5,1640.0,1537.18689,13035214
2015-08-25,1667.5,1690.0,1650.0,1673.0,1568.118408,6758575
2015-08-26,1655.0,1679.5,1628.5,1658.5,1554.5271,6171024
2015-08-27,1686.0,1706.0,1662.5,1695.0,1588.739014,7195914
2015-08-28,1700.0,1749.780029,1674.48999,1730.0,1621.544678,6280223
2015-09-01,1730.0,1730.0,1678.5,1691.0,1584.9897460000002,5389569
2015-09-02,1702.0,1720.0,1685.050049,1703.5,1596.706055,5828889
2015-09-03,1717.0,1726.0,1706.5,1713.5,1606.079346,4524858
2015-09-04,1700.0,1732.199951,1687.369995,1697.5,1591.0821529999998,4116655
2015-09-07,1716.5,1726.5,1695.5,1699.0,1592.4880369999998,1903646
2015-09-08,1706.5,1730.0,1706.5,1711.0,1603.735962,2629113
2015-09-09,1742.0,1759.5,1733.0,1739.5,1630.449341,3311479
2015-09-10,1730.5,1734.0,1711.0,1728.5,1620.138672,3470016
2015-09-11,1742.5,1743.0,1713.0,1716.0,1608.4223630000001,2954861
2015-09-14,1717.5,1742.0,1717.0,1724.0,1615.920898,3329650
2015-09-15,1733.0,1750.880005,1708.5,1745.0,1635.604492,4422757
2015-09-16,1751.0,1792.0,1749.0,1777.5,1666.066895,7122964
2015-09-17,1780.5,1788.630005,1769.5,1782.5,1670.75354,4303766
2015-09-18,1775.0,1777.5,1717.0,1764.5,1653.88208,6521258
2015-09-21,1767.5,1795.0,1759.5799559999998,1768.5,1657.6311039999998,4290365
2015-09-22,1764.5,1766.0,1716.5,1716.5,1608.891235,4523716
2015-09-23,1720.0,1740.0,1709.5,1733.0,1624.356812,6050565
2015-09-24,1728.5,1730.800049,1705.0,1713.5,1606.079346,7074169
2015-09-25,1732.0,1755.5,1729.0,1750.0,1640.290894,3656844
2015-09-28,1752.0,1766.5,1731.0,1735.0,1626.231445,3690398
2015-09-29,1713.5,1756.880005,1708.0,1718.0,1610.2971189999998,4114466
2015-09-30,1745.5,1771.030029,1738.5,1770.5,1659.5058589999999,5431670
2015-10-01,1790.0,1799.0,1763.0,1765.5,1654.819092,4460279
2015-10-02,1775.0,1805.5,1763.0,1782.5,1670.75354,4819399
2015-10-05,1805.0,1815.689941,1796.869995,1810.5,1696.9981690000002,3978356
2015-10-06,1816.5,1843.089966,1793.5,1819.0,1704.965332,3233694
2015-10-07,1819.5,1841.069946,1786.0,1793.5,1681.063843,4236007
2015-10-08,1788.0,1830.0,1788.0,1826.5,1711.995239,5084588
2015-10-09,1840.0,1840.0,1817.5,1831.0,1716.2128910000001,2594471
2015-10-12,1830.0,1831.5,1813.0,1827.5,1712.932495,2528749
2015-10-13,1833.5,1849.5,1824.0,1843.0,1727.460693,4731452
2015-10-14,1833.0,1835.0,1805.6500239999998,1810.0,1696.5296629999998,3716426
2015-10-15,1819.5,1836.0,1811.0,1834.0,1719.0249019999999,3064183
2015-10-16,1836.5,1841.0,1818.030029,1836.5,1721.368164,2986129
2015-10-19,1839.5,1852.0,1835.97998,1847.0,1731.209961,2535253
2015-10-20,1846.5,1857.0,1841.4000239999998,1851.0,1734.9592289999998,2764696
2015-10-21,1850.0,1854.5,1838.5,1843.0,1727.460693,2205171
2015-10-22,1843.0,1866.0,1841.5,1860.5,1743.863525,3836171
2015-10-23,1865.0,1876.0999760000002,1855.5,1858.5,1741.989136,3764588
2015-10-26,1856.5,1880.530029,1849.0,1878.5,1760.735229,2835672
2015-10-27,1875.0,1888.0,1860.0,1863.0,1746.206909,3427161
2015-10-28,1863.0,1879.0,1860.5,1869.5,1752.299561,3240412
2015-10-29,1874.0,1891.5,1870.530029,1885.5,1767.296387,3912458
2015-10-30,1890.0,1890.0,1868.5,1878.5,1760.735229,2834981
2015-11-02,1868.0,1880.0,1863.0,1869.0,1751.830811,1997154
2015-11-03,1870.5,1878.0,1866.5,1876.0,1758.391968,1963764
2015-11-04,1876.5,1900.0,1876.5,1894.0,1775.26355,2925123
2015-11-05,1891.5,1908.0,1890.0,1897.0,1778.075562,3047673
2015-11-06,1902.0,1908.0,1880.5,1882.5,1764.484497,3799264
2015-11-09,1884.0,1886.5,1860.869995,1865.5,1748.550171,2568490
2015-11-10,1876.0,1877.0,1850.0,1872.0,1754.6428219999998,3611757
2015-11-11,1879.0,1911.310059,1877.0,1899.5,1780.418701,3565726
2015-11-12,1905.0,1919.5,1883.0,1883.0,1764.953125,4231280
2015-11-13,1884.0,1884.0,1843.0,1848.5,1732.6159670000002,3287447
2015-11-16,1838.0,1856.0,1834.0,1847.0,1731.209961,2981813
2015-11-17,1868.0,1888.0,1857.5,1888.0,1769.639648,3109410
2015-11-18,1880.5,1887.5,1871.5,1885.5,1767.296387,2166598
2015-11-19,1895.0,1912.5,1886.5,1902.5,1783.230713,3034799
2015-11-20,1922.0,1935.0,1914.189941,1928.0,1807.13208,4862990
2015-11-23,1923.5,1923.5,1905.0,1913.0,1793.0722660000001,2469799
2015-11-24,1914.5,1914.5,1881.0,1894.0,1775.26355,3026698
2015-11-25,1901.0,1928.0,1901.0,1925.5,1804.788818,3178004
2015-11-26,1921.0,1930.0,1915.0,1925.5,1804.788818,1953935
2015-11-27,1915.5,1935.310059,1909.0,1924.5,1803.85144,1952880
2015-11-30,1920.0,1931.0,1909.869995,1910.0,1790.260498,3231850
2015-12-01,1920.5,1924.5,1902.0,1912.5,1792.6037600000002,2599903
2015-12-02,1916.5,1948.5,1915.5,1944.5,1822.597656,2885692
2015-12-03,1938.0,1950.189941,1893.5,1900.0,1780.887451,4880457
2015-12-04,1893.0,1897.0,1883.5,1891.0,1772.4515379999998,2901903
2015-12-07,1897.0,1918.0,1890.939941,1900.5,1781.356079,2256631
2015-12-08,1902.0,1908.630005,1872.0,1873.0,1755.5802,2635152
2015-12-09,1883.5,1883.5,1852.0,1852.0,1735.8966059999998,3203302
2015-12-10,1846.0,1846.0,1826.5,1832.0,1717.1502690000002,3406521
2015-12-11,1833.0,1838.0,1801.5,1806.5,1693.249023,4207744
2015-12-14,1809.5,1829.5,1796.0,1796.0,1683.407227,4441318
2015-12-15,1806.0,1826.0,1796.0,1820.5,1706.37146,4093861
2015-12-16,1816.0,1844.5,1809.0,1831.5,1716.6817629999998,4000214
2015-12-17,1861.5,1862.0,1831.5,1833.5,1718.5563960000002,4034237
2015-12-18,1822.0,1830.5,1803.0,1807.5,1694.186279,5634259
2015-12-21,1799.5,1831.9000239999998,1799.5,1805.0,1691.84314,2307811
2015-12-22,1801.5,1809.5,1792.0,1805.0,1691.84314,3246257
2015-12-23,1824.5,1856.5,1821.5,1853.0,1736.8337399999998,3281401
2015-12-24,1873.0,1874.0,1841.5,1856.5,1740.114502,624405
2015-12-29,1856.5,1880.0,1845.47998,1880.0,1762.141235,2883491
2015-12-30,1875.0,1890.5,1868.369995,1880.0,1762.141235,2011444
2015-12-31,1878.0,1885.5,1853.0,1856.5,1740.114502,1128831
2016-01-04,1856.5,1856.5,1805.310059,1817.0,1703.09082,3236800
2016-01-05,1829.0,1850.5,1821.0,1846.0,1730.2725829999997,3491621
2016-01-06,1841.0,1842.5,1823.5,1841.0,1725.586182,3234398
2016-01-07,1802.5,1820.5,1795.369995,1800.5,1687.625122,4497364
2016-01-08,1810.5,1834.609985,1802.5,1810.0,1696.5296629999998,4104443
2016-01-11,1810.0,1816.699951,1801.0,1805.5,1692.311646,3295946
2016-01-12,1809.5,1846.0,1799.0,1837.0,1721.836914,3954268
2016-01-13,1837.0,1861.0,1834.0,1851.5,1735.4279789999998,4540437
2016-01-14,1832.0,1837.5,1804.810059,1810.0,1696.5296629999998,5947662
2016-01-15,1804.5,1815.5,1764.0,1791.0,1678.7207030000002,6935980
2016-01-18,1791.0,1805.0,1775.0,1779.5,1667.9415279999998,3315627
2016-01-19,1806.5,1831.0,1778.040039,1828.0,1713.401123,3396246
2016-01-20,1803.5,1812.5,1768.0,1777.5,1666.066895,4835883
2016-01-21,1787.0,1831.0,1785.0,1827.0,1712.4638670000002,6732931
2016-01-22,1842.0,1866.0,1832.0,1857.5,1741.05188,4811731
2016-01-25,1857.5,1857.5,1819.5,1841.5,1726.05481,5065665
2016-01-26,1826.0,1874.5,1824.0,1872.0,1754.6428219999998,6051085
2016-01-27,1871.5,1882.5,1854.0,1867.0,1749.956177,7108975
2016-01-28,1853.5,1869.5,1823.0,1841.5,1726.05481,7818143
2016-01-29,1875.0,1885.0,1838.75,1884.5,1766.359009,6410708
2016-02-01,1889.0,1911.5,1884.5,1910.5,1790.7291260000002,7276642
2016-02-02,1907.5,1920.0,1892.25,1906.0,1786.51123,4888190
2016-02-03,1909.5,1909.5,1868.0,1869.5,1752.299561,4393017
2016-02-04,1879.5,1894.609985,1822.0,1828.0,1713.401123,6884650
2016-02-05,1836.5,1843.5,1794.5,1796.5,1683.875732,5602835
2016-02-08,1806.0,1814.0,1775.0,1782.0,1670.2849119999998,4505787
2016-02-09,1791.0,1800.0,1773.0,1783.0,1671.222168,4694098
2016-02-10,1797.5,1811.5,1772.0,1782.0,1670.2849119999998,4486434
2016-02-11,1771.5,1779.0,1724.5,1745.0,1635.604492,6711694
2016-02-12,1754.5,1769.5,1751.969971,1758.0,1647.789307,6326286
2016-02-15,1775.0,1820.0,1762.5,1809.0,1695.5921629999998,3574643
2016-02-16,1817.0,1831.5,1796.5,1811.5,1697.935425,3690072
2016-02-17,1811.5,1836.0,1811.5,1832.0,1717.1502690000002,3658822
2016-02-18,1838.0,1838.0,1817.5,1826.0,1711.526489,3441213
2016-02-19,1830.5,1839.5,1818.7399899999998,1828.5,1713.8697510000002,2909062
2016-02-22,1841.5,1866.0,1839.5,1859.0,1742.457764,2662954
2016-02-23,1847.5,1872.5,1838.5,1864.5,1747.612915,3143372
2016-02-24,1867.0,1872.880005,1846.5,1868.5,1751.3621829999997,4955025
2016-02-25,1867.0,1883.5,1849.0,1877.5,1781.34375,4190995
2016-02-26,1892.0,1899.5,1861.5,1865.0,1769.484009,3485076
2016-02-29,1867.5,1871.5,1850.5,1859.0,1763.7912600000002,4531661
2016-03-01,1853.0,1886.0,1845.5,1881.0,1784.664429,4490870
2016-03-02,1882.0,1885.5,1842.1500239999998,1862.5,1767.111938,7026650
2016-03-03,1869.5,1877.439941,1844.3299559999998,1853.0,1758.098511,3895876
2016-03-04,1864.0,1880.5,1851.0,1874.0,1778.022949,3141014
2016-03-07,1874.5,1878.5,1848.5,1859.0,1763.7912600000002,2326242
2016-03-08,1845.5,1868.0,1840.5,1866.5,1770.907227,3176576
2016-03-09,1869.0,1885.6500239999998,1861.5,1882.5,1786.0877690000002,2944136
2016-03-10,1880.0,1902.5,1850.5,1850.5,1755.726563,4462590
2016-03-11,1876.0,1892.949951,1870.5,1873.0,1777.074219,3589685
2016-03-14,1875.0,1889.0,1867.5,1889.0,1792.254761,3535907
2016-03-15,1886.5,1900.5,1879.0,1896.0,1798.8963620000002,3063431
2016-03-16,1904.0,1911.5,1898.5,1905.0,1807.4353030000002,4426812
2016-03-17,1897.0,1905.0,1865.0,1880.0,1783.715698,5259838
2016-03-18,1869.5,1879.5,1864.5,1868.5,1772.804688,4514065
2016-03-21,1861.0,1875.5,1849.569946,1867.5,1771.855957,2694666
2016-03-22,1861.5,1876.5,1836.0,1876.0,1779.920654,4171785
2016-03-23,1879.5,1893.5,1868.0,1890.0,1793.203613,3484854
2016-03-24,1880.5,1886.5,1855.5,1869.0,1773.279175,3154849
2016-03-29,1869.0,1886.5,1866.569946,1876.0,1779.920654,2653266
2016-03-30,1886.5,1907.5,1880.0,1896.0,1798.8963620000002,2985682
2016-03-31,1893.5,1894.5,1876.5,1881.5,1785.138916,3601570
2016-04-01,1865.0,1888.0,1844.0,1886.5,1789.882813,3705636
2016-04-04,1889.5,1914.0,1881.0,1892.5,1795.575439,2692353
2016-04-05,1903.5,1903.5,1874.5,1880.0,1783.715698,4218912
2016-04-06,1883.0,1905.5,1872.949951,1905.5,1807.90979,3403972
2016-04-07,1910.5,1927.0,1900.0,1910.0,1812.179199,4836940
2016-04-08,1915.5,1925.5,1894.0,1912.0,1814.076904,3141455
2016-04-11,1915.0,1921.0,1893.0,1897.5,1800.319336,2400433
2016-04-12,1897.0,1906.5,1882.0,1904.0,1806.4865719999998,2663882
2016-04-13,1920.5,1925.5,1907.0,1921.5,1823.090332,3177473
2016-04-14,1926.0,1932.0,1909.0,1929.0,1830.206177,3245939
2016-04-15,1929.0,1944.0,1928.0,1933.0,1834.001343,3516785
2016-04-18,1923.5,1939.5,1920.0,1923.5,1824.987793,3672479
2016-04-19,1928.5,1955.5,1923.0,1946.5,1846.809937,3712692
2016-04-20,1941.5,1954.5,1927.5,1948.0,1848.233154,3921520
2016-04-21,1945.0,1950.0,1896.0,1918.5,1820.2438960000002,4334975
2016-04-22,1911.5,1918.0,1885.5,1892.5,1795.575439,3729360
2016-04-25,1895.0,1905.310059,1878.0,1891.5,1794.626709,3062039
2016-04-26,1895.5,1909.0,1874.0,1880.5,1784.190063,3323846
2016-04-27,1876.0,1879.0,1862.5,1873.0,1777.074219,5058214
2016-04-28,1861.0,1878.5,1838.0,1876.5,1780.39502,4207309
2016-04-29,1869.0,1869.5,1845.3499760000002,1846.0,1751.457031,3271402
2016-05-03,1846.0,1871.5,1841.5,1860.5,1765.214478,4374007
2016-05-04,1860.0,1863.5,1843.5,1855.0,1759.996094,3803987
2016-05-05,1862.5,1876.5,1851.390015,1873.0,1777.074219,2752241
2016-05-06,1869.5,1874.0,1849.5,1872.0,1776.125488,3496070
2016-05-09,1886.75,1894.0,1877.0,1894.0,1796.9985350000002,2731067
2016-05-10,1905.0,1910.180054,1878.6500239999998,1889.5,1792.729248,3224297
2016-05-11,1881.0,1894.0,1877.5,1885.5,1788.93396,2013088
2016-05-12,1881.0,1896.5,1866.0,1879.0,1782.766968,3286329
2016-05-13,1875.5,1894.0,1863.5,1894.0,1796.9985350000002,2602814
2016-05-16,1883.0,1889.0,1875.5,1889.0,1792.254761,1829739
2016-05-17,1896.5,1897.0,1850.5,1856.0,1760.944946,3224704
2016-05-18,1848.0,1860.0,1832.5,1843.5,1749.0850829999997,3675907
2016-05-19,1830.0,1840.0,1808.5,1818.0,1724.890991,3869173
2016-05-20,1829.5,1848.0,1825.5,1838.0,1743.866699,3678284
2016-05-23,1840.0,1840.5,1826.0,1835.5,1741.4947510000002,2379984
2016-05-24,1831.5,1867.5,1829.0,1858.0,1762.842529,3364929
2016-05-25,1872.5,1875.5,1857.0,1863.0,1767.586426,2567678
2016-05-26,1860.0,1870.0,1855.0,1867.0,1771.3813480000001,2698301
2016-05-27,1861.5,1883.189941,1854.0,1883.0,1786.562134,2506320
2016-05-31,1883.0,1893.5,1867.0,1870.5,1774.702148,4755496
2016-06-01,1866.5,1877.0,1851.5,1864.0,1768.535156,4147283
2016-06-02,1867.0,1872.8499760000002,1845.5,1851.5,1756.675293,3888310
2016-06-03,1864.5,1873.0,1849.5,1861.5,1766.1632079999997,3259312
2016-06-06,1867.5,1884.449951,1863.0,1876.5,1780.39502,3362638
2016-06-07,1877.0,1885.8299559999998,1875.0,1878.0,1781.8181149999998,2821175
2016-06-08,1870.0,1876.5,1863.0,1872.5,1776.5998539999998,2596041
2016-06-09,1874.0,1874.0,1847.5,1849.0,1754.3034670000002,3389451
2016-06-10,1838.0,1839.8499760000002,1796.5,1811.0,1718.249512,5608874
2016-06-13,1800.0,1823.0,1776.0,1776.0,1685.0419920000002,7886153
2016-06-14,1773.5,1778.0,1737.0,1748.0,1658.475952,9848749
2016-06-15,1762.0,1794.0,1754.0,1769.0,1678.4005129999998,7729912
2016-06-16,1760.5,1788.0,1755.0,1783.5,1692.157959,5097234
2016-06-17,1792.0,1795.9000239999998,1767.5,1770.0,1679.3493649999998,7520983
2016-06-20,1798.0,1825.0,1785.0,1812.0,1719.198364,5172941
2016-06-21,1804.0,1835.8499760000002,1797.5,1823.0,1729.6350100000002,4817212
2016-06-22,1839.5,1867.0,1828.569946,1842.5,1748.13623,6080092
2016-06-23,1850.5,1875.0,1826.339966,1833.0,1739.1228030000002,5736227
2016-06-24,1793.5,1925.5,1765.0,1878.0,1781.8181149999998,13756510
2016-06-27,1867.5,1951.5,1865.0,1914.0,1815.9743649999998,9232554
2016-06-28,1956.0,1964.0,1931.5,1935.0,1835.898804,7663469
2016-06-29,1952.0,1995.5,1945.5,1995.5,1893.300415,7445743
2016-06-30,1995.5,2086.5,1982.0,2086.5,1979.639771,10251695
2016-07-01,2085.5,2112.5,2067.290039,2107.0,1999.089844,7210750
2016-07-04,2118.5,2131.0,2098.0,2101.0,1993.3972170000002,4253708
2016-07-05,2101.5,2157.0,2101.5,2139.5,2029.925415,6415465
2016-07-06,2163.5,2185.5,2124.5,2144.0,2034.19519,8028493
2016-07-07,2157.0,2175.5,2152.5,2161.0,2050.324463,5297238
2016-07-08,2160.0,2169.0,2110.0,2143.5,2033.720459,6043933
2016-07-11,2149.0,2167.5,2126.5,2161.5,2050.798828,6221763
2016-07-12,2154.5,2159.189941,2115.5,2134.0,2024.707153,6627878
2016-07-13,2121.5,2128.0,1896.1500239999998,2123.5,2014.7447510000002,8268939
2016-07-14,2133.0,2146.0,2095.0,2096.5,1989.127686,5278546
2016-07-15,2118.0,2118.0,2081.0,2098.0,1990.550903,5921072
2016-07-18,2108.0,2123.5,2100.0,2106.0,1998.140991,3603628
2016-07-19,2097.0,2112.0,2089.0,2096.5,1989.127686,4174064
2016-07-20,2112.0,2116.5,2088.0,2110.0,2001.9364010000002,5260811
2016-07-21,2108.5,2115.0,2099.5,2107.5,1999.5644530000002,4204878
2016-07-22,2101.0,2140.0,2099.5,2138.5,2028.976685,3022678
2016-07-25,2131.0,2148.0,2130.5,2133.0,2023.758301,2672687
2016-07-26,2148.5,2168.5,2134.0,2160.0,2049.3754879999997,3428808
2016-07-27,2156.0,2163.0,2129.5,2138.0,2028.5019530000002,3623329
2016-07-28,2135.0,2218.0,2128.0,2192.0,2079.736572,8088805
2016-07-29,2205.0,2211.0,2161.0,2161.0,2050.324463,8521449
2016-08-01,2184.0,2187.0,2146.5,2155.0,2044.6312260000002,4135500
2016-08-02,2161.5,2171.0,2141.0,2145.5,2035.6180420000003,4732774
2016-08-03,2145.0,2153.5,2123.0,2128.0,2019.014282,4174645
2016-08-04,2123.5,2173.0,2093.5,2170.5,2059.337891,6417204
2016-08-05,2183.0,2193.0,2157.0,2180.0,2068.3510739999997,3278396
2016-08-08,2174.0,2179.5,2152.0,2170.5,2059.337891,2656388
2016-08-09,2177.0,2187.0,2170.23999,2182.0,2070.248779,3154628
2016-08-10,2176.5,2191.5,2162.5,2191.5,2079.262451,3530907
2016-08-11,2172.0,2185.0,2158.5,2185.0,2108.305664,3201818
2016-08-12,2177.5,2189.0,2171.5,2181.0,2104.446045,2512886
2016-08-15,2188.0,2198.5,2178.0,2187.5,2110.718018,2701183
2016-08-16,2185.0,2214.600098,2171.5,2171.5,2095.279541,2879176
2016-08-17,2180.5,2184.5,2166.5,2178.0,2101.551514,2161564
2016-08-18,2186.5,2189.0,2167.0,2168.5,2092.384766,2790830
2016-08-19,2170.0,2181.0,2161.0,2178.5,2102.033936,2723865
2016-08-22,2186.0,2186.0,2147.0,2149.5,2074.0517579999996,2864512
2016-08-23,2160.0,2180.5,2146.0,2154.5,2078.876221,2169973
2016-08-24,2148.5,2176.600098,2132.5,2139.0,2063.92041,2211706
2016-08-25,2132.0,2159.5,2126.169922,2149.5,2074.0517579999996,1764370
2016-08-26,2145.0,2159.5,2135.5,2151.5,2075.981445,2020993
2016-08-30,2151.5,2154.5,2126.5,2127.5,2052.823975,4388514
2016-08-31,2125.0,2129.0,2105.0,2108.5,2034.4909670000002,4924371
2016-09-01,2121.5,2123.0,2078.5,2083.5,2010.368286,3941420
2016-09-02,2086.0,2156.0,2084.0,2146.5,2071.156982,5321863
2016-09-05,2154.0,2154.0,2122.5,2126.5,2051.8588870000003,2470468
2016-09-06,2128.0,2133.5,2099.0,2107.0,2033.043457,3420028
2016-09-07,2114.0,2121.5,2105.0,2116.5,2042.2100829999997,3440241
2016-09-08,2120.0,2120.5,2095.0,2102.5,2028.701416,3458963
2016-09-09,2092.5,2102.8798829999996,2074.5,2080.0,2006.9913329999997,2753927
2016-09-12,2063.0,2070.0,2047.0,2065.5,1993.000122,3836346
2016-09-13,2085.0,2118.100098,2064.0,2076.0,2003.1315920000002,3957970
2016-09-14,2079.5,2100.0,2073.3798829999996,2074.0,2001.201782,3786106
2016-09-15,2073.0,2123.0,2070.5,2118.5,2044.139893,4922404
2016-09-16,2120.5,2137.5,2109.639893,2121.0,2046.5521239999998,7074240
2016-09-19,2134.5,2159.0,2109.070068,2158.5,2082.73584,4223626
2016-09-20,2160.0,2198.0,2152.5,2181.0,2104.446045,4612050
2016-09-21,2173.5,2192.0,2164.0,2183.5,2106.858398,3676304
2016-09-22,2185.0,2216.5,2177.5,2209.0,2131.463135,3989438
2016-09-23,2207.0,2225.0,2198.0,2225.0,2146.9013670000004,4338979
2016-09-26,2224.0,2224.0,2197.5,2211.0,2133.393066,3624527
2016-09-27,2223.0,2231.780029,2208.22998,2215.0,2137.252686,3564741
2016-09-28,2213.0,2232.0,2208.0,2222.0,2144.006836,2632983
2016-09-29,2222.5,2231.5,2200.0,2223.5,2145.454346,3264376
2016-09-30,2216.5,2221.0,2201.0,2210.5,2132.910645,3956309
2016-10-03,2222.0,2252.0,2210.5,2245.0,2166.199463,5253730
2016-10-04,2253.5,2286.5,2247.5,2268.0,2188.39209,8323854
2016-10-05,2257.0,2268.0,2216.780029,2220.5,2142.559814,5262556
2016-10-06,2232.0,2247.5,2214.889893,2220.0,2142.077148,5877922
2016-10-07,2230.0,2253.0,2221.5,2231.5,2153.173584,6077742
2016-10-10,2241.5,2253.0,2237.5,2238.0,2159.445557,3946016
2016-10-11,2239.5,2251.5,2227.0,2228.5,2150.278809,4354823
2016-10-12,2224.0,2227.5,2200.5,2200.5,2123.261719,7352196
2016-10-13,2198.0,2205.5,2184.5,2198.5,2121.332031,5018878
2016-10-14,2200.5,2203.5,2189.0,2190.0,2113.130127,4412145
2016-10-17,2189.5,2189.5,2168.5,2174.0,2097.69165,4078573
2016-10-18,2186.0,2203.0,2168.5,2173.0,2096.7270510000003,3982374
2016-10-19,2166.5,2186.0,2161.5,2180.5,2103.963623,3439746
2016-10-20,2185.0,2190.5,2171.5,2190.0,2113.130127,4649409
2016-10-21,2188.5,2201.0,2172.889893,2178.5,2102.033936,5400012
2016-10-24,2188.5,2201.0,2178.0,2178.0,2101.551514,4212045
2016-10-25,2189.0,2213.5,2178.5,2203.5,2126.15625,4672028
2016-10-26,2215.0,2219.0,2189.0,2190.0,2113.130127,6552069
2016-10-27,2177.0,2208.0,2177.0,2189.0,2112.165283,3761965
2016-10-28,2178.5,2201.5,2165.0,2187.5,2110.718018,4222387
2016-10-31,2185.5,2194.5,2176.0,2179.5,2102.998535,3797495
2016-11-01,2159.5,2182.889893,2154.0,2159.5,2083.700684,3409760
2016-11-02,2150.0,2157.0,2129.5,2132.5,2057.648193,3635574
2016-11-03,2129.0,2140.0,2066.0,2070.5,1997.824585,6998174
2016-11-04,2052.5,2073.889893,2049.5,2058.5,1986.245972,5227955
2016-11-07,2083.5,2084.0,2057.610107,2072.0,1999.272095,4329233
2016-11-08,2074.5,2092.5,2070.080078,2091.0,2017.605225,4768698
2016-11-09,2055.0,2098.0,2037.859985,2067.0,1994.4475100000002,6679581
2016-11-10,2076.0,2076.6201170000004,1981.5,1992.5,1922.5625,7622847
2016-11-11,2001.5,2013.0,1959.75,1982.5,1912.913452,7964856
2016-11-14,1990.5,1995.5,1959.0,1970.0,1900.852173,4691771
2016-11-15,1975.0,2004.0,1970.0,1987.5,1917.738037,4973916
2016-11-16,1994.0,2002.5,1974.5,2002.5,1932.211426,4504047
2016-11-17,2006.5,2045.0,2002.0,2027.0,1955.851563,7161610
2016-11-18,2026.5,2042.5,2016.5,2029.0,1957.78125,6840550
2016-11-21,2021.0,2025.0,1994.0,2005.0,1934.623657,8884676
2016-11-22,2007.5,2019.0,1988.02002,2002.5,1932.211426,6521008
2016-11-23,1992.0,2019.5,1990.0,1991.5,1921.597534,4855159
2016-11-24,1998.5,2002.5,1978.219971,1996.0,1925.9396969999998,2681979
2016-11-25,1994.5,2027.859985,1994.0,2015.0,1944.272705,2904672
2016-11-28,2016.0,2016.0,1994.5,2010.0,1939.4482420000002,4071877
2016-11-29,2012.5,2023.5,1996.0,2011.5,1940.8955079999998,4184849
2016-11-30,2016.5,2043.5,2003.5,2005.0,1934.623657,5709542
2016-12-01,2000.0,2001.0,1955.0,1966.5,1897.4750980000001,6014384
2016-12-02,1953.0,1968.5,1949.0,1957.5,1888.7910160000001,4999399
2016-12-05,1946.5,1985.0,1946.5,1961.0,1892.168213,4808074
2016-12-06,1962.5,1968.5,1948.0,1956.5,1887.82605,3144969
2016-12-07,1960.0,2000.5,1946.0,2000.5,1930.281616,5862058
2016-12-08,2008.5,2029.0,2000.0,2029.0,1957.78125,5337622
2016-12-09,2023.5,2043.609985,2023.0,2043.0,1971.2899170000003,3400805
2016-12-12,2041.5,2048.0,2030.5,2038.0,1966.465332,5215331
2016-12-13,2046.0,2088.590088,2037.5,2076.5,2003.614014,6134238
2016-12-14,2063.5,2076.5,2049.0,2057.0,1984.7984620000002,4737921
2016-12-15,2053.5,2064.0,2040.0,2055.5,1983.351196,4777393
2016-12-16,2047.5,2070.5,2047.5,2055.0,1982.8686519999999,4710266
2016-12-19,2062.5,2081.110107,2058.5,2075.5,2002.649048,2417314
2016-12-20,2076.0,2082.070068,2065.780029,2075.0,2002.1666260000002,3563911
2016-12-21,2068.5,2086.0,2064.0,2086.0,2012.780762,3308766
2016-12-22,2078.5,2085.0,2068.5,2084.5,2011.33313,2421042
2016-12-23,2082.0,2097.0,2082.0,2097.0,2023.394531,867826
2016-12-28,2097.0,2097.0,2075.0,2087.5,2014.227905,2891393
2016-12-29,2080.5,2101.0,2078.0,2101.0,2027.254028,1527408
2016-12-30,2099.5,2110.0,2087.5,2110.0,2035.93811,2179391
2017-01-03,2110.0,2126.5,2091.5,2099.0,2025.324341,3497155
2017-01-04,2101.0,2132.5,2088.5,2124.0,2049.446777,4222854
2017-01-05,2129.5,2145.5,2122.5,2135.0,2060.060547,3627432
2017-01-06,2125.5,2149.6201170000004,2125.5,2143.5,2068.262207,2621319
2017-01-09,2145.5,2172.0,2143.5,2169.5,2093.349609,3344966
2017-01-10,2173.5,2180.0,2161.51001,2165.5,2089.490234,3759899
2017-01-11,2158.5,2180.0,2152.5,2174.0,2097.69165,4009707
2017-01-12,2171.5,2180.0,2163.0,2176.5,2100.104248,2575705
2017-01-13,2182.0,2197.5,2176.0,2197.5,2120.3666989999997,3272496
2017-01-16,2200.0,2213.5,2185.110107,2195.5,2118.4372559999997,2541939
2017-01-17,2190.5,2191.5,2128.5,2131.5,2056.68335,5411518
2017-01-18,2142.0,2166.0,2137.5,2161.0,2085.148193,4575238
2017-01-19,2169.5,2172.5,2152.5,2162.0,2086.113037,4335360
2017-01-20,2163.0,2163.0,2143.939941,2152.0,2076.4638670000004,5280035
2017-01-23,2138.5,2165.0,2138.0,2146.0,2070.674561,3662996
2017-01-24,2147.5,2172.5,2143.0,2165.0,2089.007568,4532580
2017-01-25,2169.0,2174.0,2141.0,2141.0,2065.850098,5709726
2017-01-26,2206.5,2265.0,2195.5,2218.0,2140.147461,9465292
2017-01-27,2222.5,2251.0,2218.3798829999996,2244.0,2165.2348629999997,7112146
2017-01-30,2210.0,2222.0,2195.5,2218.0,2140.147461,5663276
2017-01-31,2213.5,2230.5,2196.0,2203.5,2126.15625,4489641
2017-02-01,2216.0,2220.110107,2180.0,2188.0,2111.200439,4487025
2017-02-02,2183.0,2203.0,2170.0,2194.5,2117.472168,6082009
2017-02-03,2198.0,2218.0,2195.0,2213.0,2135.322998,3165971
2017-02-06,2209.5,2224.5,2205.5,2217.0,2139.182373,2368601
2017-02-07,2207.5,2241.0,2207.5,2228.0,2149.7963870000003,3133207
2017-02-08,2226.0,2255.5,2212.0,2252.0,2172.953857,4321331
2017-02-09,2249.5,2259.0,2236.0,2255.5,2176.331055,3088923
2017-02-10,2255.5,2259.5,2238.0,2254.5,2175.366211,4412270
2017-02-13,2247.5,2264.5,2239.5,2253.0,2173.918945,2654927
2017-02-14,2246.0,2252.5,2236.5,2240.5,2161.857666,3668460
2017-02-15,2249.5,2263.5,2240.5,2257.5,2178.2607420000004,2776979
2017-02-16,2257.0,2265.0,2244.0,2257.0,2177.77832,3255778
2017-02-17,2252.0,2289.0,2248.0,2273.0,2193.216553,5172121
2017-02-20,2273.0,2274.0,2254.5,2267.0,2187.427246,2323531
2017-02-21,2260.0,2280.0,2260.0,2277.0,2197.076416,3217557
2017-02-22,2276.0,2294.169922,2271.0,2292.0,2211.550049,3636063
2017-02-23,2272.5,2285.5,2259.649902,2269.0,2212.232422,3216576
2017-02-24,2266.0,2272.5,2247.0,2271.5,2214.669922,3009380
2017-02-27,2280.5,2287.5,2270.0,2275.5,2218.5698239999997,4445685
2017-02-28,2280.0,2284.5,2267.090088,2268.0,2211.257568,4587226
2017-03-01,2278.5,2290.0,2263.0,2280.0,2222.957275,3774661
2017-03-02,2275.0,2287.5,2261.0,2284.0,2226.857178,3588115
2017-03-03,2281.5,2281.5,2262.0,2264.0,2207.357666,4147977
2017-03-06,2253.0,2266.5,2247.5,2257.0,2200.532471,2544269
2017-03-07,2257.5,2270.5,2247.0,2251.5,2195.17041,4198484
2017-03-08,2241.5,2256.0,2235.0,2252.5,2196.145264,2956484
2017-03-09,2248.0,2256.5,2233.5,2255.5,2199.0703129999997,3441496
2017-03-10,2261.5,2280.0,2254.5,2269.0,2212.232422,4284442
2017-03-13,2273.5,2283.0,2267.5,2271.0,2214.182373,2487854
2017-03-14,2276.5,2299.820068,2267.0,2299.0,2241.481934,3345075
2017-03-15,2282.0,2294.5,2280.0,2286.0,2228.807129,2897635
2017-03-16,2291.0,2305.169922,2283.5,2295.0,2237.582031,3609485
2017-03-17,2293.5,2324.5,2282.25,2319.0,2260.981445,5692000
2017-03-20,2310.5,2348.090088,2307.0,2328.0,2269.756348,2435342
2017-03-21,2334.0,2339.0,2306.0,2319.5,2261.4689940000003,5067793
2017-03-22,2315.5,2326.0,2302.0,2310.0,2252.206543,3809022
2017-03-23,2308.0,2309.0,2289.0,2301.0,2243.431885,3701317
2017-03-24,2305.0,2313.0,2300.149902,2308.0,2250.256836,2601126
2017-03-27,2295.0,2303.5,2285.5,2297.5,2240.019531,3104235
2017-03-28,2293.0,2324.689941,2285.0,2306.0,2248.306641,2485797
2017-03-29,2316.5,2318.0,2290.5,2316.0,2258.056641,2523453
2017-03-30,2321.0,2323.0,2301.5,2309.0,2251.231689,2385360
2017-03-31,2258.5,2294.0,2258.5,2283.5,2226.369629,5791081
2017-04-03,2276.0,2290.5,2274.75,2279.0,2221.982178,3746187
2017-04-04,2274.0,2292.0,2273.0,2286.5,2229.294678,3832053
2017-04-05,2288.0,2300.0,2283.5,2286.5,2229.294678,2936877
2017-04-06,2274.0,2294.0,2267.669922,2292.0,2234.656982,4243937
2017-04-07,2295.0,2295.0,2279.0,2281.5,2224.419678,5018848
2017-04-10,2276.0,2285.0,2264.5,2282.5,2225.394531,3555262
2017-04-11,2278.0,2308.5,2273.5,2291.0,2233.681885,4133394
2017-04-12,2293.5,2321.0,2289.3701170000004,2305.0,2247.331787,3566864
2017-04-13,2300.5,2307.5,2288.0,2298.0,2240.506836,2625869
2017-04-18,2298.0,2305.0,2243.5,2244.5,2188.345215,5898257
2017-04-19,2244.5,2244.5,2201.5,2201.5,2146.421143,8084896
2017-04-20,2204.0,2217.5,2195.5,2204.0,2148.858643,4844208
2017-04-21,2199.0,2212.5,2186.5,2208.0,2152.758545,4391634
2017-04-24,2231.5,2267.0,2216.5,2261.0,2204.432373,4708811
2017-04-25,2255.5,2273.5,2252.0,2259.0,2202.482666,4459938
2017-04-26,2242.5,2263.5,2242.0,2261.0,2204.432373,4491089
2017-04-27,2259.5,2259.5,2233.0,2255.5,2199.0703129999997,3682688
2017-04-28,2260.5,2262.5,2224.0,2246.5,2190.29541,5355347
2017-05-02,2262.0,2263.0,2232.97998,2251.5,2195.17041,3715604
2017-05-03,2249.5,2262.0,2245.0,2251.5,2195.17041,2030946
2017-05-04,2256.5,2276.0,2247.0,2275.0,2218.082275,3065784
2017-05-05,2277.0,2286.0,2267.0,2277.5,2220.519775,2987006
2017-05-08,2277.5,2297.5,2270.0,2289.0,2231.732178,3137088
2017-05-09,2286.0,2299.5,2277.5,2291.0,2233.681885,3306975
2017-05-10,2284.0,2288.0,2254.5,2279.0,2221.982178,4283348
2017-05-11,2277.0,2299.5,2269.0,2297.0,2239.531982,4877501
2017-05-12,2275.0,2305.5,2275.0,2305.0,2247.331787,2971087
2017-05-15,2303.0,2305.0,2280.0,2282.0,2224.907227,2978923
2017-05-16,2288.0,2331.5,2281.0,2328.0,2269.756348,4978780
2017-05-17,2335.0,2345.0,2318.199951,2330.0,2271.706299,3680497
2017-05-18,2340.0,2340.0,2285.5,2290.0,2232.707031,4003644
2017-05-19,2295.0,2303.0,2280.22998,2292.0,2234.656982,3167578
2017-05-22,2301.5,2308.5,2288.830078,2306.0,2248.306641,2635219
2017-05-23,2306.5,2324.5,2293.0,2320.5,2262.444092,3652099
2017-05-24,2328.0,2331.0,2314.23999,2325.5,2267.318848,3042489
2017-05-25,2303.0,2330.0,2302.5,2324.5,2266.3439940000003,2795656
2017-05-26,2327.0,2342.0,2316.8798829999996,2337.0,2278.53125,5693610
2017-05-30,2337.0,2337.0,2305.0,2323.0,2264.881348,2879608
2017-05-31,2331.0,2372.5,2326.070068,2327.0,2268.78125,5619096
2017-06-01,2336.0,2367.0,2335.5,2343.0,2284.380859,5869516
2017-06-02,2362.0,2379.0,2355.5,2361.5,2302.418213,3637907
2017-06-05,2360.0,2374.0,2347.5,2349.0,2290.230957,2839751
2017-06-06,2346.5,2356.0,2340.0,2352.5,2293.643311,3396282
2017-06-07,2343.5,2355.5,2326.5,2330.0,2271.706299,3211802
2017-06-08,2327.0,2333.5,2285.0,2285.0,2227.832275,3797686
2017-06-09,2312.5,2360.5,2304.409912,2326.0,2267.806396,4976686
2017-06-12,2313.5,2327.5,2303.5,2323.5,2265.368896,3584515
2017-06-13,2331.0,2331.5,2316.0,2324.0,2265.856445,2324514
2017-06-14,2313.5,2345.0,2308.0,2331.5,2273.168701,4433890
2017-06-15,2331.0,2336.0,2305.0,2329.0,2270.731445,4079537
2017-06-16,2334.0,2355.5,2325.0,2341.5,2282.918701,9833524
2017-06-19,2365.0,2378.0,2361.280029,2374.5,2315.093018,2195946
2017-06-20,2381.0,2413.5,2376.5,2390.0,2330.205078,782468
2017-06-21,2384.5,2385.5,2361.0,2374.5,2315.093018,447000
2017-06-22,2362.0,2364.72998,2329.830078,2336.0,2277.556152,1226414
2017-06-23,2325.0,2325.0,2300.5,2305.0,2247.331787,1391485
2017-06-26,2318.0,2335.5,2312.5,2324.310059,2266.158691,1694772
2017-06-27,2331.0,2341.0,2315.5,2330.77002,2272.457031,171832
2017-06-28,2327.5,2335.77002,2302.0,2311.5,2253.669189,981631
2017-06-29,2315.5,2318.840088,2275.5,2286.0,2228.807129,489078
2017-06-30,2286.0,2306.0,2267.5,2268.5,2211.7451170000004,733555
2017-07-03,2266.0,2275.0,2251.669922,2273.0,2216.132568,3417154
2017-07-04,2263.5,2268.830078,2260.0,2263.5,2206.8701170000004,2703438
2017-07-05,2260.0,2271.5,2252.5,2271.5,2214.669922,3436942
2017-07-06,2273.0,2285.0,2234.0,2249.5,2193.220215,3694964
2017-07-07,2259.0,2266.0,2236.5,2261.0,2204.432373,3391229
2017-07-10,2277.0,2289.0,2260.0,2284.0,2226.857178,3634639
2017-07-11,2278.5,2279.5,2247.0,2261.0,2204.432373,3103364
2017-07-12,2276.5,2312.5,2266.5,2301.0,2243.431885,4182138
2017-07-13,2309.0,2309.0,2286.0,2286.0,2228.807129,4212162
2017-07-14,2295.5,2301.5,2279.0,2285.0,2227.832275,3457261
2017-07-17,2291.0,2304.5,2280.550049,2293.0,2235.63208,2463668
2017-07-18,2290.0,2300.0,2279.5,2286.5,2229.294678,2852059
2017-07-19,2287.5,2299.0,2270.0,2289.5,2232.219482,2642046
2017-07-20,2293.5,2314.5,2283.5,2309.5,2251.7192379999997,3630847
2017-07-21,2299.5,2309.5,2281.830078,2285.5,2228.31958,3642529
2017-07-24,2282.5,2283.5,2241.0,2247.5,2191.2705079999996,6395235
2017-07-25,2247.0,2266.0,2241.0,2249.5,2193.220215,4547994
2017-07-26,2257.5,2290.5,2257.0,2272.5,2215.64502,3737564
2017-07-27,2386.0,2458.0,2363.0,2408.5,2348.2421879999997,12167223
2017-07-28,2450.0,2479.0,2415.0,2442.0,2380.904053,10610214
2017-07-31,2460.0,2466.5,2442.0,2448.5,2387.2416989999997,5919425
2017-08-01,2463.5,2463.5,2431.830078,2439.5,2378.466797,3652675
2017-08-02,2451.0,2451.0,2425.5,2435.5,2374.566895,3643303
2017-08-03,2438.5,2464.5,2428.0,2456.5,2395.041504,4379611
2017-08-04,2460.0,2503.0,2454.0,2503.0,2440.37793,4475126
2017-08-07,2520.5,2530.5,2510.5,2522.5,2459.3903809999997,4418145
2017-08-08,2522.5,2545.5,2521.0,2534.0,2470.602539,3129516
2017-08-09,2528.0,2538.5,2514.0,2533.5,2470.11499,5205568
2017-08-10,2502.0,2502.0,2458.5,2473.5,2448.829346,3511010
2017-08-11,2466.5,2483.5,2455.0,2474.0,2449.324463,3010386
2017-08-14,2479.5,2507.5,2472.0,2500.0,2475.065186,3655771
2017-08-15,2511.5,2548.0,2503.0,2536.0,2510.706055,3510066
2017-08-16,2547.0,2602.0,2542.5,2594.0,2568.127686,6751736
2017-08-17,2588.5,2604.0,2585.0,2585.5,2559.712402,4363059
2017-08-18,2565.0,2573.5,2538.8798829999996,2549.5,2524.071533,4346913
2017-08-21,2542.0,2575.0,2526.0,2561.0,2535.456787,2913269
2017-08-22,2578.0,2585.5,2567.0,2580.0,2554.267334,2782757
2017-08-23,2567.0,2589.0,2561.5,2578.5,2552.782227,3594170
2017-08-24,2586.5,2587.0,2566.669922,2569.5,2543.87207,3268002
2017-08-25,2566.5,2580.169922,2558.5,2568.0,2542.386963,2385764
2017-08-29,2568.0,2568.0,2527.0,2546.5,2521.101318,3698677
2017-08-30,2558.0,2569.0,2547.0,2557.5,2531.9916989999997,2998341
2017-08-31,2563.5,2592.5,2555.0,2592.0,2566.147461,4151636
2017-09-01,2610.5,2616.0,2587.959961,2589.0,2563.17749,2993219
2017-09-04,2572.0,2590.169922,2572.0,2582.5,2556.7421879999997,1782573
2017-09-05,2582.0,2600.5,2577.0,2577.5,2551.792236,2644556
2017-09-06,2569.5,2584.0,2558.0,2565.0,2539.416748,3521944
2017-09-07,2560.0,2585.26001,2552.0,2580.0,2554.267334,2978556
2017-09-08,2580.0,2594.5,2571.0,2593.5,2567.632568,2662193
2017-09-11,2599.5,2611.0,2578.0,2586.5,2560.702393,3319317
2017-09-12,2600.0,2600.5,2574.0,2580.5,2554.762207,4401184
2017-09-13,2549.0,2568.0,2535.0,2560.5,2534.96167,6286498
2017-09-14,2552.0,2571.5,2499.580078,2504.5,2479.520264,6009666
2017-09-15,2498.0,2547.669922,2477.5,2488.0,2463.184814,7697917
2017-09-18,2490.5,2547.669922,2484.25,2507.5,2482.490234,4022539
2017-09-19,2493.5,2511.0,2481.5,2496.0,2471.10498,7171147
2017-09-20,2469.5,2478.580078,2424.5,2426.5,2402.29834,7668024
2017-09-21,2426.5,2435.5,2408.0,2420.5,2396.358154,4004625
2017-09-22,2428.5,2442.929932,2416.5,2436.5,2412.198486,2838622
2017-09-25,2430.0,2449.5,2424.0,2436.5,2412.198486,2605959
2017-09-26,2432.0,2438.850098,2421.5,2428.5,2404.27832,3906927
2017-09-27,2418.0,2428.5,2404.5,2419.0,2394.873047,4059975
2017-09-28,2429.5,2446.5,2416.0,2440.5,2416.158691,3536828
2017-09-29,2442.5,2468.0,2435.0,2453.0,2428.533936,4744445
2017-10-02,2470.5,2487.5,2458.840088,2466.0,2441.404297,4318003
2017-10-03,2465.0,2482.0,2441.0,2478.5,2453.779541,3472090
2017-10-04,2474.0,2504.5,2474.0,2502.5,2477.540283,3802157
2017-10-05,2502.0,2530.0,2476.679932,2526.0,2500.805908,4341529
2017-10-06,2526.5,2539.0,2515.0,2535.0,2509.716064,3292698
2017-10-09,2534.5,2548.0,2528.5,2542.0,2516.64624,5167470
2017-10-10,2541.0,2567.0,2537.0,2555.5,2530.011475,3317426
2017-10-11,2559.0,2567.0,2551.0,2558.5,2532.981689,6058359
2017-10-12,2557.5,2573.5,2551.0,2569.0,2543.376953,3612791
2017-10-13,2559.5,2562.0,2540.5,2551.5,2526.051514,3463952
2017-10-16,2551.0,2552.0,2532.0,2541.5,2516.151123,2742012
2017-10-17,2551.0,2561.0,2538.5,2538.5,2513.181152,4406246
2017-10-18,2536.5,2572.350098,2536.5,2566.5,2540.901855,2646686
2017-10-19,2550.5,2577.5,2547.0,2571.0,2545.356934,4130570
2017-10-20,2565.0,2586.5,2563.0,2567.5,2541.891846,4320703
2017-10-23,2564.0,2583.830078,2558.0,2579.0,2553.2771,3980301
2017-10-24,2568.5,2583.5,2565.5,2565.5,2539.911865,4751726
2017-10-25,2555.0,2570.5,2533.0,2539.5,2514.171143,4578761
2017-10-26,2521.5,2567.5,2521.5,2565.0,2539.416748,3982724
2017-10-27,2580.0,2616.5,2577.5,2608.0,2581.988037,4487662
2017-10-30,2591.0,2594.5,2573.5,2587.5,2561.6923829999996,3603030
2017-10-31,2579.0,2593.5,2567.169922,2572.0,2546.346924,4865707
2017-11-01,2582.5,2589.5,2541.0,2544.5,2519.121338,7285200
2017-11-02,2534.0,2586.0,2533.5,2571.5,2545.8520510000003,4867972
2017-11-03,2582.0,2600.0,2574.179932,2594.0,2568.127686,2572422
2017-11-06,2587.0,2605.0,2584.0,2597.5,2571.592773,2618703
2017-11-07,2598.5,2605.0,2558.5,2561.5,2535.95166,3396698
2017-11-08,2567.0,2578.0,2551.830078,2570.5,2544.862061,3230830
2017-11-09,2568.5,2591.5,2563.5,2570.5,2544.862061,3458440
2017-11-10,2566.0,2578.0,2546.0,2559.5,2533.97168,2688391
2017-11-13,2571.5,2590.0,2564.0,2580.5,2554.762207,3473805
2017-11-14,2580.5,2598.0,2577.5,2585.5,2559.712402,2543574
2017-11-15,2573.0,2590.5,2556.0,2561.0,2535.456787,3934912
2017-11-16,2564.5,2586.5,2552.5,2579.0,2553.2771,2528972
2017-11-17,2574.5,2592.0,2567.5,2575.0,2549.317139,2911985
2017-11-20,2575.5,2603.5,2573.0,2589.0,2563.17749,1920286
2017-11-21,2590.0,2616.0,2581.0,2601.0,2575.057861,2911431
2017-11-22,2600.5,2617.0,2574.0,2581.5,2555.752197,3976624
2017-11-23,2572.0,2618.0,2570.5,2615.0,2588.918213,2791078
2017-11-24,2627.0,2654.5,2620.5,2622.5,2596.3432620000003,3909584
2017-11-27,2619.0,2635.5,2605.0,2606.5,2580.50293,3394068
2017-11-28,2594.5,2654.5,2594.5,2650.0,2623.569092,4436768
2017-11-29,2625.0,2632.5,2592.5,2593.5,2567.632568,5391187
2017-11-30,2588.0,2612.0,2564.5,2568.5,2542.881836,6162223
2017-12-01,2565.0,2580.5,2560.0,2565.0,2539.416748,5264517
2017-12-04,2582.0,2595.5,2573.5,2586.5,2560.702393,3840473
2017-12-05,2591.5,2623.0,2590.5,2606.5,2580.50293,3608305
2017-12-06,2596.5,2661.5,2589.0,2642.0,2615.6489260000003,5187297
2017-12-07,2659.0,2677.5,2624.0,2634.5,2608.2236329999996,6164405
2017-12-08,2626.5,2640.5,2599.5,2635.5,2609.213623,4438578
2017-12-11,2636.0,2649.5,2630.0,2640.5,2614.163818,4319394
2017-12-12,2637.0,2654.5,2622.0,2648.5,2622.083984,3888159
2017-12-13,2623.5,2649.0,2622.0,2641.550049,2615.2033690000003,6139801
2017-12-14,2623.5,2647.5,2623.5,2632.0,2605.748535,3686353
2017-12-15,2626.5,2655.0,2617.5,2655.0,2628.519287,7023699
2017-12-18,2658.5,2679.0,2651.0,2674.0,2647.32959,2643427
2017-12-19,2660.0,2679.5,2660.0,2667.5,2640.894531,2765452
2017-12-20,2666.5,2679.0,2656.0,2656.0,2629.509277,4215914
2017-12-21,2665.0,2691.5,2650.0,2684.5,2657.724854,3645483
2017-12-22,2672.5,2700.0,2672.5,2689.5,2662.675049,1545956
2017-12-27,2689.5,2691.5,2597.5,2685.5,2658.715088,3184206
2017-12-28,2701.5,2706.0,2688.0,2694.5,2667.6252440000003,2471847
2017-12-29,2687.5,2729.0,2675.5,2725.0,2697.821045,1880360
2018-01-02,2725.0,2735.5,2673.0,2678.0,2651.289795,4027854
2018-01-03,2674.0,2696.0,2646.5,2686.5,2659.705078,4115252
2018-01-04,2684.5,2693.5,2667.5,2674.0,2647.32959,4363838
2018-01-05,2675.0,2686.0,2667.0,2672.0,2645.349609,5269415
2018-01-08,2664.0,2679.5,2659.5,2667.5,2640.894531,4085906
2018-01-09,2666.5,2677.5,2658.5,2660.0,2633.4692379999997,4540690
2018-01-10,2655.0,2669.5,2633.0,2649.0,2622.579102,6007192
2018-01-11,2644.0,2669.0,2643.0,2660.5,2633.964355,5179494
2018-01-12,2651.0,2666.0,2640.5,2641.0,2614.658936,4454145
2018-01-15,2626.0,2635.5,2620.0,2620.0,2593.868164,17812451
2018-01-16,2622.0,2637.5,2595.5,2601.5,2575.552734,5887689
2018-01-17,2584.5,2622.0,2584.5,2618.0,2591.888184,3833071
2018-01-18,2630.0,2635.5,2598.5,2619.0,2592.878174,3912734
2018-01-19,2620.0,2635.5,2607.5,2621.5,2595.353271,4830910
2018-01-22,2612.0,2620.0,2588.0,2592.0,2566.147461,4316489
2018-01-23,2606.5,2623.0,2595.0,2604.0,2578.027832,4437137
2018-01-24,2590.0,2590.5,2542.5,2542.5,2517.141357,6877336
2018-01-25,2580.0,2600.0,2534.0,2537.0,2511.696045,6547271
2018-01-26,2550.5,2568.0,2537.0,2559.0,2533.4765629999997,6453312
2018-01-29,2537.0,2558.0,2511.0,2529.5,2504.270996,7867828
2018-01-30,2526.0,2541.5,2519.0,2527.0,2501.795898,5173765
2018-01-31,2536.5,2539.0,2524.0,2532.5,2507.240967,6336002
2018-02-01,2550.5,2558.0,2507.5,2520.0,2494.865723,4166601
2018-02-02,2508.5,2525.0,2507.0,2513.5,2488.43042,3735109
2018-02-05,2493.5,2502.5,2475.0,2475.0,2450.314453,6765201
2018-02-06,2411.0,2449.5,2379.0,2407.5,2383.487793,7660406
2018-02-07,2429.5,2480.5,2415.5,2466.5,2441.89917,6911624
2018-02-08,2446.0,2468.5,2436.0,2445.5,2421.108643,7343617
2018-02-09,2438.0,2470.0,2433.5,2437.5,2413.188477,6896488
2018-02-12,2452.0,2475.0,2436.0,2461.5,2436.949219,4764287
2018-02-13,2456.5,2479.5,2456.0,2462.5,2437.939209,5062160
2018-02-14,2473.0,2490.5,2466.5,2473.5,2448.829346,6792387
2018-02-15,2469.5,2479.5,2458.5,2475.5,2450.80957,4590824
2018-02-16,2484.5,2511.5,2479.0,2505.0,2480.0153809999997,4012542
2018-02-19,2499.5,2503.0,2485.5,2494.0,2469.125,3418508
2018-02-20,2499.5,2508.0,2484.0,2493.0,2468.13501,5328250
2018-02-21,2485.5,2502.0,2481.0,2496.5,2471.600098,4566747
2018-02-22,2455.5,2471.5,2447.0,2467.5,2467.5,4677715
2018-02-23,2470.5,2481.0,2456.5,2477.5,2477.5,4360862
2018-02-26,2486.5,2504.0,2476.0,2487.0,2487.0,4302134
2018-02-27,2489.0,2504.5,2476.5,2479.0,2479.0,5322396
2018-02-28,2468.5,2487.5,2457.0,2460.0,2460.0,7112977
2018-03-01,2460.0,2469.0,2423.0,2430.0,2430.0,6315736
2018-03-02,2425.0,2435.5,2377.5,2381.5,2381.5,7823852
2018-03-05,2387.5,2403.5,2379.5,2402.0,2402.0,4670584
2018-03-06,2418.5,2422.0,2388.5,2389.0,2389.0,3131977
2018-03-07,2374.5,2395.0,2374.0,2380.5,2380.5,3664824
2018-03-08,2368.0,2443.5,2365.5,2441.0,2441.0,4577710
2018-03-09,2441.5,2454.5,2434.5,2446.5,2446.5,2948129
