Date,Open,High,Low,Close,Adj Close,Volume
2015-01-02,1681.0,1695.0,1653.0,1683.0,1457.314087,833990
2015-01-05,1677.0,1731.0,1673.0,1703.0,1474.632202,2162274
2015-01-06,1707.0,1721.0,1671.0,1682.0,1456.44812,2153937
2015-01-07,1695.0,1702.5,1632.0,1644.0,1423.543945,2361086
2015-01-08,1656.0,1666.0,1607.0,1616.0,1399.298706,2044323
2015-01-09,1616.0,1640.0,1600.0,1630.0,1411.421265,1905450
2015-01-12,1635.0,1646.0,1612.5,1631.0,1412.2871089999999,1649697
2015-01-13,1627.0,1660.26001,1624.0,1656.0,1433.93457,1699251
2015-01-14,1646.0,1660.0,1607.0,1619.0,1401.89624,1298005
2015-01-15,1629.0,1650.0,1614.0,1645.0,1424.4099119999998,1430331
2015-01-16,1636.0,1642.0,1582.0,1600.0,1385.444092,2154175
2015-01-19,1598.0,1613.0,1594.0,1612.0,1395.834961,730081
2015-01-20,1620.0,1657.0,1611.449951,1654.0,1432.203125,1537661
2015-01-21,1658.0,1672.0,1630.0,1647.0,1426.141602,2048160
2015-01-22,1632.0,1720.0,1631.0,1710.0,1480.693481,2872686
2015-01-23,1718.0,1743.0,1697.0,1735.0,1502.341064,1922791
2015-01-26,1736.0,1781.0,1728.0,1756.0,1520.525024,2706210
2015-01-27,1810.0,1839.0,1767.0,1789.0,1549.0998539999998,4691138
2015-01-28,1795.0,1798.280029,1741.0,1767.0,1530.049927,1735730
2015-01-29,1802.0,1883.25,1787.0,1876.0,1624.43335,3226315
2015-01-30,1929.0,1929.0,1856.0,1862.0,1612.310669,2165804
2015-02-02,1855.0,1855.0,1725.0,1742.0,1508.4023439999999,3684900
2015-02-03,1744.0,1766.0,1717.0,1731.0,1498.877319,2036956
2015-02-04,1732.0,1782.75,1703.0,1778.0,1539.574829,2454114
2015-02-05,1760.0,1780.0,1714.689941,1726.0,1494.547974,1994555
2015-02-06,1722.0,1726.839966,1691.0,1700.0,1472.034546,2131311
2015-02-09,1696.0,1696.0,1662.0,1675.0,1450.3869630000002,908501
2015-02-10,1672.0,1740.0,1662.0,1738.0,1504.938721,1991175
2015-02-11,1740.0,1777.0,1731.0,1765.0,1528.318115,1656734
2015-02-12,1743.0,1770.0,1725.0,1742.0,1508.4023439999999,2235488
2015-02-13,1742.0,1746.5999760000002,1694.300049,1707.0,1478.095703,1804032
2015-02-16,1712.0,1740.359985,1700.0,1736.0,1503.2070310000001,1281467
2015-02-17,1730.0,1768.0,1728.0,1757.0,1521.3907470000001,1859797
2015-02-18,1757.0,1769.0,1740.0,1748.0,1513.5977779999998,1615713
2015-02-19,1748.0,1785.0,1740.0,1785.0,1545.636108,1954773
2015-02-20,1778.0,1781.0,1734.0,1752.0,1517.061401,1555357
2015-02-23,1759.0,1803.0,1752.199951,1798.0,1556.892944,1692363
2015-02-24,1807.0,1810.0,1782.280029,1798.0,1556.892944,1634005
2015-02-25,1804.0,1830.0,1794.0,1813.0,1569.88147,1263876
2015-02-26,1755.0,1771.4000239999998,1719.0,1732.0,1538.26355,2015341
2015-02-27,1742.0,1757.0,1710.0,1732.0,1538.26355,1258012
2015-03-02,1728.0,1737.0,1717.719971,1723.0,1530.270142,955214
2015-03-03,1730.0,1733.930054,1701.0,1701.0,1510.731079,1167183
2015-03-04,1710.0,1738.0,1700.0,1738.0,1543.592407,1595083
2015-03-05,1740.0,1744.0,1712.0,1722.0,1529.38208,1293975
2015-03-06,1720.0,1727.4000239999998,1678.0,1680.0,1492.079956,1873394
2015-03-09,1672.0,1708.0,1646.0,1702.0,1511.6191410000001,1383277
2015-03-10,1700.0,1740.660034,1700.0,1713.0,1521.388794,1760837
2015-03-11,1720.0,1737.0,1713.0,1737.0,1542.704346,1510430
2015-03-12,1740.0,1741.0,1710.890015,1732.0,1538.26355,1854801
2015-03-13,1740.0,1741.0,1722.0,1731.0,1537.3754880000001,914689
2015-03-16,1730.0,1736.160034,1720.0,1734.0,1540.039917,1054571
2015-03-17,1753.0,1796.0,1745.0,1792.0,1591.5522460000002,1700529
2015-03-18,1805.0,1838.0,1789.0,1830.0,1625.301636,2022673
2015-03-19,1825.0,1864.0,1817.0,1855.0,1647.505127,1849836
2015-03-20,1856.0,1870.930054,1836.4000239999998,1870.0,1660.827271,2243344
2015-03-23,1866.0,1871.0,1840.0,1868.0,1659.051025,1130577
2015-03-24,1865.0,1887.0,1839.0,1884.0,1673.26123,2108773
2015-03-25,1880.0,1904.0,1866.0,1890.0,1678.590088,2456715
2015-03-26,1864.0,1877.0999760000002,1789.719971,1837.0,1631.518555,2571159
2015-03-27,1880.0,1891.0,1848.0,1858.0,1650.169556,1439396
2015-03-30,1876.0,1886.0,1845.0,1867.0,1658.162842,1636507
2015-03-31,1863.0,1890.0,1848.5999760000002,1882.0,1671.484985,1660395
2015-04-01,1882.0,1891.9000239999998,1861.0,1872.0,1662.6035160000001,1432868
2015-04-02,1861.0,1861.0,1832.4000239999998,1844.0,1637.735474,996131
2015-04-07,1844.0,1850.0,1821.0,1846.0,1639.511841,1338525
2015-04-08,1854.0,1870.5999760000002,1840.4000239999998,1858.0,1650.169556,2743744
2015-04-09,1867.0,1901.0,1867.0,1885.0,1674.149292,855082
2015-04-10,1885.0,1916.0,1875.0,1915.0,1700.793701,1199483
2015-04-13,1907.0,1910.0,1872.0,1892.0,1680.366455,832520
2015-04-14,1886.0,1901.0,1864.0,1871.0,1661.715454,1276259
2015-04-15,1872.0,1875.0,1838.0,1844.0,1637.735474,964674
2015-04-16,1841.0,1848.0,1822.869995,1840.0,1634.182983,1404740
2015-04-17,1836.0,1851.0,1816.0,1823.0,1619.0844730000001,1074190
2015-04-20,1827.0,1836.0,1805.0,1814.0,1611.091309,1559442
2015-04-21,1826.0,1863.0,1822.0,1856.0,1648.393188,1612141
2015-04-22,1867.0,1879.0,1840.0,1848.0,1641.288208,953009
2015-04-23,1847.0,1860.0,1825.0,1825.0,1620.86084,1449687
2015-04-24,1827.0,1849.0,1820.0,1840.0,1634.182983,1098260
2015-04-27,1836.0,1853.0,1817.0,1844.0,1637.735474,1228633
2015-04-28,1858.0,1858.380005,1807.0,1828.0,1623.525269,730090
2015-04-29,1834.0,1848.0,1814.0,1817.0,1613.755737,990330
2015-04-30,1817.0,1817.0,1784.0,1813.0,1610.203125,1252703
2015-05-01,1809.0,1816.030029,1791.0,1801.0,1599.54541,581152
2015-05-05,1801.0,1820.0,1778.660034,1779.0,1580.006226,1116694
2015-05-06,1770.0,1785.0,1747.0,1773.0,1574.677368,1231624
2015-05-07,1769.0,1832.0,1756.0,1821.0,1617.30835,2088501
2015-05-08,1860.0,1877.0,1841.7399899999998,1860.0,1651.945801,1463842
2015-05-11,1865.0,1886.7399899999998,1833.0,1833.0,1627.966064,2247165
2015-05-12,1730.0,1790.0,1638.0,1654.0,1468.9884029999998,9272227
2015-05-13,1654.0,1689.199951,1638.640015,1653.0,1468.10022,4729480
2015-05-14,1655.0,1697.280029,1637.0,1690.0,1500.961548,2378228
2015-05-15,1698.0,1714.719971,1692.589966,1700.0,1509.842896,1919737
2015-05-18,1707.0,1707.0,1678.0,1678.0,1490.303833,1990219
2015-05-19,1690.0,1701.290039,1669.0,1674.0,1486.751099,1700946
2015-05-20,1671.0,1680.0,1643.0,1649.0,1464.547607,2644152
2015-05-21,1644.0,1648.0,1603.0,1610.0,1429.9101560000001,2906803
2015-05-22,1614.0,1617.0,1589.0,1591.0,1413.0354,3066301
2015-05-26,1591.0,1639.0,1591.0,1616.0,1435.239014,3442039
2015-05-27,1616.0,1665.0,1616.0,1654.0,1468.9884029999998,3176736
2015-05-28,1658.0,1658.339966,1617.0,1624.0,1442.3439939999998,2294972
2015-05-29,1621.0,1639.0,1605.0,1609.0,1429.0219730000001,2010005
2015-06-01,1611.0,1631.0,1605.0,1613.0,1432.574585,1333813
2015-06-02,1614.0,1626.0,1581.0,1583.0,1405.930176,2660723
2015-06-03,1580.0,1617.0,1574.0,1582.0,1405.042114,2567729
2015-06-04,1614.0,1617.0,1584.219971,1592.0,1413.923462,2630355
2015-06-05,1592.0,1599.459961,1576.0,1589.0,1411.259033,1708322
2015-06-08,1595.0,1600.0,1566.0,1572.0,1396.160767,1465767
2015-06-09,1571.0,1581.0,1558.0,1563.0,1388.167358,1674249
2015-06-10,1580.0,1594.26001,1555.0,1590.0,1412.147217,1973283
2015-06-11,1588.0,1605.0,1569.0,1576.0,1399.713257,1480173
2015-06-12,1568.0,1592.0,1565.0,1586.0,1408.594604,1264664
2015-06-15,1562.0,1566.0,1539.0,1550.0,1376.621582,2113799
2015-06-16,1544.0,1550.339966,1521.0,1548.0,1374.845215,1815430
2015-06-17,1548.0,1553.0,1537.0,1545.0,1372.180786,1127043
2015-06-18,1538.0,1565.0,1524.0,1558.0,1383.7266849999999,1682742
2015-06-19,1568.0,1588.0,1560.0,1581.0,1404.154053,1645976
2015-06-22,1605.0,1608.150024,1577.0,1585.0,1407.706543,1932587
2015-06-23,1595.0,1614.0,1580.0,1603.0,1423.693115,1632327
2015-06-24,1604.0,1614.119995,1599.0,1607.0,1427.2457279999999,1565121
2015-06-25,1604.0,1611.0,1591.0,1596.0,1417.476074,1342687
2015-06-26,1588.0,1594.079956,1576.0,1577.0,1400.601318,1073635
2015-06-29,1557.0,1560.0,1522.0,1544.0,1371.292725,2222167
2015-06-30,1540.0,1567.0,1538.0,1546.0,1373.06897,1391030
2015-07-01,1562.0,1608.369995,1562.0,1583.0,1405.930176,1562405
2015-07-02,1581.0,1593.0,1566.0,1589.0,1411.259033,1185910
2015-07-03,1586.0,1605.099976,1578.0,1580.0,1403.2657470000001,908715
2015-07-06,1562.0,1589.0,1553.579956,1576.0,1399.713257,1181378
2015-07-07,1583.0,1610.26001,1580.0,1590.0,1412.147217,1675193
2015-07-08,1590.0,1599.26001,1569.630005,1571.0,1395.272461,1207308
2015-07-09,1573.0,1650.0,1571.0,1633.0,1450.33728,2683603
2015-07-10,1655.0,1679.189941,1643.439941,1673.0,1485.8630369999998,1503735
2015-07-13,1685.0,1697.0,1675.0,1678.0,1490.303833,1385211
2015-07-14,1680.0,1684.0,1650.73999,1665.0,1478.7579349999999,1160548
2015-07-15,1671.0,1674.0,1646.369995,1660.0,1474.317261,1064270
2015-07-16,1663.0,1678.0,1655.0,1668.0,1481.4223630000001,1337282
2015-07-17,1673.0,1702.0,1667.0,1698.0,1508.06665,2047977
2015-07-20,1699.0,1729.0,1691.5799559999998,1721.0,1528.4938960000002,1556887
2015-07-21,1720.0,1726.0,1666.0,1666.0,1479.646118,1381336
2015-07-22,1710.0,1750.0,1675.0,1748.0,1552.473877,4845493
2015-07-23,1767.0,1769.0,1740.0,1751.0,1555.138306,1313410
2015-07-24,1744.0,1765.0,1724.0,1725.0,1532.046509,1129677
2015-07-27,1716.0,1725.0,1670.0,1673.0,1485.8630369999998,1592557
2015-07-28,1681.0,1701.0,1673.0,1678.0,1490.303833,1788583
2015-07-29,1683.0,1688.0,1672.0,1683.0,1494.744385,1294039
2015-07-30,1691.0,1701.0,1635.0,1644.0,1460.106934,1683827
2015-07-31,1653.0,1663.780029,1637.0,1644.0,1460.106934,1199221
2015-08-03,1639.0,1672.0,1634.0,1668.0,1481.4223630000001,962576
2015-08-04,1673.0,1674.26001,1647.0,1671.0,1484.086792,1565305
2015-08-05,1669.0,1709.0,1669.0,1708.0,1516.947998,1559681
2015-08-06,1710.0,1725.0,1707.0,1715.0,1523.165039,1268957
2015-08-07,1715.0,1718.0,1701.0,1705.0,1514.283569,1075442
2015-08-10,1714.0,1716.640015,1689.660034,1702.0,1511.6191410000001,835046
2015-08-11,1697.0,1701.930054,1683.0,1689.0,1500.073364,817680
2015-08-12,1681.0,1691.0999760000002,1645.98999,1661.0,1475.205322,1257623
2015-08-13,1679.0,1705.319946,1673.0,1687.0,1498.2971189999998,1067600
2015-08-14,1691.0,1712.0,1682.0,1709.0,1517.836182,882520
2015-08-17,1715.0,1729.0,1707.0,1725.0,1532.046509,869888
2015-08-18,1730.0,1749.859985,1716.0,1745.0,1549.809448,1043230
2015-08-19,1738.0,1738.0,1692.719971,1698.0,1508.06665,925285
2015-08-20,1690.0,1712.0,1690.0,1702.0,1511.6191410000001,1149229
2015-08-21,1679.0,1682.0,1624.0,1624.0,1442.3439939999998,1221288
2015-08-24,1588.0,1620.0,1563.0,1607.0,1427.2457279999999,2767483
2015-08-25,1629.0,1684.0,1613.819946,1675.0,1487.639404,1856548
2015-08-26,1656.0,1699.0,1634.0,1677.0,1489.4155269999999,2285159
2015-08-27,1712.0,1719.0,1692.0,1705.0,1514.283569,1033458
2015-08-28,1704.0,1706.0,1667.0,1683.0,1494.744385,985146
2015-09-01,1683.0,1683.0,1628.459961,1654.0,1468.9884029999998,1716416
2015-09-02,1662.0,1682.0,1647.0,1672.0,1484.974976,1500060
2015-09-03,1769.0,1793.0,1753.0,1762.0,1564.907837,4237726
2015-09-04,1751.0,1774.339966,1741.0,1747.0,1551.585693,2612177
2015-09-07,1765.0,1772.0,1735.0,1763.0,1565.796021,1199700
2015-09-08,1766.0,1799.0,1765.0,1793.0,1592.440308,1479670
2015-09-09,1845.0,1846.280029,1755.6700440000002,1780.0,1580.8945310000001,2347254
2015-09-10,1773.0,1779.0,1757.0,1760.0,1563.131592,2044815
2015-09-11,1760.0,1765.0,1737.0,1760.0,1563.131592,1130276
2015-09-14,1762.0,1782.0,1750.0,1758.0,1561.3553470000002,1196207
2015-09-15,1760.0,1769.0,1747.0,1755.0,1558.690918,845269
2015-09-16,1761.0,1779.0,1756.0,1761.0,1564.019775,913631
2015-09-17,1761.0,1772.0,1743.0,1756.0,1559.578979,731533
2015-09-18,1756.0,1761.0,1734.0,1743.0,1548.033203,1311157
2015-09-21,1740.0,1759.0,1725.0,1749.0,1553.362061,881512
2015-09-22,1752.0,1753.0,1698.3299559999998,1700.0,1509.842896,1107478
2015-09-23,1700.0,1765.0,1697.680054,1759.0,1562.243408,1052954
2015-09-24,1760.0,1798.0,1744.0,1756.0,1559.578979,1759284
2015-09-25,1786.0,1801.339966,1775.0,1796.0,1595.104736,1129409
2015-09-28,1791.0,1804.0,1763.0,1771.0,1572.901123,1421595
2015-09-29,1755.0,1766.8299559999998,1739.660034,1744.0,1548.921265,1031296
2015-09-30,1774.0,1787.0,1765.0,1777.0,1578.2301029999999,959161
2015-10-01,1795.0,1807.0,1761.0,1765.0,1567.5722660000001,1497163
2015-10-02,1778.0,1790.0,1742.0,1748.0,1552.473877,976226
2015-10-05,1770.0,1808.0,1762.280029,1808.0,1605.762451,1139177
2015-10-06,1820.0,1820.0,1760.0,1760.0,1563.131592,1553056
2015-10-07,1728.0,1749.1500239999998,1655.0,1672.0,1484.974976,3726756
2015-10-08,1675.0,1711.0,1675.0,1704.0,1513.395508,1397161
2015-10-09,1710.0,1714.0,1673.0,1695.0,1505.4022220000002,1309885
2015-10-12,1690.0,1711.0,1679.0,1705.0,1514.283569,875339
2015-10-13,1711.0,1748.0,1709.9899899999998,1723.0,1530.270142,745690
2015-10-14,1712.0,1736.0,1703.0,1704.0,1513.395508,958333
2015-10-15,1712.0,1725.0,1697.0,1721.0,1528.4938960000002,1301190
2015-10-16,1724.0,1736.0,1715.0,1723.0,1530.270142,1386094
2015-10-19,1715.0,1747.0,1713.0,1747.0,1551.585693,588386
2015-10-20,1751.0,1756.75,1717.0,1731.0,1537.3754880000001,1230065
2015-10-21,1735.0,1746.0,1713.0,1726.0,1532.934692,885701
2015-10-22,1726.0,1727.9200440000002,1696.630005,1720.0,1527.6057130000002,686112
2015-10-23,1730.0,1797.0,1717.0,1766.0,1568.460449,1358039
2015-10-26,1766.0,1790.890015,1759.0,1775.0,1576.453735,694264
2015-10-27,1771.0,1793.0,1765.0,1782.0,1582.670654,718426
2015-10-28,1795.0,1800.0,1763.0,1770.0,1572.012939,842984
2015-10-29,1770.0,1794.0,1728.0,1746.0,1550.697632,1575767
2015-10-30,1749.0,1758.5,1729.0,1750.0,1554.2501220000001,1021580
2015-11-02,1710.0,1726.0,1685.0,1713.0,1521.388794,1996067
2015-11-03,1711.0,1731.0,1702.0,1723.0,1530.270142,1300690
2015-11-04,1737.0,1748.540039,1720.0,1732.0,1538.26355,1045880
2015-11-05,1734.0,1787.0,1723.0,1772.0,1573.789307,1769453
2015-11-06,1780.0,1806.0,1774.0,1798.0,1596.880981,1627807
2015-11-09,1806.0,1809.0,1763.0,1784.0,1584.4470210000002,1094012
2015-11-10,1789.0,1792.0,1765.0,1781.0,1581.782593,773282
2015-11-11,1787.0,1808.0,1779.0,1802.0,1600.4335939999999,951348
2015-11-12,1801.0,1804.0,1766.0,1781.0,1581.782593,731967
2015-11-13,1773.0,1809.0,1771.0,1790.0,1589.7758789999998,1082672
2015-11-16,1755.0,1794.0,1728.0,1783.0,1583.55896,2581968
2015-11-17,1721.0,1754.0,1684.0,1710.0,1518.724365,4237402
2015-11-18,1704.0,1710.0,1670.880005,1694.0,1504.514038,2774247
2015-11-19,1692.0,1733.0,1692.0,1714.0,1522.276855,1276567
2015-11-20,1687.0,1699.0,1641.300049,1685.0,1496.520752,2332505
2015-11-23,1681.0,1687.0,1645.0,1646.0,1461.883179,1749806
2015-11-24,1643.0,1643.0,1557.0,1594.0,1415.699829,3723340
2015-11-25,1597.0,1615.0,1582.0,1604.0,1424.581177,1335013
2015-11-26,1602.0,1635.0,1599.0,1627.0,1445.008423,1012689
2015-11-27,1620.0,1656.0,1612.0,1632.0,1449.4492189999999,1243512
2015-11-30,1641.0,1666.550049,1631.0,1653.0,1468.10022,1887243
2015-12-01,1655.0,1669.0,1630.0,1646.0,1461.883179,1193913
2015-12-02,1646.0,1681.0,1646.0,1663.0,1476.981689,1093591
2015-12-03,1667.0,1679.0,1619.0,1630.0,1447.672852,1515770
2015-12-04,1630.0,1686.0,1609.0,1675.0,1487.639404,1789353
2015-12-07,1680.0,1730.0,1679.3499760000002,1705.0,1514.283569,1657138
2015-12-08,1707.0,1728.0,1690.0,1691.0,1501.8496089999999,1329420
2015-12-09,1690.0,1705.0,1667.0,1685.0,1496.520752,1259019
2015-12-10,1687.0,1719.0,1683.0,1699.0,1508.954834,2094449
2015-12-11,1699.0,1703.359985,1658.0,1658.0,1472.540894,1196819
2015-12-14,1658.0,1688.0,1649.0,1649.0,1464.547607,1099841
2015-12-15,1657.0,1697.0,1648.0,1696.0,1506.290405,1077433
2015-12-16,1700.0,1724.0,1692.0,1713.0,1521.388794,886438
2015-12-17,1725.0,1746.0,1701.969971,1715.0,1523.165039,1248740
2015-12-18,1710.0,1715.0,1673.0,1686.0,1497.408813,1744343
2015-12-21,1687.0,1721.359985,1684.0799559999998,1707.0,1516.059937,939760
2015-12-22,1720.0,1723.0,1692.0,1710.0,1518.724365,653311
2015-12-23,1720.0,1728.359985,1697.0,1724.0,1531.158325,1247071
2015-12-24,1732.0,1732.0,1710.0,1721.0,1528.4938960000002,108571
2015-12-29,1721.0,1771.0,1721.0,1759.0,1562.243408,802880
2015-12-30,1769.0,1769.0,1741.0,1744.0,1548.921265,602722
2015-12-31,1743.0,1749.0,1734.0,1740.0,1545.368774,198827
2016-01-04,1740.0,1763.359985,1715.0,1737.0,1542.704346,1311801
2016-01-05,1745.0,1767.0,1743.0,1762.0,1564.907837,808658
2016-01-06,1764.0,1766.339966,1743.0,1758.0,1561.3553470000002,1027079
2016-01-07,1721.0,1727.560059,1663.680054,1669.0,1482.310547,2484108
2016-01-08,1678.0,1734.0,1678.0,1713.0,1521.388794,1736887
2016-01-11,1715.0,1721.359985,1691.680054,1718.0,1525.829468,1210247
2016-01-12,1721.0,1745.0,1705.0,1720.0,1527.6057130000002,1552285
2016-01-13,1735.0,1735.5,1686.0,1690.0,1500.961548,1346116
2016-01-14,1672.0,1672.0,1601.73999,1642.0,1458.330566,2313395
2016-01-15,1644.0,1657.0,1593.0,1612.0,1431.686279,1327489
2016-01-18,1605.0,1632.0,1585.300049,1601.0,1421.916748,945672
2016-01-19,1619.0,1647.680054,1619.0,1632.0,1449.4492189999999,851270
2016-01-20,1604.0,1628.0,1586.0,1621.0,1439.6795650000001,1604924
2016-01-21,1630.0,1646.0,1610.0,1630.0,1447.672852,1459402
2016-01-22,1650.0,1653.0,1622.0,1640.0,1456.554443,1788264
2016-01-25,1651.0,1668.0,1620.0,1631.0,1448.561157,1496412
2016-01-26,1582.0,1634.0,1561.0,1579.0,1402.377686,4341358
2016-01-27,1594.0,1605.0,1561.0,1573.0,1397.048828,2878741
2016-01-28,1564.0,1573.0,1506.0,1526.0,1355.3061519999999,2691646
2016-01-29,1548.0,1564.0,1513.0,1548.0,1374.845215,2436354
2016-02-01,1552.0,1601.0,1541.0,1601.0,1421.916748,2062080
2016-02-02,1599.0,1607.0,1574.0,1587.0,1409.482788,1658759
2016-02-03,1587.0,1594.0,1543.0,1551.0,1377.509644,1793874
2016-02-04,1570.0,1572.0,1513.0,1532.0,1360.63501,1553120
2016-02-05,1535.0,1578.0,1521.0,1521.0,1350.865356,1962860
2016-02-08,1530.0,1536.0,1466.0,1469.0,1304.681885,2671442
2016-02-09,1468.0,1513.0,1464.0,1502.0,1333.9907230000001,2879711
2016-02-10,1515.0,1537.0,1491.0,1514.0,1344.6484380000002,1333941
2016-02-11,1500.0,1512.5,1458.0,1462.0,1298.464966,1475126
2016-02-12,1472.0,1492.0,1462.0,1486.0,1319.780396,1752831
2016-02-15,1506.0,1524.0,1502.0,1508.0,1339.31958,1112906
2016-02-16,1512.0,1538.0,1507.0,1538.0,1365.963867,1272909
2016-02-17,1540.0,1564.0,1528.0,1555.0,1381.0622560000002,1559723
2016-02-18,1567.0,1582.0,1551.0,1562.0,1387.279175,2222799
2016-02-19,1564.0,1568.0,1532.0,1553.0,1379.285889,1490072
2016-02-22,1566.0,1582.0,1539.0,1545.0,1372.180786,777098
2016-02-23,1534.0,1542.0,1516.0,1522.0,1351.75354,1958733
2016-02-24,1519.0,1527.839966,1499.0,1514.0,1344.6484380000002,1204055
2016-02-25,1477.0,1500.0,1467.0,1495.0,1378.0157470000001,2433473
2016-02-26,1506.0,1511.0,1473.0,1494.0,1377.0938720000001,2035227
2016-02-29,1477.0,1512.0,1476.0,1506.0,1388.154907,1497810
2016-03-01,1510.0,1549.0,1503.0,1543.0,1422.259644,1786277
2016-03-02,1552.0,1557.699951,1506.0,1510.0,1391.841919,1318674
2016-03-03,1514.0,1519.630005,1478.0,1485.0,1368.798096,1417645
2016-03-04,1492.0,1557.0,1485.0,1552.0,1430.55542,2011150
2016-03-07,1546.0,1546.0,1524.0,1533.0,1413.042236,1004614
2016-03-08,1524.0,1543.0,1507.0,1536.0,1415.807373,1229297
2016-03-09,1545.0,1557.0,1527.0,1533.0,1413.042236,1382359
2016-03-10,1529.0,1536.0,1494.0,1494.0,1377.0938720000001,3209488
2016-03-11,1509.0,1522.0,1493.0,1521.0,1401.981201,1320647
2016-03-14,1525.0,1553.280029,1521.390015,1544.0,1423.1813960000002,1439229
2016-03-15,1549.0,1552.0,1497.0,1507.0,1389.07666,1587307
2016-03-16,1514.0,1527.0,1510.0,1516.0,1397.372437,899086
2016-03-17,1520.0,1521.0,1477.0,1485.0,1368.798096,1786787
2016-03-18,1481.0,1522.0,1469.0,1514.0,1395.528931,1981295
2016-03-21,1508.0,1514.0,1494.0,1501.0,1383.546265,786881
2016-03-22,1440.0,1504.0,1415.0,1504.0,1386.311401,2758596
2016-03-23,1506.0,1528.0,1506.0,1515.0,1396.450684,1099455
2016-03-24,1510.0,1514.0,1491.0,1501.0,1383.546265,865266
2016-03-29,1501.0,1578.0,1501.0,1525.0,1405.6682130000002,1971830
2016-03-30,1533.0,1541.0,1507.0,1520.0,1401.059448,1465896
2016-03-31,1520.0,1531.0,1515.0,1519.0,1400.137695,2288194
2016-04-01,1512.0,1528.0,1505.0,1528.0,1408.43335,1275647
2016-04-04,1530.0,1547.0,1520.310059,1528.0,1408.43335,860953
2016-04-05,1545.0,1548.050049,1508.0,1522.0,1402.902954,1596464
2016-04-06,1515.0,1520.0,1470.699951,1476.0,1360.502441,2829762
2016-04-07,1481.0,1482.25,1449.0,1451.0,1337.458618,2331467
2016-04-08,1459.0,1464.0,1440.0,1454.0,1340.223999,1687554
2016-04-11,1454.0,1465.0,1442.0,1456.0,1342.067505,1128065
2016-04-12,1454.0,1460.0,1438.420044,1455.0,1341.14563,960026
2016-04-13,1467.0,1484.0,1452.0,1472.0,1356.81543,1174354
2016-04-14,1478.0,1490.0,1471.0,1477.0,1361.424072,961581
2016-04-15,1478.0,1492.27002,1444.140015,1447.0,1333.771606,2135932
2016-04-18,1443.0,1485.0,1439.949951,1457.0,1342.989136,1227280
2016-04-19,1460.0,1477.0,1454.0,1467.0,1352.206665,1091763
2016-04-20,1467.0,1482.400024,1463.0,1473.0,1357.737183,931164
2016-04-21,1474.0,1476.0,1436.0,1447.0,1333.771606,1216760
2016-04-22,1442.0,1449.170044,1429.0,1447.0,1333.771606,1380800
2016-04-25,1449.0,1452.359985,1439.719971,1445.0,1331.9282230000001,925340
2016-04-26,1446.0,1465.0,1437.0,1461.0,1346.6761470000001,1231350
2016-04-27,1460.0,1519.0,1456.569946,1513.0,1394.607178,2231087
2016-04-28,1501.0,1515.0,1487.0,1515.0,1396.450684,1872883
2016-04-29,1498.0,1500.0,1472.560059,1473.0,1357.737183,1821902
2016-05-03,1473.0,1479.0,1433.0,1435.0,1322.710693,2350170
2016-05-04,1430.0,1451.0,1429.0,1440.0,1327.319458,1439451
2016-05-05,1449.0,1450.0,1431.0,1440.0,1327.319458,896770
2016-05-06,1435.0,1435.0,1413.650024,1416.0,1305.19751,1681639
2016-05-09,1445.0,1470.219971,1444.0,1470.0,1354.971924,2031047
2016-05-10,1490.0,1527.0,1448.150024,1510.0,1391.841919,3819365
2016-05-11,1502.0,1513.0,1480.0,1486.0,1369.719971,1501400
2016-05-12,1480.0,1495.0,1455.0,1457.0,1342.989136,2249795
2016-05-13,1452.0,1465.0,1429.0,1433.0,1320.8671880000002,1557506
2016-05-16,1432.0,1444.0,1417.0,1441.0,1328.241211,1144388
2016-05-17,1446.0,1448.0,1427.0,1437.0,1324.554199,1664941
2016-05-18,1431.0,1492.23999,1430.0,1487.0,1370.641602,1706012
2016-05-19,1464.0,1480.0,1452.0,1461.0,1346.6761470000001,1507131
2016-05-20,1475.0,1487.0,1456.0,1470.0,1354.971924,1767362
2016-05-23,1474.0,1500.359985,1464.0,1498.0,1380.780884,1346715
2016-05-24,1491.0,1520.0,1479.390015,1518.0,1399.215942,2038595
2016-05-25,1527.0,1566.0,1520.0,1556.0,1434.2423099999999,3007388
2016-05-26,1560.0,1563.709961,1526.310059,1532.0,1412.120361,1240896
2016-05-27,1534.0,1552.0,1513.0,1552.0,1430.55542,1391261
2016-05-31,1552.0,1557.0,1524.0,1533.0,1413.042236,4619751
2016-06-01,1536.0,1541.0,1504.0,1508.0,1389.998413,1157645
2016-06-02,1519.0,1526.0,1512.0,1514.0,1395.528931,1239828
2016-06-03,1521.0,1532.0,1507.0,1524.0,1404.7463380000002,1107376
2016-06-06,1535.0,1535.0,1496.0,1508.0,1389.998413,1121111
2016-06-07,1510.0,1532.0,1496.0,1521.0,1401.981201,1099398
2016-06-08,1516.0,1518.0,1484.670044,1490.0,1373.406982,1057519
2016-06-09,1490.0,1500.0,1480.660034,1488.0,1371.563477,1626393
2016-06-10,1477.0,1481.699951,1430.0,1435.0,1322.710693,1813495
2016-06-13,1421.0,1435.0,1413.0,1423.0,1311.649658,1448165
2016-06-14,1415.0,1426.0,1395.0,1395.0,1285.840698,1587955
2016-06-15,1406.0,1420.339966,1395.0,1406.0,1295.97998,1665566
2016-06-16,1394.0,1396.959961,1376.0,1395.0,1285.840698,1923917
2016-06-17,1404.0,1446.0,1399.0,1441.0,1328.241211,2761218
2016-06-20,1477.0,1526.0,1477.0,1522.0,1402.902954,1712029
2016-06-21,1528.0,1537.0,1511.0,1520.0,1401.059448,1620718
2016-06-22,1525.0,1536.0,1508.0,1517.0,1398.294189,1326687
2016-06-23,1531.0,1544.0,1509.0,1533.0,1413.042236,1619412
2016-06-24,1250.0,1332.0,1167.0,1313.0,1210.257324,7874592
2016-06-27,1200.0,1222.0,990.0,1020.0,940.1846310000001,11093383
2016-06-28,1047.0,1089.0,1041.0,1069.0,985.350281,6719750
2016-06-29,1115.0,1115.0,1051.0,1087.0,1001.941772,4171858
2016-06-30,1085.0,1095.0,1051.0,1086.0,1001.020081,3364998
2016-07-01,1101.0,1120.0,1087.0,1092.0,1006.550598,3428876
2016-07-04,1100.0,1103.0,1078.0,1081.0,996.4113769999999,2068737
2016-07-05,1082.0,1095.0,1054.0,1056.0,973.3675539999999,2577652
2016-07-06,1050.0,1052.0,999.679993,1018.0,938.341125,3024424
2016-07-07,1023.0,1057.0,1016.0,1048.0,965.993591,2388089
2016-07-08,1051.0,1075.319946,1040.0,1070.0,986.272034,1695965
2016-07-11,1086.0,1106.0,1069.0,1095.0,1009.3157960000001,3404371
2016-07-12,1090.0,1149.0,1090.0,1142.0,1052.638062,2470301
2016-07-13,1145.0,1154.0,1118.5,1120.0,1032.3596189999998,2034688
2016-07-14,1136.0,1178.0,1125.0,1171.0,1079.368774,2916744
2016-07-15,1162.0,1166.0,1121.0,1140.0,1050.794556,3827006
2016-07-18,1144.0,1163.699951,1125.0,1138.0,1048.95105,2592966
2016-07-19,1139.0,1144.0,1102.849976,1116.0,1028.672607,2396295
2016-07-20,1110.0,1133.0,1102.0,1127.0,1038.81189,2708995
2016-07-21,1080.0,1098.939941,1041.0,1067.0,983.5068359999999,6568668
2016-07-22,1061.0,1066.810059,1020.0,1027.0,946.636841,3585621
2016-07-25,1033.0,1047.180054,1010.0,1020.0,940.1846310000001,3249452
2016-07-26,1021.0,1024.369995,973.0,989.5,912.0712279999999,4875715
2016-07-27,996.0,1022.0,995.0,1012.0,932.810608,5099930
2016-07-28,1020.0,1036.719971,1012.0,1017.0,937.4193730000001,2319341
2016-07-29,1025.0,1058.0,1021.0,1041.0,959.541321,2681116
2016-08-01,1049.0,1049.0,1013.0,1041.0,959.541321,2943345
2016-08-02,1032.0,1037.0,1011.5,1014.0,934.654114,2189185
2016-08-03,1021.0,1023.0,996.682007,999.0,920.827881,2174478
2016-08-04,1010.0,1013.6300050000001,1000.0,1008.0,929.1235960000001,1565348
2016-08-05,1013.0,1046.0,998.5,1035.0,954.0108640000001,2438506
2016-08-08,1039.0,1054.0,1034.0,1039.0,957.697815,1705233
2016-08-09,1053.0,1082.880005,1046.089966,1076.0,991.802612,2976377
2016-08-10,1074.0,1082.880005,1061.430054,1070.0,986.272034,2208439
2016-08-11,1079.0,1079.0,1050.0,1059.0,976.132813,1637618
2016-08-12,1062.0,1101.219971,1060.0,1101.0,1014.8462519999999,3220158
2016-08-15,1102.0,1105.0,1081.349976,1087.0,1001.941772,1287620
2016-08-16,1085.0,1085.0,1059.900024,1060.0,977.054565,1713645
2016-08-17,1069.0,1076.670044,1046.0,1047.0,965.0718380000001,1406981
2016-08-18,1055.0,1084.0,1044.0,1078.0,993.646118,2531420
2016-08-19,1093.0,1128.0,1067.0,1105.0,1018.533264,5687871
2016-08-22,1099.0,1122.0,1095.0,1099.0,1013.002808,2173680
2016-08-23,1107.0,1116.0,1099.359985,1107.0,1020.37677,1765434
2016-08-24,1108.0,1128.0,1101.640015,1116.0,1028.672607,1543326
2016-08-25,1118.0,1118.0,1101.75,1104.0,1017.611572,1268395
2016-08-26,1100.0,1109.0,1095.790039,1101.0,1014.8462519999999,1378990
2016-08-30,1101.0,1124.0,1101.0,1112.0,1024.985596,2005624
2016-08-31,1112.0,1123.0,1104.400024,1105.0,1018.533264,3659653
2016-09-01,1112.0,1136.0,1106.800049,1128.0,1039.733521,2103071
2016-09-02,1135.0,1145.0,1118.0,1139.0,1049.872803,2409636
2016-09-05,1146.0,1146.280029,1122.0,1131.0,1042.498901,1439448
2016-09-06,1141.0,1165.0,1134.0,1150.0,1060.012085,2013977
2016-09-07,1141.0,1159.0,1115.949951,1154.0,1063.698975,3063872
2016-09-08,1142.0,1198.02002,1142.0,1197.0,1103.334351,4686887
2016-09-09,1196.0,1228.0,1170.0,1188.0,1095.038452,3386792
2016-09-12,1177.0,1177.0,1138.0,1152.0,1061.855591,2913785
2016-09-13,1155.0,1163.0,1133.0,1134.0,1045.264038,3387703
2016-09-14,1139.0,1140.0,1083.0,1086.0,1001.020081,4665847
2016-09-15,1074.0,1097.0,1068.0,1085.0,1000.098267,2564437
2016-09-16,1085.0,1086.319946,1071.0,1075.0,990.880859,4152449
2016-09-19,1090.0,1095.0,1065.0,1070.0,986.272034,2266800
2016-09-20,1071.0,1081.0,1040.050049,1041.0,959.541321,3470825
2016-09-21,1050.0,1058.0,1026.319946,1031.0,950.323853,2925139
2016-09-22,1040.0,1053.540039,1015.0,1046.0,964.150085,2981993
2016-09-23,1045.0,1050.0,1025.0,1034.0,953.0891109999999,2809118
2016-09-26,1030.0,1034.0,1011.0,1016.0,936.4976199999999,3597038
2016-09-27,1018.0,1026.930054,992.5,1009.0,930.045349,4080492
2016-09-28,1015.0,1035.0,1012.2000119999999,1031.0,950.323853,2633075
2016-09-29,1033.0,1036.079956,1005.0,1021.0,941.1063839999999,2257867
2016-09-30,1008.0,1031.469971,1000.0,1007.0,928.2019039999999,3760909
2016-10-03,1003.0,1015.7800289999999,1000.7199710000001,1006.0,927.2801509999999,2166046
2016-10-04,1008.0,1015.0,990.0,990.0,912.532166,4184697
2016-10-05,986.0,1012.0,981.0,1003.0,924.5148929999999,4395980
2016-10-06,924.0,957.0,913.5,933.5,860.453308,13515701
2016-10-07,900.0,954.0,884.2800289999999,896.0,825.887695,13171294
2016-10-10,894.0,896.0,862.5620119999999,875.5,806.991821,4690708
2016-10-11,865.5,914.5,851.0,900.5,830.035522,5016033
2016-10-12,906.0,931.0,894.0,897.5,827.270264,3957006
2016-10-13,893.0,896.0,869.5,878.0,809.2961429999999,4109630
2016-10-14,879.0,894.0,872.0,882.5,813.444031,2549731
2016-10-17,883.0,898.5,872.0,873.5,805.148315,2081238
2016-10-18,875.0,925.5,865.0,918.0,846.166138,5765893
2016-10-19,922.5,930.5,900.5,926.0,853.5401609999999,3224672
2016-10-20,936.0,950.5,932.5,934.5,861.375061,3145044
2016-10-21,936.5,939.2800289999999,918.0,918.5,846.627014,1698762
2016-10-24,943.0,952.0,931.4069820000001,931.5,858.609802,2598799
2016-10-25,936.5,940.0,922.8900150000001,925.0,852.618408,2628521
2016-10-26,925.0,949.0,923.0,944.0,870.1316529999999,2597430
2016-10-27,939.0,942.0,912.0,921.0,848.9313960000001,2499760
2016-10-28,922.0,954.5,913.5,952.5,877.966553,3076473
2016-10-31,953.5,953.5,932.0,937.0,863.679382,1818590
2016-11-01,938.5,947.742004,929.5,940.5,866.9055179999999,2476247
2016-11-02,953.5,979.5,952.0,968.0,892.253601,4186397
2016-11-03,967.5,1016.0,956.0,997.5,919.445251,5169337
2016-11-04,987.0,991.5,963.0,983.5,906.5407710000001,5401949
2016-11-07,997.5,1008.0,977.5,994.5,916.679993,1999278
2016-11-08,994.5,1030.0,988.0,1016.0,936.4976199999999,6284696
2016-11-09,994.0,1037.0,987.3779910000001,1034.0,953.0891109999999,3544123
2016-11-10,1040.0,1050.0,1031.0,1038.0,956.7761230000001,3332390
2016-11-11,1050.0,1071.780029,1039.640015,1055.0,972.445801,3823729
2016-11-14,1064.0,1075.0,1027.359985,1032.0,951.2456050000001,3470497
2016-11-15,1053.0,1095.5,1021.0,1087.0,1001.941772,5470719
2016-11-16,1084.0,1110.0,1042.550049,1060.0,977.054565,3380007
2016-11-17,1059.0,1084.0,1059.0,1082.0,997.3331300000001,2573913
2016-11-18,1084.0,1093.0,1069.810059,1071.0,987.193848,2579162
2016-11-21,1077.0,1078.0,1059.5,1067.0,983.5068359999999,2677447
2016-11-22,1070.0,1084.0,1058.0,1065.0,981.6633300000001,2379849
2016-11-23,1069.0,1077.0,1042.0,1046.0,964.150085,3608528
2016-11-24,1051.0,1055.280029,1016.2100220000001,1022.0,942.0281369999999,1727072
2016-11-25,1019.0,1028.359985,1013.0,1020.0,940.1846310000001,1697552
2016-11-28,1015.0,1034.0,995.5,1005.0,926.3583980000001,2219707
2016-11-29,1003.0,1025.0,996.5,1011.0,931.888855,2163527
2016-11-30,1005.0,1008.080017,979.01001,990.0,912.532166,7653830
2016-12-01,992.0,1006.0,981.5,996.5,918.523499,1937034
2016-12-02,979.5,985.0,963.0,970.5,894.557983,1872357
2016-12-05,968.0,988.0,960.0,974.5,898.2449949999999,1853528
2016-12-06,980.0,984.5,968.0,980.5,903.775513,1630754
2016-12-07,988.5,998.5,974.5,993.5,915.75824,2965308
2016-12-08,1001.0,1008.01001,970.0,1007.0,928.2019039999999,4719351
2016-12-09,1005.0,1009.0,981.3900150000001,997.0,918.984375,2014837
2016-12-12,995.0,995.0,968.5,970.0,894.097107,2525498
2016-12-13,967.0,992.5,964.0,989.0,911.6104130000001,2153032
2016-12-14,985.0,1010.0,979.5,980.5,903.775513,2312601
2016-12-15,985.0,1009.2199710000001,983.5,1007.0,928.2019039999999,2275996
2016-12-16,1004.0,1047.0,998.5,1043.0,961.384827,3795348
2016-12-19,1043.0,1047.800049,1022.0,1034.0,953.0891109999999,1936859
2016-12-20,1034.0,1046.0,1027.0,1028.0,947.558594,1619749
2016-12-21,1026.0,1039.439941,1025.0,1028.0,947.558594,1404873
2016-12-22,1027.0,1031.0,1017.0,1026.0,945.715088,988462
2016-12-23,1025.0,1037.0,1021.0,1035.0,954.0108640000001,339165
2016-12-28,1035.0,1035.0,1010.3599849999999,1014.0,934.654114,1089388
2016-12-29,1009.0,1018.0,997.3900150000001,1002.0,923.5931400000001,1152295
2016-12-30,998.5,1005.0,990.5,1005.0,926.3583980000001,892124
2017-01-03,1005.0,1016.0,985.900024,989.5,912.0712279999999,2083701
2017-01-04,990.0,1014.2199710000001,985.820007,1009.0,930.045349,2319433
2017-01-05,1010.0,1055.0,1008.9799800000001,1055.0,972.445801,2984459
2017-01-06,1052.0,1076.0,1048.0,1059.0,976.132813,3310029
2017-01-09,1060.0,1070.109985,1047.719971,1052.0,969.6806029999999,1639362
2017-01-10,1055.0,1083.0,1046.75,1079.0,994.5678710000001,2263138
2017-01-11,1060.0,1079.0,1051.0,1055.0,972.445801,2378842
2017-01-12,1056.0,1068.0,1033.0,1036.0,954.9326169999999,1646170
2017-01-13,1037.0,1049.0,1032.359985,1036.0,954.9326169999999,1863705
2017-01-16,1035.0,1040.719971,1014.75,1023.0,942.9498289999999,3042038
2017-01-17,1026.0,1070.0,1020.0,1058.0,975.21106,3906369
2017-01-18,1063.0,1071.0,1041.359985,1051.0,968.75885,2592252
2017-01-19,1052.0,1056.459961,1032.0,1041.0,959.541321,3002475
2017-01-20,1040.0,1054.0,1036.119995,1044.0,962.30658,3010048
2017-01-23,1035.0,1079.0,1035.0,1076.0,991.802612,4804001
2017-01-24,1018.0,1075.900024,967.0,981.0,904.236389,15180962
2017-01-25,982.5,1075.900024,980.8640140000001,1008.0,929.1235960000001,6371198
2017-01-26,1005.0,1010.0,983.515991,995.0,917.140869,3311234
2017-01-27,983.5,988.0,966.51001,974.0,897.7841189999999,5413765
2017-01-30,965.5,972.2550050000001,954.0,963.0,887.6448359999999,5318372
2017-01-31,963.5,970.0,950.0,950.0,875.662109,3002445
2017-02-01,948.5,960.9249880000001,937.75,942.5,868.7490230000001,3983839
2017-02-02,940.0,945.2100220000001,931.5,935.0,861.835876,2899842
2017-02-03,939.0,953.5,934.5,940.0,866.444641,1971382
2017-02-06,940.0,944.0,926.5629880000001,932.5,859.531555,2741390
2017-02-07,935.0,939.179993,922.5,923.0,850.774902,3403681
2017-02-08,925.5,941.5,922.0,933.5,860.453308,2761779
2017-02-09,934.5,957.5,918.5,950.0,875.662109,3809356
2017-02-10,953.5,961.5,947.0,947.5,873.357788,3227907
2017-02-13,952.5,956.0,943.0,952.0,877.505615,2042312
2017-02-14,954.0,958.0,946.0,955.0,880.270874,2360539
2017-02-15,957.5,962.5,948.5,954.5,879.8099980000001,3462333
2017-02-16,956.0,975.5,950.5,951.5,877.0448,2624178
2017-02-17,952.5,965.2000119999999,941.5,963.5,888.105774,2513309
2017-02-20,970.0,970.5,955.3900150000001,955.5,880.73175,1702884
2017-02-21,959.0,965.0,950.343994,963.0,887.6448359999999,2806410
2017-02-22,966.0,981.0,965.0,974.0,897.7841189999999,4386870
2017-02-23,926.0,936.0,906.3900150000001,914.5,892.223022,5582600
2017-02-24,921.5,986.5300289999999,917.9400019999999,931.5,908.808899,4022632
2017-02-27,935.0,992.0,931.5,936.0,913.19928,3138156
2017-02-28,940.0,995.7839970000001,934.5,951.0,927.833862,4554831
2017-03-01,961.0,971.5,953.5,958.0,934.6633300000001,3916424
2017-03-02,959.0,967.0,953.5,962.5,939.0537109999999,2429095
2017-03-03,962.5,975.0,953.0,956.5,933.19989,2537872
2017-03-06,973.0,980.51001,962.5,962.5,939.0537109999999,2879951
2017-03-07,962.0,963.5,951.0,954.0,930.7608029999999,1917751
2017-03-08,951.0,953.5,936.0,940.0,917.101807,3029058
2017-03-09,942.5,1003.7999880000001,942.0,974.5,950.7614140000001,4972134
2017-03-10,979.0,984.0,974.97699,977.0,953.2005,2793980
2017-03-13,979.5,1003.0,978.5,984.5,960.517822,3639997
2017-03-14,983.5,1003.0,978.0,994.5,970.2742310000001,3620285
2017-03-15,992.0,1001.1300050000001,979.98999,990.5,966.371643,3271951
2017-03-16,995.0,1010.0,982.5,1004.0,979.542786,3803307
2017-03-17,1004.0,1024.0,1004.0,1022.0,997.104309,13991588
2017-03-20,1023.0,1032.030029,1009.0,1015.0,990.274841,2199342
2017-03-21,1016.0,1022.0499880000001,1008.0,1009.0,984.4210210000001,1541028
2017-03-22,1007.0,1008.0,977.3800050000001,985.0,961.005615,2734938
2017-03-23,985.5,1010.0,983.5,1008.0,983.445374,2436214
2017-03-24,1006.0,1010.0,998.820007,1005.0,980.518433,2913907
2017-03-27,1002.0,1012.0,991.5,1012.0,987.3479,2112933
2017-03-28,1014.0,1015.0,993.2000119999999,998.5,974.1767580000001,1566076
2017-03-29,1000.0,1001.0,988.5,991.0,966.859497,2122610
2017-03-30,987.5,1007.0,984.0,1007.0,982.4697269999999,2639755
2017-03-31,1002.0,1033.0,1000.1199949999999,1026.0,1001.0068970000001,4062795
2017-04-03,1023.0,1025.0,1008.0,1017.0,992.226135,3800540
2017-04-04,1016.0,1023.0,1004.669983,1012.0,987.3479,2557278
2017-04-05,1019.0,1025.329956,1009.659973,1017.0,992.226135,2246363
2017-04-06,1018.0,1060.079956,1009.0,1060.0,1034.178711,4392201
2017-04-07,1052.0,1064.5,1041.0,1043.0,1017.5927730000001,4406563
2017-04-10,1044.0,1062.0,1038.0,1056.0,1030.276123,2073117
2017-04-11,1052.0,1093.290039,1049.0,1078.0,1051.7402339999999,4210874
2017-04-12,1078.0,1082.0,1059.0,1060.0,1034.178711,2539470
2017-04-13,1060.0,1072.0,1056.0,1064.0,1038.081177,1713033
2017-04-18,1064.0,1068.0,1050.359985,1064.0,1038.081177,2923696
2017-04-19,1060.0,1125.25,1060.0,1117.0,1089.790161,5494000
2017-04-20,1113.0,1128.300049,1109.0,1128.0,1100.522217,3249681
2017-04-21,1120.0,1142.0,1104.0,1135.0,1107.3516849999999,2895299
2017-04-24,1155.0,1172.0,1126.0,1169.0,1140.5234380000002,3486351
2017-04-25,1166.0,1169.0,1156.0,1161.0,1132.7182619999999,2800829
2017-04-26,1160.0,1168.0,1154.0,1164.0,1135.645264,2064694
2017-04-27,1158.0,1175.0,1150.329956,1155.0,1126.864502,3795807
2017-04-28,1154.0,1171.329956,1152.0,1168.0,1139.547852,2616745
2017-05-02,1164.0,1186.119995,1155.660034,1186.0,1157.109375,2829014
2017-05-03,1178.0,1197.540039,1178.0,1191.0,1161.987549,2085230
2017-05-04,1195.0,1215.0,1180.0,1209.0,1179.549072,4182394
2017-05-05,1233.0,1275.660034,1223.469971,1260.0,1229.3066410000001,7094777
2017-05-08,1267.0,1286.689941,1254.27002,1286.0,1254.67334,4089549
2017-05-09,1288.0,1304.0,1278.0,1301.0,1269.307983,3768903
2017-05-10,1296.0,1333.0,1292.98999,1305.0,1273.210449,4887594
2017-05-11,1303.0,1310.0,1295.0,1301.0,1269.307983,2554137
2017-05-12,1304.0,1312.0,1285.369995,1294.0,1262.4785160000001,3484531
2017-05-15,1282.0,1316.0,1276.0,1310.0,1278.088745,5011725
2017-05-16,1265.0,1271.0,1208.0,1215.0,1185.402832,9624761
2017-05-17,1199.0,1225.369995,1196.0,1222.0,1192.232422,5673362
2017-05-18,1223.0,1242.0,1206.0,1230.0,1200.037476,3680245
2017-05-19,1231.0,1255.0,1230.0,1254.0,1223.4528810000002,3673911
2017-05-22,1254.0,1272.0,1249.0,1269.0,1238.0874019999999,2319780
2017-05-23,1273.0,1311.369995,1273.0,1301.0,1269.307983,3998418
2017-05-24,1309.0,1354.0,1301.0,1344.0,1311.260498,4891566
2017-05-25,1350.0,1381.0,1346.0,1380.0,1346.383545,3265820
2017-05-26,1376.0,1391.0,1363.0,1386.0,1352.237427,2672127
2017-05-30,1386.0,1400.0,1351.0,1400.0,1365.896362,2602611
2017-05-31,1400.0,1427.0,1400.0,1414.0,1379.555298,4029896
2017-06-01,1415.0,1420.0,1374.0,1390.0,1356.139893,3399971
2017-06-02,1397.0,1422.609985,1383.0,1389.0,1355.164307,2529292
2017-06-05,1384.0,1390.880005,1341.5,1344.0,1311.260498,4054384
2017-06-06,1340.0,1367.0,1333.089966,1339.0,1306.382324,5050232
2017-06-07,1338.0,1353.0,1327.0,1333.0,1300.528442,2958186
2017-06-08,1334.0,1355.699951,1333.0,1340.0,1307.35791,3077026
2017-06-09,1315.0,1337.0,1294.0,1329.0,1296.625854,4148066
2017-06-12,1320.0,1336.0,1319.0,1325.0,1292.723267,1758904
2017-06-13,1330.0,1367.0,1330.0,1353.0,1320.04126,2565443
2017-06-14,1357.0,1387.0,1355.599976,1373.0,1339.554077,2768159
2017-06-15,1369.0,1383.0,1325.329956,1341.0,1308.333618,2680139
2017-06-16,1347.0,1370.329956,1340.0,1362.0,1328.8220210000002,3175644
2017-06-19,1367.0,1378.0,1347.329956,1349.0,1316.138672,61891
2017-06-20,1353.0,1363.329956,1325.329956,1329.0,1296.625854,513653
2017-06-21,1327.0,1344.329956,1324.0,1332.0,1299.552856,222790
2017-06-22,1335.0,1339.0,1323.329956,1337.0,1304.43103,175153
2017-06-23,1337.0,1344.0,1332.0,1337.0,1304.43103,582795
2017-06-26,1339.0,1371.5,1336.0,1366.0,1332.7246089999999,332027
2017-06-27,1363.0,1376.0,1330.0,1341.469971,1308.792114,482178
2017-06-28,1325.0,1366.329956,1322.0,1360.0,1326.8707279999999,656287
2017-06-29,1362.0,1370.329956,1343.0,1347.0,1314.1873779999999,2179093
2017-06-30,1344.0,1374.5,1350.329956,1359.0,1325.895142,465041
2017-07-03,1345.0,1375.0,1331.0,1357.0,1323.9438480000001,2488666
2017-07-04,1353.0,1369.369995,1352.119995,1360.0,1326.8707279999999,1413131
2017-07-05,1360.0,1372.0,1349.0,1358.0,1324.919434,1703278
2017-07-06,1360.0,1371.0,1325.0,1347.0,1314.1873779999999,2416145
2017-07-07,1375.0,1421.0,1347.0,1419.0,1384.4334720000002,5346943
2017-07-10,1419.0,1440.0,1413.0,1414.0,1379.555298,3830183
2017-07-11,1416.0,1419.0,1399.0,1416.0,1381.506592,1715286
2017-07-12,1420.0,1423.880005,1378.0,1400.0,1365.896362,2552562
2017-07-13,1399.0,1420.0,1399.0,1409.0,1374.677124,1473305
2017-07-14,1411.0,1416.0,1399.650024,1411.0,1376.628418,1888068
2017-07-17,1405.0,1440.5,1395.0,1431.0,1396.141235,3257324
2017-07-18,1431.0,1437.0,1394.0,1413.0,1378.579712,2897196
2017-07-19,1420.0,1422.0,1374.0,1418.0,1383.457886,3845866
2017-07-20,1437.0,1444.0,1314.0,1334.0,1301.5040279999998,9618193
2017-07-21,1338.0,1349.0,1270.349976,1312.0,1280.040039,6122051
2017-07-24,1312.0,1315.640015,1259.0,1275.0,1243.941284,5320559
2017-07-25,1282.0,1289.0,1250.599976,1271.0,1240.038696,2542368
2017-07-26,1269.0,1284.069946,1268.0,1279.0,1247.8438720000001,2019657
2017-07-27,1280.0,1289.0,1269.0,1282.0,1250.770752,1939102
2017-07-28,1282.0,1284.0,1252.0,1275.0,1243.941284,3055310
2017-07-31,1275.0,1275.0,1232.0,1236.0,1205.891357,2920619
2017-08-01,1240.0,1256.0,1229.130005,1254.0,1223.4528810000002,2197539
2017-08-02,1262.0,1280.0,1234.0,1256.0,1225.404175,2786952
2017-08-03,1259.0,1265.0,1241.0,1263.0,1232.233643,1534513
2017-08-04,1269.0,1278.069946,1255.0,1265.0,1234.184937,3216640
2017-08-07,1271.0,1282.0,1264.0,1279.0,1247.8438720000001,2194305
2017-08-08,1278.0,1294.0,1273.859985,1279.0,1247.8438720000001,1854031
2017-08-09,1273.0,1284.0,1257.0,1276.0,1244.916992,1649068
2017-08-10,1273.0,1279.780029,1253.0,1257.0,1226.379761,1208622
2017-08-11,1251.0,1254.0,1232.5,1252.0,1221.501587,1434936
2017-08-14,1253.0,1270.0,1247.0,1265.0,1234.184937,1284385
2017-08-15,1271.0,1330.0,1240.140015,1322.0,1289.7963869999999,4101909
2017-08-16,1327.0,1372.0,1322.0,1326.0,1293.698975,3183399
2017-08-17,1322.0,1329.0,1299.0,1301.0,1269.307983,1476715
2017-08-18,1270.0,1299.0,1255.0,1290.0,1258.575928,2895821
2017-08-21,1282.0,1298.0,1280.199951,1289.0,1257.60022,1407118
2017-08-22,1295.0,1298.0,1285.0,1293.0,1261.502808,1110102
2017-08-23,1291.0,1294.0,1269.5,1270.0,1239.06311,1371197
2017-08-24,1246.0,1251.0,1212.0,1214.0,1184.4272460000002,3319545
2017-08-25,1212.0,1223.0,1195.410034,1216.0,1186.37854,2760591
2017-08-29,1216.0,1227.0,1188.0,1206.0,1176.62207,2117168
2017-08-30,1208.0,1208.0,1181.0,1182.0,1153.2067869999998,2354777
2017-08-31,1186.0,1204.0,1185.0,1196.0,1166.8657230000001,3799927
2017-09-01,1195.0,1207.0,1187.0,1190.0,1161.011841,2261154
2017-09-04,1192.0,1193.0,1177.150024,1181.0,1152.231079,1257057
2017-09-05,1183.0,1188.0,1152.0,1156.0,1127.8400880000002,2331736
2017-09-06,1153.0,1172.0,1135.25,1151.0,1122.961914,2630556
2017-09-07,1155.0,1171.0,1145.0,1159.0,1130.76709,3405299
2017-09-08,1157.0,1164.0,1151.0,1156.0,1127.8400880000002,1539616
2017-09-11,1152.0,1199.0,1152.0,1195.0,1165.8901369999999,2318780
2017-09-12,1197.0,1208.0,1194.0,1194.0,1164.914429,3339618
2017-09-13,1192.0,1223.0,1192.0,1202.0,1172.719604,3437443
2017-09-14,1205.0,1228.0,1200.0,1205.0,1175.6464839999999,3766249
2017-09-15,1202.0,1217.5,1188.0,1213.0,1183.45166,4053492
2017-09-18,1221.0,1234.0,1208.0,1210.0,1180.524658,3259790
2017-09-19,1208.0,1244.25,1208.0,1228.0,1198.086182,3979717
2017-09-20,1230.0,1235.0,1215.0,1230.0,1200.037476,1783460
2017-09-21,1226.0,1233.0,1198.0,1198.0,1168.817017,2612594
2017-09-22,1200.0,1215.0,1185.0,1191.0,1161.987549,2295531
2017-09-25,1189.0,1190.0,1175.0,1180.0,1151.255493,1606804
2017-09-26,1184.0,1218.0,1176.0,1199.0,1169.7926029999999,3193390
2017-09-27,1202.0,1229.0,1191.0,1223.0,1193.208008,2259433
2017-09-28,1223.0,1228.0,1193.0,1201.0,1171.7438960000002,2581996
2017-09-29,1211.0,1234.0,1201.0,1217.0,1187.354126,2243621
2017-10-02,1240.0,1284.329956,1237.0,1280.0,1248.819458,4817913
2017-10-03,1278.0,1302.0,1262.969971,1297.0,1265.405396,2808236
2017-10-04,1295.0,1307.0,1266.660034,1277.0,1245.892578,2715853
2017-10-05,1281.0,1297.0,1266.670044,1284.0,1252.722046,2147572
2017-10-06,1260.0,1280.0,1237.869995,1263.0,1232.233643,5673257
2017-10-09,1259.0,1265.0,1231.0,1236.0,1205.891357,2593438
2017-10-10,1237.0,1254.0,1224.0,1253.0,1222.477173,2706358
2017-10-11,1257.0,1294.670044,1255.0,1289.0,1257.60022,3265531
2017-10-12,1295.0,1334.0,1295.0,1321.0,1288.820801,2002651
2017-10-13,1321.0,1325.0,1291.0,1310.0,1278.088745,2434182
2017-10-16,1313.0,1315.699951,1286.0,1288.0,1256.624634,1370569
2017-10-17,1284.0,1323.329956,1269.0,1316.0,1283.942505,2998656
2017-10-18,1316.0,1327.0,1301.0,1317.0,1284.9182130000002,1860348
2017-10-19,1319.0,1325.339966,1287.0,1295.0,1263.454102,3754387
2017-10-20,1300.0,1322.0,1296.0,1313.0,1281.015625,1632273
2017-10-23,1312.0,1324.0,1304.329956,1320.0,1287.845093,1410900
2017-10-24,1315.0,1318.0,1289.0,1290.0,1258.575928,1585455
2017-10-25,1287.0,1316.0,1268.0,1306.0,1274.186157,2001795
2017-10-26,1304.0,1325.050049,1297.0,1315.0,1282.966919,1320126
2017-10-27,1307.0,1311.0,1259.0,1273.0,1241.98999,2144239
2017-10-30,1287.0,1309.0,1284.0,1298.0,1266.380981,2357334
2017-10-31,1299.0,1347.0,1297.0,1339.0,1306.382324,2127772
2017-11-01,1345.0,1359.329956,1339.0,1349.0,1316.138672,5999064
2017-11-02,1346.0,1349.160034,1318.5,1330.0,1297.6015630000002,2288835
2017-11-03,1328.0,1334.0,1287.0,1314.0,1281.991211,1589143
2017-11-06,1310.0,1326.0,1304.0,1320.0,1287.845093,2409966
2017-11-07,1316.0,1333.0,1304.0,1305.0,1273.210449,903234
2017-11-08,1304.0,1304.0,1258.670044,1262.0,1231.2579349999999,2718193
2017-11-09,1261.0,1283.0,1257.0,1270.0,1239.06311,3374417
2017-11-10,1273.0,1285.0,1267.0,1275.0,1243.941284,1265006
2017-11-13,1279.0,1279.0,1249.0,1259.0,1228.331055,1010727
2017-11-14,1262.0,1277.0,1259.0,1264.0,1233.2092289999998,1385362
2017-11-15,1262.0,1263.0,1240.0,1251.0,1220.5258789999998,2125382
2017-11-16,1260.0,1306.0,1257.5,1295.0,1263.454102,1687595
2017-11-17,1298.0,1301.920044,1280.0,1281.0,1249.795166,1777587
2017-11-20,1296.0,1296.0,1276.0,1278.0,1246.868164,1406268
2017-11-21,1330.0,1374.0,1300.0,1343.0,1310.28479,7308408
2017-11-22,1373.0,1379.0,1347.0,1350.0,1317.11438,2759794
2017-11-23,1356.0,1379.0,1356.0,1376.0,1342.480957,2082147
2017-11-24,1378.0,1393.0,1361.0,1365.0,1331.748901,2057421
2017-11-27,1369.0,1406.0,1364.0,1385.0,1351.2617189999999,2593103
2017-11-28,1407.0,1419.0,1394.0,1409.0,1374.677124,2134182
2017-11-29,1410.0,1430.0,1401.0,1407.0,1372.72583,1926024
2017-11-30,1406.0,1434.0,1400.0,1406.0,1371.7501220000001,2633547
2017-12-01,1398.0,1438.0,1391.0,1425.0,1390.2873539999998,3217401
2017-12-04,1440.0,1447.0,1421.0,1430.0,1395.1655269999999,1442000
2017-12-05,1427.0,1437.0,1399.0,1426.0,1391.262939,1501436
2017-12-06,1444.0,1449.0,1433.0,1444.0,1408.8244630000002,2571492
2017-12-07,1449.0,1461.0,1436.0,1449.0,1413.702759,1966484
2017-12-08,1445.0,1468.0,1436.0,1456.0,1420.532227,3002560
2017-12-11,1458.0,1460.0,1416.0,1439.0,1403.946289,2684684
2017-12-12,1452.0,1459.0,1422.0,1439.0,1403.946289,2003979
2017-12-13,1439.0,1447.0,1426.0,1427.0,1392.2386470000001,3937436
2017-12-14,1426.0,1433.0,1407.0,1426.0,1391.262939,2280390
2017-12-15,1430.0,1435.0,1407.0,1417.0,1382.482178,7321454
2017-12-18,1426.0,1443.0,1376.0,1377.0,1343.456665,3109950
2017-12-19,1374.0,1418.0,1370.0,1416.0,1381.506592,3464738
2017-12-20,1418.0,1442.0,1415.0,1426.0,1391.262939,2118719
2017-12-21,1430.0,1434.0,1415.0,1427.0,1392.2386470000001,2592692
2017-12-22,1424.0,1446.0,1411.0,1445.0,1409.800171,487422
2017-12-27,1445.0,1445.0,1430.0,1441.0,1405.897583,1010079
2017-12-28,1441.0,1446.0,1436.0,1441.0,1405.897583,749793
2017-12-29,1445.0,1464.0,1440.0,1464.0,1428.33728,800871
2018-01-02,1464.0,1501.0,1443.0,1501.0,1464.436035,2728992
2018-01-03,1504.5,1549.0,1499.5,1531.5,1494.192993,3116150
2018-01-04,1536.0,1536.0,1501.5,1510.0,1473.216797,2558982
2018-01-05,1507.5,1532.0,1501.0,1511.5,1474.680176,2029601
2018-01-08,1518.0,1541.0,1508.5,1524.5,1487.363525,2374725
2018-01-09,1528.5,1546.5,1504.5,1507.5,1470.77771,2098632
2018-01-10,1505.0,1513.5,1476.0,1479.0,1442.971924,2249231
2018-01-11,1478.0,1551.0,1470.5,1536.5,1499.071167,5351142
2018-01-12,1536.0,1547.0,1517.0,1529.5,1492.241699,2104728
2018-01-15,1530.5,1537.0,1502.5,1512.0,1475.168091,5212397
2018-01-16,1517.5,1538.5,1515.0,1529.0,1491.7539060000001,3009645
2018-01-17,1532.0,1533.5,1514.0,1515.0,1478.094971,2333151
2018-01-18,1515.0,1524.0,1505.0,1513.0,1476.143677,1404527
2018-01-19,1545.0,1587.0,1537.0,1584.5,1545.9019779999999,4326966
2018-01-22,1588.0,1589.0,1558.0,1563.5,1525.413452,3328953
2018-01-23,1627.0,1673.0,1624.5,1643.5,1603.4647220000002,6001252
2018-01-24,1650.0,1688.0,1629.5,1679.0,1638.099976,4975245
2018-01-25,1677.5,1679.0,1622.0,1651.0,1610.781982,3726354
2018-01-26,1657.0,1695.5,1640.5,1689.0,1647.856323,2651164
2018-01-29,1674.0,1689.0,1661.0,1678.0,1637.124268,2782056
2018-01-30,1673.0,1683.5,1651.5,1659.0,1618.587158,2665039
2018-01-31,1661.5,1681.0,1655.5,1660.0,1619.5627439999998,2070351
2018-02-01,1660.5,1675.0,1657.5,1667.5,1626.880127,2768916
2018-02-02,1668.5,1681.0,1652.5,1653.0,1612.733276,2462564
2018-02-05,1625.0,1652.0,1601.5,1641.5,1601.513428,3478097
2018-02-06,1600.0,1655.0,1580.0,1643.0,1602.976929,3760687
2018-02-07,1646.0,1671.5,1627.0,1666.5,1625.904419,2649693
2018-02-08,1652.0,1673.5,1602.0,1608.0,1568.829468,3645545
2018-02-09,1599.0,1606.5,1576.0,1586.0,1547.365356,2993202
2018-02-12,1596.0,1617.5,1594.5,1613.0,1573.707764,2137384
2018-02-13,1621.0,1648.5,1621.0,1632.5,1592.732666,1929099
2018-02-14,1644.5,1664.5,1624.0,1651.5,1611.2698970000001,1797311
2018-02-15,1660.0,1678.0,1644.0,1646.0,1605.903809,1619572
2018-02-16,1650.0,1672.0,1641.5,1647.0,1606.879517,2184042
2018-02-19,1646.5,1669.0,1641.0,1649.0,1608.830811,899440
2018-02-20,1645.0,1677.0,1644.0,1675.5,1634.685181,1402680
2018-02-21,1657.5,1698.5,1657.5,1696.0,1654.685791,1125980
2018-02-22,1681.0,1695.5,1668.5,1684.5,1643.465942,1811707
2018-02-23,1677.0,1677.0,1631.5,1631.5,1591.75708,2494368
2018-02-26,1636.0,1675.5,1633.0,1664.5,1623.953125,2383447
2018-02-27,1666.0,1692.5,1644.5,1679.0,1638.099976,2548880
2018-02-28,1663.5,1695.0,1663.5,1679.0,1638.099976,2487501
2018-03-01,1645.5,1655.5,1599.0,1612.0,1612.0,2516785
2018-03-02,1596.5,1608.5,1562.0,1577.0,1577.0,2344254
2018-03-05,1575.5,1605.5,1567.0,1597.5,1597.5,2350920
2018-03-06,1598.0,1615.0,1548.5,1552.5,1552.5,4121368
2018-03-07,1553.0,1589.0,1545.5,1572.5,1572.5,2461593
2018-03-08,1577.0,1584.0,1555.5,1578.0,1578.0,1663627
2018-03-09,1581.5,1600.5,1550.0,1563.0,1563.0,1861470
