Date,Open,High,Low,Close,Adj Close,Volume
2015-01-02,347.0,347.600006,339.5,343.799988,316.692627,2103363
2015-01-05,342.5,347.200012,333.100006,334.0,307.665314,5632845
2015-01-06,333.399994,338.200012,328.5,332.299988,306.099365,4493506
2015-01-07,334.299988,337.5,331.299988,334.600006,308.217987,3693223
2015-01-08,338.200012,341.899994,337.200012,341.5,314.573944,4348722
2015-01-09,339.899994,345.100006,335.799988,337.799988,311.165741,3409693
2015-01-12,338.399994,350.544006,338.299988,348.5,321.022064,3708975
2015-01-13,346.700012,358.299988,345.899994,356.799988,328.667603,3636709
2015-01-14,353.0,354.299988,342.899994,348.0,320.561462,6897105
2015-01-15,350.200012,355.600006,343.299988,355.600006,327.562256,8476042
2015-01-16,352.600006,356.200012,351.600006,355.899994,327.838562,8983564
2015-01-19,356.899994,366.5,356.48098799999997,365.5,336.681671,3313360
2015-01-20,366.299988,368.5,364.700012,367.5,338.523956,3970546
2015-01-21,367.200012,373.5,365.899994,373.399994,343.958771,6391309
2015-01-22,375.200012,379.01001,371.299988,378.600006,348.748779,5285135
2015-01-23,379.799988,384.600006,373.299988,375.299988,345.70892299999997,6225798
2015-01-26,373.600006,379.899994,373.041992,377.899994,348.103943,3366569
2015-01-27,378.600006,379.399994,366.399994,369.0,339.90567000000004,5114751
2015-01-28,370.899994,373.899994,365.299988,369.100006,339.997833,4441942
2015-01-29,366.899994,370.019989,362.100006,369.5,340.366302,6029843
2015-01-30,371.0,373.299988,367.399994,368.600006,339.537231,3836177
2015-02-02,370.399994,372.5,367.200012,371.5,342.208527,3118953
2015-02-03,371.799988,377.899994,370.100006,375.600006,345.985321,4705453
2015-02-04,375.200012,375.5,369.200012,375.100006,345.52475,4386633
2015-02-05,373.299988,382.899994,372.299988,382.600006,352.43335,5984916
2015-02-06,380.899994,381.899994,378.5,379.700012,349.762054,3947041
2015-02-09,377.5,377.5,369.799988,371.100006,341.840118,3868384
2015-02-10,370.200012,376.5,368.5,376.5,346.814331,3444777
2015-02-11,365.700012,374.700012,365.0,374.600006,345.064148,3963976
2015-02-12,373.399994,380.299988,373.399994,376.899994,347.1828,4097055
2015-02-13,377.299988,380.5,376.700012,379.0,349.117249,3741832
2015-02-16,376.399994,379.5,375.100006,375.5,345.893188,2608711
2015-02-17,372.5,376.899994,369.541992,375.5,345.893188,2923402
2015-02-18,379.200012,382.799988,376.899994,378.200012,348.38031,3960119
2015-02-19,376.799988,381.600006,376.799988,380.200012,350.222626,3702001
2015-02-20,380.200012,384.600006,379.397003,383.0,352.80181899999997,5907271
2015-02-23,384.600006,388.399994,381.11499,386.0,355.565308,4225846
2015-02-24,389.0,389.0,371.399994,373.600006,344.142975,12325255
2015-02-25,368.899994,369.299988,359.777008,365.700012,336.865875,9180823
2015-02-26,365.100006,368.799988,363.399994,368.200012,339.168762,3574710
2015-02-27,367.5,371.100006,361.600006,365.200012,336.405304,6365570
2015-03-02,364.0,368.0,361.600006,363.299988,334.655121,4375717
2015-03-03,364.299988,367.299988,355.164001,355.200012,327.19381699999997,3308590
2015-03-04,354.899994,359.100006,350.700012,355.399994,327.378021,5105265
2015-03-05,356.799988,367.200012,355.631012,363.899994,335.207794,5879155
2015-03-06,361.899994,363.5,358.899994,361.399994,332.904907,4164728
2015-03-09,359.100006,361.200012,356.899994,358.799988,330.509918,3879738
2015-03-10,358.200012,361.700012,352.0,352.0,324.246063,6324468
2015-03-11,351.600006,359.700012,351.552002,357.799988,329.588745,5809339
2015-03-12,358.799988,362.600006,355.600006,362.0,333.457611,7152279
2015-03-13,362.5,369.5,362.5,368.700012,339.62933300000003,7671993
2015-03-16,368.299988,375.130005,368.200012,374.200012,344.69570899999997,4774942
2015-03-17,374.0,375.5,367.100006,368.799988,339.721436,6848619
2015-03-18,368.299988,372.200012,364.399994,368.700012,339.62933300000003,6204504
2015-03-19,370.0,375.600006,368.200012,375.100006,345.52475,5805409
2015-03-20,376.399994,376.799988,372.799988,375.600006,345.985321,7097624
2015-03-23,374.0,374.81201200000004,366.299988,367.299988,338.339722,3906781
2015-03-24,365.5,373.100006,365.100006,372.100006,342.761261,10894473
2015-03-25,371.100006,375.0,367.5,370.0,340.826843,6764921
2015-03-26,366.600006,368.200012,359.299988,361.600006,333.089172,9550259
2015-03-27,362.899994,368.799988,358.899994,360.100006,331.707367,7741961
2015-03-30,363.700012,368.200012,360.899994,364.399994,335.668365,3129145
2015-03-31,364.600006,365.899994,357.700012,358.600006,330.32574500000004,6380792
2015-04-01,359.100006,362.100006,357.200012,358.799988,330.509918,5102310
2015-04-02,358.5,361.0,356.299988,360.700012,332.26010099999996,3497068
2015-04-07,360.700012,365.880005,360.200012,362.5,333.918213,2927155
2015-04-08,361.5,361.60598799999997,356.399994,357.299988,329.128174,3636470
2015-04-09,353.899994,365.0,352.0,358.399994,335.398193,4282004
2015-04-10,359.5,363.700012,357.0,361.200012,338.018463,4210685
2015-04-13,360.700012,361.579987,355.600006,355.899994,333.058655,2507995
2015-04-14,355.200012,358.299988,355.0,356.600006,333.713684,4495066
2015-04-15,357.0,365.399994,356.299988,364.100006,340.732391,5342167
2015-04-16,368.600006,375.399994,368.5,370.600006,346.815216,8288263
2015-04-17,365.100006,370.600006,360.100006,361.299988,338.11203,7449959
2015-04-20,363.399994,367.200012,362.875,366.0,342.510406,4226375
2015-04-21,368.299988,373.299988,363.399994,364.600006,341.200317,5436912
2015-04-22,367.399994,370.700012,360.399994,364.299988,340.919525,5693777
2015-04-23,366.200012,368.799988,359.5,362.799988,339.515808,5580142
2015-04-24,365.799988,368.899994,361.899994,363.0,339.70297200000005,3798825
2015-04-27,363.600006,369.200012,359.899994,367.399994,343.820557,3299205
2015-04-28,366.5,368.5,356.135986,359.899994,336.801941,5223295
2015-04-29,361.399994,362.399994,349.600006,350.0,327.537292,6492051
2015-04-30,349.600006,351.799988,345.708008,351.299988,328.753815,7206632
2015-05-01,347.899994,351.899994,345.299988,348.600006,326.227142,2162724
2015-05-05,348.600006,357.100006,347.399994,348.0,325.66564900000003,3541968
2015-05-06,351.0,355.299988,348.0,349.899994,327.44372599999997,8404889
2015-05-07,348.299988,349.700012,341.0,347.399994,325.104156,6549193
2015-05-08,353.299988,358.200012,352.799988,358.200012,335.211029,5201427
2015-05-11,357.899994,359.0,353.600006,355.0,332.2164,3779242
2015-05-12,353.299988,356.20401,348.399994,351.600006,329.03463700000003,5670505
2015-05-13,353.200012,356.22601299999997,351.899994,354.5,331.74847400000004,5082805
2015-05-14,353.100006,358.799988,350.5,358.100006,335.117462,3045525
2015-05-15,359.700012,361.200012,353.299988,353.799988,331.09338399999996,4750193
2015-05-18,354.600006,360.399994,354.27999900000003,357.399994,334.462372,3725334
2015-05-19,359.200012,366.5,358.899994,366.299988,342.791168,4424599
2015-05-20,372.0,374.100006,365.799988,367.100006,343.539856,5553637
2015-05-21,366.600006,368.0,365.700012,366.899994,343.352692,4767629
2015-05-22,368.200012,371.100006,366.299988,369.200012,345.505035,5350300
2015-05-26,369.200012,372.899994,366.399994,367.0,343.446259,4890453
2015-05-27,366.5,371.100006,365.799988,369.399994,345.6922,4950423
2015-05-28,368.600006,369.899994,366.700012,368.700012,345.03713999999997,7365891
2015-05-29,368.5,372.0,365.700012,366.600006,343.07193,6043018
2015-06-01,365.799988,370.0,365.200012,367.0,343.446259,3900617
2015-06-02,369.299988,370.0,363.600006,368.399994,344.756378,4053491
2015-06-03,367.799988,374.899994,367.28799399999997,372.0,348.125336,4264674
2015-06-04,369.0,371.600006,367.200012,368.5,344.84997599999997,4160359
2015-06-05,365.600006,368.600006,363.700012,366.899994,343.352692,3981749
2015-06-08,365.100006,365.100006,357.600006,357.799988,334.8367,4618101
2015-06-09,356.700012,363.0,355.899994,362.200012,338.954315,6316118
2015-06-10,363.200012,369.700012,360.299988,368.899994,345.224304,6511481
2015-06-11,367.5,373.0,366.716003,370.200012,346.440857,4440083
2015-06-12,368.200012,370.799988,363.100006,365.299988,341.855316,3495626
2015-06-15,362.0,362.42199700000003,356.0,356.299988,333.43298300000004,3195050
2015-06-16,354.700012,356.93899500000003,351.5,355.100006,332.309998,4052286
2015-06-17,355.799988,356.299988,349.700012,350.0,327.537292,8134973
2015-06-18,347.700012,349.440002,342.700012,347.100006,324.823395,5529420
2015-06-19,347.700012,353.799988,347.700012,351.299988,328.753815,4726136
2015-06-22,357.299988,359.100006,353.899994,356.600006,333.713684,6149038
2015-06-23,360.0,360.519989,357.0,358.700012,335.678955,4615251
2015-06-24,357.799988,358.76001,350.5,352.299988,329.689636,4319585
2015-06-25,350.700012,351.622009,346.799988,348.399994,326.03997799999996,5094799
2015-06-26,346.600006,349.200012,342.899994,347.200012,324.916992,5270260
2015-06-29,338.299988,340.299988,335.067993,337.100006,315.46521,5437112
2015-06-30,335.399994,338.899994,331.700012,334.5,313.032074,5265045
2015-07-01,337.5,342.299988,336.399994,339.799988,317.991882,6011705
2015-07-02,339.200012,340.899994,335.5,336.200012,314.62298599999997,2642530
2015-07-03,334.799988,336.399994,332.799988,332.799988,311.441162,2355040
2015-07-06,329.700012,332.200012,324.5,325.700012,304.796875,7178619
2015-07-07,326.899994,327.170013,316.5,317.100006,296.748779,5106993
2015-07-08,316.299988,319.399994,310.899994,316.600006,296.28088399999996,5017818
2015-07-09,318.200012,323.399994,317.625,319.600006,299.08837900000003,4714256
2015-07-10,324.600006,324.700012,319.799988,322.799988,302.082916,4443564
2015-07-13,327.100006,327.77999900000003,323.200012,324.5,303.673859,5841543
2015-07-14,324.5,324.5,316.0,318.5,298.05896,6383088
2015-07-15,318.899994,321.733002,309.200012,309.600006,289.730133,8343026
2015-07-16,312.100006,315.45901499999997,309.200012,312.399994,292.350403,8106933
2015-07-17,314.700012,314.700012,310.0,310.299988,290.385223,4710047
2015-07-20,311.899994,311.899994,306.200012,308.5,288.70074500000004,5408982
2015-07-21,309.899994,312.549988,307.600006,309.100006,289.26223799999997,5752313
2015-07-22,307.5,308.835999,301.299988,304.100006,284.58313,5873000
2015-07-23,305.799988,308.899994,300.899994,301.299988,281.962799,5489227
2015-07-24,301.0,306.0,297.899994,298.200012,279.061798,7755257
2015-07-27,296.799988,302.299988,293.200012,295.0,276.067169,5514301
2015-07-28,309.700012,318.200012,304.299988,316.600006,296.28088399999996,14342108
2015-07-29,317.200012,322.799988,314.0,321.600006,300.959991,11952556
2015-07-30,325.0,325.399994,314.299988,315.899994,295.62579300000004,9499653
2015-07-31,317.0,318.600006,314.5,318.5,298.05896,6367828
2015-08-03,317.200012,318.36499,313.700012,316.299988,296.000092,4993839
2015-08-04,315.899994,321.899994,315.399994,321.700012,301.053589,8357458
2015-08-05,322.399994,325.0,318.700012,320.0,299.462708,6818067
2015-08-06,319.399994,322.700012,318.799988,321.5,300.866394,4030970
2015-08-07,322.799988,322.799988,319.799988,321.0,300.39846800000004,3233962
2015-08-10,322.5,324.200012,317.5,321.299988,300.67926,3358143
2015-08-11,319.600006,320.57800299999997,309.399994,309.399994,289.542938,5038903
2015-08-12,306.0,312.514008,299.429993,302.600006,283.179382,7962800
2015-08-13,306.0,308.600006,302.299988,304.899994,288.09274300000004,5650515
2015-08-14,305.700012,307.100006,300.200012,302.299988,285.636047,3272178
2015-08-17,305.299988,306.15499900000003,295.799988,299.899994,283.368347,4185857
2015-08-18,299.5,300.0,294.899994,294.899994,278.643982,3213257
2015-08-19,294.0,294.0,288.399994,289.399994,273.447144,6541774
2015-08-20,287.0,293.600006,285.700012,290.0,274.01409900000004,6610382
2015-08-21,285.0,293.100006,283.100006,285.899994,270.14007599999997,7597704
2015-08-24,277.600006,284.579987,272.299988,277.799988,262.486603,11008245
2015-08-25,281.799988,289.899994,279.799988,286.0,270.234589,8411947
2015-08-26,283.100006,285.700012,278.81601,280.399994,264.943237,5068172
2015-08-27,286.899994,293.100006,286.0,292.100006,275.998352,6349229
2015-08-28,292.200012,293.299988,288.242004,291.700012,275.620361,3410586
2015-09-01,291.700012,291.700012,276.200012,280.200012,264.754303,5582877
2015-09-02,280.399994,284.600006,279.0,281.600006,266.077148,3656134
2015-09-03,283.899994,284.190002,279.799988,281.299988,265.79364,5642598
2015-09-04,278.299988,278.390015,269.399994,270.200012,255.305542,7224270
2015-09-07,272.799988,273.100006,268.24301099999997,269.5,254.644135,2669441
2015-09-08,270.799988,277.0,270.799988,276.700012,261.447266,6018280
2015-09-09,283.5,286.200012,280.299988,280.899994,265.41571,6959394
2015-09-10,279.299988,283.100006,277.5,279.799988,264.376343,10164525
2015-09-11,281.200012,281.200012,276.299988,277.700012,262.39212000000003,4579338
2015-09-14,278.0,279.700012,272.0,274.600006,259.462982,6510802
2015-09-15,274.799988,279.600006,271.299988,278.799988,263.431458,4670918
2015-09-16,280.5,283.299988,280.399994,281.700012,266.171631,4440348
2015-09-17,285.100006,286.5,282.071991,285.0,269.289703,5493954
2015-09-18,283.600006,283.600006,272.799988,273.799988,258.707092,9939679
2015-09-21,273.799988,276.299988,269.299988,272.299988,257.289764,7282550
2015-09-22,272.600006,272.600006,254.0,254.600006,240.565475,12772172
2015-09-23,254.100006,264.600006,248.559998,260.799988,246.42369100000002,8115089
2015-09-24,260.5,265.5,254.899994,255.80000299999998,241.69931,7404942
2015-09-25,261.100006,265.899994,260.899994,263.200012,248.691406,6538022
2015-09-28,261.700012,261.899994,254.69999700000002,256.899994,242.738663,5558354
2015-09-29,253.100006,259.600006,252.0,255.5,241.415863,8906124
2015-09-30,262.0,269.0,261.007996,268.0,253.22680699999998,6287080
2015-10-01,272.0,276.035004,268.700012,270.100006,255.211044,6070786
2015-10-02,272.0,278.0,269.899994,274.100006,258.99054,4561348
2015-10-05,279.399994,281.799988,274.700012,281.100006,265.604706,4075703
2015-10-06,282.5,285.600006,279.799988,281.0,265.510223,4506832
2015-10-07,282.5,292.399994,281.924011,286.899994,271.08496099999996,7178678
2015-10-08,287.399994,291.399994,286.0,291.100006,275.053497,7005412
2015-10-09,293.600006,296.600006,291.899994,294.5,278.26599100000004,4540111
2015-10-12,294.200012,297.799988,290.899994,291.700012,275.620361,2730951
2015-10-13,292.799988,292.799988,282.899994,285.899994,270.14007599999997,3847447
2015-10-14,284.100006,287.299988,281.799988,283.299988,267.683411,3289433
2015-10-15,285.100006,288.100006,279.0,280.5,265.037781,4929590
2015-10-16,281.5,281.799988,269.299988,270.299988,255.399994,5628874
2015-10-19,270.5,273.5,267.700012,271.0,256.06143199999997,3149882
2015-10-20,271.700012,273.700012,266.600006,272.799988,257.762207,3630034
2015-10-21,273.299988,278.5,269.5,277.899994,262.581055,4808991
2015-10-22,276.0,287.5,271.700012,287.5,271.65185499999995,10009453
2015-10-23,288.5,298.600006,288.5,293.5,277.321106,7402048
2015-10-26,293.600006,293.600006,289.399994,290.299988,274.297546,2866313
2015-10-27,290.0,291.152008,284.899994,285.399994,269.667633,2250823
2015-10-28,285.200012,287.700012,281.899994,284.5,268.817261,5396622
2015-10-29,285.299988,286.799988,281.899994,285.600006,269.856628,3722112
2015-10-30,286.600006,288.5,285.5,287.200012,271.368469,3919798
2015-11-02,285.600006,292.299988,285.100006,292.299988,276.187286,2904180
2015-11-03,292.299988,294.200012,287.964996,293.899994,277.699066,3044346
2015-11-04,293.399994,294.600006,287.899994,292.0,275.903839,4548619
2015-11-05,291.899994,293.299988,287.899994,290.700012,274.675507,2325531
2015-11-06,290.5,299.700012,287.700012,297.200012,280.8172,3952136
2015-11-09,297.200012,298.899994,291.200012,291.5,275.431366,2617951
2015-11-10,293.799988,293.822998,285.700012,287.299988,271.462891,3054584
2015-11-11,288.399994,293.700012,285.600006,290.899994,274.864471,5965648
2015-11-12,290.200012,290.200012,274.850006,279.899994,264.470825,6356252
2015-11-13,279.899994,284.600006,277.5,282.0,266.455109,4202782
2015-11-16,284.399994,285.5,280.0,283.399994,267.77786299999997,3409676
2015-11-17,286.899994,293.200012,286.700012,292.299988,276.187286,3654168
2015-11-18,291.299988,297.700012,288.600006,296.700012,280.34475699999996,6472090
2015-11-19,298.200012,303.600006,298.200012,301.799988,285.16360499999996,4398634
2015-11-20,302.899994,303.299988,298.0,299.399994,282.895935,3582592
2015-11-23,297.5,301.200012,293.299988,300.700012,284.12426800000003,3176907
2015-11-24,299.700012,300.600006,289.100006,293.0,276.84869399999997,3994722
2015-11-25,294.5,298.299988,291.399994,298.0,281.57309,3213909
2015-11-26,298.899994,303.899994,297.200012,302.100006,285.447083,2890485
2015-11-27,301.0,301.0,295.5,298.399994,281.95105,5333722
2015-11-30,299.0,301.299988,296.899994,300.5,283.935303,7523731
2015-12-01,302.799988,304.200012,300.299988,301.100006,284.502197,3852476
2015-12-02,302.200012,302.200012,296.100006,299.0,282.517944,6022082
2015-12-03,299.299988,301.399994,291.899994,292.100006,275.998352,4620317
2015-12-04,292.799988,296.700012,289.600006,296.299988,279.96679700000004,5489418
2015-12-07,299.0,299.928009,295.700012,297.0,280.628204,3730533
2015-12-08,297.200012,297.200012,288.14898700000003,292.200012,276.092865,4683512
2015-12-09,292.100006,297.0,288.899994,295.299988,279.02194199999997,4491265
2015-12-10,291.899994,296.799988,291.899994,295.0,278.738434,4179493
2015-12-11,293.100006,293.350006,282.899994,284.299988,268.628265,4222970
2015-12-14,286.200012,289.0,279.100006,280.399994,264.943237,4138796
2015-12-15,282.799988,294.200012,282.799988,293.0,276.84869399999997,4490079
2015-12-16,293.0,299.600006,291.899994,297.899994,281.47857700000003,3591981
2015-12-17,303.799988,304.700012,298.825012,299.600006,283.08486899999997,3475599
2015-12-18,298.100006,300.5,294.0,296.200012,279.872345,4703148
2015-12-21,295.100006,302.899994,295.100006,295.600006,279.305389,2751010
2015-12-22,298.700012,298.700012,292.700012,294.700012,278.455017,2279979
2015-12-23,297.100006,308.075012,297.100006,307.899994,290.92733799999996,3316374
2015-12-24,309.899994,309.899994,305.200012,305.200012,288.376221,680620
2015-12-29,305.200012,309.899994,303.799988,309.399994,292.344666,2096184
2015-12-30,308.200012,309.5,307.200012,309.200012,292.155731,1898821
2015-12-31,307.100006,309.100006,306.200012,308.399994,291.399811,1715462
2016-01-04,308.399994,308.399994,293.100006,294.600006,278.360504,3616306
2016-01-05,297.0,298.899994,290.700012,293.799988,277.604614,3559822
2016-01-06,294.100006,294.100006,283.899994,285.200012,269.478668,4628710
2016-01-07,280.5,281.02999900000003,273.5,274.799988,259.651947,5014313
2016-01-08,281.700012,291.200012,278.399994,278.399994,263.053467,6956011
2016-01-11,279.0,283.700012,277.700012,278.700012,263.33700600000003,5142835
2016-01-12,280.0,292.0,278.299988,288.299988,272.40777599999996,5844093
2016-01-13,291.0,294.100006,288.572998,291.5,275.431366,5330370
2016-01-14,287.0,290.600006,280.399994,287.700012,271.840881,7289945
2016-01-15,287.399994,290.399994,277.399994,281.700012,266.171631,4970403
2016-01-18,281.899994,285.0,278.0,281.5,265.982635,3428698
2016-01-19,284.0,289.100006,283.549988,286.700012,270.89599599999997,3564897
2016-01-20,280.0,280.839996,273.100006,276.700012,261.447266,5073956
2016-01-21,277.0,285.899994,275.399994,285.700012,269.95111099999997,6172135
2016-01-22,290.100006,294.299988,288.799988,292.799988,276.659698,3898086
2016-01-25,290.0,294.600006,283.600006,285.0,269.289703,5244537
2016-01-26,278.799988,285.0,277.799988,281.600006,266.077148,8718267
2016-01-27,281.299988,283.399994,274.399994,280.399994,264.943237,7131934
2016-01-28,278.200012,284.299988,276.399994,278.299988,262.95901499999997,5062450
2016-01-29,283.5,283.799988,276.799988,278.799988,263.431458,6262006
2016-02-01,281.0,281.399994,273.600006,278.100006,262.77005,4402783
2016-02-02,277.600006,278.299988,267.700012,270.0,255.116592,4261296
2016-02-03,269.299988,270.0,262.0,264.5,249.919754,6072961
2016-02-04,268.799988,269.5,258.799988,265.100006,250.486679,5305443
2016-02-05,264.600006,276.100006,264.600006,269.899994,255.022079,5761722
2016-02-08,270.299988,272.0,255.5,256.5,242.360733,7227697
2016-02-09,256.5,258.399994,249.30000299999998,254.30000299999998,240.281998,4494483
2016-02-10,256.299988,259.700012,252.600006,257.700012,243.494614,5434884
2016-02-11,255.399994,255.899994,245.80000299999998,248.600006,234.896225,5599666
2016-02-12,250.100006,255.69999700000002,247.899994,255.399994,241.321365,5877692
2016-02-15,261.200012,266.899994,261.200012,265.5,250.86462400000002,4638948
2016-02-16,267.100006,269.799988,263.600006,267.399994,252.65988199999998,4211131
2016-02-17,269.600006,277.399994,268.899994,276.399994,261.163727,5169443
2016-02-18,279.200012,280.5,275.200012,276.100006,260.88031,5608093
2016-02-19,275.299988,279.5,275.200012,279.200012,263.809418,4189482
2016-02-22,280.899994,291.299988,280.899994,288.899994,272.974731,5331929
2016-02-23,277.0,283.700012,269.0,270.100006,255.211044,9420556
2016-02-24,272.0,273.019989,256.5,262.399994,247.935486,10390636
2016-02-25,266.0,273.700012,265.399994,268.899994,254.077225,7784485
2016-02-26,272.899994,273.0,267.399994,272.299988,257.289764,7623308
2016-02-29,271.299988,276.238007,269.299988,275.0,259.840942,5035599
2016-03-01,273.899994,283.200012,273.899994,282.0,266.455109,6516788
2016-03-02,284.0,287.399994,281.200012,284.600006,268.911743,4852849
2016-03-03,285.0,294.826996,283.5,294.299988,278.07705699999997,5684586
2016-03-04,294.799988,296.5,289.299988,293.5,277.321106,4811142
2016-03-07,291.200012,291.299988,284.0,290.700012,274.675507,3612500
2016-03-08,287.700012,292.200012,284.899994,286.0,270.234589,3737356
2016-03-09,286.700012,287.799988,279.200012,283.5,267.872375,4028282
2016-03-10,283.5,286.299988,273.100006,273.100006,258.045685,6375767
2016-03-11,277.399994,281.899994,276.700012,279.600006,264.18737799999997,4622442
2016-03-14,281.100006,287.600006,280.420013,284.0,268.344849,5915729
2016-03-15,282.700012,284.399994,280.200012,282.0,266.455109,3094340
2016-03-16,283.5,285.0,278.899994,285.0,269.289703,6695246
2016-03-17,286.200012,287.200012,276.325989,282.200012,266.644073,4945382
2016-03-18,281.0,295.100006,280.600006,292.600006,276.47076400000003,7222006
2016-03-21,291.100006,292.799988,287.899994,289.100006,273.163727,3550047
2016-03-22,288.200012,290.5,282.100006,289.799988,273.825104,4831832
2016-03-23,288.799988,290.799988,285.700012,287.200012,271.368469,6998483
2016-03-24,285.200012,287.100006,279.5,283.200012,267.58892799999995,4581598
2016-03-29,283.200012,290.0,283.200012,287.299988,271.462891,3848471
2016-03-30,289.5,296.200012,288.899994,293.700012,277.510132,4174224
2016-03-31,292.700012,294.700012,288.5,288.799988,272.880219,3502908
2016-04-01,286.700012,287.700012,283.75,286.0,270.234589,4489547
2016-04-04,285.299988,289.635986,284.299988,285.0,269.289703,4747011
2016-04-05,283.600006,285.299988,277.399994,279.600006,264.18737799999997,4585407
2016-04-06,279.700012,285.200012,278.899994,282.899994,267.30545,6784831
2016-04-07,279.200012,286.600006,276.299988,278.200012,268.366608,7121739
2016-04-08,278.5,287.100006,278.5,282.200012,272.22525,3691553
2016-04-11,281.899994,286.799988,280.200012,285.0,274.92620800000003,5871048
2016-04-12,286.0,286.0,281.5,285.0,274.92620800000003,7127681
2016-04-13,288.200012,291.100006,285.399994,290.200012,279.94244399999997,5196619
2016-04-14,291.200012,291.5,285.5,288.100006,277.916656,4129259
2016-04-15,288.600006,289.299988,283.600006,284.799988,274.73330699999997,4903785
2016-04-18,286.0,288.028015,282.0,286.299988,276.180267,4209356
2016-04-19,285.899994,296.809998,285.200012,295.700012,285.248016,6139600
2016-04-20,295.799988,305.0,292.200012,302.899994,292.193512,9098060
2016-04-21,302.5,306.200012,298.5,299.899994,289.299591,6533535
2016-04-22,297.899994,298.700012,291.100006,292.399994,282.064636,5583401
2016-04-25,292.0,293.600006,289.700012,292.0,281.678802,4917196
2016-04-26,292.299988,295.799988,290.0,290.600006,280.328308,5386472
2016-04-27,289.600006,292.600006,286.899994,288.600006,278.39898700000003,6279244
2016-04-28,286.299988,287.600006,281.899994,286.799988,276.662598,5979687
2016-04-29,284.0,285.700012,278.700012,278.700012,268.848907,4791598
2016-05-03,278.700012,279.100006,273.399994,276.299988,266.533752,7139483
2016-05-04,276.5,276.600006,272.899994,273.700012,264.025665,4141646
2016-05-05,274.700012,276.399994,272.450012,273.799988,264.122101,5059293
2016-05-06,272.299988,275.299988,271.0,274.700012,264.990295,4863591
2016-05-09,275.5,277.200012,273.0,273.799988,264.122101,4558032
2016-05-10,275.700012,280.600006,275.399994,278.799988,268.945374,5945898
2016-05-11,278.799988,280.600006,278.0,280.399994,270.488831,4161060
2016-05-12,279.0,281.899994,278.0,279.700012,269.813599,7055969
2016-05-13,278.600006,281.0,276.799988,280.100006,270.199432,5033748
2016-05-16,278.399994,279.799988,277.799988,279.399994,269.52417,3253769
2016-05-17,280.100006,281.399994,276.100006,278.0,268.173645,8252548
2016-05-18,278.0,278.622009,273.799988,274.5,264.797394,8311898
2016-05-19,272.600006,274.899994,272.075012,273.100006,263.446869,6516446
2016-05-20,278.100006,278.100006,273.0,275.200012,265.47265600000003,4647442
2016-05-23,274.899994,276.5,271.674988,272.299988,262.67514,5800677
2016-05-24,271.399994,274.700012,269.200012,274.200012,264.507996,5974627
2016-05-25,277.100006,277.799988,272.799988,273.600006,263.929169,4115104
2016-05-26,273.600006,275.100006,272.399994,274.600006,264.893829,2976870
2016-05-27,273.899994,274.600006,271.200012,273.399994,263.736267,2900002
2016-05-31,273.399994,277.700012,272.600006,274.899994,265.183228,7260704
2016-06-01,274.100006,276.799988,272.100006,276.200012,266.437286,9032389
2016-06-02,276.5,283.200012,276.5,282.5,272.514587,8819492
2016-06-03,283.899994,284.200012,276.299988,278.700012,268.848907,4182783
2016-06-06,279.5,281.100006,278.399994,278.5,268.656006,4126242
2016-06-07,280.0,282.600006,280.0,282.100006,272.128723,4915168
2016-06-08,281.100006,282.399994,280.0,281.200012,271.260559,3185072
2016-06-09,279.899994,280.600006,274.299988,275.200012,265.47265600000003,3562761
2016-06-10,274.0,274.299988,266.600006,270.200012,260.649384,6109599
2016-06-13,267.399994,276.799988,266.100006,270.5,260.938782,8469783
2016-06-14,268.399994,270.5,263.799988,266.600006,257.176605,6606332
2016-06-15,268.799988,272.399994,268.200012,271.299988,261.71044900000004,5845271
2016-06-16,267.200012,272.100006,266.600006,271.0,261.42108199999996,8286915
2016-06-17,272.799988,277.600006,272.5,275.0,265.279694,10325934
2016-06-20,282.0,287.799988,280.070007,287.700012,277.530823,4994904
2016-06-21,287.5,288.200012,283.600006,284.299988,274.250946,4647296
2016-06-22,286.5,287.399994,283.899994,284.600006,274.540375,4190996
2016-06-23,287.5,290.100006,285.700012,287.600006,277.434326,5044449
2016-06-24,277.899994,280.700012,267.399994,278.0,268.173645,10387425
2016-06-27,269.200012,271.899994,249.399994,253.399994,244.44316099999998,16402782
2016-06-28,260.299988,261.700012,254.80000299999998,258.700012,249.55584700000003,10050568
2016-06-29,264.200012,270.0,254.100006,263.600006,254.282654,7825855
2016-06-30,261.799988,269.700012,259.600006,269.700012,260.16705299999995,10642470
2016-07-01,271.5,276.200012,269.399994,275.799988,266.05139199999996,7460074
2016-07-04,277.200012,278.72000099999997,266.600006,267.200012,257.755432,4136758
2016-07-05,265.0,265.799988,260.100006,263.5,254.18617200000003,6990562
2016-07-06,264.0,264.5,258.160004,263.799988,254.475571,6911051
2016-07-07,266.399994,272.799988,266.200012,266.399994,256.983673,3560094
2016-07-08,266.100006,274.5,265.380005,272.0,262.385742,5771889
2016-07-11,274.899994,279.5,272.600006,279.399994,269.52417,4689655
2016-07-12,278.899994,286.82901,278.899994,284.0,273.961609,5333705
2016-07-13,282.899994,283.399994,253.684006,275.299988,265.569061,12317921
2016-07-14,276.899994,281.5,276.0,279.299988,269.427704,5426687
2016-07-15,278.799988,281.5,275.700012,280.200012,270.295898,4798539
2016-07-18,280.100006,285.600006,278.700012,283.600006,273.57568399999997,3835519
2016-07-19,281.600006,282.0,276.76901200000003,280.399994,270.488831,4601597
2016-07-20,280.799988,287.899994,280.799988,287.399994,277.241394,4639323
2016-07-21,287.799988,290.100006,284.600006,287.200012,277.04846200000003,4493537
2016-07-22,284.899994,286.799988,282.799988,284.600006,274.540375,3118866
2016-07-25,284.600006,290.200012,283.5,289.899994,279.653046,4576730
2016-07-26,295.0,301.799988,294.460999,301.0,290.360687,7301481
2016-07-27,299.799988,305.10900899999996,294.399994,295.899994,285.440948,7176845
2016-07-28,293.700012,296.0,288.0,288.0,277.82018999999997,7902739
2016-07-29,289.899994,290.899994,286.600006,289.399994,279.170685,7109757
2016-08-01,290.600006,293.299988,287.299988,289.0,278.784821,4344485
2016-08-02,287.799988,291.684998,284.700012,286.399994,276.27673300000004,9714747
2016-08-03,286.100006,296.100006,282.5,295.600006,285.151581,10763530
2016-08-04,295.299988,298.700012,289.899994,293.200012,282.83639500000004,7139042
2016-08-05,292.200012,299.399994,292.200012,299.299988,288.72076400000003,7134026
2016-08-08,301.200012,304.600006,298.5,301.399994,290.746552,9411381
2016-08-09,302.299988,305.0,301.200012,303.799988,293.061676,3512819
2016-08-10,304.299988,308.100006,302.100006,307.399994,296.534454,6264201
2016-08-11,306.600006,310.700012,302.399994,308.0,299.992188,7422412
2016-08-12,307.700012,311.25,304.0,307.0,299.018188,7328526
2016-08-15,306.5,310.782013,306.5,308.200012,300.186981,3536226
2016-08-16,308.200012,313.5,306.5,308.600006,300.57659900000004,5578348
2016-08-17,310.200012,310.600006,306.5,307.399994,299.40777599999996,5855620
2016-08-18,309.399994,312.399994,308.299988,310.5,302.427185,4372005
2016-08-19,310.899994,311.0,306.899994,309.600006,301.550568,4478028
2016-08-22,309.200012,312.899994,307.299988,310.600006,302.524567,6309659
2016-08-23,312.0,313.899994,309.100006,311.100006,303.011597,5639931
2016-08-24,310.5,314.600006,309.0,311.600006,303.498596,3732792
2016-08-25,309.600006,309.700012,306.0,308.799988,300.771362,5200036
2016-08-26,309.399994,310.5,306.850006,309.299988,301.258392,3950429
2016-08-30,309.299988,312.299988,308.399994,309.299988,301.258392,4430634
2016-08-31,309.0,313.600006,309.0,311.0,302.91418500000003,11942081
2016-09-01,313.200012,339.899994,312.743988,325.899994,317.426788,19973906
2016-09-02,327.0,328.799988,324.399994,327.899994,319.374786,12873697
2016-09-05,325.0,327.399994,321.299988,327.0,318.498199,8953543
2016-09-06,329.0,331.700012,322.200012,323.0,314.602173,15363158
2016-09-07,324.0,327.899994,322.600006,325.0,316.55020099999996,10594352
2016-09-08,325.100006,328.81100499999997,317.200012,320.399994,312.069794,8556422
2016-09-09,319.0,323.600006,317.299988,318.899994,310.608765,5101026
2016-09-12,313.399994,315.559998,309.459991,313.399994,305.251801,10094887
2016-09-13,315.100006,315.799988,310.700012,312.5,304.375183,5900483
2016-09-14,314.0,316.700012,313.399994,313.899994,305.73877000000005,5302399
2016-09-15,312.700012,318.399994,311.600006,317.899994,309.634766,7380791
2016-09-16,317.799988,320.200012,314.899994,315.299988,307.102356,7647860
2016-09-19,317.600006,320.5,315.700012,316.100006,307.881592,4686468
2016-09-20,315.600006,319.399994,314.299988,317.5,309.24517799999995,3489897
2016-09-21,320.100006,321.600006,318.200012,319.600006,311.290588,5077336
2016-09-22,320.799988,323.799988,320.0,320.899994,312.556793,4231368
2016-09-23,322.0,326.600006,320.399994,323.200012,314.79699700000003,9674005
2016-09-26,321.899994,325.399994,318.959991,323.0,314.602173,8838994
2016-09-27,325.799988,325.799988,316.899994,318.200012,309.927002,5062206
2016-09-28,318.899994,325.100006,318.899994,321.899994,313.53076200000004,5241447
2016-09-29,323.0,325.899994,321.100006,321.399994,313.043762,4438370
2016-09-30,317.600006,321.700012,314.600006,320.299988,311.972382,6246007
2016-10-03,321.100006,324.399994,319.700012,323.899994,315.47879,5092164
2016-10-04,325.299988,334.200012,324.700012,332.5,323.855194,10447576
2016-10-05,331.5,334.299988,329.31201200000004,331.200012,322.58902,6470379
2016-10-06,336.100006,339.600006,333.0,333.0,324.342194,7250258
2016-10-07,334.0,337.0,333.100006,334.0,325.316193,7122912
2016-10-10,335.0,338.5,333.399994,336.200012,327.45901499999997,4623327
2016-10-11,335.5,338.0,332.600006,332.899994,324.244812,4240201
2016-10-12,333.5,335.399994,332.100006,332.700012,324.050018,5506941
2016-10-13,331.0,331.160004,325.399994,327.700012,319.179993,4610337
2016-10-14,327.299988,331.5,327.100006,328.200012,319.667023,3252054
2016-10-17,328.0,331.100006,326.5,329.0,320.446198,4236247
2016-10-18,330.299988,331.100006,326.600006,328.100006,319.569611,4459373
2016-10-19,328.100006,328.899994,324.799988,326.700012,318.205994,6088225
2016-10-20,326.200012,327.299988,321.5,323.0,314.602173,7988894
2016-10-21,322.100006,327.399994,322.100006,327.399994,318.887787,7377751
2016-10-24,328.700012,329.899994,323.167999,323.200012,314.79699700000003,8815219
2016-10-25,322.200012,323.600006,312.700012,313.899994,305.73877000000005,10047117
2016-10-26,313.200012,313.77301,307.299988,312.0,303.88818399999997,7236222
2016-10-27,312.399994,316.799988,310.600006,315.700012,307.492004,5761181
2016-10-28,314.799988,316.100006,311.600006,315.200012,307.005005,5129209
2016-10-31,314.399994,320.78799399999997,313.5,319.200012,310.90100099999995,5642756
2016-11-01,321.100006,323.5,314.700012,315.200012,307.005005,5785819
2016-11-02,314.0,320.269989,311.399994,313.0,304.862183,4086872
2016-11-03,312.0,313.700012,308.0,308.5,300.479187,6517005
2016-11-04,306.299988,306.899994,302.399994,302.899994,295.02475,5611504
2016-11-07,306.200012,310.299988,305.480011,309.200012,301.161011,4944288
2016-11-08,308.600006,310.200012,306.100006,308.799988,300.771362,4235467
2016-11-09,298.299988,310.0,295.200012,306.399994,298.433777,6397186
2016-11-10,308.799988,313.0,304.600006,305.799988,297.849365,6974189
2016-11-11,307.0,307.799988,298.700012,299.600006,291.810577,5655583
2016-11-14,302.0,308.200012,301.299988,304.399994,296.485779,7687961
2016-11-15,304.600006,309.0,304.600006,307.100006,299.11557,4775420
2016-11-16,308.399994,309.700012,302.700012,304.799988,296.87536600000004,6399789
2016-11-17,305.799988,308.799988,304.5,307.200012,299.212982,5507284
2016-11-18,306.799988,309.299988,303.399994,304.299988,296.388367,5489856
2016-11-21,305.700012,309.200012,304.200012,309.100006,301.063599,6791567
2016-11-22,310.0,312.0,307.358002,309.600006,301.550568,6260047
2016-11-23,309.700012,313.0,308.799988,311.600006,303.498596,4540428
2016-11-24,310.899994,312.799988,309.0,310.5,302.427185,2915879
2016-11-25,310.799988,311.0,308.5,308.899994,300.86877400000003,3692725
2016-11-28,309.0,309.0,305.5,308.600006,300.57659900000004,3843728
2016-11-29,308.5,308.5,304.200012,308.399994,300.381775,8217599
2016-11-30,306.799988,310.299988,306.799988,309.899994,301.842773,7875510
2016-12-01,308.399994,308.399994,302.100006,306.200012,298.238983,5150314
2016-12-02,304.0,305.100006,301.700012,303.100006,295.219574,3486356
2016-12-05,301.200012,308.399994,301.200012,307.399994,299.40777599999996,3845962
2016-12-06,307.0,308.700012,304.200012,304.700012,296.777985,4445868
2016-12-07,311.100006,318.399994,310.0,318.399994,310.121765,8531532
2016-12-08,318.799988,321.0,315.0,316.799988,308.563385,4651650
2016-12-09,316.399994,317.600006,314.100006,316.200012,307.97900400000003,6705382
2016-12-12,315.700012,316.899994,311.299988,312.100006,303.985596,4843086
2016-12-13,312.899994,319.799988,312.899994,319.5,311.193176,5433084
2016-12-14,318.200012,322.700012,318.200012,319.399994,311.095795,14689946
2016-12-15,320.0,331.0,318.47601299999997,330.899994,322.296783,13622570
2016-12-16,332.0,335.899994,328.299988,329.799988,321.225372,14712519
2016-12-19,329.600006,330.899994,327.200012,329.0,320.446198,2654113
2016-12-20,329.799988,330.5,325.799988,328.799988,320.251404,3378698
2016-12-21,329.100006,332.0,328.5,329.5,320.93316699999997,6337312
2016-12-22,329.0,331.299988,328.399994,330.799988,322.199371,2062814
2016-12-23,330.399994,330.799988,327.600006,330.5,321.907196,1376406
2016-12-28,330.5,331.399994,328.299988,330.100006,321.51757799999996,3795406
2016-12-29,328.600006,329.100006,327.372009,329.100006,320.54361,1870838
2016-12-30,327.5,331.700012,326.536011,331.700012,323.076019,1566891
2017-01-03,331.700012,336.399994,330.700012,333.100006,324.439606,7218179
2017-01-04,334.700012,334.700012,328.100006,331.899994,323.270782,3550269
2017-01-05,330.5,333.5,330.5,332.399994,323.75778199999996,3293484
2017-01-06,331.399994,334.600006,331.299988,331.399994,322.783783,3454771
2017-01-09,333.299988,334.600006,329.600006,330.5,321.907196,3679490
2017-01-10,337.0,337.891998,331.700012,334.799988,326.095367,6894110
2017-01-11,332.799988,336.100006,331.649994,334.899994,326.19277999999997,5700595
2017-01-12,334.399994,341.899994,333.600006,338.899994,330.088776,5235306
2017-01-13,340.5,343.799988,338.399994,341.299988,332.426361,10072667
2017-01-16,340.799988,346.0,340.5,341.5,332.621185,4066192
2017-01-17,339.899994,342.299988,338.468994,338.5,329.699188,7380626
2017-01-18,339.299988,340.5,336.399994,339.5,330.673187,4588338
2017-01-19,338.600006,342.600006,338.600006,342.0,333.108185,4505888
2017-01-20,338.100006,343.399994,335.49899300000004,343.0,334.082214,6422877
2017-01-23,340.0,341.5,337.200012,340.899994,332.036804,4813291
2017-01-24,342.700012,346.700012,342.25,345.399994,336.419769,7159779
2017-01-25,347.600006,353.225006,347.25,351.299988,342.166382,5193150
2017-01-26,351.100006,353.200012,347.100006,350.200012,341.09500099999997,3949343
2017-01-27,352.0,352.0,347.0,348.5,339.439209,3794538
2017-01-30,347.0,348.31201200000004,343.799988,345.0,336.03018199999997,11267670
2017-01-31,345.0,350.600006,343.0,343.399994,334.471802,13341551
2017-02-01,345.0,349.799988,345.0,346.600006,337.588593,4595950
2017-02-02,346.0,348.299988,343.100006,346.299988,337.29638700000004,4132608
2017-02-03,346.399994,349.0,344.899994,347.100006,338.075623,5129895
2017-02-06,345.700012,347.700012,342.799988,343.899994,334.958801,5310831
2017-02-07,343.5,348.100006,342.200012,343.799988,334.86138900000003,6103867
2017-02-08,343.100006,347.700012,342.200012,344.5,335.543213,5290819
2017-02-09,344.899994,346.899994,339.399994,341.799988,332.913391,4487858
2017-02-10,342.299988,344.600006,339.700012,340.899994,332.036804,5869922
2017-02-13,340.899994,347.0,339.75,345.200012,336.225006,4661650
2017-02-14,345.0,349.799988,342.468994,348.299988,339.244415,10213933
2017-02-15,347.600006,350.700012,346.0,350.399994,341.289795,5531529
2017-02-16,351.0,351.0,345.799988,347.100006,338.075623,4711240
2017-02-17,346.299988,347.700012,343.600006,347.299988,338.270386,5501398
2017-02-20,347.799988,349.299988,342.899994,345.600006,336.614594,4281061
2017-02-21,346.100006,351.100006,344.799988,350.200012,341.09500099999997,7179940
2017-02-22,350.299988,352.0,346.200012,348.799988,339.73141499999997,4245138
2017-02-23,349.799988,352.100006,348.899994,350.0,340.900208,4696963
2017-02-24,349.100006,349.100006,340.399994,345.100006,336.127594,4630660
2017-02-27,346.899994,348.079987,340.799988,343.0,334.082214,5326184
2017-02-28,344.399994,366.799988,343.480011,359.899994,350.542816,15898389
2017-03-01,362.399994,371.700012,359.734985,370.899994,361.256805,13983347
2017-03-02,370.100006,377.299988,370.100006,376.5,366.711212,10148685
2017-03-03,376.399994,376.399994,373.100006,374.899994,365.152802,5694833
2017-03-06,377.100006,379.299988,370.100006,370.5,360.86721800000004,5879405
2017-03-07,370.799988,376.100006,370.299988,373.799988,364.08139,6308372
2017-03-08,373.299988,376.600006,373.0,373.899994,364.178802,8571257
2017-03-09,373.799988,373.799988,369.5,372.299988,362.620422,5329459
2017-03-10,372.0,373.899994,369.200012,371.5,361.841217,5492838
2017-03-13,371.0,373.100006,366.600006,371.399994,361.743805,4395081
2017-03-14,370.5,371.140015,367.100006,370.0,360.380219,6138244
2017-03-15,369.700012,371.799988,367.700012,369.100006,359.503601,6863389
2017-03-16,371.5,374.200012,368.5,373.899994,364.178802,9613327
2017-03-17,373.799988,374.200012,369.399994,372.899994,363.20480299999997,7332247
2017-03-20,373.100006,375.100006,372.200012,373.899994,364.178802,4699741
2017-03-21,374.100006,375.799988,369.700012,370.700012,361.062042,5419334
2017-03-22,368.299988,368.700012,362.399994,366.799988,357.263397,3994352
2017-03-23,366.600006,370.799988,365.799988,367.600006,358.042633,4611843
2017-03-24,367.799988,373.299988,366.700012,372.0,362.328217,4380482
2017-03-27,371.799988,371.799988,364.399994,366.600006,357.068604,4675162
2017-03-28,369.200012,370.600006,365.899994,369.5,359.893219,14603131
2017-03-29,369.899994,373.700012,367.299988,369.200012,359.60101299999997,4339086
2017-03-30,366.600006,369.600006,366.5,367.0,357.458221,7975475
2017-03-31,366.600006,367.200012,363.269989,363.299988,353.854401,5611060
2017-04-03,366.0,367.799988,363.0,363.0,353.562225,5029414
2017-04-04,361.5,362.5,355.5,359.299988,349.95840499999997,6532846
2017-04-05,358.700012,363.5,356.799988,356.899994,347.620789,6227844
2017-04-06,350.200012,354.600006,346.0,352.799988,349.403473,18602591
2017-04-07,353.5,359.5,352.0,356.100006,352.67172200000005,5498512
2017-04-10,355.200012,356.700012,352.299988,355.200012,351.780365,3623402
2017-04-11,355.700012,358.200012,352.600006,352.899994,349.502502,5779400
2017-04-12,355.399994,359.100006,353.600006,354.600006,351.186157,20059217
2017-04-13,354.100006,355.100006,351.100006,352.700012,349.304443,3960179
2017-04-18,352.700012,353.200012,344.200012,344.200012,340.88629199999997,5492010
2017-04-19,344.0,346.0,339.399994,344.600006,341.28241,8293202
2017-04-20,346.200012,351.600006,343.29699700000003,350.899994,347.521759,6474430
2017-04-21,350.0,353.100006,349.899994,351.299988,347.917908,7129419
2017-04-24,358.100006,367.899994,358.100006,367.399994,363.862915,7790202
2017-04-25,368.0,368.457001,364.899994,366.100006,362.575439,6569277
2017-04-26,363.299988,367.100006,355.100006,359.600006,356.138,12643096
2017-04-27,358.799988,359.700012,350.964996,353.899994,350.492889,7951334
2017-04-28,352.899994,359.799988,351.899994,358.899994,355.444733,7292566
2017-05-02,360.0,360.200012,354.100006,355.5,352.07748399999997,7887159
2017-05-03,354.299988,354.899994,349.0,354.899994,351.483246,4765834
2017-05-04,355.200012,358.299988,354.5,357.899994,354.45437599999997,5115740
2017-05-05,358.100006,359.399994,354.5,359.399994,355.93994100000003,6646468
2017-05-08,360.600006,361.31201200000004,355.899994,359.0,355.543793,6687251
2017-05-09,358.299988,358.899994,352.299988,352.799988,349.403473,6099020
2017-05-10,351.899994,356.200012,351.799988,354.700012,351.285187,5435934
2017-05-11,353.799988,356.799988,349.399994,351.600006,348.215027,6244452
2017-05-12,349.600006,351.967987,343.0,345.700012,342.371826,7783080
2017-05-15,346.700012,349.899994,342.799988,349.399994,346.03619399999997,4741837
2017-05-16,350.299988,353.700012,347.5,352.299988,348.90826400000003,7117387
2017-05-17,350.200012,353.799988,348.600006,350.399994,347.026581,4511193
2017-05-18,351.100006,351.5,344.700012,350.200012,346.828522,5681991
2017-05-19,350.899994,355.600006,350.600006,353.5,350.096741,6454856
2017-05-22,353.899994,355.5,350.299988,351.200012,347.818878,3733796
2017-05-23,351.200012,354.100006,348.299988,348.399994,345.045837,4184791
2017-05-24,349.200012,350.799988,347.200012,349.799988,346.432343,5169253
2017-05-25,350.399994,350.899994,347.5,349.399994,346.03619399999997,3566830
2017-05-26,349.799988,354.700012,349.399994,354.5,351.087097,4685669
2017-05-30,354.5,356.5,351.200012,352.700012,349.304443,6226558
2017-05-31,354.0,354.399994,349.859985,350.0,346.630432,7968589
2017-06-01,351.399994,353.200012,349.597992,353.200012,349.799622,6152607
2017-06-02,355.799988,358.759003,352.299988,356.0,352.57266200000004,4442148
2017-06-05,354.600006,356.524994,352.170013,354.799988,351.38421600000004,3040475
2017-06-06,354.5,354.5,344.864014,347.600006,344.25354,6710024
2017-06-07,348.299988,350.0,344.5,345.5,342.173767,6929752
2017-06-08,345.100006,346.299988,342.399994,343.200012,339.89590499999997,4543610
2017-06-09,344.700012,351.5,344.261993,346.200012,342.867035,3714570
2017-06-12,345.399994,351.299988,343.700012,351.299988,347.917908,11908922
2017-06-13,352.399994,355.100006,350.700012,355.100006,351.681335,11371893
2017-06-14,350.0,352.399994,347.799988,350.399994,347.026581,9787213
2017-06-15,349.100006,349.100006,341.309998,342.200012,338.905548,9828961
2017-06-16,343.700012,347.399994,343.399994,344.200012,340.88629199999997,6897344
2017-06-19,346.799988,347.100006,345.200012,346.0,342.668945,561508
2017-06-20,347.299988,350.700012,346.278015,346.299988,342.966034,1237123
2017-06-21,345.200012,350.070007,344.600006,348.600006,345.243927,1596484
2017-06-22,349.200012,349.274994,345.372009,346.5,343.164124,1364212
2017-06-23,347.100006,347.899994,342.399994,345.899994,342.569885,963924
2017-06-26,346.799988,349.600006,345.850006,347.208008,343.865326,348974
2017-06-27,341.700012,341.299988,329.850006,333.842987,330.628967,1140046
2017-06-28,329.799988,335.5,326.5,332.100006,328.902771,739917
2017-06-29,334.0,334.200012,323.97601299999997,325.899994,322.762451,841149
2017-06-30,325.799988,331.100006,323.924011,326.0,322.861481,2196813
2017-07-03,326.399994,329.799988,325.0,329.299988,326.1297,7139445
2017-07-04,328.100006,329.899994,325.299988,327.799988,324.644135,2442603
2017-07-05,328.299988,329.799988,325.799988,327.899994,324.743195,3528554
2017-07-06,328.899994,331.950012,326.5,327.899994,324.743195,3789361
2017-07-07,327.100006,327.899994,324.0,327.5,324.347046,3143760
2017-07-10,329.5,329.5,324.700012,326.899994,323.752808,3999891
2017-07-11,326.299988,329.200012,323.799988,326.399994,323.257629,7091023
2017-07-12,327.299988,331.899994,325.899994,330.700012,327.516235,25603801
2017-07-13,325.0,337.0,324.5,332.700012,329.497009,8541073
2017-07-14,333.799988,334.899994,329.399994,330.600006,327.417206,5317000
2017-07-17,329.600006,332.700012,329.100006,330.200012,327.021057,6676178
2017-07-18,328.5,330.100006,326.200012,327.700012,324.545135,6154013
2017-07-19,329.899994,332.100006,326.799988,331.899994,328.704681,10488542
2017-07-20,333.100006,333.600006,331.299988,332.100006,328.902771,5676011
2017-07-21,332.399994,333.200012,323.700012,326.100006,322.96054100000003,9369121
2017-07-24,325.299988,327.265015,321.0,327.200012,324.049957,9636891
2017-07-25,328.399994,328.600006,326.200012,326.700012,323.554749,8844874
2017-07-26,324.5,332.200012,314.170013,330.0,326.822968,14098238
2017-07-27,329.399994,329.399994,321.0,323.0,319.890381,18161163
2017-07-28,320.600006,324.299988,319.196014,322.200012,319.09808300000003,5726646
2017-07-31,321.799988,323.600006,319.100006,321.5,318.40481600000004,6335539
2017-08-01,323.5,326.299988,321.200012,322.899994,319.791321,6951518
2017-08-02,322.700012,324.100006,318.175995,320.700012,317.612518,6614850
2017-08-03,319.899994,325.966003,317.5,323.899994,320.781708,5759416
2017-08-04,323.899994,327.0,321.899994,324.899994,321.772064,6158906
2017-08-07,326.399994,326.5,322.600006,325.100006,321.970154,7221492
2017-08-08,325.200012,328.299988,325.100006,327.399994,324.248016,4818227
2017-08-09,326.0,326.600006,321.0,322.0,318.899994,5095626
2017-08-10,319.899994,320.299988,316.299988,317.700012,317.700012,8883437
2017-08-11,317.100006,317.200012,313.399994,315.799988,315.799988,3636083
2017-08-14,316.399994,318.0,314.700012,316.700012,316.700012,4971614
2017-08-15,318.600006,319.0,313.399994,314.600006,314.600006,6343968
2017-08-16,315.5,321.399994,315.5,320.700012,320.700012,6199053
2017-08-17,319.899994,320.899994,316.899994,319.100006,319.100006,4127236
2017-08-18,317.600006,317.600006,313.899994,315.700012,315.700012,5655202
2017-08-21,315.0,317.399994,313.399994,315.200012,315.200012,8624349
2017-08-22,317.0,323.100006,316.399994,320.0,320.0,2299777
2017-08-23,319.700012,322.399994,319.399994,321.899994,321.899994,4456852
2017-08-24,323.399994,324.0,320.170013,320.200012,320.200012,3482873
2017-08-25,320.600006,323.299988,320.600006,321.0,321.0,3017801
2017-08-29,321.0,321.0,312.87600699999996,314.5,314.5,5364245
2017-08-30,317.0,320.0,315.100006,319.200012,319.200012,4114714
2017-08-31,320.5,321.100006,316.5,318.899994,318.899994,4902942
2017-09-01,320.299988,324.600006,318.200012,322.799988,322.799988,3840315
2017-09-04,320.299988,323.100006,320.299988,321.100006,321.100006,4345155
2017-09-05,322.0,326.299988,321.299988,321.799988,321.799988,2953454
2017-09-06,321.0,323.399994,319.200012,321.200012,321.200012,4925145
2017-09-07,322.5,332.5,322.200012,331.600006,331.600006,9692778
2017-09-08,330.0,331.899994,325.46200600000003,329.0,329.0,5731285
2017-09-11,332.0,332.600006,327.700012,330.299988,330.299988,4473731
2017-09-12,329.899994,331.600006,329.0,330.100006,330.100006,5750015
2017-09-13,328.0,330.100006,327.100006,327.200012,327.200012,5705540
2017-09-14,327.5,338.700012,327.299988,337.5,337.5,16532837
2017-09-15,338.700012,341.600006,335.899994,338.799988,338.799988,12466903
2017-09-18,343.0,350.799988,341.100006,347.600006,347.600006,21658191
2017-09-19,346.899994,350.200012,346.299988,347.799988,347.799988,8798330
2017-09-20,348.100006,348.899994,344.299988,345.0,345.0,15316033
2017-09-21,344.399994,345.899994,342.556,343.5,343.5,15089992
2017-09-22,343.100006,347.899994,340.0,347.600006,347.600006,5394548
2017-09-25,345.700012,347.399994,344.5,347.200012,347.200012,4309605
2017-09-26,345.700012,345.700012,340.700012,341.899994,341.899994,10049081
2017-09-27,342.5,342.5,336.799988,339.600006,339.600006,11092373
2017-09-28,340.100006,343.200012,339.299988,342.799988,342.799988,6123404
2017-09-29,344.399994,349.0,343.5,346.0,346.0,8795304
2017-10-02,346.299988,349.0,344.600006,348.399994,348.399994,4524232
2017-10-03,349.200012,351.200012,347.600006,349.200012,349.200012,4237040
2017-10-04,350.5,355.600006,349.399994,354.0,354.0,5387680
2017-10-05,354.399994,356.0,352.399994,354.5,354.5,4114156
2017-10-06,354.700012,359.299988,354.600006,356.299988,356.299988,5304192
2017-10-09,355.799988,356.299988,354.25,356.0,356.0,2775160
2017-10-10,355.0,355.899994,352.299988,353.0,353.0,4219521
2017-10-11,352.600006,353.100006,351.600006,351.799988,351.799988,4607454
2017-10-12,352.600006,352.799988,350.899994,352.799988,352.799988,2329428
2017-10-13,320.0,335.0,314.863007,318.0,318.0,59544031
2017-10-16,315.0,316.299988,307.0,307.100006,307.100006,24088715
2017-10-17,306.5,312.09500099999997,302.899994,306.0,306.0,19879276
2017-10-18,306.200012,306.911987,304.299988,306.700012,306.700012,10427272
2017-10-19,305.600006,307.21200600000003,300.700012,302.100006,302.100006,16495715
2017-10-20,303.0,304.666992,298.100006,303.399994,303.399994,24808418
2017-10-23,316.0,320.0,310.5,319.0,319.0,36329531
2017-10-24,319.299988,320.399994,316.899994,320.0,320.0,10455256
2017-10-25,320.600006,320.600006,311.200012,315.399994,315.399994,7181510
2017-10-26,316.600006,316.799988,314.5,316.399994,316.399994,5441713
2017-10-27,318.0,322.600006,317.52398700000003,320.700012,320.700012,25205948
2017-10-30,321.100006,323.200012,318.600006,320.100006,320.100006,8482767
2017-10-31,318.100006,322.299988,316.899994,317.0,317.0,6486518
2017-11-01,317.5,320.5,317.5,319.100006,319.100006,24289486
2017-11-02,318.0,322.42099,317.227997,321.0,321.0,6185373
2017-11-03,321.299988,323.299988,318.200012,318.299988,318.299988,6759868
2017-11-06,321.299988,325.200012,321.01001,323.399994,323.399994,5246792
2017-11-07,324.200012,324.600006,320.100006,321.700012,321.700012,5633268
2017-11-08,321.799988,335.299988,321.200012,326.5,326.5,17459780
2017-11-09,327.200012,329.0,321.200012,321.600006,321.600006,6467820
2017-11-10,322.700012,322.700012,316.0,320.0,320.0,5040403
2017-11-13,320.100006,320.864014,312.799988,314.0,314.0,5824883
2017-11-14,314.899994,315.700012,312.0,315.0,315.0,4586824
2017-11-15,313.399994,314.0,308.200012,310.799988,310.799988,5542339
2017-11-16,281.0,298.615997,280.0,296.0,296.0,54098066
2017-11-17,295.600006,302.5,293.164001,302.5,302.5,14269645
2017-11-20,300.399994,304.0,300.299988,302.200012,302.200012,5338781
2017-11-21,302.299988,303.899994,300.799988,303.0,303.0,5112818
2017-11-22,303.0,307.700012,302.899994,304.5,304.5,5709495
2017-11-23,304.700012,307.700012,303.399994,306.799988,306.799988,3564357
2017-11-24,306.100006,308.600006,305.600006,306.100006,306.100006,3864543
2017-11-27,305.899994,313.200012,304.799988,311.100006,311.100006,5674780
2017-11-28,311.100006,314.299988,309.200012,313.200012,313.200012,13421706
2017-11-29,313.0,315.200012,310.600006,311.299988,311.299988,6355816
2017-11-30,309.700012,314.299988,309.100006,310.100006,310.100006,10802128
2017-12-01,308.5,310.100006,304.200012,304.5,304.5,11011720
2017-12-04,306.700012,308.700012,302.0,303.0,303.0,4978062
2017-12-05,302.799988,305.399994,299.5,299.5,299.5,7698880
2017-12-06,298.700012,299.299988,296.700012,298.299988,298.299988,5802416
2017-12-07,299.5,300.5,293.0,294.299988,294.299988,9712819
2017-12-08,293.799988,299.200012,293.700012,298.700012,298.700012,7717451
2017-12-11,298.399994,303.799988,298.0,302.299988,302.299988,35515418
2017-12-12,302.799988,302.799988,300.5,301.700012,301.700012,7222706
2017-12-13,300.799988,302.799988,296.950012,297.924011,297.924011,7013218
2017-12-14,298.100006,300.5,297.100006,297.100006,297.100006,3681455
2017-12-15,296.299988,298.0,294.700012,298.0,298.0,7115060
2017-12-18,297.100006,300.0,296.799988,298.299988,298.299988,5991179
2017-12-19,297.5,304.0,297.5,299.5,299.5,9079986
2017-12-20,298.600006,304.399994,298.600006,304.399994,304.399994,9556656
2017-12-21,304.399994,311.5,303.100006,311.5,311.5,11235382
2017-12-22,311.0,315.299988,309.899994,314.299988,314.299988,2978490
2017-12-27,314.299988,316.100006,312.399994,315.0,315.0,4196558
2017-12-28,316.200012,318.200012,315.700012,317.100006,317.100006,4345384
2017-12-29,317.799988,319.600006,315.100006,319.399994,319.399994,2524750
2018-01-02,319.399994,320.700012,312.600006,317.899994,317.899994,6267678
2018-01-03,320.0,320.0,316.600006,318.299988,318.299988,3691806
2018-01-04,318.0,324.799988,318.0,323.600006,323.600006,6037043
2018-01-05,324.0,327.200012,321.899994,326.299988,326.299988,7281441
2018-01-08,326.100006,328.299988,324.200012,325.899994,325.899994,8340371
2018-01-09,326.899994,330.0,325.200012,329.399994,329.399994,5854154
2018-01-10,329.5,332.5,324.399994,331.0,331.0,9300644
2018-01-11,331.700012,332.700012,327.299988,332.700012,332.700012,10393817
2018-01-12,385.0,433.89999400000005,385.0,420.0,420.0,102639492
2018-01-15,430.0,442.200012,427.5,437.39999400000005,437.39999400000005,27814971
2018-01-16,438.0,447.60000599999995,437.39999400000005,442.0,442.0,37493878
2018-01-17,445.0,449.39999400000005,438.89999400000005,447.60000599999995,447.60000599999995,48297721
2018-01-18,444.799988,448.799988,443.0,445.0,445.0,20933457
2018-01-19,444.5,447.700012,438.0,439.39999400000005,439.39999400000005,27168456
2018-01-22,440.0,441.39999400000005,431.799988,431.799988,431.799988,26005854
2018-01-23,430.89999400000005,441.5,430.799988,436.60000599999995,436.60000599999995,14649255
2018-01-24,435.89999400000005,440.0,434.60000599999995,434.60000599999995,434.60000599999995,17776837
2018-01-25,435.0,437.299988,432.89999400000005,432.89999400000005,432.89999400000005,9873168
2018-01-26,432.39999400000005,436.799988,432.200012,436.0,436.0,12416841
2018-01-29,437.10000599999995,438.10000599999995,431.5,431.89999400000005,431.89999400000005,6320962
2018-01-30,430.299988,431.0,426.5,428.299988,428.299988,13164941
2018-01-31,430.0,430.0,422.799988,422.799988,422.799988,12954209
2018-02-01,427.60000599999995,430.299988,421.700012,423.5,423.5,14002588
2018-02-02,425.10000599999995,425.10000599999995,415.299988,415.299988,415.299988,10825681
2018-02-05,411.899994,419.700012,406.200012,409.0,409.0,10707376
2018-02-06,392.0,410.600006,390.399994,406.899994,406.899994,17824904
2018-02-07,409.5,415.899994,407.0,411.700012,411.700012,17374617
2018-02-08,407.799988,419.100006,405.5,405.5,405.5,12831029
2018-02-09,404.299988,408.5,398.0,399.5,399.5,9273932
2018-02-12,402.399994,402.700012,397.799988,400.0,400.0,12156069
2018-02-13,397.799988,400.399994,386.600006,398.0,398.0,10332211
2018-02-14,400.0,412.700012,397.600006,411.299988,411.299988,38514777
2018-02-15,410.600006,421.700012,408.700012,414.799988,414.799988,13852276
2018-02-16,416.100006,420.200012,413.600006,416.5,416.5,8226857
2018-02-19,408.700012,418.899994,408.700012,414.600006,414.600006,3538765
2018-02-20,418.100006,420.299988,413.600006,418.600006,418.600006,6004148
2018-02-21,419.299988,423.0,414.100006,422.299988,422.299988,19222352
2018-02-22,419.0,425.0,418.0,425.0,425.0,7443755
2018-02-23,424.89999400000005,428.299988,422.5,426.5,426.5,11005354
2018-02-26,416.299988,432.0,416.0,430.0,430.0,10014560
2018-02-27,420.0,431.799988,420.0,430.700012,430.700012,6074475
2018-02-28,428.200012,441.5,428.0,437.799988,437.799988,15842167
2018-03-01,438.0,438.700012,432.39999400000005,435.0,435.0,40902630
2018-03-02,436.10000599999995,443.200012,417.5,420.0,420.0,16793874
2018-03-05,416.899994,427.5,416.899994,425.89999400000005,425.89999400000005,46850584
2018-03-06,426.200012,438.60000599999995,421.10000599999995,421.10000599999995,421.10000599999995,12643200
2018-03-07,419.0,423.39999400000005,414.899994,420.299988,420.299988,23887273
2018-03-08,421.39999400000005,423.10000599999995,418.399994,421.39999400000005,421.39999400000005,11780580
2018-03-09,420.0,438.0,418.600006,435.10000599999995,435.10000599999995,21579074
