Date,Open,High,Low,Close,Adj Close,Volume
2015-01-02,42.700001,42.889998999999996,42.349998,42.369999,35.6199,3116600
2015-01-05,41.619999,42.009997999999996,41.41,41.91,35.233191999999995,7301100
2015-01-06,41.73,42.07,41.25,41.68,35.039829,6444100
2015-01-07,41.759997999999996,42.25,41.59,42.110001000000004,35.401321,6025800
2015-01-08,42.880001,43.330002,42.790001000000004,43.189999,36.309265,5294700
2015-01-09,42.990002000000004,43.080002,42.630001,42.799999,35.981396000000004,3280800
2015-01-12,43.040001000000004,43.16,42.459998999999996,42.93,36.090683,4714400
2015-01-13,43.43,43.580002,42.68,42.91,36.073868,3214700
2015-01-14,42.459998999999996,42.880001,42.439999,42.849998,36.023434,3441800
2015-01-15,42.849998,43.119999,42.540001000000004,42.91,36.073868,3970500
2015-01-16,43.200001,43.709998999999996,43.110001000000004,43.700001,36.738021999999994,3124200
2015-01-20,44.16,44.23,43.689999,44.16,37.124733,4241800
2015-01-21,44.099998,44.779999,43.959998999999996,44.709998999999996,37.587109000000005,5039300
2015-01-22,44.84,45.240002000000004,44.759997999999996,44.959998999999996,37.797278999999996,4781800
2015-01-23,44.869999,45.25,44.77,45.009997999999996,37.839314,3064500
2015-01-26,45.0,45.380001,44.84,45.189999,37.990635,3382300
2015-01-27,45.330002,45.369999,44.98,45.16,37.96542,3954500
2015-01-28,45.450001,45.57,44.939999,44.990002000000004,37.822502,3613000
2015-01-29,45.349998,45.349998,44.740002000000004,45.16,37.96542,3144900
2015-01-30,44.610001000000004,44.669998,44.0,44.0,36.990219,3054600
2015-02-02,44.110001000000004,44.119999,43.709998999999996,43.959998999999996,36.9566,3654500
2015-02-03,44.279999,44.299999,43.919998,44.259997999999996,37.208797,4791200
2015-02-04,45.0,45.139998999999996,44.439999,44.950001,37.788879,5885800
2015-02-05,45.84,46.02,45.529999,45.950001,38.629566,5129900
2015-02-06,46.619999,46.630001,45.869999,46.0,38.671597,5924500
2015-02-09,46.150002,46.5,46.029999,46.389998999999996,38.999462,5759400
2015-02-10,46.130001,46.299999,46.130001,46.25,38.881775,3774100
2015-02-11,46.139998999999996,46.279999,46.040001000000004,46.209998999999996,38.848145,2509600
2015-02-12,45.860001000000004,46.009997999999996,45.560001,45.950001,38.629566,3597500
2015-02-13,47.490002000000004,47.959998999999996,47.380001,47.939999,40.302532,6009500
2015-02-17,47.32,47.849998,47.16,47.709998999999996,40.109161,3906100
2015-02-18,47.139998999999996,47.380001,47.080002,47.299999,40.352512,3251100
2015-02-19,47.130001,47.259997999999996,46.709998999999996,47.029999,40.122177,2703100
2015-02-20,46.970001,47.349998,46.790001000000004,47.349998,40.395176,2287200
2015-02-23,47.130001,47.490002000000004,47.049999,47.290001000000004,40.343987,2416400
2015-02-24,47.41,47.790001000000004,47.240002000000004,47.700001,40.69376,4457200
2015-02-25,47.73,47.889998999999996,47.490002000000004,47.720001,40.710831,4877700
2015-02-26,47.740002000000004,47.970001,47.689999,47.84,40.813198,3346800
2015-02-27,47.580002,47.73,47.349998,47.419998,40.454890999999996,3506800
2015-03-02,47.48,47.970001,47.450001,47.93,40.889984000000005,2726400
2015-03-03,48.02,48.110001000000004,47.509997999999996,47.709998999999996,40.702296999999994,2923100
2015-03-04,47.75,47.990002000000004,47.34,47.82,40.796143,3041500
2015-03-05,48.0,48.029999,47.509997999999996,47.599998,40.608452,2521700
2015-03-06,47.16,47.279999,46.720001,46.73,39.866240999999995,2899200
2015-03-09,46.82,47.099998,46.75,47.060001,40.14777,2089900
2015-03-10,46.73,46.740002000000004,45.919998,46.029999,39.269058,3982600
2015-03-11,45.75,45.860001000000004,45.32,45.630001,38.927811,4430300
2015-03-12,46.130001,46.450001,45.98,46.369999,39.559115999999996,4322400
2015-03-13,45.779999,46.43,45.740002000000004,46.369999,39.559115999999996,4085800
2015-03-16,46.490002000000004,47.07,46.490002000000004,46.970001,40.070988,3285200
2015-03-17,46.82,47.360001000000004,46.790001000000004,47.23,40.292805,2680000
2015-03-18,47.48,48.84,47.369999,48.740002000000004,41.581005,4793500
2015-03-19,48.360001000000004,48.380001,47.830002,48.209998999999996,41.128849,3152500
2015-03-20,48.5,49.080002,48.41,48.810001,41.64072,3627500
2015-03-23,48.810001,48.810001,47.970001,48.369999,41.265347,3494100
2015-03-24,48.139998999999996,48.209998999999996,47.709998999999996,47.73,40.719364,2415400
2015-03-25,47.869999,48.0,47.349998,47.349998,40.395176,2261200
2015-03-26,47.23,47.310001,46.610001000000004,46.66,39.806521999999994,3377400
2015-03-27,46.889998999999996,47.060001,46.77,47.02,40.113647,2589700
2015-03-30,46.98,47.25,46.919998,47.200001,40.267204,2410300
2015-03-31,46.029999,46.34,45.950001,46.150002,39.371433,4366000
2015-04-01,46.82,46.82,46.299999,46.689999,39.832115,4575800
2015-04-02,46.610001000000004,46.900002,46.509997999999996,46.709998999999996,39.849182,2212800
2015-04-06,46.759997999999996,47.139998999999996,46.68,47.009997999999996,40.105114,1538700
2015-04-07,47.330002,47.599998,47.0,47.259997999999996,40.31839,2558900
2015-04-08,47.93,47.990002000000004,47.25,47.41,40.446365,2334000
2015-04-09,47.599998,47.799999,47.48,47.720001,40.710831,2609100
2015-04-10,47.740002000000004,48.41,47.709998999999996,48.23,41.145916,3036700
2015-04-13,47.689999,48.060001,47.689999,48.029999,40.975288,2828900
2015-04-14,48.200001,48.450001,48.060001,48.200001,41.120319,2671500
2015-04-15,48.209998999999996,48.310001,47.73,47.77,40.753483,2935900
2015-04-16,47.610001000000004,47.810001,47.52,47.580002,40.591393,3077900
2015-04-17,47.330002,47.400002,47.040001000000004,47.290001000000004,40.343987,2515300
2015-04-20,47.209998999999996,47.369999,47.02,47.099998,40.181892,2656400
2015-04-21,47.209998999999996,47.279999,47.0,47.240002000000004,40.301331,2602200
2015-04-22,46.630001,46.900002,46.43,46.57,39.729744000000004,4208000
2015-04-23,46.09,46.400002,45.959998999999996,46.310001,39.507931,5588900
2015-04-24,46.23,46.799999,46.119999,46.59,39.746807000000004,3279100
2015-04-27,47.43,47.75,46.790001000000004,46.849998,39.968601,5544700
2015-04-28,47.02,47.209998999999996,46.560001,47.029999,40.122177,5306000
2015-04-29,46.799999,47.080002,46.57,46.790001000000004,39.917423,3346800
2015-04-30,46.369999,46.59,46.09,46.150002,39.371433,3825800
2015-05-01,46.110001000000004,46.119999,45.759997999999996,45.970001,39.217865,3601900
2015-05-04,46.099998,46.59,46.099998,46.34,39.53352,2695700
2015-05-05,46.360001000000004,46.439999,45.560001,45.599998,38.902214,3487000
2015-05-06,46.740002000000004,46.759997999999996,45.810001,46.02,39.260521000000004,7418800
2015-05-07,44.66,44.68,44.0,44.220001,37.724918,9213000
2015-05-08,45.459998999999996,45.68,45.189999,45.279999,38.629208,6078900
2015-05-11,45.970001,46.049999,45.610001000000004,45.720001,39.004593,4898900
2015-05-12,45.220001,45.400002,45.080002,45.27,38.620686,3596400
2015-05-13,44.900002,45.029999,44.52,44.529999,38.487705,4185000
2015-05-14,45.029999,45.150002,44.790001000000004,44.990002000000004,38.885296000000004,3080400
2015-05-15,44.639998999999996,44.810001,44.439999,44.77,38.695147999999996,2348200
2015-05-18,44.57,44.919998,44.549999,44.66,38.600071,2644600
2015-05-19,44.529999,44.860001000000004,44.490002000000004,44.68,38.617359,2640500
2015-05-20,44.98,45.040001000000004,44.75,44.880001,38.790217999999996,2623800
2015-05-21,45.639998999999996,45.650002,45.360001000000004,45.560001,39.377953000000005,3772400
2015-05-22,45.540001000000004,45.650002,45.220001,45.259997999999996,39.118656,2937700
2015-05-26,44.529999,44.560001,43.73,43.84,37.891335,5170600
2015-05-27,44.09,44.619999,44.0,44.610001000000004,38.556858,2965600
2015-05-28,44.490002000000004,44.810001,44.389998999999996,44.790001000000004,38.712429,1895700
2015-05-29,44.68,44.689999,44.259997999999996,44.369999,38.349422,3234100
2015-06-01,44.41,44.459998999999996,44.0,44.150002,38.159275,3004500
2015-06-02,44.189999,44.450001,44.029999,44.240002000000004,38.237068,2432300
2015-06-03,44.02,44.25,44.0,44.029999,38.055553,5130300
2015-06-04,43.599998,43.830002,43.02,43.130001,37.277683,6708000
2015-06-05,42.759997999999996,42.799999,42.52,42.560001,36.785015,5352700
2015-06-08,42.57,42.59,42.169998,42.240002000000004,36.508434,4173200
2015-06-09,42.220001,42.34,41.950001,42.16,36.439304,3186800
2015-06-10,42.630001,43.02,42.580002,42.93,37.104809,6321700
2015-06-11,43.130001,43.349998,42.919998,43.200001,37.338188,3988600
2015-06-12,42.77,42.939999,42.580002,42.709998999999996,36.914660999999995,1829500
2015-06-15,41.990002000000004,42.220001,41.91,42.150002,36.430649,3043600
2015-06-16,42.669998,42.919998,42.580002,42.900002,37.078888,6140900
2015-06-17,42.860001000000004,42.98,42.529999,42.889998999999996,37.070240000000005,3768500
2015-06-18,42.889998999999996,43.439999,42.889998999999996,43.220001,37.355469,4571900
2015-06-19,43.119999,43.23,43.02,43.060001,37.217178000000004,3847400
2015-06-22,43.5,43.619999,43.360001000000004,43.450001,37.554256,5225700
2015-06-23,43.41,43.540001000000004,43.25,43.380001,37.493755,3103200
2015-06-24,43.380001,43.48,43.18,43.34,37.459179,3513800
2015-06-25,43.23,43.57,43.099998,43.509997999999996,37.606113,5484400
2015-06-26,43.299999,43.330002,42.82,42.889998999999996,37.070240000000005,3716900
2015-06-29,42.59,42.77,42.0,42.029999,36.326939,2413700
2015-06-30,42.200001,42.209998999999996,41.52,41.650002,35.998497,5378000
2015-07-01,42.220001,42.360001000000004,41.950001,42.139998999999996,36.422012,2926300
2015-07-02,42.330002,42.400002,42.07,42.259997999999996,36.525726,2103700
2015-07-06,41.939999,42.169998,41.779999,41.950001,36.257793,2051600
2015-07-07,41.68,41.880001,41.189999,41.810001,36.136787,6798100
2015-07-08,41.59,41.650002,41.27,41.360001000000004,35.747852,2342200
2015-07-09,42.209998999999996,42.290001000000004,41.790001000000004,41.799999,36.128147,8908400
2015-07-10,42.470001,42.599998,42.25,42.450001,36.689949,4576700
2015-07-13,42.450001,43.049999,42.450001,42.889998999999996,37.070240000000005,3719800
2015-07-14,43.27,43.400002,43.060001,43.34,37.459179,6130500
2015-07-15,43.27,43.279999,43.009997999999996,43.119999,37.269039,3734700
2015-07-16,43.029999,43.209998999999996,43.0,43.099998,37.251740000000005,2237800
2015-07-17,42.669998,43.009997999999996,42.599998,42.959998999999996,37.130745000000005,2795600
2015-07-20,42.98,43.169998,42.84,43.02,37.182602,4967000
2015-07-21,42.66,42.799999,42.560001,42.630001,36.845524,2866900
2015-07-22,42.27,42.400002,42.150002,42.299999,36.560299,2065900
2015-07-23,42.189999,42.25,41.900002,42.0,36.301003,3113800
2015-07-24,41.98,41.990002000000004,41.279999,41.389998999999996,35.773781,2773900
2015-07-27,41.470001,41.639998999999996,41.279999,41.599998,35.955284000000006,2644500
2015-07-28,41.450001,41.77,41.25,41.709998999999996,36.050358,3928800
2015-07-29,41.709998999999996,43.07,41.709998999999996,42.619999,36.836884000000005,9436500
2015-07-30,43.27,43.650002,43.099998,43.59,37.675262,7694100
2015-07-31,43.68,43.709998999999996,43.369999,43.439999,37.545612,4247100
2015-08-03,43.599998,43.700001,43.200001,43.509997999999996,37.606113,2872600
2015-08-04,43.880001,43.950001,43.349998,43.450001,37.554256,3173600
2015-08-05,43.860001000000004,44.299999,43.77,44.169998,38.176559000000005,3683700
2015-08-06,45.459998999999996,45.490002000000004,44.849998,44.900002,38.80751,9358400
2015-08-07,44.66,44.849998,44.450001,44.82,38.738365,3843600
2015-08-10,44.939999,45.32,44.900002,45.139998999999996,39.014942,3836500
2015-08-11,44.59,44.84,44.560001,44.779999,38.703784999999996,4091600
2015-08-12,43.950001,44.110001000000004,43.459998999999996,44.07,38.587212,3732600
2015-08-13,44.119999,44.200001,43.799999,43.889998999999996,38.429604,4419800
2015-08-14,43.759997999999996,43.990002000000004,43.720001,43.970001,38.499653,1868200
2015-08-17,43.860001000000004,44.209998999999996,43.759997999999996,44.16,38.666012,1872700
2015-08-18,44.029999,44.130001,43.91,43.939999,38.473385,1887700
2015-08-19,43.59,43.619999,43.130001,43.299999,37.91301,2528100
2015-08-20,43.080002,43.18,42.700001,42.709998999999996,37.396408,3144500
2015-08-21,42.150002,42.299999,41.209998999999996,41.23,36.10054,3990800
2015-08-24,39.939999,41.110001000000004,39.349998,40.169998,35.172416999999996,6137300
2015-08-25,41.080002,41.110001000000004,39.41,39.41,34.506972999999995,4794500
2015-08-26,40.48,40.5,39.27,40.470001,35.435089000000005,4774800
2015-08-27,40.759997999999996,41.330002,40.68,41.209998999999996,36.083023,3955000
2015-08-28,40.560001,41.279999,40.560001,41.25,36.118053,2739500
2015-08-31,41.099998,41.380001,40.91,40.93,35.83786,1673000
2015-09-01,39.939999,40.029999,39.349998,39.470001,34.559502,4573500
2015-09-02,40.68,40.759997999999996,40.169998,40.639998999999996,35.583935,4337300
2015-09-03,40.98,41.060001,40.470001,40.619999,35.566429,2427000
2015-09-04,39.720001,39.860001000000004,39.450001,39.689999,34.752129,2255000
2015-09-08,40.959998999999996,41.07,40.080002,40.57,35.522652,5639400
2015-09-09,40.700001,40.77,39.75,39.849998,34.892223,3559300
2015-09-10,40.0,40.490002000000004,39.939999,40.240002000000004,35.233707,3261500
2015-09-11,40.07,40.279999,39.990002000000004,40.259997999999996,35.251213,2144800
2015-09-14,39.77,39.950001,39.580002,39.779999,34.830936,2336800
2015-09-15,39.630001,40.080002,39.52,40.040001000000004,35.05859,4480300
2015-09-16,40.040001000000004,40.66,39.990002000000004,40.52,35.47887,2802800
2015-09-17,40.099998,40.810001,40.029999,40.41,35.382553,3042600
2015-09-18,39.900002,40.310001,39.77,39.970001,34.997299,3092600
2015-09-21,40.290001000000004,40.400002,39.650002,39.810001,34.857203999999996,4097800
2015-09-22,38.740002000000004,38.93,38.41,38.689999,33.876540999999996,6773800
2015-09-23,39.150002,39.200001,38.75,38.830002,33.999123,2690700
2015-09-24,38.709998999999996,38.919998,38.330002,38.790001000000004,33.9641,2924400
2015-09-25,39.400002,39.450001,38.220001,38.48,33.692669,3718100
2015-09-28,38.509997999999996,38.509997999999996,37.439999,37.580002,32.90464,4797400
2015-09-29,37.41,37.869999,37.240002000000004,37.560001,32.887131,4686100
2015-09-30,38.16,38.490002000000004,38.09,38.450001,33.666401,2980100
2015-10-01,39.02,39.130001,38.279999,38.740002000000004,33.920319,3293500
2015-10-02,38.610001000000004,39.5,38.380001,39.5,34.585766,3400700
2015-10-05,39.639998999999996,39.98,39.630001,39.959998999999996,34.988541,2712700
2015-10-06,39.98,40.049999,39.52,39.77,34.822186,2659900
2015-10-07,39.689999,39.860001000000004,39.310001,39.720001,34.778397,3684200
2015-10-08,39.529999,40.16,39.490002000000004,40.16,35.163654,2780400
2015-10-09,40.09,40.330002,39.860001000000004,40.220001,35.216194,5245200
2015-10-12,40.0,40.59,39.900002,40.380001,35.356293,3985200
2015-10-13,40.310001,40.700001,40.040001000000004,40.110001000000004,35.119881,12908300
2015-10-14,40.439999,40.77,40.400002,40.619999,35.566429,3182400
2015-10-15,41.0,41.540001000000004,40.849998,41.540001000000004,36.371967,3338500
2015-10-16,41.349998,41.970001,41.349998,41.959998999999996,36.739719,3069000
2015-10-19,41.720001,41.98,41.459998999999996,41.740002000000004,36.547089,3868900
2015-10-20,41.939999,41.950001,41.040001000000004,41.16,36.039253,3218500
2015-10-21,41.07,41.130001,40.52,40.860001000000004,35.776569,4412500
2015-10-22,41.360001000000004,41.560001,41.060001,41.439999,36.284411999999996,3173800
2015-10-23,41.889998999999996,42.279999,41.849998,42.110001000000004,36.871056,3208700
2015-10-26,42.169998,42.41,41.959998999999996,42.07,36.836028999999996,2760000
2015-10-27,41.900002,42.18,41.650002,41.75,36.555842999999996,3712900
2015-10-28,43.279999,43.68,43.040001000000004,43.529999,38.114395,7926800
2015-10-29,42.869999,43.0,42.630001,42.790001000000004,37.466460999999995,8474300
2015-10-30,43.189999,43.48,42.959998999999996,43.060001,37.702866,5633600
2015-11-02,43.060001,43.279999,42.970001,43.110001000000004,37.746646999999996,3027900
2015-11-03,42.57,42.790001000000004,42.310001,42.5,37.212536,6825500
2015-11-04,43.07,43.150002,42.43,42.599998,37.300098,4438500
2015-11-05,42.529999,42.529999,42.049999,42.279999,37.019897,2574800
2015-11-06,41.959998999999996,42.029999,41.540001000000004,41.919998,36.704693,5331100
2015-11-09,41.599998,41.669998,41.279999,41.540001000000004,36.371967,3592100
2015-11-10,40.84,41.049999,40.59,40.959998999999996,36.344475,3107200
2015-11-11,41.25,41.34,40.970001,40.970001,36.353352,2291000
2015-11-12,40.630001,40.720001,40.049999,40.049999,35.537022,3281800
2015-11-13,39.669998,40.0,39.619999,39.869999,35.377308,2902500
2015-11-16,39.849998,40.259997999999996,39.779999,40.23,35.696735,2938500
2015-11-17,40.630001,40.959998999999996,40.540001000000004,40.630001,36.05167,3016200
2015-11-18,40.799999,41.029999,40.689999,41.0,36.379974,3316800
2015-11-19,41.389998999999996,41.419998,41.080002,41.189999,36.548565,2940200
2015-11-20,41.48,41.599998,41.110001000000004,41.119999,36.486446,2654400
2015-11-23,40.799999,41.0,40.34,40.41,35.856453,2953900
2015-11-24,40.040001000000004,40.439999,40.009997999999996,40.389998999999996,35.838710999999996,3899600
2015-11-25,40.84,40.880001,40.619999,40.700001,36.113781,2932100
2015-11-27,41.029999,41.16,40.939999,40.959998999999996,36.344475,1559900
2015-11-30,40.880001,40.959998999999996,40.490002000000004,40.509997999999996,35.945190000000004,2955700
2015-12-01,40.709998999999996,40.939999,40.509997999999996,40.919998,36.308983000000005,3234600
2015-12-02,41.290001000000004,41.459998999999996,40.810001,40.919998,36.308983000000005,2722600
2015-12-03,40.810001,40.849998,39.84,40.0,35.492657,3042400
2015-12-04,40.09,40.310001,39.799999,40.27,35.732227,3162200
2015-12-07,40.209998999999996,40.23,39.77,40.0,35.492657,2521300
2015-12-08,39.380001,39.700001,39.27,39.5,35.048996,3079700
2015-12-09,40.029999,40.259997999999996,39.470001,39.610001000000004,35.146603000000006,3069200
2015-12-10,40.040001000000004,40.119999,39.790001000000004,39.919998,35.421673,2936100
2015-12-11,39.77,39.799999,39.259997999999996,39.310001,34.880409,2878200
2015-12-14,39.25,39.279999,38.650002,39.099998,34.694069,3828300
2015-12-15,39.279999,39.59,39.27,39.34,34.907028000000004,3215100
2015-12-16,39.959998999999996,40.279999,39.580002,40.240002000000004,35.705612,3226500
2015-12-17,40.459998999999996,40.470001,39.799999,39.830002,35.34182,3435000
2015-12-18,39.77,39.849998,39.43,39.43,34.986885,3021700
2015-12-21,40.299999,40.32,39.560001,39.82,35.332939,2843900
2015-12-22,39.740002000000004,39.959998999999996,39.599998,39.900002,35.403927,3971200
2015-12-23,40.400002,41.060001,40.400002,40.959998999999996,36.344475,3626700
2015-12-24,40.91,41.099998,40.900002,40.93,36.317859999999996,916600
2015-12-28,40.759997999999996,41.049999,40.75,40.919998,36.308983000000005,2105500
2015-12-29,41.029999,41.330002,41.0,41.189999,36.548565,2165900
2015-12-30,40.970001,41.27,40.919998,41.040001000000004,36.41547,2087000
2015-12-31,40.799999,40.889998999999996,40.34,40.349998,35.803215,2047500
2016-01-04,40.25,40.470001,39.849998,40.450001,35.891949,4051600
2016-01-05,40.259997999999996,40.759997999999996,40.240002000000004,40.68,36.096030999999996,3138800
2016-01-06,40.200001,40.470001,40.029999,40.240002000000004,35.705612,2708200
2016-01-07,39.25,39.560001,38.93,39.009997999999996,34.614208000000005,4635400
2016-01-08,40.110001000000004,40.27,39.380001,39.419998,34.978008,5258300
2016-01-11,39.73,39.830002,38.869999,39.290001000000004,34.862667,4603900
2016-01-12,39.450001,39.560001,38.939999,39.450001,35.004630999999996,3554700
2016-01-13,40.07,40.220001,39.119999,39.16,34.747310999999996,3522600
2016-01-14,39.599998,40.419998,39.400002,40.279999,35.741096,3924200
2016-01-15,38.880001,39.330002,38.599998,38.900002,34.516609,5671300
2016-01-19,39.860001000000004,39.880001,38.919998,39.279999,34.853790000000004,4574300
2016-01-20,38.919998,39.209998999999996,37.970001,38.950001,34.560974,4855400
2016-01-21,38.790001000000004,39.32,38.400002,39.040001000000004,34.640831,3971400
2016-01-22,39.779999,40.099998,39.73,40.029999,35.519271999999994,3099500
2016-01-25,40.139998999999996,40.240002000000004,39.639998999999996,39.68,35.208714,2878100
2016-01-26,40.48,40.860001000000004,40.09,40.830002,36.22913,4602500
2016-01-27,41.049999,41.139998999999996,40.349998,40.599998,36.025047,3607600
2016-01-28,40.529999,40.889998999999996,39.939999,40.639998999999996,36.060534999999994,5344800
2016-01-29,40.529999,41.310001,40.41,41.290001000000004,36.637295,4139300
2016-02-01,40.740002000000004,41.549999,40.650002,41.380001,36.717155,2985900
2016-02-02,41.130001,41.18,40.68,40.900002,36.291241,3345200
2016-02-03,42.279999,42.299999,41.549999,42.049999,37.311661,6393800
2016-02-04,41.349998,41.639998999999996,40.610001000000004,40.98,36.362225,6320200
2016-02-05,40.93,40.950001,40.459998999999996,40.759997999999996,36.167015,3431400
2016-02-08,39.93,39.990002000000004,38.91,39.470001,35.022381,7857500
2016-02-09,39.09,39.630001,39.049999,39.34,34.907028000000004,6797300
2016-02-10,39.310001,39.650002,39.049999,39.130001,34.720692,5805400
2016-02-11,39.389998999999996,39.529999,38.799999,39.150002,34.738440999999995,5879700
2016-02-12,38.950001,39.77,38.91,39.759997999999996,35.279697,3815600
2016-02-16,40.32,40.639998999999996,40.049999,40.459998999999996,35.900818,4126300
2016-02-17,39.259997999999996,39.52,39.209998999999996,39.400002,35.536503,5423600
2016-02-18,39.34,39.740002000000004,39.240002000000004,39.369999,35.509440999999995,5243700
2016-02-19,39.349998,39.830002,39.150002,39.759997999999996,35.861191,4054700
2016-02-22,39.360001000000004,39.610001000000004,39.27,39.360001000000004,35.500423,2856000
2016-02-23,38.939999,39.119999,38.59,38.639998999999996,34.851025,3184900
2016-02-24,37.959998999999996,38.610001000000004,37.82,38.540001000000004,34.76083,3720900
2016-02-25,39.07,39.509997999999996,38.950001,39.5,35.626698,3595000
2016-02-26,39.32,39.419998,39.07,39.139998999999996,35.301994,2999300
2016-02-29,38.93,39.099998,38.59,38.669998,34.878082,2901700
2016-03-01,39.349998,39.669998,39.16,39.66,35.771008,3415200
2016-03-02,39.060001,39.43,38.959998999999996,39.400002,35.536503,2819600
2016-03-03,38.639998999999996,39.240002000000004,38.630001,39.18,35.338074,4166000
2016-03-04,38.860001000000004,39.349998,38.830002,39.139998999999996,35.301994,4579900
2016-03-07,38.720001,39.549999,38.650002,39.32,35.46434,4482200
2016-03-08,39.41,39.880001,39.310001,39.709998999999996,35.816105,3980600
2016-03-09,39.900002,40.09,39.830002,39.98,36.059624,2860500
2016-03-10,40.07,40.299999,39.5,39.700001,35.807091,3367000
2016-03-11,40.0,40.419998,39.939999,40.349998,36.393341,2648300
2016-03-14,40.400002,40.549999,40.23,40.419998,36.456478000000004,2378400
2016-03-15,40.25,40.259997999999996,39.880001,40.009997999999996,36.086681,2895200
2016-03-16,39.630001,40.18,39.580002,40.049999,36.122761,2566700
2016-03-17,40.209998999999996,40.84,40.0,40.740002000000004,36.745106,3708400
2016-03-18,40.07,40.299999,39.959998999999996,40.080002,36.149826000000004,4713200
2016-03-21,39.860001000000004,40.150002,39.830002,39.970001,36.050606,2949100
2016-03-22,39.299999,39.900002,39.279999,39.799999,35.897273999999996,3775500
2016-03-23,39.650002,39.709998999999996,39.299999,39.369999,35.509440999999995,4748900
2016-03-24,39.32,39.599998,39.25,39.560001,35.680809,2662700
2016-03-28,39.639998999999996,39.759997999999996,39.48,39.549999,35.671791,1321100
2016-03-29,39.630001,40.279999,39.419998,40.240002000000004,36.294136,2273600
2016-03-30,40.59,40.889998999999996,40.580002,40.700001,36.709026,2546100
2016-03-31,40.5,40.880001,40.459998999999996,40.549999,36.573738,2865100
2016-04-01,39.790001000000004,40.41,39.759997999999996,40.34,36.384327,4958100
2016-04-04,40.790001000000004,41.040001000000004,40.68,40.970001,36.952549,3826300
2016-04-05,40.48,40.610001000000004,40.220001,40.360001000000004,36.402363,4053700
2016-04-06,40.709998999999996,41.720001,40.709998999999996,41.68,37.592926,4686000
2016-04-07,41.290001000000004,41.830002,41.27,41.529999,37.457634000000006,4033600
2016-04-08,41.599998,41.68,41.360001000000004,41.549999,37.475674,3062200
2016-04-11,41.959998999999996,41.990002000000004,41.619999,41.639998999999996,37.55685,2964500
2016-04-12,41.98,42.34,41.66,42.279999,38.13409,3890400
2016-04-13,42.349998,42.57,42.150002,42.52,38.350559000000004,4875200
2016-04-14,42.560001,42.779999,42.360001000000004,42.639998999999996,38.458794,4377000
2016-04-15,42.889998999999996,43.02,42.709998999999996,42.880001,38.675255,4050700
2016-04-18,42.77,43.240002000000004,42.77,43.16,38.927799,2531100
2016-04-19,43.200001,43.389998999999996,43.119999,43.290001000000004,39.045052,2842800
2016-04-20,42.790001000000004,43.279999,42.759997999999996,43.02,38.801533,2866900
2016-04-21,42.939999,43.310001,42.919998,43.150002,38.918789000000004,3177900
2016-04-22,43.0,43.130001,42.720001,43.07,38.84663,2450700
2016-04-25,43.0,43.09,42.860001000000004,42.970001,38.756432000000004,1709100
2016-04-26,42.66,42.799999,42.540001000000004,42.709998999999996,38.521927000000005,3032100
2016-04-27,43.630001,43.709998999999996,43.23,43.470001,39.207401000000004,4385700
2016-04-28,43.450001,43.66,43.18,43.360001000000004,39.108189,3403100
2016-04-29,43.209998999999996,43.330002,42.68,42.91,38.702309,3023600
2016-05-02,43.080002,43.32,43.0,43.290001000000004,39.045052,2558600
2016-05-03,43.290001000000004,43.459998999999996,43.0,43.139998999999996,38.90976,4350500
2016-05-04,42.259997999999996,42.450001,42.169998,42.349998,38.197224,3360800
2016-05-05,42.209998999999996,42.540001000000004,42.139998999999996,42.419998,38.260365,3387600
2016-05-06,42.110001000000004,42.240002000000004,41.810001,42.130001,37.998806,2646900
2016-05-09,42.279999,42.68,42.259997999999996,42.549999,38.377617,2904100
2016-05-10,42.700001,43.040001000000004,42.540001000000004,43.02,38.801533,5029800
2016-05-11,42.23,42.59,42.200001,42.240002000000004,38.546196,3492600
2016-05-12,42.77,42.790001000000004,41.970001,42.07,38.391059999999996,2905500
2016-05-13,41.810001,42.16,41.790001000000004,41.91,38.245049,2048800
2016-05-16,41.720001,42.400002,41.700001,42.349998,38.646572,3118200
2016-05-17,42.400002,42.459998999999996,41.98,42.080002,38.400185,2025600
2016-05-18,42.400002,42.650002,42.150002,42.43,38.719574,2190800
2016-05-19,42.099998,42.119999,41.43,41.82,38.162921999999995,2859300
2016-05-20,41.950001,42.18,41.919998,42.009997999999996,38.336304,2538200
2016-05-23,42.07,42.200001,41.919998,42.009997999999996,38.336304,1630700
2016-05-24,42.580002,42.790001000000004,42.540001000000004,42.709998999999996,38.97509,2622300
2016-05-25,43.110001000000004,43.23,42.880001,43.119999,39.349232,2647500
2016-05-26,43.0,43.189999,42.959998999999996,43.09,39.321865,1848700
2016-05-27,42.720001,42.950001,42.68,42.75,39.011589,2043900
2016-05-31,42.68,42.740002000000004,42.25,42.369999,38.664818,2664900
2016-06-01,42.369999,42.369999,42.009997999999996,42.16,38.473186,2837300
2016-06-02,42.0,42.43,41.950001,42.41,38.701321,2780900
2016-06-03,42.82,42.950001,42.369999,42.889998999999996,39.139351,3052000
2016-06-06,42.919998,43.139998999999996,42.709998999999996,42.849998,39.102848,2649000
2016-06-07,42.799999,42.93,42.689999,42.700001,38.965973,2534900
2016-06-08,42.540001000000004,42.650002,42.369999,42.509997999999996,38.792583,2559000
2016-06-09,41.860001000000004,42.23,41.84,42.060001,38.381931,2967900
2016-06-10,41.029999,41.18,40.77,40.93,37.35075,6676100
2016-06-13,40.799999,41.220001,40.790001000000004,40.830002,37.259495,4271700
2016-06-14,40.23,40.400002,39.759997999999996,40.049999,36.547707,5240000
2016-06-15,40.509997999999996,40.669998,40.0,40.040001000000004,36.538578,4505500
2016-06-16,39.73,40.619999,39.630001,40.57,37.022232,5160800
2016-06-17,40.580002,40.59,40.060001,40.330002,36.803219,4012200
2016-06-20,42.27,42.279999,41.43,41.490002000000004,37.861782,5765900
2016-06-21,41.779999,41.98,41.540001000000004,41.650002,38.00779,4041600
2016-06-22,41.700001,42.299999,41.700001,41.759997999999996,38.108166,3348600
2016-06-23,42.57,42.59,41.98,42.560001,38.838207000000004,3259000
2016-06-24,40.509997999999996,41.77,40.48,40.799999,37.232121,9547100
2016-06-27,40.220001,40.470001,39.66,40.139998999999996,36.629833000000005,6798600
2016-06-28,40.889998999999996,41.419998,40.779999,41.330002,37.715775,4148500
2016-06-29,42.400002,42.66,42.02,42.459998999999996,38.746956,5007400
2016-06-30,42.52,43.34,42.450001,43.34,39.550003000000004,4657700
2016-07-01,42.790001000000004,43.220001,42.709998999999996,43.169998,39.394867,3181800
2016-07-05,43.380001,43.720001,43.349998,43.5,39.696007,4216900
2016-07-06,43.080002,43.700001,42.990002000000004,43.650002,39.832893,3213900
2016-07-07,43.779999,43.799999,43.209998999999996,43.34,39.550003000000004,3457100
2016-07-08,43.150002,43.599998,43.080002,43.380001,39.586498,2173000
2016-07-11,43.560001,43.779999,43.400002,43.52,39.714259999999996,2970300
2016-07-12,43.700001,43.869999,43.5,43.720001,39.896770000000004,4978200
2016-07-13,43.950001,44.16,43.610001000000004,43.75,39.924145,3541700
2016-07-14,44.130001,44.139998999999996,43.669998,43.869999,40.033649,4031700
2016-07-15,44.080002,44.189999,43.810001,43.919998,40.079277000000005,2941700
2016-07-18,43.98,44.310001,43.959998999999996,44.23,40.362171000000004,3352800
2016-07-19,43.880001,44.02,43.650002,43.709998999999996,39.887642,2479300
2016-07-20,44.16,44.299999,44.029999,44.099998,40.243534000000004,2215700
2016-07-21,43.849998,43.98,43.57,43.599998,39.787262,3064700
2016-07-22,43.869999,43.98,43.77,43.880001,40.042774,2285300
2016-07-25,43.93,44.060001,43.650002,44.040001000000004,40.188789,2057600
2016-07-26,44.32,44.41,43.91,44.16,40.29829,3352500
2016-07-27,44.889998999999996,45.240002000000004,44.75,45.119999,41.174343,5954100
2016-07-28,45.450001,45.450001,44.919998,45.18,41.229095,3732300
2016-07-29,45.189999,45.380001,44.849998,45.07,41.128716,2978300
2016-08-01,45.080002,45.43,44.889998999999996,45.25,41.292976,2972700
2016-08-02,45.490002000000004,45.580002,45.209998999999996,45.490002000000004,41.511993,2356400
2016-08-03,44.709998999999996,45.130001,44.700001,45.029999,41.092209000000004,2761600
2016-08-04,44.869999,45.209998999999996,44.830002,45.080002,41.137848,1748700
2016-08-05,44.490002000000004,44.93,44.490002000000004,44.889998999999996,40.964451000000004,2735800
2016-08-08,44.18,44.450001,44.139998999999996,44.41,40.526432,4597800
2016-08-09,44.060001,44.509997999999996,44.049999,44.400002,40.517303000000005,2429900
2016-08-10,44.369999,44.369999,43.98,44.130001,40.698551,2331100
2016-08-11,44.25,44.41,44.150002,44.389998999999996,40.938328000000006,1930000
2016-08-12,44.450001,44.490002000000004,44.029999,44.169998,40.735434999999995,2369000
2016-08-15,44.389998999999996,44.59,44.330002,44.400002,40.947552,2042300
2016-08-16,44.419998,44.59,44.32,44.32,40.873775,2197300
2016-08-17,44.5,44.509997999999996,44.07,44.389998999999996,40.938328000000006,1751700
2016-08-18,44.52,44.580002,44.360001000000004,44.490002000000004,41.030559999999994,1526900
2016-08-19,44.02,44.169998,43.900002,44.16,40.726212,2321500
2016-08-22,43.889998999999996,44.290001000000004,43.880001,44.119999,40.689323,1874300
2016-08-23,44.470001,44.5,44.200001,44.41,40.956776,2490900
2016-08-24,44.450001,44.540001000000004,43.82,43.900002,40.486439000000004,2605900
2016-08-25,44.0,44.099998,43.650002,43.740002000000004,40.338879,2259900
2016-08-26,43.790001000000004,44.189999,43.43,43.549999,40.163647,3571000
2016-08-29,43.540001000000004,43.700001,43.389998999999996,43.610001000000004,40.218983,2131500
2016-08-30,43.439999,43.59,43.349998,43.360001000000004,39.988419,1914100
2016-08-31,43.380001,43.509997999999996,43.25,43.459998999999996,40.080647,2370400
2016-09-01,43.07,43.189999,42.880001,42.98,39.63797,3220800
2016-09-02,43.889998999999996,44.459998999999996,43.759997999999996,44.259997999999996,40.818439,3915200
2016-09-06,44.080002,44.200001,43.880001,43.990002000000004,40.569439,2944200
2016-09-07,43.73,44.02,43.73,43.82,40.412655,3081000
2016-09-08,43.66,43.810001,43.560001,43.650002,40.255878,2376000
2016-09-09,42.91,43.0,42.5,42.5,39.195293,3425600
2016-09-12,42.5,43.349998,42.48,43.299999,39.93309,3214500
2016-09-13,43.029999,43.07,42.43,42.509997999999996,39.204514,3655100
2016-09-14,43.009997999999996,43.23,42.810001,43.150002,39.794754,2719600
2016-09-15,43.130001,43.619999,42.950001,43.540001000000004,40.154423,1907300
2016-09-16,43.080002,43.220001,42.700001,42.880001,39.54575,3206100
2016-09-19,43.459998999999996,43.509997999999996,43.220001,43.299999,39.93309,2192500
2016-09-20,43.32,43.41,43.02,43.060001,39.711754,2581800
2016-09-21,42.990002000000004,43.259997999999996,42.639998999999996,43.209998999999996,39.850086,3228000
2016-09-22,43.619999,43.869999,43.529999,43.580002,40.191315,1899100
2016-09-23,43.200001,43.529999,43.18,43.419998,40.043755,2128100
2016-09-26,43.09,43.099998,42.869999,42.959998999999996,39.619521999999996,2057000
2016-09-27,42.830002,43.34,42.720001,43.32,39.95153,2084800
2016-09-28,43.720001,43.779999,43.299999,43.669998,40.274315,1969000
2016-09-29,43.639998999999996,43.669998,42.759997999999996,42.900002,39.56419,3449100
2016-09-30,42.900002,43.27,42.82,43.130001,39.776309999999995,2598400
2016-10-03,43.220001,43.279999,42.98,43.220001,39.85931,2368200
2016-10-04,43.889998999999996,43.919998,43.23,43.439999,40.062199,3260600
2016-10-05,43.330002,43.439999,43.200001,43.330002,39.960758,2088500
2016-10-06,42.889998999999996,43.0,42.77,42.900002,39.56419,1711200
2016-10-07,42.779999,43.009997999999996,42.68,42.959998999999996,39.619521999999996,2177700
2016-10-10,42.950001,43.16,42.939999,43.040001000000004,39.693302,1556900
2016-10-11,42.849998,42.869999,42.049999,42.139998999999996,38.863285,3022700
2016-10-12,42.130001,42.189999,41.849998,42.080002,38.807953000000005,2347900
2016-10-13,41.639998999999996,42.580002,41.599998,42.389998999999996,39.093849,3863000
2016-10-14,41.93,42.029999,41.68,41.68,38.439053,3538600
2016-10-17,41.310001,41.5,41.189999,41.189999,37.987156,3856000
2016-10-18,41.610001000000004,41.799999,41.540001000000004,41.759997999999996,38.512833,2483600
2016-10-19,41.529999,41.709998999999996,41.439999,41.490002000000004,38.263832,2309000
2016-10-20,41.110001000000004,41.599998,41.09,41.43,38.208496000000004,3432200
2016-10-21,41.009997999999996,41.25,40.959998999999996,41.130001,37.931828,2301700
2016-10-24,40.900002,41.02,40.650002,40.68,37.516815,3094100
2016-10-25,40.450001,40.509997999999996,40.189999,40.32,37.184803,6494700
2016-10-26,39.740002000000004,40.48,39.560001,40.34,37.203255,5428900
2016-10-27,40.560001,40.709998999999996,40.099998,40.419998,37.277027000000004,4985200
2016-10-28,40.389998999999996,40.439999,40.009997999999996,40.139998999999996,37.018803000000005,4250600
2016-10-31,39.799999,40.150002,39.610001000000004,40.009997999999996,36.898911,3762200
2016-11-01,39.869999,40.110001000000004,39.639998999999996,39.849998,36.75135,4376300
2016-11-02,39.869999,39.91,39.43,39.490002000000004,36.846596000000005,4918400
2016-11-03,39.630001,39.669998,38.720001,38.740002000000004,36.146805,4225600
2016-11-04,38.779999,38.880001,38.560001,38.630001,36.044167,4027100
2016-11-07,38.889998999999996,39.0,38.759997999999996,38.84,36.240108,3327400
2016-11-08,38.990002000000004,39.400002,38.93,39.139998999999996,36.520027,3150300
2016-11-09,40.18,40.599998,39.599998,40.400002,37.695683,7359600
2016-11-10,39.669998,40.16,39.419998,39.900002,37.229153000000004,5776900
2016-11-11,39.369999,39.619999,39.07,39.189999,36.566681,5681500
2016-11-14,39.029999,39.080002,38.810001,38.98,36.370734999999996,3105200
2016-11-15,38.73,38.990002000000004,38.599998,38.93,36.324085,3964100
2016-11-16,38.560001,38.880001,38.099998,38.18,35.624287,8710700
2016-11-17,38.279999,38.52,38.209998999999996,38.450001,35.876213,6254600
2016-11-18,38.290001000000004,38.34,38.049999,38.110001000000004,35.558975,3429700
2016-11-21,38.360001000000004,38.459998999999996,38.23,38.43,35.857555,3060500
2016-11-22,38.52,38.59,37.849998,38.040001000000004,35.493664,3673700
2016-11-23,37.740002000000004,38.139998999999996,37.650002,38.099998,35.549640999999994,4048300
2016-11-25,38.990002000000004,38.990002000000004,38.75,38.860001000000004,36.25877,3027500
2016-11-28,38.490002000000004,38.57,38.279999,38.290001000000004,35.726925,3321900
2016-11-29,38.310001,38.369999,38.169998,38.27,35.708267,4381600
2016-11-30,38.150002,38.209998999999996,37.77,37.790001000000004,35.260391,5655900
2016-12-01,37.580002,37.68,37.360001000000004,37.43,34.924496000000005,4802700
2016-12-02,37.540001000000004,37.849998,37.459998999999996,37.700001,35.176418,3910800
2016-12-05,37.82,37.849998,37.560001,37.669998,35.148422,3828900
2016-12-06,37.5,37.799999,37.48,37.689999,35.167088,3639600
2016-12-07,37.470001,37.630001,37.200001,37.549999,35.036460999999996,4975200
2016-12-08,37.41,37.509997999999996,37.200001,37.389998999999996,34.887169,5410000
2016-12-09,37.68,37.869999,37.59,37.790001000000004,35.260391,6515500
2016-12-12,37.75,37.959998999999996,37.709998999999996,37.82,35.288387,3855100
2016-12-13,38.279999,38.700001,38.23,38.450001,35.876213,4567200
2016-12-14,38.310001,38.470001,37.939999,37.959998999999996,35.419014000000004,3834900
2016-12-15,38.34,38.34,38.029999,38.119999,35.568302,4052800
2016-12-16,38.43,38.619999,38.279999,38.540001000000004,35.960194,5009300
2016-12-19,38.349998,38.57,38.259997999999996,38.310001,35.74559,3332200
2016-12-20,38.389998999999996,38.43,38.18,38.299999,35.736256,3490600
2016-12-21,38.25,38.369999,38.119999,38.130001,35.577633,3084600
2016-12-22,38.310001,38.450001,38.09,38.279999,35.717594,3425900
2016-12-23,38.200001,38.419998,38.200001,38.349998,35.782909000000004,1968200
2016-12-27,38.349998,38.470001,38.25,38.279999,35.717594,2349300
2016-12-28,38.360001000000004,38.450001,38.139998999999996,38.16,35.605629,2909000
2016-12-29,38.459998999999996,38.599998,38.34,38.439999,35.866882000000004,3319300
2016-12-30,38.650002,38.740002000000004,38.41,38.509997999999996,35.932194,2902300
2017-01-03,38.549999,38.869999,38.450001,38.84,36.240108,3869700
2017-01-04,38.900002,39.169998,38.830002,39.09,36.473372999999995,2987700
2017-01-05,39.200001,39.790001000000004,39.18,39.73,37.070534,3020400
2017-01-06,39.360001000000004,39.5,39.34,39.380001,36.743965,2891200
2017-01-09,39.23,39.599998,39.200001,39.43,36.790619,3822800
2017-01-10,39.389998999999996,39.470001,39.299999,39.34,36.706641999999995,3084500
2017-01-11,39.27,39.360001000000004,38.759997999999996,39.049999,36.43605,5387000
2017-01-12,38.939999,39.150002,38.799999,39.009997999999996,36.398724,4240500
2017-01-13,38.959998999999996,39.330002,38.849998,39.220001,36.594673,3228100
2017-01-17,39.240002000000004,39.369999,38.939999,39.299999,36.669315000000005,3998800
2017-01-18,38.939999,39.07,38.810001,38.889998999999996,36.286758,3011600
2017-01-19,39.0,39.080002,38.669998,38.75,36.156136,3872500
2017-01-20,38.669998,38.75,38.549999,38.720001,36.128147,2250000
2017-01-23,38.77,38.98,38.560001,38.919998,36.314754,3496600
2017-01-24,38.73,38.790001000000004,38.509997999999996,38.73,36.137474,2961800
2017-01-25,39.099998,39.099998,38.779999,38.880001,36.277431,4886000
2017-01-26,38.939999,38.959998999999996,38.75,38.82,36.221447,3251100
2017-01-27,38.77,38.869999,38.619999,38.73,36.137474,2746500
2017-01-30,38.77,39.009997999999996,38.68,39.0,36.3894,3700400
2017-01-31,38.779999,39.349998,38.77,39.310001,36.678653999999995,3490700
2017-02-01,39.59,39.59,39.150002,39.459998999999996,36.818607,3575300
2017-02-02,39.259997999999996,39.419998,39.130001,39.299999,36.669315000000005,2763200
2017-02-03,39.290001000000004,39.41,39.240002000000004,39.32,36.687977000000004,2717500
2017-02-06,39.23,39.59,39.200001,39.560001,36.911919,2549400
2017-02-07,39.41,39.650002,39.389998999999996,39.459998999999996,36.818607,4079100
2017-02-08,39.299999,39.860001000000004,39.25,39.75,37.089199,3883400
2017-02-09,39.75,40.32,39.75,40.02,37.341122,3930600
2017-02-10,39.98,40.459998999999996,39.900002,40.279999,37.583721000000004,3685500
2017-02-13,40.200001,40.299999,39.919998,39.990002000000004,37.313128999999996,6614200
2017-02-14,39.880001,40.119999,39.790001000000004,40.110001000000004,37.425098,4515200
2017-02-15,39.98,40.580002,39.93,40.57,37.854305,4084600
2017-02-16,41.099998,41.18,40.860001000000004,40.919998,38.180878,4413300
2017-02-17,41.02,41.34,40.880001,41.34,38.572762,4272900
2017-02-21,41.419998,41.75,41.310001,41.630001,38.843353,5968800
2017-02-22,40.970001,41.240002000000004,40.939999,41.029999,38.820477000000004,3784600
2017-02-23,41.259997999999996,41.610001000000004,41.16,41.490002000000004,39.255711,2855500
2017-02-24,41.25,41.560001,41.18,41.560001,39.321938,3197300
2017-02-27,41.23,41.669998,41.209998999999996,41.57,39.331402000000004,2760200
2017-02-28,41.470001,41.709998999999996,41.419998,41.48,39.24625,2751200
2017-03-01,41.41,41.639998999999996,41.209998999999996,41.380001,39.15163,2913100
2017-03-02,41.470001,41.830002,41.380001,41.66,39.416553,2481300
2017-03-03,41.75,42.029999,41.720001,41.990002000000004,39.728783,2931500
2017-03-06,41.77,41.959998999999996,41.75,41.82,39.56794,2410200
2017-03-07,41.150002,41.57,41.119999,41.439999,39.208401,3102500
2017-03-08,41.09,41.360001000000004,41.07,41.130001,38.915096000000005,3351200
2017-03-09,41.139998999999996,41.490002000000004,41.139998999999996,41.450001,39.217861,2271900
2017-03-10,41.349998,41.459998999999996,41.279999,41.369999,39.14217,2623700
2017-03-13,41.540001000000004,41.720001,41.490002000000004,41.650002,39.407092999999996,2172700
2017-03-14,41.509997999999996,41.790001000000004,41.509997999999996,41.73,39.482784,2440600
2017-03-15,41.639998999999996,42.029999,41.619999,42.0,39.738243,3125900
2017-03-16,42.330002,42.389998999999996,42.119999,42.259997999999996,39.984241,2771600
2017-03-17,42.330002,42.43,42.220001,42.27,39.993702,2386500
2017-03-20,42.23,42.450001,42.23,42.32,40.041012,3399900
2017-03-21,42.439999,42.560001,42.279999,42.32,40.041012,2851700
2017-03-22,42.259997999999996,42.419998,42.150002,42.279999,40.003161999999996,2071500
2017-03-23,42.220001,42.580002,42.18,42.310001,40.031548,1778200
2017-03-24,42.240002000000004,42.389998999999996,42.200001,42.310001,40.031548,2009600
2017-03-27,42.509997999999996,42.82,42.470001,42.689999,40.391087,2057700
2017-03-28,42.610001000000004,42.669998,42.369999,42.41,40.126166999999995,1911800
2017-03-29,42.169998,42.77,42.150002,42.73,40.428932,4902400
2017-03-30,42.740002000000004,42.759997999999996,42.369999,42.48,40.192398,2619600
2017-03-31,42.259997999999996,42.439999,42.16,42.16,39.889629,3943000
2017-04-03,41.970001,42.220001,41.779999,42.029999,39.766628000000004,3651700
2017-04-04,41.799999,42.080002,41.77,42.040001000000004,39.776089,2832800
2017-04-05,42.040001000000004,42.360001000000004,41.919998,41.93,39.672012,3328300
2017-04-06,41.490002000000004,41.59,41.349998,41.419998,39.189476,3352300
2017-04-07,41.419998,41.580002,41.23,41.470001,39.236785999999995,3670000
2017-04-10,41.48,41.580002,41.27,41.299999,39.075943,2345300
2017-04-11,41.57,41.810001,41.450001,41.779999,39.53009,3215100
2017-04-12,41.810001,41.939999,41.720001,41.860001000000004,39.605785,1508400
2017-04-13,41.75,41.93,41.700001,41.810001,39.558475,2684700
2017-04-17,41.779999,41.959998999999996,41.740002000000004,41.84,39.586861,1588200
2017-04-18,41.459998999999996,41.5,41.02,41.279999,39.057018,2477300
2017-04-19,41.099998,41.119999,40.82,40.84,38.640713,3496100
2017-04-20,40.889998999999996,40.91,40.709998999999996,40.709998999999996,38.517712,3459700
2017-04-21,40.66,40.799999,40.599998,40.779999,38.583939,3235400
2017-04-24,41.139998999999996,41.25,41.029999,41.119999,38.905632000000004,3125500
2017-04-25,41.439999,41.75,41.299999,41.48,39.24625,3489000
2017-04-26,41.119999,41.349998,40.66,40.68,38.489329999999995,4181600
2017-04-27,40.52,40.919998,40.450001,40.779999,38.583939,3439500
2017-04-28,40.669998,40.93,40.639998999999996,40.900002,38.697483,2308500
2017-05-01,40.98,41.02,40.82,40.830002,38.631252,1548900
2017-05-02,41.130001,41.43,41.009997999999996,41.419998,39.189476,3022800
2017-05-03,41.119999,41.240002000000004,41.040001000000004,41.16,38.943481,2197100
2017-05-04,41.41,41.759997999999996,41.389998999999996,41.75,39.501705,2702300
2017-05-05,41.77,41.799999,41.669998,41.779999,39.53009,2263300
2017-05-08,42.110001000000004,42.110001000000004,41.639998999999996,41.700001,39.454399,2801500
2017-05-09,41.98,42.0,41.759997999999996,41.93,39.672012,3220900
2017-05-10,42.0,42.299999,41.84,42.279999,40.474403,3889400
2017-05-11,42.240002000000004,42.779999,42.23,42.610001000000004,40.79031,4245600
2017-05-12,43.0,43.43,42.970001,43.259997999999996,41.412552000000005,4536300
2017-05-15,43.099998,43.389998999999996,43.07,43.389998999999996,41.536999,2671900
2017-05-16,43.459998999999996,43.68,43.330002,43.419998,41.565715999999995,3227600
2017-05-17,43.66,43.810001,43.220001,43.23,41.383831,2981700
2017-05-18,43.0,43.32,42.880001,43.240002000000004,41.393406,3763300
2017-05-19,43.279999,43.639998999999996,43.27,43.599998,41.738029,2744200
2017-05-22,43.450001,43.599998,43.23,43.299999,41.450844000000004,3394300
2017-05-23,43.110001000000004,43.330002,42.900002,42.959998999999996,41.125362,3319900
2017-05-24,42.900002,43.060001,42.869999,42.950001,41.115790999999994,1858700
2017-05-25,42.57,42.720001,42.380001,42.57,40.752022,4635900
2017-05-26,42.84,42.91,42.580002,42.669998,40.847747999999996,4963600
2017-05-30,43.220001,43.689999,43.169998,43.41,41.556149,4189300
2017-05-31,44.049999,44.540001000000004,44.0,44.23,42.341125,5760400
2017-06-01,44.18,44.459998999999996,44.139998999999996,44.290001000000004,42.398567,2987200
2017-06-02,44.330002,44.439999,44.18,44.369999,42.475147,1891600
2017-06-05,44.189999,44.290001000000004,43.970001,44.169998,42.283688,1643200
2017-06-06,44.200001,44.27,43.959998999999996,44.02,42.140095,2676500
2017-06-07,44.049999,44.110001000000004,43.73,43.98,42.101803000000004,2512200
2017-06-08,43.939999,44.080002,43.669998,43.790001000000004,41.919918,2579200
2017-06-09,43.400002,43.73,43.360001000000004,43.509997999999996,41.651871,3174600
2017-06-12,43.509997999999996,43.509997999999996,43.200001,43.369999,41.517853,2568900
2017-06-13,43.360001000000004,43.48,43.259997999999996,43.299999,41.450844000000004,2144500
2017-06-14,43.549999,43.830002,43.529999,43.619999,41.757179,3252000
2017-06-15,43.25,43.560001,43.150002,43.43,41.575294,2122900
2017-06-16,43.68,43.900002,43.509997999999996,43.82,41.948639,1920500
2017-06-19,43.75,43.93,43.720001,43.779999,41.910343,2436100
2017-06-20,43.700001,43.740002000000004,43.290001000000004,43.380001,41.527431,3500200
2017-06-21,43.27,43.619999,43.220001,43.619999,41.757179,3146000
2017-06-22,43.900002,44.450001,43.880001,44.16,42.274117,2781600
2017-06-23,44.23,44.380001,44.099998,44.290001000000004,42.398567,1981100
2017-06-26,44.240002000000004,44.439999,44.049999,44.07,42.187958,2184600
2017-06-27,44.040001000000004,44.099998,43.869999,43.91,42.034794,1992200
2017-06-28,43.959998999999996,44.02,43.599998,43.700001,41.833763,2074800
2017-06-29,43.549999,43.549999,43.02,43.259997999999996,41.412552000000005,3051800
2017-06-30,43.16,43.310001,42.939999,43.119999,41.278526,1663300
2017-07-03,42.669998,42.830002,42.619999,42.77,40.943481,1420100
2017-07-05,42.349998,42.68,42.279999,42.66,40.838177,3243900
2017-07-06,42.169998,42.330002,41.939999,42.259997999999996,40.455257,2781400
2017-07-07,42.240002000000004,42.330002,42.099998,42.259997999999996,40.455257,1483900
2017-07-10,42.150002,42.34,42.110001000000004,42.209998999999996,40.407394000000004,1684200
2017-07-11,42.0,42.150002,41.799999,42.009997999999996,40.215934999999995,1847900
2017-07-12,42.580002,42.759997999999996,42.509997999999996,42.52,40.704155,1856100
2017-07-13,42.549999,42.669998,42.279999,42.5,40.685009,2109900
2017-07-14,42.689999,42.880001,42.599998,42.75,40.924332,2011300
2017-07-17,42.669998,42.73,42.110001000000004,42.259997999999996,40.455257,2323900
2017-07-18,42.279999,42.439999,42.16,42.43,40.618,1880300
2017-07-19,42.599998,42.810001,42.400002,42.419998,40.608421,1771200
2017-07-20,42.68,42.950001,42.669998,42.77,40.943481,2959300
2017-07-21,42.790001000000004,42.830002,42.369999,42.66,40.838177,2280100
2017-07-24,42.07,42.310001,42.029999,42.240002000000004,40.436111,2990100
2017-07-25,42.150002,42.200001,41.810001,41.959998999999996,40.168068,3378400
2017-07-26,41.41,41.48,40.790001000000004,40.849998,39.105476,4652400
2017-07-27,40.709998999999996,40.790001000000004,40.5,40.75,39.009743,3672900
2017-07-28,40.290001000000004,40.970001,40.279999,40.93,39.182056,6233200
2017-07-31,40.790001000000004,40.860001000000004,40.459998999999996,40.52,38.789566,5326900
2017-08-01,40.830002,40.900002,40.59,40.610001000000004,38.875721,2444800
2017-08-02,40.700001,40.830002,40.560001,40.75,39.009743,1815500
2017-08-03,40.91,40.919998,40.560001,40.689999,38.952304999999996,2898600
2017-08-04,40.599998,40.700001,40.450001,40.529999,38.799141,2476300
2017-08-07,40.400002,40.459998999999996,40.220001,40.299999,38.578959999999995,2706400
2017-08-08,40.25,40.330002,40.119999,40.150002,38.435368,2272300
2017-08-09,39.529999,39.59,39.27,39.529999,38.315559,3262200
2017-08-10,39.349998,39.389998999999996,38.880001,38.900002,37.704914,3208800
2017-08-11,38.799999,39.060001,38.619999,38.790001000000004,37.598293,2329200
2017-08-14,38.970001,39.080002,38.919998,39.009997999999996,37.811531,1734700
2017-08-15,39.049999,39.150002,38.889998999999996,38.950001,37.75338,2217900
2017-08-16,39.310001,39.369999,39.16,39.240002000000004,38.03447,2011400
2017-08-17,39.43,39.52,39.029999,39.049999,37.850304,2808600
2017-08-18,38.959998999999996,38.98,38.709998999999996,38.75,37.559521000000004,2459700
2017-08-21,38.75,38.82,38.599998,38.68,37.491673,2051700
2017-08-22,38.860001000000004,39.169998,38.84,39.130001,37.927849,1940100
2017-08-23,39.360001000000004,39.41,39.169998,39.32,38.112010999999995,2572100
2017-08-24,39.630001,39.709998999999996,39.389998999999996,39.459998999999996,38.247707,3247000
2017-08-25,39.560001,39.68,39.459998999999996,39.470001,38.257404,1643900
2017-08-28,39.709998999999996,39.740002000000004,39.27,39.459998999999996,38.247707,2381100
2017-08-29,39.16,39.389998999999996,39.07,39.32,38.112010999999995,2460600
2017-08-30,39.799999,39.849998,39.610001000000004,39.740002000000004,38.519112,2972000
2017-08-31,39.830002,40.25,39.82,40.23,38.994053,2956900
2017-09-01,40.259997999999996,40.349998,40.139998999999996,40.200001,38.964973,2973900
2017-09-05,39.82,39.98,39.709998999999996,39.889998999999996,38.664501,3921900
2017-09-06,39.779999,40.130001,39.779999,40.0,38.771118,2571300
2017-09-07,40.07,40.240002000000004,40.0,40.150002,38.916512,3007900
2017-09-08,39.970001,40.099998,39.830002,40.049999,38.81958,2015200
2017-09-11,39.959998999999996,40.279999,39.91,40.27,39.032825,3879500
2017-09-12,40.299999,40.48,40.279999,40.369999,39.129749,4349900
2017-09-13,40.200001,40.279999,40.0,40.099998,38.868046,2715900
2017-09-14,40.07,40.380001,40.0,40.349998,39.110363,2650400
2017-09-15,40.299999,40.34,40.080002,40.240002000000004,39.00375,3006700
2017-09-18,40.080002,40.099998,39.91,40.049999,38.81958,3539400
2017-09-19,39.849998,39.919998,39.700001,39.919998,38.693577000000005,3798400
2017-09-20,39.939999,40.189999,39.860001000000004,40.18,38.945591,4007700
2017-09-21,40.189999,40.490002000000004,40.169998,40.330002,39.090984000000006,5038600
2017-09-22,40.630001,40.740002000000004,40.380001,40.580002,39.333302,2769000
2017-09-25,40.450001,40.689999,40.400002,40.650002,39.401154,4429400
2017-09-26,40.549999,40.639998999999996,40.27,40.41,39.168521999999996,3287600
2017-09-27,40.400002,40.59,40.330002,40.389998999999996,39.149139,3599300
2017-09-28,40.599998,40.639998999999996,40.380001,40.380001,39.139446,3788400
2017-09-29,40.529999,40.610001000000004,40.400002,40.599998,39.352688,3118500
2017-10-02,40.599998,41.080002,40.599998,40.91,39.65316,2237800
2017-10-03,41.0,41.049999,40.849998,40.939999,39.68224,4059000
2017-10-04,40.880001,40.900002,40.650002,40.799999,39.546543,5537400
2017-10-05,40.540001000000004,40.720001,40.509997999999996,40.66,39.410843,2766900
2017-10-06,40.529999,40.619999,40.470001,40.610001000000004,39.362377,2771800
2017-10-09,40.68,40.709998999999996,40.529999,40.599998,39.352688,3559700
2017-10-10,40.549999,40.84,40.529999,40.779999,39.527157,3733800
2017-10-11,40.720001,40.91,40.59,40.860001000000004,39.604698,4049700
2017-10-12,40.82,41.110001000000004,40.790001000000004,41.02,39.759781,4153000
2017-10-13,41.049999,41.110001000000004,40.919998,41.009997999999996,39.750088,4354600
2017-10-16,40.939999,41.0,40.639998999999996,40.860001000000004,39.604698,4132400
2017-10-17,40.77,40.900002,40.59,40.830002,39.575623,4775200
2017-10-18,40.939999,41.099998,40.91,41.009997999999996,39.750088,3416000
2017-10-19,40.990002000000004,41.240002000000004,40.98,41.099998,39.837326000000004,3248800
2017-10-20,40.720001,40.93,40.669998,40.84,39.585316,8971900
2017-10-23,40.66,40.849998,40.580002,40.619999,39.37207,6872900
2017-10-24,40.439999,40.490002000000004,40.130001,40.48,39.236374,4375300
2017-10-25,39.580002,39.59,37.799999,38.189999,37.016723999999996,21606300
2017-10-26,37.290001000000004,37.400002,36.509997999999996,36.599998,35.475574,13477000
2017-10-27,36.360001000000004,36.529999,36.16,36.23,35.116943,6897500
2017-10-30,36.68,36.93,36.57,36.689999,35.562809,7094000
2017-10-31,36.73,36.77,36.189999,36.43,35.310798999999996,7578900
2017-11-01,36.549999,36.68,36.189999,36.200001,35.087864,4577600
2017-11-02,35.970001,36.34,35.860001000000004,35.950001,34.845543,8412000
2017-11-03,36.130001,36.299999,36.029999,36.150002,35.039398,4174100
2017-11-06,36.240002000000004,36.27,36.060001,36.139998999999996,35.029709000000004,3561700
2017-11-07,35.82,35.959998999999996,35.700001,35.82,34.719536,4916300
2017-11-08,36.099998,36.580002,36.09,36.48,35.359261,5529000
2017-11-09,35.939999,35.990002000000004,35.57,35.77,35.156525,7691000
2017-11-10,35.549999,35.549999,35.080002,35.299999,34.694588,5959900
2017-11-13,35.02,35.419998,34.970001,35.09,34.48819,5182300
2017-11-14,35.0,35.139998999999996,34.860001000000004,34.98,34.380074,4431100
2017-11-15,34.959998999999996,35.060001,34.720001,34.880001,34.281791999999996,4245700
2017-11-16,35.049999,35.290001000000004,35.029999,35.189999,34.586472,4088300
2017-11-17,35.060001,35.150002,34.880001,35.060001,34.458706,2585200
2017-11-20,35.209998999999996,35.32,35.099998,35.119999,34.517672999999995,4281700
2017-11-21,34.93,35.110001000000004,34.810001,34.810001,34.212990000000005,5125000
2017-11-22,35.200001,35.220001,34.970001,35.060001,34.458706,4224000
2017-11-24,35.02,35.189999,34.970001,35.040001000000004,34.439045,1743500
2017-11-27,35.849998,35.919998,35.490002000000004,35.549999,34.9403,5474000
2017-11-28,35.900002,35.990002000000004,35.77,35.919998,35.303951,5200800
2017-11-29,35.610001000000004,35.830002,35.380001,35.470001,34.861671,4579900
2017-11-30,35.27,35.450001,34.959998999999996,35.060001,34.458706,5241200
2017-12-01,35.490002000000004,35.619999,35.150002,35.32,34.714245,5393200
2017-12-04,35.400002,35.560001,35.0,35.0,34.399731,4234800
2017-12-05,34.889998999999996,35.169998,34.82,34.860001000000004,34.262135,5995400
2017-12-06,34.759997999999996,35.029999,34.52,34.66,34.065563,5772000
2017-12-07,34.779999,34.889998999999996,34.669998,34.84,34.242477,6522700
2017-12-08,34.939999,35.18,34.880001,35.169998,34.566814,4530300
2017-12-11,35.349998,35.470001,35.25,35.310001,34.704418,3844600
2017-12-12,35.509997999999996,35.59,35.459998999999996,35.52,34.910812,4654800
2017-12-13,35.77,35.849998,35.459998999999996,35.580002,34.969788,6856900
2017-12-14,35.470001,35.490002000000004,35.150002,35.240002000000004,34.635616,7247100
2017-12-15,35.040001000000004,35.119999,34.830002,34.990002000000004,34.389904,6998200
2017-12-18,35.490002000000004,35.5,35.279999,35.299999,34.694588,6595900
2017-12-19,35.459998999999996,35.529999,35.310001,35.360001000000004,34.753559,5315600
2017-12-20,35.700001,35.709998999999996,35.32,35.349998,34.743728999999995,4777700
2017-12-21,35.470001,35.740002000000004,35.450001,35.549999,34.9403,4333700
2017-12-22,35.389998999999996,35.400002,35.110001000000004,35.130001,34.527504,3372600
2017-12-26,35.099998,35.529999,35.07,35.369999,34.763386,3351900
2017-12-27,35.59,35.709998999999996,35.439999,35.560001,34.95013,3970200
2017-12-28,35.66,35.709998999999996,35.43,35.5,34.891155,4805900
2017-12-29,35.610001000000004,35.799999,35.470001,35.470001,34.861671,3671100
2018-01-02,36.130001,36.990002000000004,36.049999,36.93,36.296631,9465500
2018-01-03,36.98,37.049999,36.709998999999996,36.790001000000004,36.159034999999996,6600800
2018-01-04,36.939999,36.98,36.720001,36.860001000000004,36.227833000000004,5206400
2018-01-05,37.299999,37.509997999999996,37.119999,37.509997999999996,36.866684,7250700
2018-01-08,37.509997999999996,37.59,37.119999,37.400002,36.758571999999994,5909100
2018-01-09,36.98,37.099998,36.689999,36.950001,36.316288,5285600
2018-01-10,36.439999,36.610001000000004,36.32,36.400002,35.775723,5303100
2018-01-11,36.610001000000004,36.849998,36.490002000000004,36.84,36.208176,4567400
2018-01-12,37.259997999999996,37.599998,37.240002000000004,37.5,36.856857,4999700
2018-01-16,37.759997999999996,38.119999,37.689999,37.919998,37.26965,7438900
2018-01-17,38.189999,38.259997999999996,38.040001000000004,38.150002,37.495708,6390300
2018-01-18,37.98,38.18,37.98,38.169998,37.515361999999996,4316200
2018-01-19,38.139998999999996,38.32,37.98,38.200001,37.544849,3478100
2018-01-22,38.369999,38.560001,38.27,38.560001,37.898678000000004,4231900
2018-01-23,38.77,38.98,38.549999,38.689999,38.026443,3553000
2018-01-24,38.630001,38.91,38.509997999999996,38.650002,37.987133,5018100
2018-01-25,38.919998,39.27,38.209998999999996,38.360001000000004,37.702106,4696700
2018-01-26,38.939999,39.049999,38.779999,39.040001000000004,38.370445000000004,4289600
2018-01-29,38.580002,38.59,38.310001,38.470001,37.810219000000004,3943000
2018-01-30,38.360001000000004,38.48,38.029999,38.110001000000004,37.456394,3753700
2018-01-31,38.150002,38.189999,37.439999,37.509997999999996,36.866684,4677700
2018-02-01,37.689999,37.84,37.57,37.59,36.945313,3251300
2018-02-02,37.5,37.57,37.09,37.099998,36.463715,3343800
2018-02-05,36.43,36.490002000000004,35.470001,35.490002000000004,34.881329,6254400
2018-02-06,35.0,36.310001,34.889998999999996,35.990002000000004,35.372753,9096700
2018-02-07,35.360001000000004,36.540001000000004,35.32,36.029999,35.412067,6675700
2018-02-08,37.48,37.509997999999996,36.16,36.169998,35.549664,7331500
2018-02-09,36.220001,36.709998999999996,35.57,36.490002000000004,35.864178,5872300
2018-02-12,36.290001000000004,36.48,36.18,36.27,35.647949,5910500
2018-02-13,36.25,36.540001000000004,36.18,36.459998999999996,35.83469,3964100
2018-02-14,36.209998999999996,36.91,36.150002,36.82,36.188519,3443100
2018-02-15,37.209998999999996,37.419998,36.990002000000004,37.310001,36.670116,3306500
2018-02-16,37.25,37.970001,37.23,37.700001,37.053425,4690000
2018-02-20,37.709998999999996,37.799999,37.25,37.330002,36.689774,4077500
2018-02-21,37.349998,37.66,37.189999,37.200001,36.562,3459200
2018-02-22,36.66,36.900002,36.5,36.57,36.57,2938100
2018-02-23,36.709998999999996,36.900002,36.610001000000004,36.84,36.84,2781800
2018-02-26,36.799999,37.009997999999996,36.799999,37.0,37.0,2472200
2018-02-27,36.919998,36.939999,36.509997999999996,36.509997999999996,36.509997999999996,1825500
2018-02-28,36.869999,36.950001,36.310001,36.310001,36.310001,2463100
2018-03-01,36.450001,36.540001000000004,35.779999,35.970001,35.970001,2802300
2018-03-02,36.02,36.240002000000004,35.959998999999996,36.220001,36.220001,1812400
2018-03-05,36.380001,36.869999,36.349998,36.779999,36.779999,1476551
