Date,Open,High,Low,Close,Adj Close,Volume
2015-01-02,2.63,2.81,2.58,2.81,2.81,7980500
2015-01-05,2.85,3.03,2.8,3.02,3.02,14845300
2015-01-06,3.03,3.28,2.99,3.25,3.25,23421300
2015-01-07,3.13,3.24,2.93,3.13,3.13,13168800
2015-01-08,3.14,3.18,2.92,2.98,2.98,9033300
2015-01-09,2.97,3.04,2.86,2.95,2.95,13359500
2015-01-12,2.94,3.22,2.9,3.13,3.13,11770200
2015-01-13,3.2,3.23,2.93,2.98,2.98,10180800
2015-01-14,3.08,3.13,2.84,2.9,2.9,11130200
2015-01-15,3.05,3.09,2.93,3.01,3.01,12736500
2015-01-16,3.08,3.2,3.02,3.07,3.07,10931700
2015-01-20,3.13,3.36,3.1,3.32,3.32,11556800
2015-01-21,3.37,3.39,3.06,3.18,3.18,11707800
2015-01-22,3.23,3.25,3.1,3.11,3.11,13565700
2015-01-23,3.01,3.03,2.81,2.82,2.82,11007000
2015-01-26,2.74,2.8,2.61,2.8,2.8,11290300
2015-01-27,2.83,2.94,2.83,2.9,2.9,9128900
2015-01-28,2.85,2.87,2.6,2.65,2.65,8398500
2015-01-29,2.56,2.67,2.51,2.63,2.63,7143100
2015-01-30,2.61,2.71,2.58,2.67,2.67,9026300
2015-02-02,2.63,2.74,2.61,2.67,2.67,6945400
2015-02-03,2.64,2.72,2.55,2.55,2.55,8528300
2015-02-04,2.61,2.7,2.56,2.69,2.69,10038700
2015-02-05,2.68,2.7,2.6,2.65,2.65,6911700
2015-02-06,2.52,2.59,2.47,2.53,2.53,9158500
2015-02-09,2.58,2.58,2.49,2.51,2.51,5767800
2015-02-10,2.48,2.51,2.43,2.47,2.47,8359300
2015-02-11,2.47,2.48,2.35,2.37,2.37,6614700
2015-02-12,2.42,2.44,2.3,2.31,2.31,6688100
2015-02-13,2.35,2.37,2.23,2.23,2.23,12657100
2015-02-17,2.22,2.27,2.19,2.21,2.21,8013800
2015-02-18,2.23,2.34,2.17,2.33,2.33,6980500
2015-02-19,2.41,2.41,2.29,2.31,2.31,7602400
2015-02-20,2.31,2.4,2.29,2.33,2.33,8864700
2015-02-23,2.32,2.39,2.28,2.38,2.38,5260800
2015-02-24,2.35,2.36,2.26,2.28,2.28,8554900
2015-02-25,2.35,2.39,2.33,2.33,2.33,5430400
2015-02-26,2.37,2.42,2.35,2.36,2.36,4400100
2015-02-27,2.4,2.47,2.38,2.45,2.45,3563900
2015-03-02,2.47,2.51,2.37,2.39,2.39,3687300
2015-03-03,2.41,2.46,2.29,2.33,2.33,3522700
2015-03-04,2.32,2.35,2.21,2.24,2.24,5350100
2015-03-05,2.26,2.26,2.16,2.18,2.18,6068700
2015-03-06,2.06,2.1,2.02,2.04,2.04,6912300
2015-03-09,2.06,2.06,1.9,1.91,1.91,6280400
2015-03-10,1.9,1.95,1.75,1.81,1.81,7921900
2015-03-11,1.8,1.94,1.74,1.94,1.94,8093100
2015-03-12,2.01,2.03,1.92,1.97,1.97,7017500
2015-03-13,1.98,1.99,1.87,1.92,1.92,3909600
2015-03-16,1.92,1.97,1.82,1.93,1.93,5401000
2015-03-17,1.88,1.97,1.85,1.87,1.87,6585400
2015-03-18,1.86,2.0,1.81,1.96,1.96,6534000
2015-03-19,1.96,2.08,1.9,1.99,1.99,5739300
2015-03-20,2.02,2.11,2.01,2.03,2.03,16921500
2015-03-23,2.11,2.16,2.08,2.15,2.15,4167400
2015-03-24,2.18,2.19,2.1,2.18,2.18,2903700
2015-03-25,2.2,2.22,2.07,2.09,2.09,5094700
2015-03-26,2.14,2.19,2.05,2.06,2.06,6499300
2015-03-27,2.05,2.07,2.0,2.02,2.02,4399300
2015-03-30,1.97,1.98,1.88,1.88,1.88,5189200
2015-03-31,1.9,1.94,1.83,1.87,1.87,6454400
2015-04-01,1.92,2.03,1.9,2.03,2.03,5994400
2015-04-02,1.99,2.03,1.94,1.98,1.98,5439700
2015-04-06,2.09,2.12,2.04,2.1,2.1,3560000
2015-04-07,2.06,2.11,2.04,2.07,2.07,2400100
2015-04-08,2.07,2.08,1.99,2.03,2.03,4562900
2015-04-09,2.02,2.02,1.92,1.96,1.96,6225300
2015-04-10,2.02,2.07,1.98,2.02,2.02,5916700
2015-04-13,2.02,2.07,1.98,2.02,2.02,3663000
2015-04-14,2.03,2.09,2.01,2.08,2.08,4274300
2015-04-15,2.08,2.19,2.08,2.16,2.16,3232500
2015-04-16,2.19,2.21,2.07,2.12,2.12,4972300
2015-04-17,2.15,2.18,2.1,2.11,2.11,4560100
2015-04-20,2.11,2.18,2.08,2.18,2.18,3183000
2015-04-21,2.2,2.25,2.16,2.19,2.19,3890100
2015-04-22,2.18,2.22,2.1,2.1,2.1,3025300
2015-04-23,2.13,2.2,2.11,2.15,2.15,3237700
2015-04-24,2.13,2.17,2.08,2.12,2.12,3959700
2015-04-27,2.15,2.23,2.14,2.21,2.21,5333300
2015-04-28,2.22,2.29,2.19,2.28,2.28,3912300
2015-04-29,2.24,2.41,2.23,2.35,2.35,7112000
2015-04-30,2.23,2.29,2.2,2.24,2.24,5292100
2015-05-01,2.2,2.24,2.17,2.24,2.24,2821400
2015-05-04,2.3,2.34,2.26,2.28,2.28,2693100
2015-05-05,2.34,2.35,2.26,2.28,2.28,4690900
2015-05-06,2.28,2.34,2.1,2.13,2.13,4629000
2015-05-07,2.12,2.14,2.06,2.13,2.13,3136500
2015-05-08,2.15,2.19,2.1,2.18,2.18,3056400
2015-05-11,2.19,2.23,2.12,2.17,2.17,2909500
2015-05-12,2.19,2.24,2.17,2.22,2.22,3225500
2015-05-13,2.29,2.38,2.26,2.34,2.34,9598100
2015-05-14,2.36,2.43,2.3,2.32,2.32,6004000
2015-05-15,2.29,2.38,2.25,2.31,2.31,6493900
2015-05-18,2.32,2.36,2.29,2.29,2.29,2158800
2015-05-19,2.24,2.28,2.18,2.18,2.18,4480700
2015-05-20,2.2,2.22,2.15,2.15,2.15,3430000
2015-05-21,2.15,2.2,2.13,2.17,2.17,2821200
2015-05-22,2.15,2.19,2.12,2.14,2.14,3422300
2015-05-26,2.1,2.1,2.02,2.02,2.02,5054000
2015-05-27,2.02,2.04,1.98,2.0,2.0,3671300
2015-05-28,1.98,2.04,1.95,2.02,2.02,4835600
2015-05-29,2.02,2.07,2.0,2.03,2.03,2982900
2015-06-01,2.06,2.09,2.01,2.02,2.02,3787000
2015-06-02,2.04,2.07,2.01,2.06,2.06,2476800
2015-06-03,2.04,2.07,2.01,2.06,2.06,4293900
2015-06-04,2.03,2.05,2.01,2.05,2.05,2522500
2015-06-05,2.01,2.07,1.99,2.06,2.06,2653100
2015-06-08,2.08,2.16,2.06,2.16,2.16,3104200
2015-06-09,2.16,2.28,2.16,2.24,2.24,4583900
2015-06-10,2.29,2.35,2.24,2.33,2.33,6808000
2015-06-11,2.28,2.32,2.25,2.3,2.3,4057800
2015-06-12,2.27,2.34,2.27,2.31,2.31,3927500
2015-06-15,2.28,2.35,2.25,2.32,2.32,4278900
2015-06-16,2.3,2.34,2.27,2.28,2.28,3425400
2015-06-17,2.27,2.37,2.24,2.37,2.37,3627600
2015-06-18,2.42,2.44,2.35,2.37,2.37,3880200
2015-06-19,2.34,2.38,2.26,2.31,2.31,11991200
2015-06-22,2.25,2.29,2.18,2.18,2.18,6291200
2015-06-23,2.16,2.24,2.15,2.2,2.2,4020400
2015-06-24,2.18,2.26,2.15,2.25,2.25,4079200
2015-06-25,2.22,2.26,2.18,2.25,2.25,2550700
2015-06-26,2.22,2.26,2.17,2.19,2.19,4122200
2015-06-29,2.15,2.15,2.04,2.08,2.08,8338800
2015-06-30,2.05,2.08,1.99,2.0,2.0,5159800
2015-07-01,2.0,2.02,1.88,1.9,1.9,5232200
2015-07-02,1.96,1.99,1.89,1.92,1.92,5193400
2015-07-06,1.9,2.01,1.86,1.96,1.96,3499000
2015-07-07,1.91,1.93,1.84,1.9,1.9,7099900
2015-07-08,1.9,1.95,1.86,1.88,1.88,4393900
2015-07-09,1.91,1.91,1.85,1.87,1.87,3182900
2015-07-10,1.82,1.84,1.77,1.83,1.83,4709900
2015-07-13,1.77,1.87,1.7,1.86,1.86,9942900
2015-07-14,1.85,1.86,1.78,1.8,1.8,4136800
2015-07-15,1.78,1.78,1.69,1.72,1.72,6297100
2015-07-16,1.69,1.74,1.68,1.7,1.7,3208700
2015-07-17,1.68,1.68,1.53,1.55,1.55,7578600
2015-07-20,1.49,1.51,1.34,1.35,1.35,6660200
2015-07-21,1.4,1.43,1.15,1.35,1.35,10118400
2015-07-22,1.32,1.37,1.26,1.27,1.27,7087600
2015-07-23,1.31,1.32,1.2,1.22,1.22,7302400
2015-07-24,1.17,1.42,1.16,1.38,1.38,9850500
2015-07-27,1.39,1.5,1.32,1.34,1.34,7747000
2015-07-28,1.35,1.43,1.34,1.4,1.4,6720600
2015-07-29,1.4,1.47,1.39,1.44,1.44,5084700
2015-07-30,1.4,1.49,1.39,1.46,1.46,5541100
2015-07-31,1.47,1.61,1.46,1.52,1.52,7815000
2015-08-03,1.48,1.52,1.42,1.42,1.42,3201900
2015-08-04,1.45,1.5,1.37,1.4,1.4,4506300
2015-08-05,1.39,1.42,1.3,1.31,1.31,3757900
2015-08-06,1.35,1.52,1.32,1.49,1.49,8899800
2015-08-07,1.5,1.71,1.46,1.56,1.56,10484400
2015-08-10,1.56,1.65,1.53,1.65,1.65,8604200
2015-08-11,1.67,1.7,1.61,1.68,1.68,6933600
2015-08-12,1.74,1.9,1.72,1.9,1.9,10719400
2015-08-13,1.8,1.92,1.75,1.82,1.82,11115100
2015-08-14,1.87,1.9,1.69,1.78,1.78,8621700
2015-08-17,1.84,1.93,1.81,1.86,1.86,7256500
2015-08-18,1.79,1.86,1.74,1.77,1.77,5675300
2015-08-19,1.8,1.9,1.8,1.87,1.87,6134300
2015-08-20,1.95,2.0,1.92,1.92,1.92,7960000
2015-08-21,1.97,1.98,1.82,1.86,1.86,8463600
2015-08-24,1.8,1.89,1.67,1.68,1.68,6446400
2015-08-25,1.66,1.71,1.59,1.62,1.62,4537800
2015-08-26,1.57,1.57,1.44,1.45,1.45,5364600
2015-08-27,1.47,1.6,1.44,1.57,1.57,4259800
2015-08-28,1.58,1.72,1.58,1.71,1.71,4765900
2015-08-31,1.66,1.69,1.58,1.67,1.67,4881700
2015-09-01,1.71,1.76,1.57,1.57,1.57,3797200
2015-09-02,1.58,1.61,1.5,1.54,1.54,3730200
2015-09-03,1.5,1.61,1.5,1.53,1.53,3380700
2015-09-04,1.5,1.58,1.49,1.57,1.57,3190700
2015-09-08,1.57,1.61,1.51,1.54,1.54,4289500
2015-09-09,1.5,1.57,1.5,1.55,1.55,4958200
2015-09-10,1.56,1.58,1.43,1.45,1.45,7537600
2015-09-11,1.45,1.5,1.33,1.47,1.47,8900100
2015-09-14,1.43,1.57,1.43,1.56,1.56,8194900
2015-09-15,1.51,1.59,1.49,1.5,1.5,4306800
2015-09-16,1.55,1.65,1.53,1.64,1.64,7353200
2015-09-17,1.59,1.72,1.54,1.71,1.71,7444800
2015-09-18,1.77,1.81,1.72,1.79,1.79,10502500
2015-09-21,1.77,1.8,1.67,1.69,1.69,4928400
2015-09-22,1.65,1.66,1.6,1.61,1.61,3815600
2015-09-23,1.63,1.67,1.56,1.58,1.58,3165100
2015-09-24,1.61,1.72,1.61,1.71,1.71,4931400
2015-09-25,1.65,1.72,1.62,1.67,1.67,4929500
2015-09-28,1.6,1.64,1.54,1.55,1.55,5204700
2015-09-29,1.55,1.61,1.53,1.55,1.55,4701500
2015-09-30,1.51,1.64,1.48,1.63,1.63,4277000
2015-10-01,1.61,1.68,1.54,1.55,1.55,5625700
2015-10-02,1.62,1.68,1.59,1.67,1.67,4386300
2015-10-05,1.67,1.82,1.67,1.81,1.81,5879600
2015-10-06,1.84,1.98,1.84,1.92,1.92,9484900
2015-10-07,1.94,1.98,1.88,1.96,1.96,6911200
2015-10-08,1.91,2.0,1.85,1.85,1.85,11382200
2015-10-09,1.95,1.97,1.87,1.92,1.92,6229900
2015-10-12,1.97,1.97,1.82,1.84,1.84,4302500
2015-10-13,1.84,1.93,1.83,1.86,1.86,6117000
2015-10-14,1.92,2.09,1.89,2.08,2.08,9194000
2015-10-15,2.06,2.14,2.03,2.1,2.1,6284200
2015-10-16,2.09,2.17,2.03,2.05,2.05,7244800
2015-10-19,2.02,2.05,1.86,1.89,1.89,7704800
2015-10-20,1.92,2.07,1.92,2.03,2.03,6154200
2015-10-21,1.93,1.98,1.89,1.92,1.92,4639000
2015-10-22,1.9,2.02,1.9,2.02,2.02,6366300
2015-10-23,2.04,2.16,1.98,2.11,2.11,7281000
2015-10-26,2.05,2.08,1.96,1.99,1.99,6547900
2015-10-27,1.97,2.02,1.92,1.98,1.98,5330300
2015-10-28,2.03,2.09,1.88,1.9,1.9,6982600
2015-10-29,1.88,1.9,1.71,1.77,1.77,5707300
2015-10-30,1.76,1.82,1.74,1.8,1.8,2745600
2015-11-02,1.74,1.84,1.74,1.81,1.81,3265000
2015-11-03,1.76,1.8,1.73,1.75,1.75,5954600
2015-11-04,1.76,1.79,1.62,1.63,1.63,4684500
2015-11-05,1.64,1.64,1.54,1.55,1.55,5880200
2015-11-06,1.49,1.53,1.46,1.47,1.47,4296200
2015-11-09,1.49,1.52,1.42,1.51,1.51,7335400
2015-11-10,1.49,1.51,1.4,1.41,1.41,3707100
2015-11-11,1.42,1.49,1.41,1.47,1.47,3875400
2015-11-12,1.43,1.49,1.42,1.45,1.45,2305000
2015-11-13,1.43,1.49,1.43,1.47,1.47,2575000
2015-11-16,1.5,1.54,1.49,1.49,1.49,2134200
2015-11-17,1.46,1.48,1.38,1.41,1.41,3851900
2015-11-18,1.4,1.47,1.39,1.47,1.47,2788500
2015-11-19,1.49,1.55,1.48,1.54,1.54,4203600
2015-11-20,1.54,1.59,1.44,1.44,1.44,3619700
2015-11-23,1.42,1.46,1.41,1.45,1.45,1846900
2015-11-24,1.51,1.55,1.5,1.52,1.52,4094700
2015-11-25,1.49,1.56,1.47,1.55,1.55,2386500
2015-11-27,1.45,1.53,1.45,1.48,1.48,1347900
2015-11-30,1.48,1.55,1.48,1.52,1.52,4965000
2015-12-01,1.52,1.62,1.51,1.6,1.6,3021700
2015-12-02,1.55,1.62,1.52,1.56,1.56,2408700
2015-12-03,1.53,1.6,1.52,1.56,1.56,2979600
2015-12-04,1.57,1.67,1.57,1.67,1.67,4791300
2015-12-07,1.65,1.65,1.53,1.56,1.56,2918900
2015-12-08,1.54,1.54,1.45,1.48,1.48,4166500
2015-12-09,1.52,1.54,1.44,1.46,1.46,2847100
2015-12-10,1.45,1.5,1.45,1.47,1.47,3177900
2015-12-11,1.47,1.49,1.43,1.46,1.46,4778600
2015-12-14,1.45,1.48,1.38,1.39,1.39,3841600
2015-12-15,1.42,1.42,1.36,1.39,1.39,3950500
2015-12-16,1.42,1.47,1.4,1.44,1.44,4832300
2015-12-17,1.39,1.41,1.31,1.34,1.34,5423500
2015-12-18,1.38,1.4,1.33,1.38,1.38,7738700
2015-12-21,1.42,1.45,1.37,1.38,1.38,7362800
2015-12-22,1.39,1.41,1.38,1.38,1.38,1901700
2015-12-23,1.39,1.45,1.38,1.44,1.44,3239200
2015-12-24,1.47,1.5,1.43,1.47,1.47,1311100
2015-12-28,1.45,1.46,1.42,1.43,1.43,1152800
2015-12-29,1.43,1.47,1.41,1.47,1.47,2081700
2015-12-30,1.42,1.46,1.42,1.44,1.44,923400
2015-12-31,1.44,1.47,1.41,1.42,1.42,2035200
2016-01-04,1.46,1.55,1.44,1.55,1.55,5410400
2016-01-05,1.54,1.59,1.54,1.59,1.59,3851100
2016-01-06,1.6,1.65,1.59,1.64,1.64,3841800
2016-01-07,1.67,1.71,1.62,1.67,1.67,4239900
2016-01-08,1.61,1.69,1.59,1.68,1.68,4082800
2016-01-11,1.65,1.68,1.51,1.53,1.53,4092100
2016-01-12,1.51,1.55,1.45,1.53,1.53,3161100
2016-01-13,1.51,1.59,1.46,1.51,1.51,5046400
2016-01-14,1.48,1.49,1.37,1.37,1.37,3242100
2016-01-15,1.43,1.43,1.34,1.35,1.35,3084000
2016-01-19,1.35,1.36,1.15,1.15,1.15,7394400
2016-01-20,1.19,1.27,1.15,1.27,1.27,5639800
2016-01-21,1.25,1.26,1.16,1.23,1.23,5594400
2016-01-22,1.21,1.35,1.2,1.32,1.32,4693900
2016-01-25,1.35,1.39,1.26,1.29,1.29,2711400
2016-01-26,1.32,1.43,1.32,1.42,1.42,4380900
2016-01-27,1.41,1.51,1.4,1.5,1.5,4649500
2016-01-28,1.47,1.49,1.4,1.42,1.42,7810200
2016-01-29,1.42,1.48,1.4,1.45,1.45,4976800
2016-02-01,1.51,1.56,1.48,1.51,1.51,4158500
2016-02-02,1.51,1.54,1.44,1.46,1.46,5068100
2016-02-03,1.46,1.6,1.46,1.6,1.6,7648900
2016-02-04,1.63,1.75,1.63,1.74,1.74,7209900
2016-02-05,1.67,1.88,1.64,1.87,1.87,7653600
2016-02-08,1.93,2.05,1.93,2.0,2.0,10910800
2016-02-09,2.06,2.11,1.91,1.91,1.91,8633700
2016-02-10,1.88,2.07,1.82,2.06,2.06,6690000
2016-02-11,2.3,2.38,2.15,2.27,2.27,12713800
2016-02-12,2.15,2.43,2.13,2.43,2.43,7867700
2016-02-16,2.27,2.36,2.16,2.2,2.2,7192700
2016-02-17,2.21,2.29,2.15,2.28,2.28,6284100
2016-02-18,2.24,2.52,2.21,2.47,2.47,8889000
2016-02-19,2.4,2.57,2.4,2.46,2.46,9842900
2016-02-22,2.33,2.46,2.3,2.35,2.35,7878300
2016-02-23,2.4,2.48,2.32,2.37,2.37,4986700
2016-02-24,2.43,2.48,2.31,2.38,2.38,6808500
2016-02-25,2.38,2.45,2.3,2.42,2.42,5064000
2016-02-26,2.35,2.43,2.26,2.37,2.37,6478400
2016-02-29,2.39,2.45,2.36,2.42,2.42,4273500
2016-03-01,2.44,2.47,2.27,2.3,2.3,5980600
2016-03-02,2.3,2.4,2.26,2.34,2.34,5282900
2016-03-03,2.36,2.6,2.36,2.57,2.57,6164500
2016-03-04,2.57,2.77,2.34,2.4,2.4,17413900
2016-03-07,2.46,2.53,2.33,2.36,2.36,12656600
2016-03-08,2.39,2.41,2.18,2.2,2.2,9665800
2016-03-09,2.12,2.18,2.05,2.15,2.15,8645000
2016-03-10,2.2,2.32,2.17,2.28,2.28,6108300
2016-03-11,2.3,2.33,2.17,2.2,2.2,4147800
2016-03-14,2.22,2.25,2.07,2.08,2.08,5317700
2016-03-15,2.05,2.1,1.95,2.08,2.08,5471900
2016-03-16,2.02,2.29,1.99,2.27,2.27,5359500
2016-03-17,2.35,2.37,2.16,2.18,2.18,6262100
2016-03-18,2.18,2.22,2.11,2.14,2.14,13446600
2016-03-21,2.12,2.27,2.1,2.16,2.16,6826000
2016-03-22,2.23,2.27,2.17,2.19,2.19,3657500
2016-03-23,2.08,2.19,2.02,2.02,2.02,5264000
2016-03-24,2.04,2.12,2.01,2.07,2.07,3179600
2016-03-28,2.07,2.12,2.02,2.06,2.06,2669500
2016-03-29,2.07,2.24,2.04,2.21,2.21,5503000
2016-03-30,2.19,2.24,2.12,2.2,2.2,6930900
2016-03-31,2.26,2.3,2.17,2.21,2.21,3037100
2016-04-01,2.14,2.26,2.1,2.26,2.26,4267400
2016-04-04,2.26,2.27,2.16,2.17,2.17,3204100
2016-04-05,2.22,2.28,2.16,2.28,2.28,3938700
2016-04-06,2.24,2.29,2.21,2.26,2.26,2923700
2016-04-07,2.32,2.39,2.3,2.37,2.37,4455300
2016-04-08,2.36,2.53,2.35,2.52,2.52,7753600
2016-04-11,2.64,2.84,2.61,2.81,2.81,7936000
2016-04-12,2.83,2.97,2.75,2.92,2.92,8906800
2016-04-13,2.81,2.94,2.79,2.81,2.81,6249700
2016-04-14,2.78,2.84,2.6,2.67,2.67,5877600
2016-04-15,2.72,2.9,2.67,2.86,2.86,5218100
2016-04-18,2.93,2.94,2.81,2.85,2.85,5532800
2016-04-19,2.98,3.15,2.94,3.12,3.12,7264600
2016-04-20,3.11,3.2,2.93,2.94,2.94,8539100
2016-04-21,3.09,3.12,2.95,3.01,3.01,7833500
2016-04-22,2.99,3.09,2.91,2.95,2.95,4947500
2016-04-25,2.96,3.02,2.87,2.9,2.9,4472000
2016-04-26,2.94,3.06,2.86,3.04,3.04,4433600
2016-04-27,3.11,3.11,2.95,3.01,3.01,4286400
2016-04-28,3.05,3.2,3.04,3.18,3.18,7066900
2016-04-29,3.3,3.43,3.27,3.4,3.4,9277300
2016-05-02,3.46,3.5,3.31,3.35,3.35,9978700
2016-05-03,3.38,3.41,3.17,3.21,3.21,7754900
2016-05-04,3.12,3.35,3.1,3.18,3.18,6696300
2016-05-05,3.32,3.45,3.3,3.35,3.35,7817100
2016-05-06,3.42,3.71,3.41,3.66,3.66,9875000
2016-05-09,3.44,3.53,3.39,3.4,3.4,5320800
2016-05-10,3.43,3.61,3.33,3.6,3.6,5040000
2016-05-11,3.72,3.86,3.61,3.84,3.84,9976500
2016-05-12,3.82,3.92,3.75,3.8,3.8,10037300
2016-05-13,3.79,3.95,3.75,3.79,3.79,6143800
2016-05-16,3.92,4.01,3.79,3.85,3.85,6506200
2016-05-17,3.85,4.05,3.78,4.02,4.02,6853400
2016-05-18,3.88,3.98,3.59,3.62,3.62,11120500
2016-05-19,3.43,3.7,3.36,3.68,3.68,6561700
2016-05-20,3.71,3.76,3.49,3.62,3.62,7678600
2016-05-23,3.52,3.64,3.42,3.54,3.54,6025300
2016-05-24,3.41,3.49,3.25,3.26,3.26,8628700
2016-05-25,3.21,3.45,3.16,3.4,3.4,7519300
2016-05-26,3.49,3.54,3.34,3.37,3.37,5782600
2016-05-27,3.31,3.37,3.17,3.17,3.17,6298400
2016-05-31,3.17,3.36,3.14,3.26,3.26,5650500
2016-06-01,3.31,3.38,3.19,3.28,3.28,5122000
2016-06-02,3.24,3.32,3.21,3.25,3.25,3890000
2016-06-03,3.51,3.79,3.48,3.76,3.76,7538000
2016-06-06,3.76,3.8,3.63,3.78,3.78,7420700
2016-06-07,3.72,3.8,3.68,3.69,3.69,5422000
2016-06-08,3.9,4.03,3.87,3.92,3.92,8017300
2016-06-09,3.92,3.98,3.86,3.95,3.95,8317700
2016-06-10,3.99,4.09,3.86,3.88,3.88,6858200
2016-06-13,4.02,4.04,3.73,3.85,3.85,6388400
2016-06-14,3.87,3.89,3.62,3.71,3.71,9506500
2016-06-15,3.73,4.0,3.67,3.97,3.97,9198600
2016-06-16,4.1,4.14,3.79,3.9,3.9,12652100
2016-06-17,3.96,4.05,3.85,3.86,3.86,30399700
2016-06-20,3.76,3.97,3.74,3.93,3.93,9469900
2016-06-21,3.82,3.88,3.77,3.82,3.82,10627900
2016-06-22,3.84,3.98,3.73,3.98,3.98,9256100
2016-06-23,3.93,4.04,3.9,4.01,4.01,9801400
2016-06-24,4.35,4.46,4.18,4.27,4.27,11781400
2016-06-27,4.4,4.46,4.15,4.38,4.38,10507700
2016-06-28,4.2,4.3,4.12,4.2,4.2,13733800
2016-06-29,4.27,4.31,4.17,4.19,4.19,10307000
2016-06-30,4.27,4.32,4.12,4.14,4.14,12583500
2016-07-01,4.28,4.49,4.23,4.47,4.47,10130000
2016-07-05,4.53,4.68,4.43,4.61,4.61,10031700
2016-07-06,4.73,4.82,4.61,4.73,4.73,11576900
2016-07-07,4.64,4.71,4.54,4.58,4.58,6885700
2016-07-08,4.57,4.89,4.52,4.84,4.84,10127400
2016-07-11,4.79,4.95,4.72,4.86,4.86,8637100
2016-07-12,4.82,4.92,4.65,4.68,4.68,11527000
2016-07-13,4.81,4.9,4.7,4.8,4.8,9534500
2016-07-14,4.69,4.84,4.59,4.78,4.78,9954700
2016-07-15,4.69,4.86,4.67,4.73,4.73,7381600
2016-07-18,4.79,4.91,4.76,4.88,4.88,11576200
2016-07-19,4.88,4.93,4.76,4.77,4.77,7374400
2016-07-20,4.63,4.67,4.42,4.45,4.45,9245900
2016-07-21,4.5,4.78,4.45,4.77,4.77,10088000
2016-07-22,4.7,4.75,4.55,4.62,4.62,11041900
2016-07-25,4.51,4.57,4.39,4.43,4.43,10976900
2016-07-26,4.49,4.69,4.44,4.63,4.63,12970100
2016-07-27,4.73,5.04,4.66,5.0,5.0,16166500
2016-07-28,5.04,5.09,4.81,5.01,5.01,13441400
2016-07-29,5.1,5.25,5.05,5.17,5.17,13042200
2016-08-01,5.18,5.28,5.06,5.22,5.22,8220600
2016-08-02,5.32,5.38,5.26,5.3,5.3,13527500
2016-08-03,5.27,5.3,5.15,5.28,5.28,10378000
2016-08-04,5.31,5.87,5.31,5.75,5.75,11857900
2016-08-05,5.53,5.6,5.4,5.54,5.54,10111000
2016-08-08,5.62,5.81,5.5,5.68,5.68,12265300
2016-08-09,5.12,5.19,5.06,5.1,5.1,21899600
2016-08-10,5.18,5.25,5.12,5.15,5.15,20696700
2016-08-11,5.18,5.28,5.05,5.08,5.08,15766100
2016-08-12,5.18,5.23,4.98,5.0,5.0,17661100
2016-08-15,5.04,5.08,4.86,4.93,4.93,21358900
2016-08-16,4.96,5.02,4.86,4.87,4.87,16615100
2016-08-17,4.81,4.91,4.65,4.8,4.8,20264900
2016-08-18,4.82,4.87,4.73,4.83,4.83,12729200
2016-08-19,4.71,4.82,4.64,4.7,4.7,14073100
2016-08-22,4.58,4.7,4.55,4.58,4.58,11587200
2016-08-23,4.66,4.66,4.26,4.37,4.37,20305000
2016-08-24,4.28,4.29,3.9,3.91,3.91,21977700
2016-08-25,3.89,4.05,3.82,3.99,3.99,11834700
2016-08-26,4.07,4.15,3.8,3.9,3.9,17202000
2016-08-29,3.86,4.04,3.82,4.0,4.0,12372400
2016-08-30,3.95,3.99,3.76,3.82,3.82,9242800
2016-08-31,3.76,3.84,3.7,3.7,3.7,16392600
2016-09-01,3.73,3.82,3.66,3.76,3.76,23816500
2016-09-02,3.94,4.09,3.85,4.07,4.07,15758100
2016-09-06,4.22,4.35,4.14,4.32,4.32,15218300
2016-09-07,4.34,4.35,4.12,4.27,4.27,10831500
2016-09-08,4.27,4.34,4.12,4.18,4.18,8335600
2016-09-09,4.1,4.13,3.89,3.91,3.91,7248000
2016-09-12,3.84,4.45,3.83,4.42,4.42,22669800
2016-09-13,4.33,4.36,4.0,4.1,4.1,15785700
2016-09-14,4.2,4.33,4.14,4.19,4.19,13628400
2016-09-15,4.2,4.26,4.04,4.15,4.15,10113300
2016-09-16,4.08,4.25,3.99,3.99,3.99,32492800
2016-09-19,4.05,4.2,4.05,4.12,4.12,7162900
2016-09-20,4.2,4.22,4.08,4.18,4.18,5588800
2016-09-21,4.29,4.51,4.23,4.51,4.51,10673400
2016-09-22,4.59,4.65,4.27,4.31,4.31,9827300
2016-09-23,4.31,4.36,4.09,4.12,4.12,7342100
2016-09-26,4.19,4.28,4.15,4.16,4.16,5969500
2016-09-27,4.1,4.18,4.04,4.1,4.1,6692100
2016-09-28,4.03,4.32,4.03,4.28,4.28,7507900
2016-09-29,4.22,4.28,4.12,4.21,4.21,5813600
2016-09-30,4.3,4.31,4.03,4.05,4.05,10761200
2016-10-03,4.05,4.1,3.85,3.93,3.93,5399300
2016-10-04,3.75,3.75,3.45,3.45,3.45,13380100
2016-10-05,3.55,3.57,3.3,3.41,3.41,13685000
2016-10-06,3.22,3.36,3.19,3.22,3.22,12773800
2016-10-07,3.32,3.39,3.14,3.28,3.28,11184400
2016-10-10,3.32,3.38,3.26,3.37,3.37,5732900
2016-10-11,3.36,3.37,3.23,3.28,3.28,7057600
2016-10-12,3.28,3.42,3.26,3.38,3.38,9764200
2016-10-13,3.4,3.56,3.32,3.46,3.46,10650500
2016-10-14,3.4,3.49,3.36,3.37,3.37,9179000
2016-10-17,3.39,3.47,3.31,3.43,3.43,6857200
2016-10-18,3.53,3.69,3.46,3.66,3.66,6973900
2016-10-19,3.84,3.9,3.75,3.87,3.87,11373200
2016-10-20,3.91,4.01,3.78,4.01,4.01,7612100
2016-10-21,3.98,4.14,3.93,4.1,4.1,8786600
2016-10-24,4.16,4.18,3.97,4.06,4.06,9730900
2016-10-25,4.08,4.3,4.07,4.23,4.23,6799800
2016-10-26,4.23,4.25,3.98,4.06,4.06,5365000
2016-10-27,4.05,4.1,3.88,3.93,3.93,5848800
2016-10-28,3.92,4.03,3.81,3.93,3.93,7689200
2016-10-31,3.95,4.02,3.85,4.01,4.01,4651100
2016-11-01,4.13,4.23,4.08,4.15,4.15,5450100
2016-11-02,4.29,4.33,3.93,3.94,3.94,10057900
2016-11-03,3.93,4.18,3.9,4.18,4.18,7406200
2016-11-04,4.17,4.24,4.07,4.21,4.21,7873800
2016-11-07,4.03,4.04,3.91,3.97,3.97,5897200
2016-11-08,4.23,4.52,4.16,4.3,4.3,14943400
2016-11-09,4.65,4.66,4.19,4.35,4.35,13665100
2016-11-10,4.24,4.26,3.78,3.84,3.84,13325600
2016-11-11,3.84,3.91,3.54,3.59,3.59,9831200
2016-11-14,3.54,3.85,3.46,3.72,3.72,11174300
2016-11-15,3.74,3.99,3.73,3.95,3.95,7747700
2016-11-16,3.95,3.97,3.8,3.83,3.83,6804800
2016-11-17,3.85,3.98,3.61,3.7,3.7,9533200
2016-11-18,3.61,3.7,3.56,3.69,3.69,8396400
2016-11-21,3.78,3.88,3.73,3.77,3.77,5830400
2016-11-22,3.8,3.89,3.67,3.87,3.87,9203400
2016-11-23,3.65,3.69,3.51,3.59,3.59,9547300
2016-11-25,3.6,3.66,3.54,3.64,3.64,4104000
2016-11-28,3.77,3.8,3.64,3.75,3.75,7270300
2016-11-29,3.69,3.81,3.62,3.76,3.76,6788400
2016-11-30,3.72,3.74,3.65,3.67,3.67,5234700
2016-12-01,3.65,3.83,3.55,3.68,3.68,7583700
2016-12-02,3.75,3.89,3.73,3.86,3.86,9047000
2016-12-05,3.8,3.98,3.7,3.92,3.92,8712300
2016-12-06,3.93,4.05,3.84,3.86,3.86,6403000
2016-12-07,3.96,4.04,3.85,3.91,3.91,8438000
2016-12-08,3.95,3.95,3.83,3.95,3.95,5992600
2016-12-09,3.9,3.92,3.68,3.73,3.73,10247600
2016-12-12,3.78,3.95,3.71,3.86,3.86,9377300
2016-12-13,3.86,3.97,3.76,3.94,3.94,11423100
2016-12-14,3.99,4.08,3.56,3.56,3.56,16665300
2016-12-15,3.47,3.47,3.16,3.21,3.21,17174800
2016-12-16,3.29,3.42,3.21,3.32,3.32,17927200
2016-12-19,3.35,3.45,3.29,3.34,3.34,13570200
2016-12-20,3.26,3.4,3.2,3.4,3.4,7624500
2016-12-21,3.42,3.45,3.31,3.33,3.33,7397200
2016-12-22,3.31,3.35,3.21,3.25,3.25,9440600
2016-12-23,3.26,3.4,3.26,3.37,3.37,11217200
2016-12-27,3.45,3.57,3.4,3.55,3.55,8485300
2016-12-28,3.47,3.68,3.42,3.66,3.66,15788500
2016-12-29,3.71,4.03,3.69,4.02,4.02,23250700
2016-12-30,4.06,4.21,3.83,3.85,3.85,21022500
2017-01-03,3.86,4.14,3.86,4.14,4.14,14940400
2017-01-04,4.18,4.22,4.07,4.21,4.21,8947300
2017-01-05,4.31,4.72,4.31,4.68,4.68,16712500
2017-01-06,4.56,4.74,4.27,4.44,4.44,14783300
2017-01-09,4.57,4.74,4.48,4.53,4.53,14054900
2017-01-10,4.5,4.72,4.48,4.58,4.58,9579800
2017-01-11,4.52,4.61,4.33,4.5,4.5,16626600
2017-01-12,4.68,4.7,4.43,4.46,4.46,8520900
2017-01-13,4.34,4.49,4.31,4.44,4.44,7905600
2017-01-17,4.66,4.66,4.54,4.59,4.59,9472700
2017-01-18,4.6,4.64,4.38,4.43,4.43,6464000
2017-01-19,4.36,4.51,4.32,4.42,4.42,6383500
2017-01-20,4.42,4.59,4.39,4.45,4.45,5346700
2017-01-23,4.51,4.69,4.49,4.62,4.62,6126500
2017-01-24,4.64,4.79,4.54,4.61,4.61,7676000
2017-01-25,4.49,4.61,4.47,4.54,4.54,6795600
2017-01-26,4.4,4.47,4.36,4.39,4.39,7123200
2017-01-27,4.39,4.54,4.37,4.47,4.47,4736300
2017-01-30,4.51,4.65,4.48,4.51,4.51,8754200
2017-01-31,4.67,4.69,4.55,4.62,4.62,6598900
2017-02-01,4.55,4.64,4.5,4.6,4.6,5572700
2017-02-02,4.72,4.78,4.62,4.68,4.68,5149100
2017-02-03,4.67,4.75,4.65,4.73,4.73,4385400
2017-02-06,4.77,4.99,4.68,4.97,4.97,8253400
2017-02-07,4.88,5.01,4.8,4.94,4.94,10527000
2017-02-08,4.99,5.23,4.99,5.12,5.12,16615900
2017-02-09,5.12,5.17,4.88,4.88,4.88,9467900
2017-02-10,4.83,4.96,4.78,4.83,4.83,12454900
2017-02-13,4.78,4.83,4.7,4.74,4.74,7594900
2017-02-14,4.84,4.85,4.65,4.74,4.74,8070300
2017-02-15,4.7,4.76,4.66,4.67,4.67,8921600
2017-02-16,4.74,4.81,4.68,4.69,4.69,11144200
2017-02-17,4.71,4.75,4.53,4.54,4.54,9307200
2017-02-21,4.52,4.58,4.38,4.46,4.46,6612500
2017-02-22,4.43,4.5,4.26,4.41,4.41,8713700
2017-02-23,4.53,4.55,4.3,4.32,4.32,11501400
2017-02-24,4.43,4.5,4.31,4.33,4.33,6525200
2017-02-27,4.37,4.49,3.91,3.93,3.93,16427200
2017-02-28,4.0,4.08,3.87,3.94,3.94,11858300
2017-03-01,3.86,3.96,3.78,3.89,3.89,11233600
2017-03-02,3.78,3.88,3.58,3.63,3.63,9063700
2017-03-03,3.6,3.87,3.56,3.81,3.81,13597800
2017-03-06,3.8,3.81,3.49,3.59,3.59,11950000
2017-03-07,3.55,3.7,3.47,3.58,3.58,8418200
2017-03-08,3.48,3.56,3.43,3.48,3.48,5977700
2017-03-09,3.48,3.55,3.44,3.44,3.44,4835900
2017-03-10,3.51,3.69,3.47,3.66,3.66,9582400
2017-03-13,3.67,3.67,3.5,3.6,3.6,15391700
2017-03-14,3.59,3.65,3.37,3.39,3.39,14250800
2017-03-15,3.43,3.92,3.36,3.88,3.88,20572000
2017-03-16,4.0,4.02,3.77,3.88,3.88,11941500
2017-03-17,3.92,3.99,3.76,3.88,3.88,36291400
2017-03-20,3.86,3.95,3.8,3.91,3.91,8128900
2017-03-21,3.94,4.05,3.89,3.97,3.97,8564200
2017-03-22,4.0,4.02,3.86,3.91,3.91,6734500
2017-03-23,3.92,3.98,3.78,3.86,3.86,7531000
2017-03-24,3.83,3.93,3.82,3.89,3.89,4983600
2017-03-27,3.99,4.05,3.92,3.96,3.96,6583400
2017-03-28,3.95,4.01,3.78,3.84,3.84,6994700
2017-03-29,3.84,4.04,3.83,3.98,3.98,6158700
2017-03-30,3.94,3.98,3.89,3.93,3.93,4723500
2017-03-31,3.95,4.07,3.92,4.0,4.0,4599600
2017-04-03,3.98,4.16,3.98,4.16,4.16,4623100
2017-04-04,4.18,4.21,4.11,4.21,4.21,5443300
2017-04-05,4.08,4.31,4.07,4.28,4.28,9766100
2017-04-06,4.26,4.29,4.16,4.21,4.21,3871000
2017-04-07,4.33,4.42,4.15,4.2,4.2,10542100
2017-04-10,4.19,4.22,4.11,4.2,4.2,8829000
2017-04-11,4.26,4.4,4.25,4.39,4.39,7896200
2017-04-12,4.39,4.55,4.34,4.55,4.55,10047900
2017-04-13,4.53,4.57,4.41,4.44,4.44,8900800
2017-04-17,4.47,4.5,4.36,4.42,4.42,6447700
2017-04-18,4.4,4.49,4.33,4.48,4.48,6626900
2017-04-19,4.41,4.42,4.13,4.26,4.26,10226500
2017-04-20,4.25,4.36,4.21,4.35,4.35,6247200
2017-04-21,4.32,4.35,4.27,4.34,4.34,6050000
2017-04-24,4.19,4.31,4.17,4.27,4.27,7181000
2017-04-25,4.14,4.18,3.92,4.0,4.0,11966400
2017-04-26,3.95,4.07,3.83,4.04,4.04,12684200
2017-04-27,4.03,4.04,3.9,4.01,4.01,6815300
2017-04-28,4.0,4.18,3.98,4.14,4.14,7692900
2017-05-01,4.07,4.1,3.88,3.94,3.94,7861900
2017-05-02,3.91,3.98,3.85,3.86,3.86,9065800
2017-05-03,3.87,3.91,3.76,3.78,3.78,9129800
2017-05-04,3.68,3.72,3.55,3.61,3.61,7144300
2017-05-05,3.63,3.78,3.63,3.76,3.76,4955200
2017-05-08,3.81,3.81,3.68,3.76,3.76,4285100
2017-05-09,3.71,3.74,3.64,3.72,3.72,5979600
2017-05-10,3.98,4.15,3.94,4.08,4.08,9432000
2017-05-11,4.16,4.26,4.12,4.21,4.21,7551800
2017-05-12,4.29,4.35,4.16,4.2,4.2,6830800
2017-05-15,4.34,4.36,4.19,4.28,4.28,4990600
2017-05-16,4.3,4.41,4.29,4.4,4.4,5470300
2017-05-17,4.46,4.55,4.45,4.54,4.54,11930000
2017-05-18,4.45,4.51,4.34,4.4,4.4,8780500
2017-05-19,4.46,4.49,4.39,4.46,4.46,9311300
2017-05-22,4.52,4.56,4.41,4.48,4.48,6787300
2017-05-23,4.53,4.55,4.22,4.29,4.29,9399300
2017-05-24,4.28,4.39,4.19,4.37,4.37,9172700
2017-05-25,4.31,4.4,4.26,4.36,4.36,6219300
2017-05-26,4.45,4.46,4.33,4.34,4.34,4503800
2017-05-30,4.36,4.36,4.26,4.28,4.28,3315500
2017-05-31,4.29,4.51,4.28,4.47,4.47,7448200
2017-06-01,4.37,4.44,4.34,4.37,4.37,4477800
2017-06-02,4.46,4.5,4.38,4.5,4.5,5337700
2017-06-05,4.51,4.53,4.44,4.51,4.51,5886200
2017-06-06,4.77,5.06,4.75,5.06,5.06,15542700
2017-06-07,4.96,5.08,4.89,4.98,4.98,8013500
2017-06-08,4.94,5.06,4.76,5.06,5.06,9278400
2017-06-09,4.91,5.18,4.89,5.07,5.07,12045800
2017-06-12,5.03,5.25,5.01,5.2,5.2,10784700
2017-06-13,5.17,5.49,5.03,5.43,5.43,13070700
2017-06-14,5.52,5.71,4.92,5.0,5.0,19192400
2017-06-15,4.89,5.14,4.87,5.08,5.08,8289400
2017-06-16,5.09,5.16,4.99,5.05,5.05,22670500
2017-06-19,5.02,5.12,4.94,4.97,4.97,8420800
2017-06-20,4.97,5.05,4.9,5.04,5.04,3955700
2017-06-21,5.01,5.14,5.0,5.08,5.08,4021600
2017-06-22,5.18,5.25,5.1,5.23,5.23,4392200
2017-06-23,5.29,5.38,5.24,5.33,5.33,6265100
2017-06-26,5.23,5.28,5.16,5.23,5.23,3963100
2017-06-27,5.26,5.3,5.12,5.14,5.14,4085700
2017-06-28,5.22,5.24,5.1,5.22,5.22,4358700
2017-06-29,5.11,5.23,5.06,5.12,5.12,4006100
2017-06-30,5.12,5.24,5.09,5.16,5.16,4506200
2017-07-03,5.03,5.06,4.97,4.99,4.99,2430700
2017-07-05,5.03,5.17,5.0,5.15,5.15,4056400
2017-07-06,5.11,5.16,5.07,5.08,5.08,4050800
2017-07-07,5.04,5.07,4.86,4.92,4.92,4399900
2017-07-10,4.89,5.07,4.83,5.05,5.05,4673800
2017-07-11,5.03,5.08,4.92,5.04,5.04,3847800
2017-07-12,5.11,5.15,5.01,5.11,5.11,4256500
2017-07-13,5.09,5.14,4.97,5.01,5.01,3877100
2017-07-14,5.14,5.18,5.08,5.09,5.09,4957600
2017-07-17,5.14,5.22,5.13,5.18,5.18,4796300
2017-07-18,5.24,5.26,5.18,5.19,5.19,4376100
2017-07-19,5.19,5.22,5.1,5.16,5.16,3054000
2017-07-20,5.16,5.21,5.09,5.17,5.17,3159100
2017-07-21,5.21,5.23,5.13,5.18,5.18,3312700
2017-07-24,5.18,5.19,4.98,5.0,5.0,2658400
2017-07-25,5.02,5.08,4.96,5.01,5.01,3679100
2017-07-26,4.98,5.27,4.98,5.25,5.25,5494300
2017-07-27,5.28,5.37,5.11,5.11,5.11,6894900
2017-07-28,5.17,5.43,5.17,5.42,5.42,4431900
2017-07-31,5.4,5.51,5.39,5.4,5.4,3168000
2017-08-01,5.36,5.6,5.35,5.52,5.52,3707200
2017-08-02,5.46,5.55,5.41,5.48,5.48,3933000
2017-08-03,5.47,5.54,5.4,5.44,5.44,3092000
2017-08-04,5.37,5.41,5.19,5.22,5.22,5199000
2017-08-07,5.17,5.3,5.15,5.22,5.22,2164600
2017-08-08,5.27,5.32,5.18,5.28,5.28,3676000
2017-08-09,5.46,5.46,5.28,5.28,5.28,3874200
2017-08-10,5.4,5.43,5.12,5.22,5.22,5976700
2017-08-11,5.23,5.48,5.23,5.45,5.45,4779400
2017-08-14,5.38,5.54,5.38,5.42,5.42,4114400
2017-08-15,5.3,5.41,5.26,5.37,5.37,3453000
2017-08-16,5.38,5.67,5.38,5.64,5.64,5490700
2017-08-17,5.67,5.75,5.59,5.67,5.67,3798700
2017-08-18,5.79,5.94,5.63,5.7,5.7,7293700
2017-08-21,5.77,5.91,5.74,5.87,5.87,4488700
2017-08-22,5.83,5.87,5.73,5.76,5.76,4106700
2017-08-23,5.94,6.02,5.87,5.96,5.96,9718000
2017-08-24,5.95,6.19,5.93,6.19,6.19,6292400
2017-08-25,6.21,6.29,6.01,6.12,6.12,6702600
2017-08-28,6.2,6.35,6.1,6.33,6.33,7166700
2017-08-29,6.57,6.59,6.3,6.41,6.41,6505200
2017-08-30,6.36,6.47,6.35,6.45,6.45,4797600
2017-08-31,6.45,6.65,6.45,6.64,6.64,4300800
2017-09-01,6.7,6.73,6.56,6.71,6.71,5428900
2017-09-05,6.78,6.93,6.76,6.93,6.93,6352800
2017-09-06,6.97,7.15,6.74,6.91,6.91,11176200
2017-09-07,7.04,7.22,7.02,7.21,7.21,6497200
2017-09-08,7.23,7.25,6.91,7.03,7.03,9826300
2017-09-11,6.75,7.0,6.71,6.84,6.84,6991900
2017-09-12,6.8,6.97,6.76,6.88,6.88,5082600
2017-09-13,6.86,6.88,6.61,6.66,6.66,7846000
2017-09-14,6.64,6.76,6.44,6.66,6.66,7412100
2017-09-15,6.7,6.72,6.57,6.57,6.57,8310100
2017-09-18,6.47,6.51,6.3,6.33,6.33,7231000
2017-09-19,6.35,6.47,6.28,6.36,6.36,3716700
2017-09-20,6.39,6.52,6.13,6.21,6.21,5978800
2017-09-21,6.07,6.39,6.03,6.25,6.25,5873000
2017-09-22,6.31,6.46,6.23,6.31,6.31,9455300
2017-09-25,6.31,6.52,6.26,6.49,6.49,5632000
2017-09-26,6.4,6.54,6.37,6.38,6.38,3826200
2017-09-27,6.27,6.45,6.24,6.38,6.38,3373300
2017-09-28,6.37,6.73,6.37,6.66,6.66,5967600
2017-09-29,6.63,6.64,6.1,6.1,6.1,6941900
2017-10-02,6.03,6.21,5.93,6.18,6.18,5345800
2017-10-03,6.19,6.32,6.18,6.23,6.23,5426400
2017-10-04,6.27,6.34,6.12,6.22,6.22,3874000
2017-10-05,6.19,6.2,5.95,6.0,6.0,5339300
2017-10-06,5.98,6.17,5.89,6.13,6.13,3832800
2017-10-09,6.19,6.42,6.18,6.37,6.37,2776700
2017-10-10,6.36,6.38,6.16,6.18,6.18,4186700
2017-10-11,6.21,6.3,6.11,6.25,6.25,4898800
2017-10-12,6.23,6.3,6.16,6.2,6.2,2854300
2017-10-13,6.28,6.28,6.01,6.15,6.15,3547300
2017-10-16,6.13,6.19,5.94,5.99,5.99,4637900
2017-10-17,5.91,5.96,5.52,5.66,5.66,16326700
2017-10-18,5.6,5.78,5.58,5.7,5.7,6738700
2017-10-19,5.75,5.87,5.74,5.77,5.77,3391100
2017-10-20,5.68,5.81,5.65,5.74,5.74,3477700
2017-10-23,5.65,5.79,5.64,5.73,5.73,3121100
2017-10-24,5.67,5.7,5.57,5.59,5.59,2897600
2017-10-25,5.6,5.61,5.5,5.52,5.52,2928700
2017-10-26,5.53,5.58,5.42,5.43,5.43,4136400
2017-10-27,5.4,5.6,5.35,5.57,5.57,3010800
2017-10-30,5.55,5.65,5.53,5.61,5.61,2356500
2017-10-31,5.57,5.57,5.45,5.49,5.49,1827500
2017-11-01,5.54,5.64,5.5,5.53,5.53,2993900
2017-11-02,5.55,5.66,5.52,5.6,5.6,2351900
2017-11-03,5.64,5.69,5.56,5.61,5.61,3633800
2017-11-06,5.6,5.79,5.56,5.75,5.75,3409200
2017-11-07,5.72,5.81,5.67,5.75,5.75,4047000
2017-11-08,5.95,6.35,5.93,6.15,6.15,8041300
2017-11-09,6.25,6.29,5.97,6.03,6.03,5527500
2017-11-10,6.03,6.1,5.88,5.91,5.91,4657500
2017-11-13,5.92,5.92,5.7,5.74,5.74,4458200
2017-11-14,5.68,5.86,5.6,5.78,5.78,4871700
2017-11-15,5.83,5.84,5.71,5.83,5.83,5443100
2017-11-16,5.84,5.84,5.69,5.77,5.77,5576100
2017-11-17,5.81,5.85,5.69,5.75,5.75,8816400
2017-11-20,5.71,5.74,5.64,5.67,5.67,2834300
2017-11-21,5.68,5.7,5.59,5.6,5.6,2546600
2017-11-22,5.7,5.7,5.53,5.62,5.62,4051200
2017-11-24,5.69,5.7,5.53,5.55,5.55,1902600
2017-11-27,5.6,5.67,5.56,5.66,5.66,2293800
2017-11-28,5.65,5.7,5.58,5.64,5.64,3019800
2017-11-29,5.55,5.58,5.43,5.45,5.45,2935500
2017-11-30,5.38,5.47,5.34,5.43,5.43,3308900
2017-12-01,5.41,5.49,5.32,5.37,5.37,4135400
2017-12-04,5.32,5.37,5.24,5.27,5.27,2672200
2017-12-05,5.24,5.32,5.16,5.23,5.23,2392300
2017-12-06,5.17,5.21,5.07,5.07,5.07,3199200
2017-12-07,4.99,5.11,4.89,5.08,5.08,3399300
2017-12-08,5.07,5.15,5.01,5.05,5.05,2905200
2017-12-11,5.09,5.42,5.06,5.23,5.23,6313000
2017-12-12,5.22,5.32,5.2,5.26,5.26,4152800
2017-12-13,5.27,5.54,5.23,5.48,5.48,6402000
2017-12-14,5.47,5.53,5.36,5.49,5.49,4773300
2017-12-15,5.52,5.56,5.45,5.5,5.5,7087200
2017-12-18,5.56,5.6,5.51,5.59,5.59,2797600
2017-12-19,5.57,5.64,5.53,5.59,5.59,2744100
2017-12-20,5.61,5.79,5.58,5.76,5.76,3246800
2017-12-21,5.75,5.8,5.64,5.77,5.77,2498600
2017-12-22,5.79,5.86,5.74,5.86,5.86,2350300
2017-12-26,5.88,5.95,5.83,5.89,5.89,1684400
2017-12-27,5.9,5.92,5.74,5.82,5.82,4095600
2017-12-28,5.87,5.96,5.79,5.83,5.83,3864600
2017-12-29,5.89,5.95,5.78,5.83,5.83,3112600
2018-01-02,5.92,6.14,5.89,6.12,6.12,4705200
2018-01-03,6.13,6.14,5.89,6.04,6.04,6529400
2018-01-04,6.06,6.14,5.91,6.1,6.1,4633100
2018-01-05,6.07,6.09,5.92,5.98,5.98,4053500
2018-01-08,5.96,5.96,5.79,5.85,5.85,4658300
2018-01-09,5.79,5.9,5.65,5.82,5.82,6528400
2018-01-10,5.85,5.9,5.74,5.78,5.78,4607400
2018-01-11,5.8,5.81,5.71,5.79,5.79,3464300
2018-01-12,5.84,6.08,5.79,6.08,6.08,6263500
2018-01-16,6.08,6.11,5.97,6.11,6.11,4771600
2018-01-17,6.24,6.46,6.15,6.16,6.16,8393500
2018-01-18,6.22,6.28,6.11,6.15,6.15,4712500
2018-01-19,6.24,6.29,6.15,6.16,6.16,2277700
2018-01-22,6.19,6.24,6.05,6.17,6.17,3704800
2018-01-23,6.14,6.34,6.05,6.32,6.32,3898100
2018-01-24,6.46,6.52,6.32,6.36,6.36,4775900
2018-01-25,6.41,6.41,5.99,6.03,6.03,7852900
2018-01-26,6.04,6.27,6.04,6.18,6.18,4495100
2018-01-29,6.12,6.14,5.8,5.82,5.82,5219100
2018-01-30,5.9,5.96,5.76,5.79,5.79,4756600
2018-01-31,5.87,5.92,5.68,5.88,5.88,4263900
2018-02-01,5.81,5.97,5.78,5.93,5.93,3631200
2018-02-02,5.75,5.81,5.58,5.6,5.6,5208500
2018-02-05,5.58,5.72,5.52,5.57,5.57,5434400
2018-02-06,5.5,5.59,5.41,5.41,5.41,5722600
2018-02-07,5.38,5.56,5.27,5.31,5.31,4224900
2018-02-08,5.32,5.48,5.3,5.38,5.38,5081800
2018-02-09,5.38,5.4,5.11,5.26,5.26,5776200
2018-02-12,5.28,5.59,5.27,5.54,5.54,4916900
2018-02-13,5.58,5.71,5.54,5.61,5.61,3103000
2018-02-14,5.63,6.19,5.58,6.14,6.14,7618300
2018-02-15,6.18,6.18,5.94,6.17,6.17,6455100
2018-02-16,6.11,6.16,5.79,5.88,5.88,8396600
2018-02-20,5.77,5.88,5.72,5.79,5.79,4351400
2018-02-21,5.91,6.11,5.8,5.86,5.86,6905100
2018-02-22,5.54,5.73,5.27,5.34,5.34,9706500
2018-02-23,5.34,5.45,5.33,5.43,5.43,2456600
2018-02-26,5.46,5.46,5.36,5.43,5.43,3232600
2018-02-27,5.4,5.4,5.15,5.27,5.27,4539000
2018-02-28,5.27,5.36,5.25,5.26,5.26,3239700
2018-03-01,5.2,5.33,5.09,5.3,5.3,5518600
2018-03-02,5.37,5.43,5.28,5.3,5.3,3931500
2018-03-05,5.29,5.36,5.22,5.265,5.265,1672231
