Date,Open,High,Low,Close,Adj Close,Volume
2015-01-02,50.377518,50.377518,49.687588,49.81303,41.061802,138000
2015-01-05,49.562145,49.649956,48.822037,48.985110999999996,40.379333,337100
2015-01-06,48.696594,48.696594,47.805958000000004,48.069386,39.624485,167200
2015-01-07,48.696594,49.336349,48.608784,49.210907,40.565459999999995,198200
2015-01-08,49.361439000000004,50.013737,49.361439000000004,49.850662,41.092819,221700
2015-01-09,49.787941,49.81303,49.123096000000004,49.336349,40.668865000000004,106600
2015-01-12,50.063911,50.189353999999994,49.863205,50.00119,41.2169,171800
2015-01-13,50.578224,50.640945,49.373981,49.750309,41.010098,215500
2015-01-14,49.976105,50.252075,49.70013,50.2019,41.382359,122300
2015-01-15,49.399071,49.599777,49.060375,49.072922,40.451714,223000
2015-01-16,49.461791999999996,49.587234,48.960021999999995,49.574688,40.86533,159800
2015-01-20,50.051369,50.151722,49.599777,49.900837,41.134178000000006,147200
2015-01-21,49.737762,50.226986,49.624866,50.089001,41.289288,723500
2015-01-22,50.816565999999995,51.418686,50.741299,51.355965000000005,42.333672,239500
2015-01-23,51.707203,51.945541,51.531586,51.569218,42.509457,253200
2015-01-26,51.644482,52.409679,51.594307,52.146252000000004,42.985119,139600
2015-01-27,51.945541,52.221515999999994,51.707203,51.970631,42.840351,107700
2015-01-28,50.778931,50.841652,49.825573,49.863205,41.103157,218600
2015-01-29,50.402607,50.502959999999995,50.026278999999995,50.465328,41.599506,127800
2015-01-30,50.364975,50.477871,49.838116,49.875751,41.113506,187600
2015-02-02,49.70013,49.70013,48.546062,49.22345,40.575798,193700
2015-02-03,48.822037,49.624866,48.784405,49.549599,40.84465,210700
2015-02-04,49.273628,50.051369,49.235996,49.72522,40.989422,140700
2015-02-05,50.013737,50.189353999999994,49.900837,50.176811,41.361675,115800
2015-02-06,49.951015000000005,50.114090000000004,49.549599,49.712672999999995,40.979076,99900
2015-02-09,49.825573,49.988647,49.624866,49.637409000000005,40.917034,281800
2015-02-10,50.916920000000005,51.330875,50.741299,51.255611,42.250954,139300
2015-02-11,51.117626,51.368511,51.017272999999996,51.293243,42.281971,246200
2015-02-12,51.468864,51.920456,51.293243,51.895367,42.778313,231500
2015-02-13,50.490417,50.80402,50.252075,50.603313,41.713245,306800
2015-02-17,47.755779,49.411613,47.755779,48.897301,40.30695,536100
2015-02-18,50.264621999999996,50.490417,50.013737,50.226986,41.403034000000005,202500
2015-02-19,49.348892,49.687588,49.261086,49.31126,40.648182,197200
2015-02-20,49.010201,49.42416,48.721684,49.323803000000005,40.658527,265200
2015-02-23,49.599777,49.863205,49.499424,49.863205,41.103157,97100
2015-02-24,49.574688,49.938469,49.361439000000004,49.637409000000005,40.917034,111600
2015-02-25,49.913383,49.938469,49.687588,49.875751,41.113506,64700
2015-02-26,50.151722,50.314796,49.963558,50.214443,41.392693,59300
2015-02-27,51.167801000000004,51.569218,50.967094,51.30579,42.292309,131100
2015-03-02,51.468864,52.171337,51.468864,52.171337,43.005798,305700
2015-03-03,51.531586,51.945541,51.506496000000006,51.757381,42.66457,140400
2015-03-04,51.493953999999995,51.493953999999995,51.142715,51.330875,42.312992,143100
2015-03-05,51.117626,51.544128,51.067448,51.268158,42.261288,133700
2015-03-06,50.728756,50.841652,50.139179,50.2019,41.382359,154400
2015-03-09,50.540592,50.791477,50.377518,50.666035,41.764953999999996,125700
2015-03-10,50.176811,50.239532000000004,49.562145,49.574688,40.86533,123900
2015-03-11,49.160728000000006,49.348892,48.909847,49.123096000000004,40.49308,83300
2015-03-12,49.612320000000004,49.900837,49.562145,49.800484000000004,41.05146,79700
2015-03-13,49.047832,49.22345,48.608784,49.160728000000006,40.524094,108400
2015-03-16,49.574688,50.126633,49.549599,50.089001,41.289288,330600
2015-03-17,49.587234,49.976105,49.549599,49.913383,41.144527000000004,162800
2015-03-18,49.562145,50.89183,49.562145,50.791477,41.868355,161200
2015-03-19,50.114090000000004,50.427696000000005,49.838116,50.252075,41.423714000000004,207400
2015-03-20,50.691124,50.992184,50.502959999999995,50.778931,41.858009,416700
2015-03-23,49.888294,50.2019,49.863205,50.013737,41.227249,260100
2015-03-24,49.938469,50.164265,49.511967,49.549599,40.84465,118500
2015-03-25,49.336349,49.361439000000004,48.420624,48.483345,39.965717,119000
2015-03-26,48.094475,48.357903,47.492352000000004,48.169739,39.707207000000004,224200
2015-03-27,49.587234,49.72522,49.273628,49.70013,40.968731,235100
2015-03-30,49.70013,49.888294,49.537056,49.687588,40.958401,95700
2015-03-31,48.872215000000004,49.386524,48.834579,49.123096000000004,40.49308,181900
2015-04-01,49.486881,49.524513,48.847126,49.411613,40.730907,168300
2015-04-02,48.872215000000004,49.123096000000004,48.709137,48.796946999999996,40.652039,93100
2015-04-06,48.495888,49.273628,48.495888,49.072922,40.88195,88100
2015-04-07,50.189353999999994,50.364975,49.81303,49.925926000000004,41.592579,193400
2015-04-08,50.615856,50.678577000000004,49.838116,50.026278999999995,41.676182,98200
2015-04-09,50.879288,51.142715,50.364975,50.540592,42.104649,204800
2015-04-10,50.540592,50.992184,50.540592,50.916920000000005,42.418159,124600
2015-04-13,50.791477,51.117626,50.753845,50.916920000000005,42.418159,172100
2015-04-14,51.506496000000006,51.782467,51.431232,51.60685,42.992934999999996,147800
2015-04-15,51.468864,51.556671,51.192890000000006,51.255611,42.700321,76000
2015-04-16,51.092537,51.217979,50.854198,50.929462,42.428612,94500
2015-04-17,51.054905,51.732292,50.703666999999996,51.30579,42.742126,415000
2015-04-20,52.234058000000005,52.321869,52.020809,52.208973,43.494553,166500
2015-04-21,53.689186,54.253677,53.312862,53.814629000000004,44.832195,354100
2015-04-22,53.99025,54.115688,53.237595,53.714275,44.748596,256900
2015-04-23,53.087067000000005,53.48848,53.049434999999995,53.40066899999999,44.487339,250800
2015-04-24,53.701733,54.065514,53.538658,53.789539000000005,44.811295,66700
2015-04-27,54.065514,54.328941,53.751906999999996,53.802085999999996,44.821751,200800
2015-04-28,53.814629000000004,54.027882,53.350494,53.902439,44.905357,208500
2015-04-29,55.997322,56.097675,54.391663,54.50455899999999,45.406967,904800
2015-04-30,54.128235,54.17841,53.325405,53.450848,44.529140000000005,548600
2015-05-01,53.56374399999999,53.927528,53.250141000000006,53.914981999999995,44.915802,184400
2015-05-04,53.88989599999999,53.940070999999996,53.48848,53.764454,44.790405,98700
2015-05-05,53.250141000000006,53.375583999999996,52.397133000000004,52.48494300000001,43.724461,171100
2015-05-06,52.710739000000004,52.735828000000005,52.246604999999995,52.547665,43.776711,341700
2015-05-07,52.422222,52.723282,52.38459,52.610386,43.828964,195300
2015-05-08,54.19095600000001,54.68018000000001,53.927528,53.940070999999996,44.936703,922100
2015-05-11,54.115688,54.479473,53.827175,53.852261,44.863552,714600
2015-05-12,53.739365,53.952614000000004,53.413216000000006,53.751906999999996,44.779953000000006,240100
2015-05-13,53.96516,53.96516,53.43830500000001,53.57629,44.633644,120800
2015-05-14,54.165867000000006,54.542193999999995,54.153324,54.529648,45.427872,88700
2015-05-15,54.479473,54.642548,54.203499,54.592369,45.480125,131500
2015-05-18,54.103145999999995,54.65509,54.103145999999995,54.630001,45.511475,157200
2015-05-19,54.153324,54.328941,53.99025,54.26622,45.208416,94800
2015-05-20,54.341483999999994,54.404205000000005,54.040424,54.278767,45.218868,98200
2015-05-21,54.416752,54.416752,54.165867000000006,54.291309,45.229317,56600
2015-05-22,53.96516,53.96516,53.601379,53.689186,44.727699,62500
2015-05-26,53.250141000000006,53.27523000000001,52.409679,52.64801800000001,43.860313,164400
2015-05-27,53.237595,53.450848,53.137241,53.363037,44.45599,94700
2015-05-28,53.739365,53.814629000000004,53.450848,53.776996999999994,44.80085,159700
2015-05-29,53.363037,53.363037,52.372046999999995,52.48494300000001,43.724461,116900
2015-06-01,53.312862,53.312862,52.560207,52.748371,43.94392,297600
2015-06-02,52.447311,52.597843000000005,52.246604999999995,52.409679,43.661758,70200
2015-06-03,52.723282,52.999256,52.547665,52.673106999999995,43.881218,127300
2015-06-04,52.183884,52.572754,51.895367,52.221515999999994,43.504996999999996,222500
2015-06-05,51.368511,51.983177000000005,51.180347,51.895367,43.233292,304400
2015-06-08,51.60685,51.795013,51.368511,51.631939,43.013836,330900
2015-06-09,51.30579,51.619392,51.217979,51.556671,42.95113,441800
2015-06-10,52.271694000000004,53.237595,52.259147999999996,53.061977,44.205177,191700
2015-06-11,52.535121999999994,53.27523000000001,52.522575,53.124699,44.257431,352400
2015-06-12,52.572754,53.011798999999996,52.49749,52.723282,43.923016,329200
2015-06-15,52.096073,52.221515999999994,51.907909000000004,52.183884,43.473652,227500
2015-06-16,52.221515999999994,52.748371,52.183884,52.597843000000005,43.818515999999995,184300
2015-06-17,52.572754,52.823639,52.171337,52.64801800000001,43.860313,256600
2015-06-18,52.434768999999996,53.538658,52.409679,53.40066899999999,44.487339,695700
2015-06-19,53.337948,54.052971,53.312862,53.839718000000005,44.8531,237100
2015-06-22,54.328941,54.466927,53.96516,54.015335,44.999409,174700
2015-06-23,54.341483999999994,54.366572999999995,53.927528,54.128235,45.09346,199600
2015-06-24,53.99025,54.228588,53.601379,53.601379,44.654548999999996,189700
2015-06-25,53.701733,53.714275,53.262684,53.363037,44.45599,92300
2015-06-26,53.425757999999995,53.789539000000005,53.174873,53.375583999999996,44.466438000000004,117400
2015-06-29,52.121162,52.29678,51.243069,51.243069,42.689869,585000
2015-06-30,51.544128,51.669571000000005,50.490417,50.753845,42.282307,751600
2015-07-01,52.121162,52.284237,51.506496000000006,51.707203,43.07653,186800
2015-07-02,51.192890000000006,51.255611,50.854198,51.054905,42.533112,241800
2015-07-06,50.465328,50.992184,50.427696000000005,50.866741,42.376362,187200
2015-07-07,50.076458,50.528048999999996,49.436703,50.377518,41.968792,159700
2015-07-08,49.373981,49.750309,49.261086,49.436703,41.185013,170500
2015-07-09,50.565681,50.640945,49.951015000000005,49.951015000000005,41.613479999999996,177500
2015-07-10,52.221515999999994,52.472401,52.121162,52.38459,43.640858,281900
2015-07-13,52.409679,52.622929000000006,52.284237,52.321869,43.588608,76300
2015-07-14,52.346958,52.823639,52.271694000000004,52.723282,43.923016,67800
2015-07-15,52.698195999999996,53.137241,52.560207,53.049434999999995,44.194728999999995,149400
2015-07-16,53.588832999999994,53.72681800000001,53.413216000000006,53.450848,44.529140000000005,139300
2015-07-17,53.751906999999996,53.776996999999994,53.325405,53.538658,44.602295,156900
2015-07-20,53.651554000000004,53.776996999999994,53.450848,53.501022,44.570938,116600
2015-07-21,52.986713,52.999256,52.409679,52.622929000000006,43.839413,159500
2015-07-22,52.51003299999999,52.77346,52.372046999999995,52.735828000000005,43.933468,91700
2015-07-23,52.234058000000005,52.309326,51.431232,51.556671,42.95113,112000
2015-07-24,51.707203,51.744834999999995,50.841652,50.954552,42.449512,98500
2015-07-27,50.540592,50.565681,49.913383,49.988647,41.644836,115500
2015-07-28,50.841652,50.992184,50.452782,50.879288,42.386814,127000
2015-07-29,51.30579,51.744834999999995,51.217979,51.493953999999995,42.89888,197100
2015-07-30,53.16233100000001,53.940070999999996,50.176811,51.155258,42.616714,892000
2015-07-31,52.535121999999994,53.137241,52.321869,52.472401,43.714008,290800
2015-08-03,52.372046999999995,52.372046999999995,51.669571000000005,51.870277,43.212391,116100
2015-08-04,52.472401,52.547665,52.208973,52.271694000000004,43.546806,143200
2015-08-05,52.38459,52.535121999999994,51.644482,51.644482,43.024281,113300
2015-08-06,51.631939,51.69466,50.603313,50.791477,42.313656,141500
2015-08-07,50.816565999999995,50.879288,50.565681,50.829109,42.345005,105000
2015-08-10,50.553135,50.929462,50.540592,50.816565999999995,42.334559999999996,146700
2015-08-11,50.239532000000004,50.364975,49.612320000000004,49.875751,41.550777000000004,106500
2015-08-12,48.972569,49.336349,48.420624,49.298716999999996,41.070060999999995,108400
2015-08-13,48.985110999999996,49.486881,48.92239,49.348892,41.111866,69600
2015-08-14,49.185818,49.336349,49.085464,49.273628,41.04916,131700
2015-08-17,48.784405,49.373981,48.784405,49.361439000000004,41.122310999999996,51700
2015-08-18,49.248539,49.486881,49.160728000000006,49.210907,40.996902,74000
2015-08-19,48.859669,48.884758000000005,48.295181,48.596241,40.484840000000005,93100
2015-08-20,47.667969,47.768322,47.04076,47.090939,39.230793,136500
2015-08-21,47.090939,47.241467,46.250477000000004,46.300652,38.572414,116300
2015-08-24,44.77026,46.087402000000004,44.193226,45.008598,37.496021,230800
2015-08-25,47.504894,47.504894,45.610721999999996,45.610721999999996,37.997646,907900
2015-08-26,46.162665999999994,46.200298,44.694996,45.886692,38.459435,203900
2015-08-27,46.388462,47.241467,46.363372999999996,46.978039,39.374134000000005,148600
2015-08-28,46.65189,47.504894,46.614258,47.504894,39.815712,165000
2015-08-31,47.078392,47.417088,46.814964,46.927859999999995,39.332081,51800
2015-09-01,45.798885,46.037224,45.359837,45.472736,38.11248,147800
2015-09-02,46.200298,46.250477000000004,45.698528,46.049766999999996,38.596111,50000
2015-09-03,46.814964,46.990582,46.263020000000004,46.451183,38.932556,338900
2015-09-04,45.397469,45.585632000000004,45.221851,45.447646999999996,38.091457,79600
2015-09-08,46.639346999999994,46.902775,46.275562,46.65189,39.100777,266200
2015-09-09,46.827507000000004,46.915318,45.974503000000006,45.987045,38.543545,148200
2015-09-10,46.513905,47.34182,46.488815,47.065849,39.447734999999994,171500
2015-09-11,46.589169,47.078392,46.401005,47.078392,39.458244,253100
2015-09-14,46.401005,46.451183,45.999592,46.212841,38.732788,316700
2015-09-15,45.849059999999994,46.024681,45.635811,45.96196,38.522518,276500
2015-09-16,46.438637,46.764786,46.212841,46.676978999999996,39.121807000000004,352900
2015-09-17,46.551536999999996,47.254013,46.338284,46.576626,39.037693,663100
2015-09-18,46.037224,46.212841,45.359837,45.397469,38.049393,185000
2015-09-21,45.447646999999996,45.673443,44.895702,45.15913,37.849632,135000
2015-09-22,44.105415,44.105415,43.340221,43.553471,36.503871999999994,600200
2015-09-23,43.929798,44.067783,43.641281,43.678913,36.609009,89000
2015-09-24,43.678913,43.791813,43.290043,43.716545,36.640553000000004,265100
2015-09-25,44.26849,44.318668,43.704002,43.87962,36.777225,239400
2015-09-28,43.402943,43.465664000000004,42.299049,42.374317,35.515572,245700
2015-09-29,42.38686,42.424492,41.822371999999994,42.048168,35.242214000000004,383600
2015-09-30,43.415485,43.641281,43.026615,43.440575,36.409245,247400
2015-10-01,44.205769000000004,44.243404,43.515839,43.791813,36.703632,133700
2015-10-02,44.318668,45.04623,43.854534,45.04623,37.755005,383400
2015-10-05,45.04623,45.410015,45.008598,45.397469,38.049393,220600
2015-10-06,45.911781,46.175209,45.736164,45.987045,38.543545,332500
2015-10-07,46.175209,46.375916,45.836517,46.325741,38.827419,101200
2015-10-08,46.137577,47.103481,46.049766999999996,47.028217,39.416191,56600
2015-10-09,46.551536999999996,46.7397,46.212841,46.626801,39.07975,66200
2015-10-12,45.685986,46.012135,45.685986,45.911781,38.480465,175600
2015-10-13,45.058777,45.823971,45.04623,45.384926,38.038887,221600
2015-10-14,45.259483,45.422558,44.807891999999995,44.845524,37.586791999999996,100100
2015-10-15,44.845524,45.447646999999996,44.632275,45.397469,38.049393,98700
2015-10-16,45.397469,45.397469,44.193226,44.582096,37.365997,118300
2015-10-19,44.644816999999996,44.970966,44.619728,44.933334,37.660385,59000
2015-10-20,47.166203,48.006664,46.915318,47.755779,40.02599,314100
2015-10-21,47.831043,48.019207,47.103481,47.141113,39.510815,143800
2015-10-22,47.191292,47.994118,47.191292,47.605247,39.899822,131900
2015-10-23,48.709137,48.709137,47.943943,48.031754,40.257290000000005,226900
2015-10-26,48.081928000000005,48.408077,48.031754,48.207371,40.404484000000004,85000
2015-10-27,48.056839000000004,49.22345,47.667969,48.583698,40.719902000000005,290200
2015-10-28,49.348892,49.348892,48.520977,49.010201,41.07737,254300
2015-10-29,49.03529,49.399071,48.909847,49.235996,41.266617,98400
2015-10-30,49.562145,50.364975,49.499424,50.026278999999995,41.928986,101000
2015-11-02,50.339886,50.452782,50.051369,50.377518,42.22337,96000
2015-11-03,50.176811,50.879288,50.063911,50.691124,42.486214000000004,167600
2015-11-04,50.778931,50.80402,50.164265,50.302254,42.16029,167500
2015-11-05,50.076458,50.277164,49.775394,50.00119,41.907955,78500
2015-11-06,52.321869,52.848724,49.612320000000004,50.189353999999994,42.065659000000004,626400
2015-11-09,50.578224,50.666035,49.737762,49.951015000000005,41.865902,173500
2015-11-10,49.612320000000004,49.712672999999995,49.22345,49.499424,41.487408,114000
2015-11-11,49.70013,50.063911,49.511967,49.649956,41.613575,64900
2015-11-12,49.047832,49.085464,48.420624,48.420624,40.583221,102400
2015-11-13,47.994118,48.056839000000004,47.592705,47.592705,39.889313,70100
2015-11-16,46.965496,47.228924,46.614258,47.203835,39.563385,353800
2015-11-17,47.291645,47.780869,46.927859999999995,47.090939,39.468761,418500
2015-11-18,47.241467,47.34182,46.915318,47.279099,39.626469,90100
2015-11-19,47.768322,48.11956,47.705601,47.84359,40.099585999999995,70100
2015-11-20,47.768322,47.969032,47.429629999999996,47.504894,39.815712,63700
2015-11-23,47.065849,47.404540999999995,46.702065000000005,46.852596000000005,39.268997,114300
2015-11-24,45.510368,46.564079,45.447646999999996,46.413551,38.901012,917000
2015-11-25,46.463726,46.814964,46.375916,46.727154,39.16386,736200
2015-11-27,47.04076,47.166203,46.965496,47.128571,39.500298,44000
2015-11-30,48.357903,48.357903,47.994118,47.994118,40.22575,296400
2015-12-01,49.386524,49.411613,48.947479,49.185818,41.224556,223600
2015-12-02,49.286171,49.511967,48.759315,48.796946999999996,40.898632,152500
2015-12-03,49.537056,49.537056,48.219913,48.232459999999996,40.425518,474100
2015-12-04,48.370445000000004,49.148185999999995,48.370445000000004,49.085464,41.14045,254300
2015-12-07,49.248539,49.348892,48.520977,48.684052,40.804012,308100
2015-12-08,47.354366,47.667969,47.116023999999996,47.291645,39.636978000000006,178500
2015-12-09,47.404540999999995,47.705601,46.927859999999995,47.291645,39.636978000000006,245600
2015-12-10,48.257549,48.332813,47.856133,47.969032,40.204723,271100
2015-12-11,47.743237,47.818501,47.429629999999996,47.630337,39.920853,760400
2015-12-14,48.169739,48.295181,47.567615999999994,48.257549,40.446540999999996,192300
2015-12-15,48.370445000000004,48.571152000000005,48.182281,48.219913,40.414997,102100
2015-12-16,48.445709,49.248539,47.994118,48.884758000000005,40.972233,138500
2015-12-17,48.320267,48.395534999999995,47.831043,47.84359,40.099585999999995,95400
2015-12-18,47.555073,47.555073,47.003128000000004,47.053303,39.437214000000004,223900
2015-12-21,48.495888,48.721684,48.132107,48.357903,40.530651,237700
2015-12-22,48.357903,48.834579,48.219913,48.759315,40.867092,135300
2015-12-23,49.31126,49.70013,49.273628,49.649956,41.613575,233800
2015-12-24,49.361439000000004,49.675041,49.261086,49.486881,41.476894,30300
2015-12-28,49.022743,49.323803000000005,49.022743,49.286171,41.30867,50900
2015-12-29,49.03529,49.662498,48.985110999999996,49.537056,41.518947999999995,99300
2015-12-30,49.298716999999996,49.436703,49.085464,49.085464,41.14045,91000
2015-12-31,49.110554,49.110554,48.546062,48.596241,40.730412,88100
2016-01-04,48.069386,48.169739,47.241467,47.84359,40.099585999999995,276100
2016-01-05,48.031754,48.081928000000005,47.34182,47.580162,39.878796,326700
2016-01-06,46.463726,46.752243,46.35083,46.65189,39.100777,992300
2016-01-07,45.259483,45.698528,45.121497999999995,45.623264,38.238647,1056200
2016-01-08,46.7397,46.865142999999996,45.924324,46.062313,38.606628,616900
2016-01-11,46.676978999999996,46.777332,46.15012,46.65189,39.100777,357600
2016-01-12,46.112488,46.263020000000004,45.610721999999996,46.112488,38.648685,417100
2016-01-13,45.485279,45.811428,44.105415,44.168137,37.019042999999996,257700
2016-01-14,42.650288,43.014072,41.834915,42.713009,35.799446,458500
2016-01-15,40.480140999999996,41.132439,40.404877,40.994453,34.359055,325900
2016-01-19,40.843925,40.881557,40.066185,40.442509,33.89645,347200
2016-01-20,39.990916999999996,40.480140999999996,39.03756,40.279434,33.759769,400000
2016-01-21,39.225722999999995,40.806290000000004,38.987381,40.517773,33.959534000000005,473000
2016-01-22,41.446045,41.860003999999996,41.30806,41.709472999999996,34.958344,191900
2016-01-25,41.220249,41.496223,40.668304,40.705936,34.117241,371300
2016-01-26,40.793746999999996,41.621666,40.768658,41.609119,34.874233000000004,132300
2016-01-27,41.747105,42.186153000000004,41.257881,41.370781,34.674473,336900
2016-01-28,41.659298,41.659298,40.981911,41.28297,34.600876,206900
2016-01-29,41.119896000000004,41.834915,40.956821000000005,41.571487,34.842693,139100
2016-02-01,42.324139,42.863541,41.99799,42.725555,35.809959,224000
2016-02-02,42.324139,42.349228000000004,41.747105,41.872547,35.095024,842900
2016-02-03,42.098343,42.223785,41.195159999999994,42.0858,35.273754,258000
2016-02-04,41.78474,42.537392,41.596577,42.424492,35.557632,159400
2016-02-05,42.223785,42.411949,41.533854999999996,41.646751,34.905772999999996,268200
2016-02-08,40.417419,40.59304,39.564415000000004,40.492687,33.938507,317100
2016-02-09,39.664768,41.170074,39.652225,40.793746999999996,34.190838,238400
2016-02-10,41.621666,42.148521,41.521309,41.533854999999996,34.811153000000004,143700
2016-02-11,40.404877,41.069721,40.153991999999995,40.467597999999995,33.917477000000005,117600
2016-02-12,40.981911,41.897636,40.843925,41.860003999999996,35.084511,160200
2016-02-16,41.759651,42.110889,41.496223,41.947815000000006,35.158103999999994,227300
2016-02-17,43.528381,44.832981,43.515839,44.557007,37.344975,184900
2016-02-18,44.193226,44.393932,44.08033,44.168137,37.019042999999996,158200
2016-02-19,43.377853,44.494285999999995,43.352764,44.4692,37.271378000000006,149400
2016-02-22,43.678913,44.393932,43.678913,43.96743,36.850826,159100
2016-02-23,45.184219,45.723618,44.958424,45.008598,37.723469,327400
2016-02-24,44.067783,44.569553000000006,43.126968,44.519375,37.313427000000004,304800
2016-02-25,45.058777,46.501358,44.996056,46.488815,38.964096000000005,320900
2016-02-26,46.363372999999996,47.366909,46.363372999999996,46.990582,39.384646999999994,99100
2016-02-29,47.291645,47.893764000000004,47.090939,47.404540999999995,39.731602,255700
2016-03-01,48.558609000000004,48.658962,48.207371,48.571152000000005,40.709381,281500
2016-03-02,47.529984000000006,47.931396,47.266556,47.931396,40.173183,201000
2016-03-03,48.157191999999995,48.583698,48.081928000000005,48.571152000000005,40.709381,130000
2016-03-04,48.796946999999996,49.173275,48.62133,49.03529,41.098403999999995,122400
2016-03-07,47.956486,48.495888,47.881221999999994,48.320267,40.499107,234600
2016-03-08,47.956486,48.245003000000004,47.743237,47.780869,40.04702,117300
2016-03-09,48.094475,48.420624,48.081928000000005,48.370445000000004,40.541164,125100
2016-03-10,48.094475,48.583698,47.567615999999994,48.219913,40.414997,202400
2016-03-11,49.022743,49.624866,48.934933,49.549599,41.529457,76700
2016-03-14,51.443775,51.60685,51.230522,51.243069,42.948822,296500
2016-03-15,49.649956,49.938469,49.461791999999996,49.612320000000004,41.582027000000004,165100
2016-03-16,49.42416,50.515503,49.411613,50.41515,42.254913,238700
2016-03-17,50.089001,50.578224,49.951015000000005,50.465328,42.296966999999995,104500
2016-03-18,50.728756,51.205436999999996,50.728756,50.979641,42.728031,210300
2016-03-21,51.042362,51.205436999999996,50.866741,51.079994,42.812141,88100
2016-03-22,49.261086,49.875751,49.173275,49.712672999999995,41.666142,144000
2016-03-23,49.750309,49.863205,49.361439000000004,49.42416,41.424324,110100
2016-03-24,49.42416,49.675041,49.261086,49.574688,41.550491,73500
2016-03-28,50.00119,50.063911,49.81303,49.838116,41.771271,66700
2016-03-29,49.762852,50.653492,49.649956,50.615856,42.42313,174800
2016-03-30,50.264621999999996,50.741299,50.264621999999996,50.540592,42.972415999999996,68900
2016-03-31,51.418686,52.158794,51.180347,51.769923999999996,44.017666,297600
2016-04-01,50.80402,51.330875,50.678577000000004,51.243069,43.569697999999995,228700
2016-04-04,51.69466,51.69466,51.142715,51.268158,43.591034,175700
2016-04-05,50.954552,50.954552,50.578224,50.80402,43.196396,194100
2016-04-06,50.954552,51.443775,50.80402,51.418686,43.719021000000005,172700
2016-04-07,50.716209,50.954552,49.888294,50.038826,42.545788,284100
2016-04-08,50.703666999999996,50.753845,50.452782,50.603313,43.025749,154400
2016-04-11,51.280701,51.682114,51.155258,51.243069,43.569697999999995,139800
2016-04-12,51.857735,52.121162,51.581759999999996,52.108616,44.305640999999994,223700
2016-04-13,52.221515999999994,52.359501,51.945541,52.259147999999996,44.433628000000006,63000
2016-04-14,52.108616,52.271694000000004,50.954552,51.293243,43.612365999999994,375900
2016-04-15,51.167801000000004,51.431232,51.042362,51.180347,43.516373,151600
2016-04-18,52.196426,52.346958,52.020809,52.158794,44.348304999999996,177200
2016-04-19,52.735828000000005,52.79855,52.070984,52.51003299999999,44.64695,139800
2016-04-20,52.234058000000005,52.38459,51.769923999999996,51.769923999999996,44.017666,203300
2016-04-21,51.769923999999996,51.795013,51.004726,51.167801000000004,43.505711,120600
2016-04-22,50.992184,51.054905,50.277164,50.477871,42.919090000000004,181900
2016-04-25,50.528048999999996,50.728756,50.39006,50.553135,42.983082,83200
2016-04-26,50.904373,51.079994,50.716209,50.866741,43.249728999999995,93300
2016-04-27,50.841652,50.992184,50.465328,50.829109,43.217731,138400
2016-04-28,50.540592,51.330875,50.515503,50.866741,43.249728999999995,170700
2016-04-29,50.226986,50.653492,50.089001,50.352428,42.812435,119600
2016-05-02,50.528048999999996,50.816565999999995,50.427696000000005,50.691124,43.100407000000004,93000
2016-05-03,49.42416,49.875751,49.323803000000005,49.675041,42.236477,219800
2016-05-04,49.373981,49.599777,49.098011,49.273628,41.895179999999996,310100
2016-05-05,49.010201,49.436703,48.859669,49.160728000000006,41.799183,284300
2016-05-06,48.809494,49.273628,48.495888,49.235996,41.863178000000005,177500
2016-05-09,40.919540000000005,41.21212,40.762802,41.055382,40.047272,220900
2016-05-10,41.128525,41.880878,41.107628000000005,41.839081,40.811733000000004,131800
2016-05-11,41.274817999999996,41.588295,40.909092,40.909092,39.904579,118000
2016-05-12,41.515152,41.536049,40.344826,40.616508,39.619183,110700
2016-05-13,39.623825,39.822361,39.414837,39.467083,38.497978,73900
2016-05-16,39.310345,39.874607,39.278996,39.70742,38.732414,69700
2016-05-17,39.717869,39.843262,39.373039,39.404388,38.436821,62900
2016-05-18,39.905956,40.250782,39.644721999999994,39.926853,38.946461,216700
2016-05-19,39.132706,39.174503,38.505749,38.829678,37.876225,117300
2016-05-20,39.143153999999996,39.24765,38.78788,38.923721,37.96796,89700
2016-05-23,39.404388,39.467083,39.143153999999996,39.289448,38.324703,133300
2016-05-24,39.811913,40.167190999999995,39.770115000000004,40.104492,39.119735999999996,256600
2016-05-25,40.95089,40.961338,40.522465000000004,40.564262,39.568214000000005,124100
2016-05-26,40.794146999999995,40.856846000000004,40.386623,40.564262,39.568214000000005,184000
2016-05-27,40.731453,41.034481,40.731453,40.898643,39.89439,73000
2016-05-31,41.013584,41.180775,40.229884999999996,40.449321999999995,39.4561,196200
2016-06-01,39.39394,40.083595,39.39394,40.083595,39.099354,444000
2016-06-02,40.14629,40.564262,40.073147,40.564262,39.568214000000005,353000
2016-06-03,41.044933,41.201671999999995,40.647858,40.992687,39.986121999999995,139300
2016-06-06,40.888191,41.452457,40.877743,41.253918,40.240936,159300
2016-06-07,41.786834999999996,41.901775,41.609196000000004,41.650993,40.628262,135200
2016-06-08,40.982234999999996,41.044933,40.553814,40.553814,39.558021999999994,305900
2016-06-09,39.54023,40.188087,39.519333,40.125393,39.140125,554100
2016-06-10,39.414837,39.561127,39.289448,39.477534999999996,38.508175,1285300
2016-06-13,38.923721,39.404388,38.923721,39.132706,38.17181,692800
2016-06-14,38.254963000000004,38.453499,37.753395000000005,37.98328,37.050606,739700
2016-06-15,38.317657000000004,38.652039,38.234066,38.296761,37.356392,251300
2016-06-16,37.586208,38.380356,37.366772,38.338558,37.397166999999996,222000
2016-06-17,38.631138,39.017765000000004,38.44305,38.913269,37.957764000000005,539600
2016-06-20,41.536049,41.55695,41.076279,41.076279,40.067661,330700
2016-06-21,41.21212,41.577847,41.149426,41.316615999999996,40.302101,266000
2016-06-22,41.138977000000004,41.713688,41.138977000000004,41.421108000000004,40.404022,275600
2016-06-23,42.852665,42.863113,42.110764,42.727272,41.678115999999996,221600
2016-06-24,38.850574,40.773251,38.850574,39.195403999999996,38.232971,594400
2016-06-27,36.718914,36.802509,36.185997,36.718914,35.817287,499900
2016-06-28,37.805640999999994,38.035526000000004,37.136887,37.680252,36.755024,496500
2016-06-29,38.025078,39.090908,38.025078,38.777428,37.825256,165700
2016-06-30,38.64159,39.216301,38.432602,39.195403999999996,38.232971,190500
2016-07-01,40.020897,40.323929,39.905956,40.125393,39.140125,166000
2016-07-05,38.693836,39.038662,38.64159,38.840126,37.886417,223500
2016-07-06,37.931034000000004,38.463951,37.460815000000004,38.463951,37.519478,1188500
2016-07-07,39.090908,39.216301,38.484848,38.620689,37.672371000000005,335600
2016-07-08,38.902821,39.132706,38.693836,38.923721,37.96796,233600
2016-07-11,39.446186,39.843262,39.362590999999995,39.728317,38.752796000000004,134100
2016-07-12,40.188087,40.616508,40.094044,40.45977,39.46629,179000
2016-07-13,40.710552,40.835945,40.14629,40.219437,39.231857,335700
2016-07-14,40.532917,40.616508,40.271683,40.334377,39.343979,271500
2016-07-15,40.229884999999996,40.543365,40.041798,40.188087,39.201279,221800
2016-07-18,40.626961,40.982234999999996,40.553814,40.721004,39.721111,136000
2016-07-19,40.856846000000004,40.867294,40.407524,40.522465000000004,39.527443,138400
2016-07-20,40.971786,41.034481,40.721004,40.888191,39.884192999999996,138200
2016-07-21,41.013584,41.368862,40.961338,41.097179,40.088046999999996,150600
2016-07-22,40.919540000000005,41.337513,40.856846000000004,41.201671999999995,40.189972,114100
2016-07-25,41.421108000000004,41.755486,41.421108000000004,41.630093,40.607876,126900
2016-07-26,41.995819,42.257053000000006,41.849529,42.16301,41.127708,132200
2016-07-27,42.27795,42.298851,41.724136,42.048065,41.015583,189100
2016-07-28,41.995819,42.152561,41.807732,42.048065,41.015583,140900
2016-07-29,42.089863,42.591431,41.839081,42.319748,41.280598,153500
2016-08-01,42.215256,42.309298999999996,41.943573,42.121212,41.086937,113600
2016-08-02,43.678162,44.043888,43.563217,43.887146,42.809509000000006,291900
2016-08-03,43.510971000000005,43.740856,43.448277000000004,43.552769,42.483340999999996,124700
2016-08-04,43.437828,43.531872,43.322884,43.490074,42.422184,125400
2016-08-05,43.793102000000005,44.03344,43.793102000000005,43.928944,42.850281,96800
2016-08-08,44.388714,44.932078999999995,44.346916,44.827587,43.726856,356700
2016-08-09,44.984325,45.266457,44.921631,45.026123,43.920517,164600
2016-08-10,45.548588,45.590385,45.214211,45.287357,44.175335,128300
2016-08-11,45.350052000000005,45.569489000000004,45.224659,45.370953,44.256882,168100
2016-08-12,45.590385,45.736675,45.485893,45.548588,44.430149,68000
2016-08-15,45.370953,45.653084,45.3605,45.632183000000005,44.511696,85700
2016-08-16,45.297806,45.736675,45.287357,45.621735,44.501507000000004,86000
2016-08-17,45.496342,45.882969,45.308254,45.747128000000004,44.623816999999995,58800
2016-08-18,46.227795,46.363636,46.060608,46.227795,45.092678,412400
2016-08-19,46.520374,46.603970000000004,46.217346,46.593521,45.449428999999995,69400
2016-08-22,46.280041,46.457679999999996,46.154652,46.415882,45.27615,69100
2016-08-23,46.593521,46.792057,46.551722999999996,46.677116,45.530972,87000
2016-08-24,46.875652,46.875652,46.300940999999995,46.353188,45.215,95700
2016-08-25,45.903866,46.133751000000004,45.872516999999995,46.112854,44.980564,128600
2016-08-26,46.102402000000005,46.384537,45.527691,45.736675,44.613621,525700
2016-08-29,45.433647,46.050156,45.433647,45.768024,44.644199,83700
2016-08-30,45.715778,45.830723,45.370953,45.464996,44.348614000000005,111800
2016-08-31,45.130615,45.318703,44.858932,44.994774,44.181469,70200
2016-09-01,45.402297999999995,45.621735,45.182860999999995,45.423199,44.602146000000005,131000
2016-09-02,46.060608,46.154652,45.757576,45.893417,45.063869,380800
2016-09-06,46.039707,46.091953000000004,45.694881,45.924766999999996,45.09465,303500
2016-09-07,45.673981,45.882969,45.475445,45.579937,44.756054,101000
2016-09-08,45.538139,45.726227,45.151516,45.172413,44.355896,159900
2016-09-09,44.806686,44.806686,43.876698,43.918495,43.124645,144100
2016-09-12,44.022987,44.649947999999995,43.876698,44.629047,43.82235,134900
2016-09-13,44.29467,44.409615,44.022987,44.148379999999996,43.350372,128500
2016-09-14,44.29467,44.409615,44.085685999999995,44.378265,43.576103,168500
2016-09-15,44.723091,45.287357,44.6395,45.24556,44.427723,81400
2016-09-16,44.524555,44.890282,44.482758000000004,44.733543,43.924960999999996,657000
2016-09-19,44.743992,44.973877,44.60815,44.670845,43.863396,113800
2016-09-20,44.890282,44.994774,44.702194,44.702194,43.894176,169900
2016-09-21,44.555904,44.691746,44.200626,44.670845,43.863396,202700
2016-09-22,44.900729999999996,45.224659,44.900729999999996,45.161964000000005,44.345634000000004,855600
2016-09-23,44.723091,45.088817999999996,44.702194,45.047024,44.232773,362300
2016-09-26,43.040752000000005,43.145245,42.382446,42.486938,41.718964,479200
2016-09-27,42.288403,43.239288,42.288403,43.092999,42.314068,359100
2016-09-28,43.301987,43.301987,42.73772,43.051201,42.273026,82000
2016-09-29,42.758621000000005,43.009403000000006,42.455589,42.560085,41.790791,142600
2016-09-30,43.52142,43.866248999999996,43.406479,43.500523,42.714226000000004,137700
2016-10-03,44.336467999999996,44.545456,43.981190000000005,44.346916,43.545319,200700
2016-10-04,44.75444,45.172413,44.231976,44.378265,43.576103,475900
2016-10-05,44.03344,44.336467999999996,43.761757,43.793102000000005,43.001518,104600
2016-10-06,43.542320000000004,43.709507,43.427376,43.52142,42.734749,79000
2016-10-07,42.62278,42.978058000000004,42.434692,42.716824,41.944691,178500
2016-10-10,42.413792,42.643677000000004,42.371994,42.528736,41.760006,197300
2016-10-11,42.455589,42.507835,41.515152,41.630093,40.877604999999996,175100
2016-10-12,42.027167999999996,42.100315,41.765934,41.943573,41.185417,74200
2016-10-13,41.452457,42.100315,41.368862,41.964473999999996,41.205940000000005,91000
2016-10-14,42.183907,42.27795,41.703239,41.901775,41.144379,108600
2016-10-17,41.35841,41.588295,41.21212,41.253918,40.508228,165100
2016-10-18,42.27795,42.309298999999996,42.048065,42.121212,41.359848,110300
2016-10-19,42.789970000000004,42.789970000000004,42.466042,42.466042,41.698444,76300
2016-10-20,41.81818,42.089863,41.577847,41.912224,41.154635999999996,123100
2016-10-21,40.856846000000004,41.06583,40.700103999999996,41.055382,40.313282,173800
2016-10-24,40.846394000000004,41.024033,40.637409000000005,40.741901,40.005466,149100
2016-10-25,40.637409000000005,40.856846000000004,40.574711,40.741901,40.005466,350700
2016-10-26,40.60606,40.783699,40.438873,40.668758000000004,39.933647,631700
2016-10-27,40.626961,40.710552,40.334377,40.564262,39.831039000000004,882500
2016-10-28,40.689655,40.783699,40.543365,40.553814,39.820782,135500
2016-10-31,40.731453,41.295715,40.689655,41.222572,40.477451,334000
2016-11-01,40.815048,40.898643,40.438873,40.532917,39.800262,1141100
2016-11-02,40.512015999999996,40.595612,40.208988,40.229884999999996,39.502708,453900
2016-11-03,40.480667,40.553814,40.303032,40.397076,39.666878000000004,887400
2016-11-04,40.031349,40.250782,39.843262,39.874607,39.153853999999995,355000
2016-11-07,40.428421,40.543365,40.355278000000006,40.522465000000004,39.790001000000004,243800
2016-11-08,40.585163,41.013584,40.522465000000004,40.919540000000005,40.179897,412000
2016-11-09,39.989552,41.295715,39.989552,41.191223,40.446671,575600
2016-11-10,41.034481,41.55695,40.971786,41.337513,40.590317,175400
2016-11-11,40.909092,41.170322,40.626961,40.867294,40.128593,368700
2016-11-14,40.553814,41.347961,40.553814,41.285267,40.539013,459900
2016-11-15,41.452457,41.734589,41.285267,41.713688,40.95969,221700
2016-11-16,41.421108000000004,41.797283,41.421108000000004,41.734589,40.980213,133500
2016-11-17,41.765934,41.954021000000004,41.713688,41.901775,41.144379,94400
2016-11-18,42.13166,42.476490000000005,42.068965999999996,42.413792,41.647141,142700
2016-11-21,42.486938,42.664577,42.361546000000004,42.580982,41.811306,82800
2016-11-22,42.842216,43.009403000000006,42.716824,42.988506,42.211464,90900
2016-11-23,42.476490000000005,42.821315999999996,42.476490000000005,42.748173,41.975475,128500
2016-11-25,43.552769,43.960293,43.469173,43.824451,43.032299,97400
2016-11-28,43.322884,43.396029999999996,43.155693,43.197491,42.416672,92300
2016-11-29,43.531872,43.928944,43.427376,43.740856,42.950214,137700
2016-11-30,43.479626,43.52142,43.08255,43.166145,42.385891,118900
2016-12-01,42.894463,43.333332,42.852665,43.260189000000004,42.478233,118600
2016-12-02,42.957157,43.145245,42.894463,42.988506,42.211464,112200
2016-12-05,43.437828,43.605015,43.364681,43.531872,42.745007,91300
2016-12-06,43.134796,43.301987,43.040752000000005,43.228840000000005,42.447456,110900
2016-12-07,43.678162,44.75444,43.646812,44.660396999999996,43.853134000000004,191700
2016-12-08,44.012539000000004,44.461861,44.012539000000004,44.190178,43.391418,154600
2016-12-09,44.263325,44.44096,44.148379999999996,44.399162,43.596621999999996,141600
2016-12-12,45.099270000000004,45.39185,44.75444,45.099270000000004,44.284077,560500
2016-12-13,45.841171,46.112854,45.653084,45.673981,44.8484,233900
2016-12-14,45.841171,46.102402000000005,45.464996,45.475445,44.65345,173200
2016-12-15,46.551722999999996,46.562172,45.820271000000005,45.862068,45.033085,122500
2016-12-16,46.008358,46.029259,45.715778,45.788925,44.961265999999995,90400
2016-12-19,45.778473,45.96656,45.663532000000004,45.684428999999994,44.858658,94400
2016-12-20,45.548588,45.893417,45.548588,45.809822,44.981784999999995,77100
2016-12-21,45.642632,45.70533,45.527691,45.55904,44.735535,74400
2016-12-22,46.039707,46.039707,45.600838,45.611286,44.786834999999996,110700
2016-12-23,46.039707,46.091953000000004,45.50679,45.663532000000004,44.838139,352900
2016-12-27,45.768024,45.872516999999995,45.673981,45.747128000000004,44.920223,64200
2016-12-28,45.70533,45.768024,45.433647,45.548588,44.725273,145400
2016-12-29,46.1651,46.1651,45.788925,45.914314000000005,45.084389,87800
2016-12-30,46.969696,46.969696,46.175549,46.321838,45.484547,134800
2017-01-03,47.680252,47.690701000000004,47.084641,47.178684000000004,46.325901,272600
2017-01-04,47.659351,47.86834,47.523509999999995,47.795193,46.931267,209600
2017-01-05,48.045978999999996,48.328109999999995,47.962383,48.025078,47.156998,252200
2017-01-06,47.492165,47.575756,46.969696,46.980145,46.130951,176400
2017-01-09,47.210029999999996,47.26228,47.042843,47.042843,46.192516,124800
2017-01-10,47.86834,47.972832000000004,47.701149,47.784744,46.921009000000005,115300
2017-01-11,47.680252,47.910137,47.408569,47.899685,47.033871000000005,105100
2017-01-12,48.045978999999996,48.087776,47.701149,47.784744,46.921009000000005,84700
2017-01-13,47.784744,48.025078,47.711597,47.931034000000004,47.064655,92200
2017-01-17,48.004181,48.056427,47.210029999999996,47.753395000000005,46.890223999999996,308200
2017-01-18,48.140021999999995,48.610240999999995,48.066875,48.286312,47.413509000000005,161100
2017-01-19,48.077324,48.557995,48.077324,48.307209,47.434028999999995,330800
2017-01-20,48.307209,48.44305,48.223614000000005,48.369907,47.495594,156100
2017-01-23,48.463951,48.599792,48.286312,48.411705,47.536636,507500
2017-01-24,48.422153,48.662487,48.401253000000004,48.557995,47.680283,586300
2017-01-25,48.881924,49.017765000000004,48.766979,49.007313,48.121479,693700
2017-01-26,49.341694,49.362590999999995,49.038662,49.205853000000005,48.316429,154000
2017-01-27,49.947753999999996,49.947753999999996,49.414837,49.561127,48.665283,228300
2017-01-30,48.547543,48.662487,48.453499,48.557995,47.680283,162700
2017-01-31,48.44305,48.599792,48.098225,48.516197,47.63924,129100
2017-02-01,48.944618,49.101357,48.505749,48.672934999999995,47.793144,156400
2017-02-02,48.965519,48.986416,48.380356,48.537094,47.659756,129900
2017-02-03,48.735634000000005,48.944618,48.672934999999995,48.756531,47.875229,87800
2017-02-06,48.401253000000004,48.871475,48.401253000000004,48.766979,47.885490000000004,142400
2017-02-07,49.101357,49.341694,48.955067,49.299896000000004,48.408775,116500
2017-02-08,49.404388,49.404388,49.028214,49.195403999999996,48.306168,96400
2017-02-09,49.24765,49.529781,49.111809,49.341694,48.449814,76100
2017-02-10,49.456635,49.655174,49.456635,49.550678000000005,48.655021999999995,65200
2017-02-13,50.073147,50.135841,49.864159,50.041798,49.137264,111700
2017-02-14,50.14629,50.250782,49.895508,50.031349,49.127003,123600
2017-02-15,49.477534999999996,49.968651,49.456635,49.926853,49.024399,124500
2017-02-16,50.261234,50.585163,50.229884999999996,50.501568,49.588726,159100
2017-02-17,50.417972999999996,50.449321999999995,50.135841,50.365726,49.455338,212100
2017-02-21,50.386623,50.825497,50.334377,50.804596000000004,49.886276,189400
2017-02-22,49.080459999999995,49.237198,48.881924,49.184952,48.295906,257000
2017-02-23,49.508881,49.561127,49.331241999999996,49.331241999999996,48.439547999999995,401000
2017-02-24,48.955067,49.205853000000005,48.955067,49.184952,48.295906,320700
2017-02-27,48.975967,49.278996,48.975967,49.216301,48.326687,226300
2017-02-28,49.39394,49.529781,49.101357,49.153605999999996,48.265128999999995,351300
2017-03-01,49.24765,49.717869,49.216301,49.550678000000005,48.655021999999995,232300
2017-03-02,49.404388,49.561127,49.373039,49.456635,48.562678999999996,211700
2017-03-03,49.038662,49.320793,49.038662,49.299896000000004,48.408775,304600
2017-03-06,49.007313,49.080459999999995,48.840126,48.871475,47.988098,277200
2017-03-07,48.808777,48.808777,48.411705,48.463951,47.58794,296200
2017-03-08,48.808777,48.93417,48.568443,48.693836,47.813666999999995,174500
2017-03-09,48.850574,49.038662,48.766979,48.850574,47.967571,422500
2017-03-10,48.902821,49.04911,48.808777,49.017765000000004,48.131741,169700
2017-03-13,49.268547,49.39394,49.101357,49.24765,48.357471000000004,106800
2017-03-14,48.620689,48.996864,48.578891999999996,48.93417,48.049656,143600
2017-03-15,49.205853000000005,49.749218,49.174503,49.717869,48.819191,115000
2017-03-16,49.70742,50.052246000000004,49.696968,50.0,49.096222,120000
2017-03-17,50.073147,50.470219,50.073147,50.397076,49.486121999999995,113200
2017-03-20,50.219437,50.470219,50.041798,50.114940999999995,49.209087,119000
2017-03-21,50.543365,50.585163,50.114940999999995,50.156738,49.250126,181200
2017-03-22,49.195403999999996,49.561127,49.122257,49.529781,48.634502000000005,208700
2017-03-23,49.550678000000005,50.355278000000006,49.54023,50.188087,49.28091,135700
2017-03-24,50.125393,50.365726,50.020897,50.156738,49.250126,86100
2017-03-27,50.167190999999995,50.365726,50.020897,50.31348,49.404034,115800
2017-03-28,50.271683,50.417972999999996,50.167190999999995,50.229884999999996,49.321953,139200
2017-03-29,49.843262,50.073147,49.780563,50.052246000000004,49.147521999999995,101300
2017-03-30,50.982234999999996,51.431557,50.919540000000005,51.264365999999995,50.337734000000005,144000
2017-03-31,50.919540000000005,51.306164,50.867294,51.128525,50.204346,114300
2017-04-03,50.741901,50.982234999999996,50.501568,50.762802,49.845238,72800
2017-04-04,50.45977,50.60606,50.355278000000006,50.45977,49.54768,162800
2017-04-05,50.491119,50.940437,50.480667,50.543365,49.629765,125100
2017-04-06,50.710552,50.961338,50.689655,50.783699,49.865757,56500
2017-04-07,50.741901,50.898643,50.647858,50.846394000000004,49.927315,101400
2017-04-10,50.856846000000004,50.992687,50.741901,50.867294,49.947838,79300
2017-04-11,51.379311,51.421108000000004,50.940437,51.347961,50.419819,70100
2017-04-12,51.462906,51.483803,51.086731,51.306164,50.378777,68900
2017-04-13,51.35841,51.515152,51.170322,51.201671999999995,50.276173,76900
2017-04-17,51.316615999999996,51.55695,51.285267,51.473354,50.542946,40900
2017-04-18,51.462906,51.755486,51.06583,51.462906,50.532684,125900
2017-04-19,51.400208,51.588295,51.347961,51.431557,50.501903999999996,103200
2017-04-20,51.776385999999995,52.675026,51.724136,52.089863,51.148308,184000
2017-04-21,52.246604999999995,52.392895,52.194359000000006,52.351096999999996,51.404819,108200
2017-04-24,53.072102,53.072102,52.76906999999999,52.894463,51.938365999999995,58700
2017-04-25,53.19749100000001,53.500523,53.092999,53.385578,52.420601,61400
2017-04-26,54.022987,54.44096,53.991642000000006,54.273773,53.29274399999999,180700
2017-04-27,54.649947999999995,54.921631000000005,54.597702000000005,54.89028199999999,53.898109,104300
2017-04-28,55.694881,55.705330000000004,55.120167,55.161964000000005,54.164879000000006,243000
2017-05-01,55.193314,55.381401000000004,55.193314,55.224658999999996,54.226443999999994,86500
2017-05-02,55.705330000000004,55.768024,55.224658999999996,55.768024,54.759987,126200
2017-05-03,55.55904,55.600838,55.172413,55.538139,55.167362,115900
2017-05-04,56.154652,56.530827,55.987460999999996,56.45768,56.080765,110200
2017-05-05,55.402297999999995,55.914314000000005,55.402297999999995,55.903866,55.530646999999995,150900
2017-05-08,53.59,54.080002,53.490002000000004,54.07,53.709022999999995,181800
2017-05-09,54.360001000000004,54.950001,54.349998,54.84,54.473884999999996,321400
2017-05-10,54.93,55.080002,54.740002000000004,55.049999,54.682480000000005,394000
2017-05-11,54.740002000000004,55.09,54.57,54.98,54.612949,76600
2017-05-12,54.990002000000004,55.110001000000004,54.93,55.009997999999996,54.642745999999995,66700
2017-05-15,54.869999,54.900002,54.669998,54.77,54.40435,147100
2017-05-16,55.139998999999996,55.349998,55.099998,55.299999,54.930813,108400
2017-05-17,55.290001000000004,55.34,54.470001,54.540001000000004,54.175888,100800
2017-05-18,55.169998,55.470001,55.080002,55.330002,54.960613,122300
2017-05-19,55.369999,55.68,55.330002,55.619999,55.248676,74700
2017-05-22,55.599998,55.939999,55.580002,55.810001,55.437408,162400
2017-05-23,55.799999,55.950001,55.630001,55.720001,55.348011,86900
2017-05-24,55.68,56.0,55.650002,55.990002000000004,55.616206999999996,63100
2017-05-25,56.18,56.52,56.139998999999996,56.43,56.053268,69200
2017-05-26,55.799999,55.98,55.68,55.939999,55.56654,100000
2017-05-30,55.950001,56.169998,55.919998,56.049999,55.67580400000001,56600
2017-05-31,56.240002000000004,56.610001000000004,56.09,56.540001000000004,56.162537,74600
2017-06-01,56.950001,57.290001000000004,56.880001,57.27,56.887661,65300
2017-06-02,57.52,57.799999,57.48,57.66,57.275059,147000
2017-06-05,57.209998999999996,57.259997999999996,57.0,57.080002,56.698933,65100
2017-06-06,56.950001,57.259997999999996,56.880001,57.189999,56.808193,61600
2017-06-07,57.130001,57.419998,57.02,57.380001,56.996929,71200
2017-06-08,56.950001,56.990002000000004,56.66,56.84,56.460533,70600
2017-06-09,56.360001000000004,56.599998,56.029999,56.220001,55.844673,102800
2017-06-12,55.450001,55.48,55.27,55.450001,55.079811,102900
2017-06-13,56.110001000000004,56.380001,55.950001,56.310001,55.934070999999996,123700
2017-06-14,56.540001000000004,56.610001000000004,56.139998999999996,56.330002,55.953938,75900
2017-06-15,54.509997999999996,55.139998999999996,54.470001,55.110001000000004,54.742081000000006,199500
2017-06-16,56.029999,56.75,55.869999,56.689999,56.311531,249500
2017-06-19,55.990002000000004,56.279999,55.990002000000004,56.220001,55.844673,201000
2017-06-20,55.880001,55.93,55.48,55.610001000000004,55.23874300000001,119800
2017-06-21,55.630001,55.91,55.52,55.810001,55.437408,107900
2017-06-22,55.740002000000004,55.810001,55.619999,55.75,55.377807999999995,74700
2017-06-23,55.91,56.139998999999996,55.799999,56.009997999999996,55.63607,70100
2017-06-26,56.189999,56.439999,56.009997999999996,56.139998999999996,55.765205,65300
2017-06-27,55.560001,55.68,55.450001,55.529999,55.159275,89500
2017-06-28,55.619999,55.849998,55.540001000000004,55.709998999999996,55.338074,82200
2017-06-29,55.630001,55.630001,55.009997999999996,55.23,54.861279,99400
2017-06-30,55.759997999999996,55.77,55.32,55.529999,55.159275,120100
2017-07-03,55.169998,55.349998,55.040001000000004,55.07,54.702346999999996,77500
2017-07-05,55.259997999999996,55.360001000000004,55.16,55.34,54.970546999999996,85100
2017-07-06,54.75,55.220001,54.650002,54.959998999999996,54.593081999999995,70600
2017-07-07,54.779999,55.110001000000004,54.77,55.040001000000004,54.67255,60800
2017-07-10,55.189999,55.450001,55.139998999999996,55.330002,54.960613,66300
2017-07-11,54.32,54.5,54.209998999999996,54.43,54.06661999999999,128200
2017-07-12,55.23,55.709998999999996,55.200001,55.490002000000004,55.119544999999995,119500
2017-07-13,55.689999,55.810001,55.48,55.650002,55.278477,66100
2017-07-14,55.740002000000004,56.139998999999996,55.689999,56.09,55.715538,85400
2017-07-17,56.169998,56.360001000000004,56.0,56.200001,55.824806,52300
2017-07-18,56.139998999999996,56.459998999999996,56.060001,56.459998999999996,56.083068999999995,88000
2017-07-19,56.41,56.450001,56.25,56.279999,55.90427,65300
2017-07-20,55.939999,56.369999,55.939999,56.27,55.894337,99100
2017-07-21,56.080002,56.369999,55.919998,56.32,55.94400400000001,127300
2017-07-24,55.700001,56.369999,55.669998,56.32,55.94400400000001,123400
2017-07-25,56.900002,56.98,56.48,56.759997999999996,56.381065,149500
2017-07-26,57.189999,57.189999,56.860001000000004,57.060001,56.679066000000006,79800
2017-07-27,57.330002,57.630001,56.5,56.779999,56.400932,98800
2017-07-28,56.549999,56.709998999999996,56.330002,56.619999,56.242001,55000
2017-07-31,56.560001,56.869999,56.419998,56.759997999999996,56.381065,105700
2017-08-01,56.919998,57.029999,56.849998,56.93,56.54993100000001,102300
2017-08-02,56.970001,56.970001,56.459998999999996,56.75,56.371131999999996,64600
2017-08-03,56.389998999999996,56.68,56.389998999999996,56.439999,56.063202000000004,91900
2017-08-04,56.669998,56.98,56.52,56.939999,56.559864000000005,46600
2017-08-07,57.369999,57.5,56.849998,57.040001000000004,56.659199,219100
2017-08-08,55.150002,55.32,54.75,54.830002,54.463951,305800
2017-08-09,53.91,54.27,53.790001000000004,54.130001,53.768623,140400
2017-08-10,52.68,52.740002000000004,52.029999,52.119999,51.772040999999994,160700
2017-08-11,51.700001,52.009997999999996,51.52,51.93,51.583313000000004,154100
2017-08-14,51.779999,52.119999,51.75,51.990002000000004,51.642914000000005,116700
2017-08-15,51.310001,51.48,51.25,51.369999,51.02705,127600
2017-08-16,51.779999,51.939999,51.709998999999996,51.830002,51.483982,91800
2017-08-17,51.700001,51.779999,50.970001,51.029999,50.68932,74300
2017-08-18,50.900002,50.900002,50.450001,50.52,50.182724,88000
2017-08-21,50.650002,50.700001,50.419998,50.610001000000004,50.272125,116700
2017-08-22,49.650002,50.5,49.650002,50.450001,50.113194,266100
2017-08-23,49.48,49.889998999999996,49.48,49.779999,49.447662,135700
2017-08-24,49.75,49.869999,49.540001000000004,49.599998,49.268864,88200
2017-08-25,49.509997999999996,49.849998,49.490002000000004,49.66,49.328465,158100
2017-08-28,49.860001000000004,49.970001,49.630001,49.66,49.328465,62300
2017-08-29,49.330002,49.599998,49.279999,49.43,49.100002,96400
2017-08-30,49.189999,49.650002,49.189999,49.560001,49.560001,128100
2017-08-31,49.639998999999996,50.209998999999996,49.540001000000004,50.200001,50.200001,698300
2017-09-01,50.34,50.459998999999996,50.18,50.34,50.34,124000
2017-09-05,49.900002,49.959998999999996,49.32,49.540001000000004,49.540001000000004,133100
2017-09-06,49.209998999999996,49.41,49.029999,49.139998999999996,49.139998999999996,83400
2017-09-07,49.419998,49.82,49.369999,49.52,49.52,88400
2017-09-08,49.639998999999996,49.950001,49.5,49.73,49.73,70100
2017-09-11,49.939999,50.189999,49.889998999999996,50.169998,50.169998,324900
2017-09-12,50.139998999999996,50.52,50.119999,50.450001,50.450001,83400
2017-09-13,50.16,50.549999,50.119999,50.450001,50.450001,123500
2017-09-14,50.16,50.360001000000004,50.110001000000004,50.279999,50.279999,114200
2017-09-15,50.060001,50.119999,49.82,49.849998,49.849998,157300
2017-09-18,50.290001000000004,50.470001,50.049999,50.07,50.07,102500
2017-09-19,50.25,50.360001000000004,50.110001000000004,50.310001,50.310001,96600
2017-09-20,50.709998999999996,50.799999,50.25,50.57,50.57,107900
2017-09-21,50.369999,50.759997999999996,50.360001000000004,50.66,50.66,72300
2017-09-22,51.450001,51.779999,51.34,51.509997999999996,51.509997999999996,127800
2017-09-25,51.459998999999996,51.82,51.130001,51.389998999999996,51.389998999999996,123300
2017-09-26,51.529999,51.73,51.41,51.59,51.59,67500
2017-09-27,51.599998,51.799999,51.48,51.619999,51.619999,77400
2017-09-28,53.169998,53.630001,52.849998,52.950001,52.950001,198000
2017-09-29,52.779999,53.009997999999996,52.619999,52.889998999999996,52.889998999999996,90900
2017-10-02,53.040001000000004,53.200001,52.790001000000004,52.84,52.84,66900
2017-10-03,52.720001,53.029999,52.720001,52.970001,52.970001,97200
2017-10-04,53.040001000000004,53.240002000000004,53.040001000000004,53.119999,53.119999,53000
2017-10-05,52.91,53.259997999999996,52.91,53.110001000000004,53.110001000000004,70300
2017-10-06,53.580002,53.82,53.41,53.57,53.57,56900
2017-10-09,54.130001,54.200001,53.990002000000004,54.07,54.07,83200
2017-10-10,54.330002,54.490002000000004,54.139998999999996,54.23,54.23,66400
2017-10-11,54.130001,54.279999,54.080002,54.25,54.25,58300
2017-10-12,54.02,54.52,54.0,54.41,54.41,57900
2017-10-13,54.700001,54.82,54.580002,54.66,54.66,229800
2017-10-16,54.400002,54.459998999999996,54.259997999999996,54.32,54.32,49500
2017-10-17,54.060001,54.299999,54.009997999999996,54.23,54.23,46100
2017-10-18,54.150002,54.439999,53.98,54.32,54.32,61200
2017-10-19,54.02,54.240002000000004,53.950001,54.23,54.23,90900
2017-10-20,53.689999,53.75,53.52,53.66,53.66,79900
2017-10-23,53.779999,53.919998,53.650002,53.759997999999996,53.759997999999996,98900
2017-10-24,53.900002,54.029999,53.700001,53.790001000000004,53.790001000000004,62600
2017-10-25,53.970001,54.040001000000004,53.540001000000004,53.889998999999996,53.889998999999996,106400
2017-10-26,54.310001,54.880001,54.23,54.77,54.77,248000
2017-10-27,54.959998999999996,55.09,54.830002,55.029999,55.029999,134900
2017-10-30,55.07,55.5,54.990002000000004,55.389998999999996,55.389998999999996,99500
2017-10-31,55.41,55.720001,55.189999,55.59,55.59,100300
2017-11-01,56.470001,56.509997999999996,56.080002,56.130001,56.130001,148800
2017-11-02,56.02,56.299999,55.779999,56.27,56.27,179900
2017-11-03,56.790001000000004,57.220001,56.700001,57.150002,57.150002,127000
2017-11-06,57.0,57.549999,57.0,57.41,57.41,99200
2017-11-07,56.84,57.09,56.509997999999996,56.59,56.59,103500
2017-11-08,56.619999,57.09,56.599998,56.950001,56.950001,91300
2017-11-09,56.220001,56.59,56.209998999999996,56.490002000000004,56.490002000000004,120200
2017-11-10,56.66,56.869999,56.389998999999996,56.779999,56.779999,97200
2017-11-13,55.619999,56.439999,55.580002,56.349998,56.349998,120400
2017-11-14,55.900002,56.349998,55.720001,56.27,56.27,82400
2017-11-15,55.93,55.93,55.360001000000004,55.73,55.73,101000
2017-11-16,56.52,56.52,56.27,56.43,56.43,54700
2017-11-17,56.48,56.630001,56.41,56.549999,56.549999,49100
2017-11-20,56.869999,57.360001000000004,56.869999,57.099998,57.099998,81800
2017-11-21,57.259997999999996,57.549999,57.259997999999996,57.41,57.41,70500
2017-11-22,57.759997999999996,57.759997999999996,57.310001,57.540001000000004,57.540001000000004,55700
2017-11-24,58.240002000000004,58.240002000000004,57.860001000000004,57.91,57.91,53800
2017-11-27,58.490002000000004,58.57,58.27,58.299999,58.299999,84900
2017-11-28,58.450001,58.59,58.27,58.490002000000004,58.490002000000004,87500
2017-11-29,59.209998999999996,59.43,58.490002000000004,58.759997999999996,58.759997999999996,146300
2017-11-30,58.75,59.040001000000004,58.290001000000004,58.66,58.66,1410000
2017-12-01,59.18,59.48,58.830002,59.220001,59.220001,502800
2017-12-04,59.630001,59.939999,59.310001,59.349998,59.349998,187000
2017-12-05,59.509997999999996,59.59,59.27,59.279999,59.279999,118500
2017-12-06,59.560001,59.77,59.200001,59.220001,59.220001,164700
2017-12-07,59.009997999999996,59.23,58.889998999999996,58.990002000000004,58.990002000000004,289500
2017-12-08,59.529999,59.900002,59.43,59.740002000000004,59.740002000000004,202100
2017-12-11,59.91,59.950001,59.509997999999996,59.59,59.59,237200
2017-12-12,59.400002,59.459998999999996,59.16,59.189999,59.189999,72400
2017-12-13,59.889998999999996,60.299999,59.889998999999996,60.150002,60.150002,224700
2017-12-14,60.470001,60.709998999999996,60.290001000000004,60.330002,60.330002,286000
2017-12-15,60.709998999999996,61.189999,60.619999,61.07,61.07,536200
2017-12-18,61.779999,62.110001000000004,61.689999,61.91,61.91,91000
2017-12-19,61.970001,62.139998999999996,61.560001,61.740002000000004,61.740002000000004,102000
2017-12-20,62.380001,62.419998,61.740002000000004,61.810001,61.810001,197700
2017-12-21,62.790001000000004,63.110001000000004,62.75,62.900002,62.900002,652800
2017-12-22,62.93,63.060001,62.799999,63.02,63.02,110500
2017-12-26,62.950001,63.029999,62.360001000000004,62.810001,62.810001,69800
2017-12-27,63.669998,63.68,63.150002,63.360001000000004,63.360001000000004,292700
2017-12-28,63.630001,63.630001,63.290001000000004,63.48,63.48,673600
2017-12-29,63.82,63.950001,63.490002000000004,63.509997999999996,63.509997999999996,551100
2018-01-02,63.740002000000004,63.939999,63.630001,63.799999,63.799999,2197200
2018-01-03,63.52,63.709998999999996,63.349998,63.549999,63.549999,1191300
2018-01-04,63.68,63.73,63.389998999999996,63.52,63.52,806200
2018-01-05,63.549999,63.650002,63.220001,63.27,63.27,743900
2018-01-08,63.580002,63.650002,63.32,63.52,63.52,525900
2018-01-09,63.34,63.75,63.23,63.68,63.68,202400
2018-01-10,63.34,63.869999,63.299999,63.650002,63.650002,1174300
2018-01-11,63.759997999999996,64.730003,63.75,64.66999799999999,64.66999799999999,170300
2018-01-12,65.489998,65.690002,65.279999,65.660004,65.660004,194300
2018-01-16,66.510002,66.699997,66.07,66.16999799999999,66.16999799999999,299100
2018-01-17,66.459999,67.029999,66.269997,66.769997,66.769997,611200
2018-01-18,66.849998,66.980003,66.690002,66.83000200000001,66.83000200000001,221800
2018-01-19,68.559998,68.610001,68.209999,68.559998,68.559998,258800
2018-01-22,68.269997,68.800003,68.16999799999999,68.75,68.75,487200
2018-01-23,68.989998,69.099998,68.68,68.900002,68.900002,121800
2018-01-24,69.07,69.230003,68.309998,68.68,68.68,280000
2018-01-25,68.550003,68.599998,67.699997,67.860001,67.860001,282200
2018-01-26,68.08000200000001,68.110001,67.739998,68.110001,68.110001,372200
2018-01-29,67.209999,67.589996,67.029999,67.449997,67.449997,237600
2018-01-30,67.059998,67.260002,66.769997,67.08000200000001,67.08000200000001,184300
2018-01-31,67.07,67.279999,66.849998,67.07,67.07,196000
2018-02-01,67.290001,67.620003,67.18,67.339996,67.339996,105200
2018-02-02,66.93,66.970001,65.220001,65.269997,65.269997,106000
2018-02-05,64.550003,64.800003,61.98,62.279999,62.279999,330200
2018-02-06,63.0,64.190002,62.73,63.950001,63.950001,291500
2018-02-07,63.610001000000004,64.529999,63.439999,63.630001,63.630001,282200
2018-02-08,64.5,64.5,62.150002,62.169998,62.169998,241900
2018-02-09,62.630001,63.029999,60.889998999999996,62.619999,62.619999,348700
2018-02-12,63.049999,63.73,62.939999,63.490002000000004,63.490002000000004,187100
2018-02-13,63.990002000000004,64.370003,63.689999,64.33000200000001,64.33000200000001,170000
2018-02-14,63.98,65.339996,63.970001,65.230003,65.230003,165300
2018-02-15,66.610001,66.760002,66.099998,66.339996,66.339996,213800
2018-02-16,66.050003,66.389999,65.790001,65.900002,65.900002,104400
2018-02-20,62.860001000000004,64.129997,62.860001000000004,63.880001,63.880001,316800
2018-02-21,65.150002,65.809998,64.839996,64.889999,64.889999,169300
2018-02-22,64.91999799999999,65.290001,64.620003,65.019997,65.019997,211300
2018-02-23,64.269997,65.230003,64.25,65.160004,65.160004,215800
2018-02-26,65.16999799999999,65.339996,64.809998,65.129997,65.129997,321600
2018-02-27,65.400002,65.589996,64.980003,65.16999799999999,65.16999799999999,288800
2018-02-28,65.559998,65.660004,64.769997,64.790001,64.790001,275900
2018-03-01,63.400002,63.470001,61.849998,62.200001,62.200001,402600
2018-03-02,61.619999,62.209998999999996,61.290001000000004,62.200001,62.200001,404900
2018-03-05,61.91,62.68,61.68,62.535,62.535,112909
