Date,Open,High,Low,Close,Adj Close,Volume
2015-01-02,3286.23999,3301.280029,3231.189941,3247.389893,3064.603516,406453
2015-01-05,3237.360107,3297.52002,3219.810059,3228.590088,3046.861816,871092
2015-01-06,3231.090088,3250.77002,3137.090088,3174.689941,2995.99585,674623
2015-01-07,3196.0,3251.149902,3179.709961,3243.6298829999996,3061.054932,579284
2015-01-08,3269.949951,3301.280029,3252.399902,3301.280029,3115.4604489999997,452599
2015-01-09,3292.51001,3332.610107,3237.360107,3256.159912,3072.8798829999996,441669
2015-01-12,3271.199951,3313.810059,3259.919922,3303.790039,3117.829102,497099
2015-01-13,3296.27002,3385.25,3286.23999,3316.320068,3129.654053,826135
2015-01-14,3273.709961,3328.850098,3258.669922,3278.719971,3094.169922,622502
2015-01-15,3295.01001,3316.320068,3201.01001,3259.919922,3076.428223,933758
2015-01-16,3237.360107,3271.199951,3193.48999,3259.919922,3076.428223,519956
2015-01-19,3258.669922,3302.530029,3243.590088,3290.0,3104.81543,314334
2015-01-20,3303.790039,3322.590088,3273.709961,3284.98999,3100.087402,383287
2015-01-21,3286.23999,3318.830078,3281.22998,3318.830078,3132.022217,450910
2015-01-22,3323.840088,3402.8000490000004,3306.550049,3394.030029,3202.989502,656655
2015-01-23,3410.320068,3461.709961,3406.5600590000004,3451.679932,3257.394531,403375
2015-01-26,3436.639893,3478.0,3429.1201170000004,3454.1899409999996,3259.763428,343633
2015-01-27,3454.1899409999996,3470.4799799999996,3405.3100590000004,3414.080078,3221.9111329999996,383932
2015-01-28,3384.0,3385.25,3305.040039,3330.110107,3142.667969,688361
2015-01-29,3317.570068,3357.679932,3307.550049,3331.360107,3143.847168,438160
2015-01-30,3348.909912,3376.4799799999996,3300.030029,3336.3701170000004,3148.575195,662012
2015-02-02,3340.1298829999996,3355.169922,3256.159912,3266.189941,3082.345215,423626
2015-02-03,3252.399902,3266.540039,3147.1201170000004,3244.8798829999996,3062.2346190000003,848913
2015-02-04,3244.8798829999996,3281.22998,3178.449951,3281.22998,3096.538818,864063
2015-02-05,3268.689941,3306.290039,3241.1201170000004,3268.689941,3084.70459,640350
2015-02-06,3258.669922,3276.209961,3244.8798829999996,3276.209961,3091.80127,1177301
2015-02-09,3267.439941,3303.790039,3237.360107,3271.199951,3087.0732420000004,630801
2015-02-10,3268.689941,3365.1999509999996,3268.689941,3340.1298829999996,3152.123535,919933
2015-02-11,3346.399902,3371.469971,3327.600098,3353.919922,3165.137207,555785
2015-02-12,3351.409912,3366.4499509999996,3330.110107,3340.1298829999996,3152.123535,491683
2015-02-13,3348.909912,3357.679932,3263.679932,3282.47998,3097.7185059999997,553965
2015-02-16,3297.52002,3297.52002,3223.570068,3243.6298829999996,3061.054932,494524
2015-02-17,3208.530029,3208.530029,3069.409912,3189.72998,3010.189209,2298910
2015-02-18,3212.290039,3281.22998,3204.77002,3246.1298829999996,3063.414307,1971270
2015-02-19,3251.149902,3254.909912,3182.209961,3193.48999,3013.737549,1120678
2015-02-20,3189.72998,3219.040039,3165.919922,3174.689941,2995.99585,798728
2015-02-23,3189.72998,3223.570068,3182.209961,3214.800049,3033.8479,456014
2015-02-24,3217.310059,3225.330078,3182.209961,3216.050049,3035.027344,728532
2015-02-25,3222.320068,3257.409912,3203.52002,3208.530029,3027.930908,653935
2015-02-26,3218.560059,3261.169922,3204.77002,3252.399902,3069.331543,551560
2015-02-27,3336.3701170000004,3376.4799799999996,3295.01001,3321.330078,3134.38208,1477712
2015-03-02,3325.090088,3410.320068,3308.610107,3368.959961,3179.330566,842057
2015-03-03,3376.4799799999996,3404.0500490000004,3338.8798829999996,3348.909912,3160.409424,842989
2015-03-04,3361.4399409999996,3370.209961,3330.110107,3347.649902,3159.220215,632093
2015-03-05,3360.1899409999996,3371.469971,3331.360107,3355.169922,3166.316895,870227
2015-03-06,3358.929932,3390.2700200000004,3335.1201170000004,3335.1201170000004,3147.395752,517791
2015-03-09,3320.080078,3355.169922,3292.51001,3331.360107,3143.847168,506035
2015-03-10,3322.590088,3361.4399409999996,3279.969971,3279.969971,3095.349609,584171
2015-03-11,3279.969971,3287.48999,3239.8701170000004,3274.959961,3090.621582,685607
2015-03-12,3282.47998,3337.6298829999996,3263.679932,3326.350098,3139.119141,655565
2015-03-13,3343.889893,3356.429932,3288.75,3307.550049,3121.377441,530027
2015-03-16,3322.590088,3368.959961,3308.800049,3360.1899409999996,3171.0541989999997,438266
2015-03-17,3358.929932,3366.4499509999996,3323.840088,3358.929932,3169.865479,407693
2015-03-18,3365.1999509999996,3395.280029,3333.8701170000004,3377.7299799999996,3187.607178,434282
2015-03-19,3373.969971,3407.8100590000004,3355.169922,3380.23999,3189.9760739999997,497093
2015-03-20,3397.790039,3402.8000490000004,3376.4799799999996,3381.48999,3191.155518,1192825
2015-03-23,3387.76001,3387.76001,3305.040039,3335.1201170000004,3147.395752,616009
2015-03-24,3332.610107,3376.4799799999996,3318.830078,3328.850098,3141.478271,736447
2015-03-25,3315.070068,3319.47998,3249.889893,3252.399902,3069.331543,613411
2015-03-26,3233.600098,3253.649902,3183.469971,3219.810059,3038.575928,1260120
2015-03-27,3244.8798829999996,3330.110107,3233.600098,3308.800049,3122.556885,1690498
2015-03-30,3341.389893,3373.969971,3319.080078,3346.399902,3158.040283,1006103
2015-03-31,3351.409912,3380.23999,3267.439941,3301.280029,3115.4604489999997,798460
2015-04-01,3282.47998,3348.75,3267.439941,3311.310059,3124.925781,742269
2015-04-02,3284.98999,3318.580078,3257.409912,3291.25,3138.025879,453507
2015-04-07,3291.25,3376.4799799999996,3291.25,3362.6899409999996,3206.139893,711381
2015-04-08,3373.969971,3399.040039,3338.8798829999996,3351.409912,3195.385254,534759
2015-04-09,3414.080078,3449.169922,3400.290039,3430.3701170000004,3270.669434,688090
2015-04-10,3446.669922,3471.7299799999996,3427.3000490000004,3469.2299799999996,3307.720215,630974
2015-04-13,3452.929932,3489.280029,3436.639893,3466.719971,3305.326904,406352
2015-04-14,3450.429932,3525.6298829999996,3450.429932,3485.5200200000004,3323.251953,659690
2015-04-15,3489.280029,3504.320068,3452.929932,3452.929932,3292.178711,510937
2015-04-16,3466.719971,3471.7299799999996,3397.790039,3404.0500490000004,3245.574463,779899
2015-04-17,3387.76001,3449.169922,3337.6298829999996,3411.570068,3252.744629,2006615
2015-04-20,3434.1298829999996,3531.889893,3434.1298829999996,3491.790039,3329.229736,684773
2015-04-21,3494.290039,3620.8798829999996,3489.280029,3609.600098,3441.55542,1230110
2015-04-22,3605.8400880000004,3633.4099119999996,3535.649902,3560.719971,3394.950928,1204969
2015-04-23,3555.709961,3579.5200200000004,3516.850098,3525.6298829999996,3361.4941409999997,718733
2015-04-24,3534.399902,3569.48999,3526.8798829999996,3545.679932,3380.61084,545620
2015-04-27,3561.969971,3598.320068,3489.280029,3558.209961,3392.5576170000004,589381
2015-04-28,3551.9499509999996,3551.9499509999996,3475.48999,3514.350098,3350.739746,877964
2015-04-29,3529.389893,3718.639893,3498.0500490000004,3564.4799799999996,3398.5354,2216289
2015-04-30,3530.639893,3543.169922,3478.0,3514.350098,3350.739746,1293195
2015-05-01,3528.1298829999996,3536.9099119999996,3454.1899409999996,3530.639893,3366.270996,372764
2015-05-05,3530.639893,3560.719971,3450.429932,3450.429932,3289.795166,688005
2015-05-06,3436.639893,3469.2299799999996,3394.030029,3455.4399409999996,3294.572021,747941
2015-05-07,3440.399902,3471.7299799999996,3397.790039,3457.9499509999996,3296.965332,707846
2015-05-08,3528.1298829999996,3558.209961,3470.4799799999996,3534.399902,3369.855957,669146
2015-05-11,3524.3701170000004,3524.3701170000004,3476.75,3488.030029,3325.644775,903582
2015-05-12,3456.6899409999996,3460.4499509999996,3366.4499509999996,3427.8701170000004,3268.285645,938521
2015-05-13,3444.1599119999996,3456.6899409999996,3400.75,3419.0900880000004,3259.914307,468483
2015-05-14,3384.0,3461.709961,3370.209961,3452.929932,3292.178711,560331
2015-05-15,3452.929932,3490.530029,3439.149902,3459.1999509999996,3298.156982,591938
2015-05-18,3467.969971,3508.080078,3444.1599119999996,3479.25,3317.273682,351397
2015-05-19,3490.530029,3530.639893,3478.0,3490.530029,3328.028076,437338
2015-05-20,3499.3100590000004,3508.080078,3446.669922,3486.7700200000004,3324.443604,365681
2015-05-21,3488.030029,3490.530029,3450.429932,3464.209961,3302.933594,355921
2015-05-22,3474.23999,3480.51001,3437.889893,3456.6899409999996,3295.76416,377243
2015-05-26,3456.6899409999996,3470.4799799999996,3402.8000490000004,3415.330078,3256.329346,581461
2015-05-27,3429.1201170000004,3484.2700200000004,3427.8701170000004,3472.98999,3311.304932,740647
2015-05-28,3467.969971,3544.429932,3467.969971,3506.830078,3343.570068,580930
2015-05-29,3509.330078,3546.929932,3427.8701170000004,3435.389893,3275.455078,554967
2015-06-01,3436.639893,3506.830078,3435.139893,3465.469971,3304.134766,561965
2015-06-02,3490.530029,3490.530029,3403.5200200000004,3421.600098,3262.3076170000004,484206
2015-06-03,3417.8400880000004,3462.959961,3397.100098,3439.149902,3279.040283,527351
2015-06-04,3425.360107,3425.360107,3367.709961,3396.530029,3238.404541,672756
2015-06-05,3378.98999,3384.0,3323.840088,3370.209961,3213.309814,583344
2015-06-08,3362.6899409999996,3390.2700200000004,3348.909912,3365.1999509999996,3208.533203,345403
2015-06-09,3371.469971,3394.030029,3337.6298829999996,3338.8798829999996,3183.438232,457703
2015-06-10,3345.149902,3407.8100590000004,3328.850098,3405.3100590000004,3246.775879,589911
2015-06-11,3400.290039,3440.399902,3384.0,3402.8000490000004,3244.383057,466147
2015-06-12,3391.5200200000004,3410.320068,3376.4799799999996,3382.75,3225.2658690000003,391358
2015-06-15,3367.709961,3372.719971,3335.1201170000004,3335.1201170000004,3179.853516,376876
2015-06-16,3330.110107,3358.929932,3289.199951,3353.919922,3197.77832,687331
2015-06-17,3350.159912,3360.459961,3307.550049,3333.8701170000004,3178.661621,474784
2015-06-18,3316.320068,3332.610107,3257.409912,3332.610107,3177.460205,809888
2015-06-19,3327.600098,3391.5200200000004,3327.600098,3381.48999,3224.064697,816599
2015-06-22,3432.8798829999996,3452.929932,3405.3100590000004,3421.600098,3262.3076170000004,777190
2015-06-23,3452.929932,3496.8000490000004,3427.8701170000004,3427.8701170000004,3268.285645,613798
2015-06-24,3421.600098,3452.929932,3415.330078,3422.850098,3263.499268,448143
2015-06-25,3425.360107,3425.360107,3389.01001,3397.790039,3239.606201,331730
2015-06-26,3384.0,3406.7299799999996,3358.929932,3387.76001,3230.042725,330997
2015-06-29,3311.310059,3334.699951,3271.199951,3271.199951,3118.90918,635970
2015-06-30,3252.399902,3361.1298829999996,3209.790039,3216.050049,3066.32666,822171
2015-07-01,3251.149902,3333.8701170000004,3229.840088,3310.050049,3155.950684,657180
2015-07-02,3301.280029,3318.51001,3252.399902,3254.909912,3103.377441,529589
2015-07-03,3248.639893,3276.209961,3238.610107,3238.610107,3087.8364260000003,245925
2015-07-06,3211.040039,3262.429932,3205.320068,3251.149902,3099.792969,460011
2015-07-07,3264.929932,3264.929932,3196.0,3199.76001,3050.795166,403557
2015-07-08,3212.290039,3243.6298829999996,3185.969971,3229.840088,3079.474854,597437
2015-07-09,3233.600098,3286.23999,3221.070068,3266.189941,3114.1323239999997,625739
2015-07-10,3396.530029,3421.600098,3352.669922,3366.4499509999996,3209.724854,920607
2015-07-13,3395.280029,3404.0500490000004,3362.6899409999996,3371.469971,3214.51123,501169
2015-07-14,3371.469971,3389.01001,3345.149902,3370.209961,3213.309814,526106
2015-07-15,3384.0,3410.320068,3362.6899409999996,3384.0,3226.4580079999996,417148
2015-07-16,3412.830078,3449.169922,3407.8100590000004,3422.850098,3263.499268,500787
2015-07-17,3436.639893,3454.1899409999996,3416.5900880000004,3424.110107,3264.700684,384885
2015-07-20,3415.330078,3449.169922,3414.709961,3432.8798829999996,3273.0625,288508
2015-07-21,3436.639893,3447.919922,3360.1899409999996,3365.1999509999996,3208.533203,451474
2015-07-22,3350.159912,3387.76001,3336.3701170000004,3348.909912,3193.001709,350346
2015-07-23,3382.75,3382.75,3326.350098,3326.350098,3171.4921879999997,376011
2015-07-24,3311.310059,3347.649902,3290.0,3290.0,3136.83374,432903
2015-07-27,3272.449951,3296.169922,3207.280029,3207.280029,3057.965088,618094
2015-07-28,3231.090088,3272.449951,3203.52002,3241.1201170000004,3090.229736,565163
2015-07-29,3256.159912,3347.649902,3221.070068,3287.48999,3134.440918,1203999
2015-07-30,3258.669922,3469.2299799999996,3217.310059,3437.889893,3277.8388670000004,2036300
2015-07-31,3321.330078,3394.030029,3282.47998,3381.48999,3224.064697,1204241
2015-08-03,3333.8701170000004,3371.469971,3318.830078,3335.1201170000004,3179.853516,1069704
2015-08-04,3331.360107,3365.1999509999996,3317.570068,3356.429932,3200.1713870000003,505296
2015-08-05,3355.169922,3371.469971,3326.350098,3331.360107,3176.268799,588173
2015-08-06,3317.570068,3340.1298829999996,3268.689941,3274.959961,3122.494385,498520
2015-08-07,3269.949951,3292.51001,3254.909912,3277.469971,3124.887451,466135
2015-08-10,3293.76001,3293.76001,3237.360107,3248.639893,3097.399658,665682
2015-08-11,3254.909912,3261.169922,3185.969971,3185.969971,3037.646973,531073
2015-08-12,3169.679932,3220.889893,3090.719971,3112.030029,2967.149414,892932
2015-08-13,3152.1298829999996,3174.689941,3128.320068,3155.889893,3008.967529,803649
2015-08-14,3169.679932,3169.679932,3132.080078,3138.350098,2992.244141,455550
2015-08-17,3165.919922,3165.919922,3110.77002,3143.360107,2997.020996,295699
2015-08-18,3140.850098,3153.389893,3114.530029,3144.610107,2998.212891,480439
2015-08-19,3138.350098,3138.350098,3083.199951,3086.959961,2943.246582,344990
2015-08-20,3070.669922,3086.959961,3018.030029,3034.320068,2893.057373,741804
2015-08-21,2984.189941,3035.570068,2980.429932,2980.429932,2841.676025,866638
2015-08-24,2895.199951,2955.360107,2789.919922,2866.3701170000004,2732.92627,1366368
2015-08-25,2893.949951,3010.51001,2882.669922,2989.199951,2850.037842,1074339
2015-08-26,2951.600098,2994.209961,2911.48999,2926.530029,2790.285645,787301
2015-08-27,2961.6298829999996,3055.6298829999996,2959.1201170000004,3041.840088,2917.8752440000003,860588
2015-08-28,3110.77002,3114.530029,3025.550049,3078.189941,2952.743408,737566
2015-09-01,3078.189941,3078.189941,2974.159912,2995.469971,2873.394775,760289
2015-09-02,2997.969971,3030.560059,2987.949951,2991.709961,2869.787842,768357
2015-09-03,3015.52002,3080.070068,3015.52002,3066.909912,2941.923096,482858
2015-09-04,3021.790039,3030.560059,2976.669922,2989.199951,2867.380127,487963
2015-09-07,3014.27002,3030.560059,2970.399902,2985.439941,2863.7734379999997,292432
2015-09-08,3001.72998,3054.3701170000004,2982.929932,3015.52002,2892.627686,578423
2015-09-09,3071.919922,3078.189941,3014.27002,3025.550049,2902.249023,442513
2015-09-10,3002.98999,3049.360107,3002.98999,3049.360107,2925.088623,583285
2015-09-11,3051.8701170000004,3069.409912,3006.75,3023.040039,2899.841064,428472
2015-09-14,3041.840088,3065.649902,2997.969971,2997.969971,2875.79248,433977
2015-09-15,3008.0,3008.0,2959.1201170000004,2976.669922,2855.36084,505507
2015-09-16,2984.189941,3005.48999,2976.669922,2997.969971,2875.79248,683938
2015-09-17,2987.949951,3009.25,2980.429932,2999.22998,2877.001465,994234
2015-09-18,2999.22998,2999.22998,2929.040039,2942.830078,2822.900146,873331
2015-09-21,2930.290039,2954.110107,2916.51001,2917.76001,2798.8515629999997,781174
2015-09-22,2912.75,2922.77002,2821.25,2822.51001,2707.483398,722793
2015-09-23,2817.48999,2892.689941,2804.959961,2873.889893,2756.769287,555813
2015-09-24,2870.1298829999996,2881.409912,2831.280029,2840.050049,2724.308594,532782
2015-09-25,2886.429932,2922.77002,2882.669922,2906.47998,2788.0314940000003,392197
2015-09-28,2892.689941,2932.800049,2813.72998,2813.72998,2699.061279,533033
2015-09-29,2783.649902,2811.22998,2768.610107,2768.610107,2655.780029,624812
2015-09-30,2826.27002,2872.639893,2798.689941,2862.610107,2745.949219,974679
2015-10-01,2870.1298829999996,2966.639893,2870.1298829999996,2887.679932,2769.997559,924385
2015-10-02,2912.75,2974.159912,2883.919922,2920.27002,2801.259277,1191385
2015-10-05,2967.889893,2992.959961,2966.639893,2982.929932,2861.365723,348337
2015-10-06,2999.22998,3036.830078,2982.929932,3020.530029,2897.43335,682714
2015-10-07,3023.040039,3031.810059,2979.169922,2999.22998,2877.001465,769359
2015-10-08,3004.23999,3040.590088,2989.199951,3039.330078,2915.467285,441049
2015-10-09,3059.389893,3066.909912,3013.01001,3040.590088,2916.676025,703772
2015-10-12,3036.830078,3036.830078,2954.110107,2979.169922,2857.758789,505790
2015-10-13,2986.689941,2997.969971,2937.810059,2992.959961,2870.986816,495679
2015-10-14,2969.149902,2971.649902,2902.719971,2905.22998,2786.832031,463525
2015-10-15,2920.27002,2932.800049,2878.909912,2900.209961,2782.016602,573108
2015-10-16,2906.47998,2922.77002,2858.850098,2866.3701170000004,2749.555908,603945
2015-10-19,2860.110107,2898.959961,2860.110107,2896.449951,2778.409912,454008
2015-10-20,2964.1298829999996,3103.25,2957.8701170000004,3096.98999,2970.777588,1376086
2015-10-21,3080.689941,3108.27002,3023.040039,3085.709961,2959.957031,715372
2015-10-22,3070.669922,3100.889893,3044.350098,3085.709961,2959.957031,621016
2015-10-23,3099.48999,3184.719971,3088.209961,3153.389893,3024.878662,739328
2015-10-26,3137.090088,3148.3701170000004,3120.800049,3138.350098,3010.451904,255184
2015-10-27,3130.830078,3145.8701170000004,3117.040039,3122.050049,2994.815918,388153
2015-10-28,3153.389893,3242.3701170000004,3135.840088,3199.76001,3069.3591309999997,982091
2015-10-29,3216.050049,3236.110107,3190.98999,3216.050049,3084.985352,547793
2015-10-30,3209.790039,3259.919922,3206.030029,3259.919922,3127.067139,758167
2015-11-02,3232.350098,3269.949951,3232.350098,3248.639893,3116.247314,577553
2015-11-03,3308.800049,3308.800049,3252.399902,3277.469971,3143.902344,754081
2015-11-04,3290.0,3338.8798829999996,3271.199951,3286.23999,3152.314697,1456688
2015-11-05,3293.76001,3323.840088,3258.669922,3273.709961,3140.29541,767316
2015-11-06,3283.72998,3509.330078,3271.199951,3476.75,3335.060791,1875249
2015-11-09,3321.330078,3356.429932,3307.959961,3308.800049,3173.955566,1642498
2015-11-10,3330.110107,3331.360107,3249.889893,3264.929932,3131.873291,988652
2015-11-11,3279.969971,3293.76001,3261.169922,3279.969971,3146.300293,440599
2015-11-12,3281.22998,3281.48999,3199.76001,3202.27002,3071.766846,648526
2015-11-13,3188.47998,3202.27002,3129.570068,3144.610107,3016.456787,558412
2015-11-16,3074.429932,3168.429932,3014.27002,3084.449951,2958.748535,1471485
2015-11-17,3115.790039,3135.840088,3080.689941,3133.330078,3005.63623,937704
2015-11-18,3124.560059,3125.810059,3089.469971,3089.469971,2963.563721,698055
2015-11-19,3124.560059,3148.3701170000004,3112.030029,3135.840088,3008.043945,535985
2015-11-20,3152.1298829999996,3153.389893,3118.290039,3135.840088,3008.043945,572135
2015-11-23,3122.050049,3142.110107,3098.23999,3110.77002,2983.996094,463670
2015-11-24,3096.98999,3096.98999,3004.23999,3059.389893,2934.709473,989355
2015-11-25,3078.189941,3098.23999,3054.3701170000004,3065.649902,2940.7146,1138174
2015-11-26,3075.679932,3109.52002,3074.429932,3108.27002,2981.597656,478307
2015-11-27,3099.48999,3133.330078,3091.969971,3119.550049,2992.417969,356260
2015-11-30,3129.570068,3234.850098,3129.570068,3203.52002,3072.96582,892555
2015-12-01,3226.080078,3283.72998,3212.290039,3258.669922,3125.868408,800740
2015-12-02,3271.199951,3306.290039,3264.929932,3287.48999,3153.513672,641489
2015-12-03,3278.719971,3333.8701170000004,3251.149902,3262.429932,3129.475098,921128
2015-12-04,3219.810059,3228.590088,3194.75,3218.560059,3087.392822,682637
2015-12-07,3227.330078,3282.47998,3227.330078,3237.360107,3105.427002,440188
2015-12-08,3213.550049,3224.830078,3148.3701170000004,3164.669922,3035.698975,704094
2015-12-09,3165.919922,3172.189941,3118.290039,3119.550049,2992.417969,438564
2015-12-10,3125.810059,3221.070068,3108.27002,3158.399902,3029.684814,910306
2015-12-11,3169.679932,3183.469971,3114.530029,3127.070068,2999.631592,577857
2015-12-14,3149.6298829999996,3194.75,3133.330078,3147.1201170000004,3018.864502,617023
2015-12-15,3179.709961,3218.560059,3147.1201170000004,3216.050049,3084.985352,675500
2015-12-16,3221.070068,3226.080078,3193.48999,3208.530029,3077.771973,442971
2015-12-17,3258.669922,3291.25,3221.070068,3226.080078,3094.606445,460522
2015-12-18,3209.790039,3209.790039,3127.530029,3162.159912,3033.29126,910442
2015-12-21,3160.909912,3268.689941,3158.399902,3247.389893,3115.048096,592350
2015-12-22,3266.189941,3267.439941,3203.52002,3264.929932,3131.873291,425504
2015-12-23,3292.51001,3331.360107,3271.199951,3317.570068,3182.36792,361063
2015-12-24,3336.3701170000004,3341.389893,3290.0,3303.790039,3169.149658,38550
2015-12-29,3303.790039,3345.149902,3298.77002,3331.360107,3195.595947,510634
2015-12-30,3326.350098,3350.159912,3303.790039,3321.330078,3185.974854,356555
2015-12-31,3346.399902,3346.399902,3313.810059,3331.360107,3195.595947,130145
2016-01-04,3331.360107,3331.360107,3214.800049,3238.610107,3106.626221,832539
2016-01-05,3284.98999,3290.0,3226.080078,3252.399902,3119.85376,434887
2016-01-06,3238.610107,3238.610107,3143.360107,3180.959961,3051.325439,722899
2016-01-07,3148.3701170000004,3169.679932,3069.409912,3114.530029,2987.602539,1232082
2016-01-08,3122.050049,3199.76001,3110.77002,3157.149902,3028.485352,796788
2016-01-11,3149.6298829999996,3188.47998,3147.1201170000004,3164.669922,3035.698975,513890
2016-01-12,3162.159912,3193.48999,3137.090088,3152.1298829999996,3023.670166,618540
2016-01-13,3182.209961,3188.47998,3118.290039,3118.290039,2991.209229,582218
2016-01-14,3025.550049,3025.550049,2876.399902,2893.949951,2776.011719,1753036
2016-01-15,2883.919922,2932.800049,2788.669922,2842.560059,2726.716309,1566937
2016-01-18,2841.310059,2902.030029,2798.689941,2814.98999,2700.27002,460024
2016-01-19,2852.590088,2872.639893,2828.77002,2850.080078,2733.929932,676433
2016-01-20,2792.429932,2808.719971,2742.290039,2771.1201170000004,2658.1877440000003,1172434
2016-01-21,2787.409912,2813.72998,2710.310059,2807.469971,2693.056152,1384365
2016-01-22,2852.590088,2890.189941,2820.0,2870.1298829999996,2753.162598,693730
2016-01-25,2900.209961,2900.209961,2846.320068,2862.610107,2745.949219,553972
2016-01-26,2820.0,2858.850098,2793.679932,2853.840088,2737.536377,424300
2016-01-27,2851.330078,2917.76001,2851.330078,2911.48999,2792.837158,766305
2016-01-28,2893.949951,2908.98999,2825.01001,2851.330078,2735.12915,645097
2016-01-29,2885.169922,2916.51001,2842.560059,2878.909912,2761.584717,951401
2016-02-01,2903.969971,2939.070068,2892.689941,2939.070068,2819.292969,1052052
2016-02-02,2939.070068,2954.110107,2885.209961,2916.51001,2797.652588,870180
2016-02-03,2906.47998,2907.72998,2816.23999,2845.070068,2729.124268,678361
2016-02-04,2888.929932,2907.72998,2820.0,2871.389893,2754.371582,479008
2016-02-05,2882.669922,2912.75,2850.080078,2862.610107,2745.949219,715226
2016-02-08,2877.649902,2886.429932,2722.23999,2737.280029,2625.726807,821871
2016-02-09,2744.800049,2811.22998,2721.340088,2799.949951,2685.842529,903380
2016-02-10,2820.0,2887.679932,2787.409912,2858.850098,2742.342285,793916
2016-02-11,2823.76001,2825.01001,2757.330078,2761.090088,2648.566406,692835
2016-02-12,2777.389893,2850.080078,2777.389893,2850.080078,2733.929932,625415
2016-02-15,2901.469971,2906.530029,2871.389893,2881.409912,2763.982666,405269
2016-02-16,2897.709961,2911.48999,2858.850098,2890.189941,2772.405029,861418
2016-02-17,2901.469971,3098.23999,2901.469971,3095.72998,2969.568604,882480
2016-02-18,3107.01001,3111.02002,3043.090088,3059.389893,2934.709473,792164
2016-02-19,3053.1201170000004,3071.919922,3013.01001,3065.649902,2940.7146,549445
2016-02-22,3098.23999,3143.360107,3069.409912,3075.679932,2950.335693,408944
2016-02-23,3177.199951,3221.070068,3121.199951,3183.469971,3053.73291,1251868
2016-02-24,3150.8798829999996,3179.709961,3070.669922,3115.790039,2988.811279,1685414
2016-02-25,3133.330078,3272.449951,3133.330078,3269.949951,3136.688232,1075731
2016-02-26,3307.550049,3384.0,3264.820068,3375.2299799999996,3237.678223,1075023
2016-02-29,3341.389893,3416.0200200000004,3330.110107,3415.330078,3276.143799,993132
2016-03-01,3415.330078,3496.8000490000004,3386.51001,3449.169922,3308.604736,1075436
2016-03-02,3483.01001,3485.5200200000004,3337.6298829999996,3380.23999,3242.4838870000003,1619627
2016-03-03,3385.25,3417.8400880000004,3353.919922,3387.76001,3249.69751,910964
2016-03-04,3391.5200200000004,3434.1298829999996,3385.25,3427.8701170000004,3288.173096,499510
2016-03-07,3392.7700200000004,3394.030029,3326.350098,3363.9499509999996,3226.85791,972918
2016-03-08,3340.1298829999996,3365.1999509999996,3327.600098,3353.919922,3217.236572,644270
2016-03-09,3371.469971,3375.23999,3328.850098,3371.469971,3234.071533,676956
2016-03-10,3386.51001,3409.070068,3341.389893,3341.389893,3205.217041,896023
2016-03-11,3381.48999,3416.5900880000004,3370.209961,3416.5900880000004,3277.352539,369608
2016-03-14,3424.110107,3592.0500490000004,3421.600098,3572.0,3426.429443,1328516
2016-03-15,3561.969971,3561.969971,3475.48999,3488.030029,3345.881348,848196
2016-03-16,3504.320068,3531.889893,3460.4499509999996,3516.850098,3373.5268549999996,695937
2016-03-17,3508.080078,3518.110107,3415.330078,3460.4499509999996,3319.425293,1081442
2016-03-18,3452.929932,3509.330078,3444.4499509999996,3505.570068,3362.7062990000004,1179615
2016-03-21,3494.290039,3538.1599119999996,3480.51001,3528.1298829999996,3384.3469240000004,624839
2016-03-22,3465.469971,3496.8000490000004,3411.570068,3470.4799799999996,3329.0463870000003,776400
2016-03-23,3469.2299799999996,3521.8701170000004,3463.6201170000004,3501.8100590000004,3359.099854,569516
2016-03-24,3465.469971,3493.040039,3455.4399409999996,3471.7299799999996,3330.245361,394944
2016-03-29,3471.7299799999996,3509.330078,3455.4399409999996,3476.75,3335.060791,615187
2016-03-30,3508.080078,3541.919922,3494.290039,3538.1599119999996,3393.968018,404436
2016-03-31,3509.330078,3598.320068,3475.48999,3598.320068,3491.444336,1417837
2016-04-01,3534.399902,3607.469971,3485.5200200000004,3592.0500490000004,3485.36084,895728
2016-04-04,3569.48999,3625.889893,3549.030029,3577.01001,3470.7673340000006,542328
2016-04-05,3556.959961,3594.5600590000004,3544.429932,3566.98999,3461.044922,754608
2016-04-06,3589.5500490000004,3620.8798829999996,3556.959961,3620.8798829999996,3513.3339840000003,611161
2016-04-07,3620.8798829999996,3629.649902,3548.1899409999996,3564.4799799999996,3458.609619,765831
2016-04-08,3565.7299799999996,3588.290039,3556.959961,3574.51001,3468.341797,380426
2016-04-11,3565.7299799999996,3607.0900880000004,3555.709961,3594.5600590000004,3487.796143,345401
2016-04-12,3603.330078,3643.4399409999996,3557.290039,3634.669922,3526.7146,389291
2016-04-13,3672.2700200000004,3672.2700200000004,3629.649902,3652.209961,3543.733887,377278
2016-04-14,3664.75,3677.280029,3635.919922,3669.76001,3560.7624509999996,472924
2016-04-15,3634.669922,3634.669922,3580.7700200000004,3585.790039,3479.286621,881340
2016-04-18,3554.4499509999996,3666.0,3554.4499509999996,3634.669922,3526.7146,683844
2016-04-19,3630.9099119999996,3684.8000490000004,3629.649902,3632.1599119999996,3524.279297,595889
2016-04-20,3624.639893,3645.9499509999996,3594.5600590000004,3602.080078,3495.092773,634136
2016-04-21,3595.8100590000004,3614.610107,3559.469971,3559.469971,3453.7482909999994,586270
2016-04-22,3539.4099119999996,3555.709961,3486.7700200000004,3494.290039,3390.50415,562008
2016-04-25,3508.080078,3510.5900880000004,3466.719971,3471.7299799999996,3368.6142579999996,779750
2016-04-26,3476.75,3483.01001,3450.429932,3478.0,3374.6979979999996,561010
2016-04-27,3470.4799799999996,3484.2700200000004,3460.4499509999996,3470.4799799999996,3367.4013670000004,475517
2016-04-28,3450.429932,3495.5500490000004,3441.649902,3490.530029,3386.855957,635836
2016-04-29,3456.6899409999996,3462.959961,3405.3100590000004,3420.350098,3318.760498,566495
2016-05-03,3420.350098,3430.3701170000004,3363.9499509999996,3376.4799799999996,3276.193359,687808
2016-05-04,3370.209961,3405.3100590000004,3353.919922,3386.51001,3285.925293,503424
2016-05-05,3384.0,3401.5500490000004,3363.280029,3378.98999,3278.628906,474554
2016-05-06,3321.330078,3382.75,3293.76001,3361.4399409999996,3261.600098,825823
2016-05-09,2820.0,2827.310059,2789.98999,2820.0,2736.241455,988503
2016-05-10,2831.48999,2870.1298829999996,2809.560059,2867.0,2781.845703,871205
2016-05-11,2871.179932,2881.6201170000004,2827.310059,2829.399902,2745.362305,816227
2016-05-12,2808.51001,2860.72998,2786.580078,2786.580078,2703.814453,722396
2016-05-13,2783.439941,2794.929932,2734.360107,2752.110107,2670.368408,1170908
2016-05-16,2743.76001,2744.800049,2713.469971,2736.439941,2655.16333,703968
2016-05-17,2755.23999,2760.469971,2722.8701170000004,2731.219971,2650.0986329999996,636356
2016-05-18,2724.959961,2742.709961,2712.419922,2729.1298829999996,2648.070557,771104
2016-05-19,2709.290039,2712.419922,2623.639893,2637.219971,2558.8903809999997,1001390
2016-05-20,2657.070068,2696.76001,2652.580078,2674.820068,2595.373779,589110
2016-05-23,2668.560059,2710.330078,2668.560059,2698.840088,2618.68042,1298633
2016-05-24,2685.27002,2734.360107,2682.1298829999996,2734.360107,2653.1455079999996,1017027
2016-05-25,2757.330078,2794.929932,2744.800049,2752.110107,2670.368408,1740687
2016-05-26,2746.889893,2776.1298829999996,2746.889893,2755.23999,2673.405029,1524600
2016-05-27,2746.889893,2789.709961,2746.889893,2789.709961,2706.851318,2641802
2016-05-31,2789.709961,2807.469971,2771.959961,2779.27002,2696.721436,1155405
2016-06-01,2771.959961,2774.040039,2699.889893,2741.669922,2660.238037,624084
2016-06-02,2755.23999,2774.040039,2748.97998,2755.23999,2673.405029,542063
2016-06-03,2775.090088,2821.040039,2775.090088,2798.070068,2714.962891,749426
2016-06-06,2807.469971,2846.110107,2801.199951,2839.840088,2755.492432,558285
2016-06-07,2840.889893,2857.600098,2831.48999,2850.290039,2765.63208,538772
2016-06-08,2837.76001,2839.840088,2782.780029,2784.48999,2701.786377,781647
2016-06-09,2767.780029,2770.909912,2707.199951,2740.6201170000004,2659.219727,942322
2016-06-10,2739.580078,2746.889893,2695.709961,2716.600098,2635.913086,1106876
2016-06-13,2697.800049,2732.27002,2696.76001,2696.76001,2616.662109,1213542
2016-06-14,2689.439941,2714.51001,2636.179932,2642.439941,2563.955322,1048635
2016-06-15,2653.929932,2676.909912,2630.959961,2664.3798829999996,2585.243652,632881
2016-06-16,2634.090088,2644.530029,2615.290039,2637.219971,2558.8903809999997,666032
2016-06-17,2659.159912,2670.639893,2637.219971,2654.97998,2576.122803,960731
2016-06-20,2718.689941,2798.070068,2699.889893,2777.179932,2694.693359,711375
2016-06-21,2762.560059,2779.27002,2737.48999,2767.780029,2685.572754,918776
2016-06-22,2759.419922,2798.070068,2726.0,2769.8701170000004,2687.60083,846597
2016-06-23,2799.110107,2885.800049,2790.110107,2844.02002,2759.54834,753762
2016-06-24,2767.780029,2949.51001,2653.929932,2879.530029,2794.003418,1602159
2016-06-27,2864.909912,2893.110107,2696.76001,2714.51001,2633.884766,1475813
2016-06-28,2758.3798829999996,2799.110107,2723.909912,2757.330078,2675.433105,1106379
2016-06-29,2781.360107,2844.02002,2764.639893,2844.02002,2759.54834,807691
2016-06-30,2832.530029,2877.439941,2792.840088,2875.360107,2789.95752,1195394
2016-07-01,2901.469971,2987.110107,2886.840088,2967.27002,2879.137695,835483
2016-07-04,2985.02002,2985.02002,2915.040039,2920.27002,2833.533447,329062
2016-07-05,2919.219971,2934.889893,2884.76001,2921.310059,2834.542725,539303
2016-07-06,2914.0,2935.929932,2858.639893,2881.6201170000004,2796.0317379999997,694060
2016-07-07,2918.179932,2977.919922,2917.1298829999996,2949.51001,2861.905029,675201
2016-07-08,2947.419922,2966.219971,2924.439941,2961.0,2873.053711,803084
2016-07-11,2978.76001,3009.040039,2951.600098,3002.780029,2913.593018,645581
2016-07-12,3012.179932,3014.27002,2985.02002,3008.0,2918.657715,758386
2016-07-13,3006.959961,3047.689941,2998.600098,3005.909912,2916.6298829999996,911682
2016-07-14,3026.800049,3033.070068,2971.439941,2976.669922,2888.2583010000003,712668
2016-07-15,2975.6201170000004,3004.8701170000004,2935.47998,2991.290039,2902.444336,1028267
2016-07-18,2993.3798829999996,3040.3798829999996,2981.889893,3032.02002,2941.964355,496681
2016-07-19,3017.399902,3065.439941,3009.040039,3043.51001,2953.113281,561067
2016-07-20,3065.439941,3082.159912,3040.3798829999996,3065.439941,2974.391846,368118
2016-07-21,3057.090088,3082.159912,3049.780029,3076.929932,2985.540283,435895
2016-07-22,3066.48999,3093.639893,3048.72998,3093.639893,3001.753906,392240
2016-07-25,3095.72998,3133.330078,3085.290039,3128.110107,3035.200195,530030
2016-07-26,3128.110107,3164.669922,3122.889893,3160.48999,3066.618408,630518
2016-07-27,3163.6201170000004,3193.909912,3139.600098,3151.090088,3057.498047,459416
2016-07-28,3149.0,3180.330078,3135.419922,3136.469971,3043.3120120000003,545119
2016-07-29,3141.689941,3159.439941,3122.889893,3156.310059,3062.5629879999997,712886
2016-08-01,3175.110107,3209.580078,3135.419922,3147.959961,3054.460693,609435
2016-08-02,3154.219971,3261.800049,3154.219971,3241.959961,3145.668945,805996
2016-08-03,3234.639893,3241.959961,3177.199951,3224.199951,3128.436279,759112
2016-08-04,3228.3798829999996,3271.199951,3184.51001,3256.580078,3159.854736,678143
2016-08-05,3277.469971,3326.560059,3260.76001,3315.070068,3216.607422,577979
2016-08-08,3319.23999,3397.580078,3315.070068,3373.5600590000004,3273.360107,1040664
2016-08-09,3391.3100590000004,3434.1298829999996,3366.23999,3426.820068,3325.03833,691178
2016-08-10,3409.070068,3464.419922,3390.2700200000004,3441.4399409999996,3339.223877,545359
2016-08-11,3460.23999,3467.5600590000004,3431.0,3464.419922,3361.5214840000003,568100
2016-08-12,3455.0200200000004,3484.2700200000004,3395.48999,3484.2700200000004,3380.781982,542731
2016-08-15,3497.8400880000004,3498.889893,3458.1599119999996,3494.709961,3390.911621,326094
2016-08-16,3494.709961,3494.709961,3445.6201170000004,3460.23999,3357.4655759999996,355240
2016-08-17,3460.23999,3470.6899409999996,3435.179932,3444.580078,3342.270752,569036
2016-08-18,3446.669922,3488.4399409999996,3443.530029,3473.820068,3370.6423340000006,551973
2016-08-19,3458.1599119999996,3526.040039,3457.110107,3514.5600590000004,3410.172363,656008
2016-08-22,3505.1599119999996,3518.7299799999996,3468.600098,3478.0,3374.6979979999996,682428
2016-08-23,3493.669922,3504.110107,3465.469971,3496.8000490000004,3392.939697,1115614
2016-08-24,3483.219971,3519.780029,3466.51001,3466.51001,3363.5493159999996,422071
2016-08-25,3457.110107,3459.1999509999996,3428.9099119999996,3441.4399409999996,3339.223877,475844
2016-08-26,3456.070068,3478.0,3436.219971,3446.669922,3344.298584,721433
2016-08-30,3446.669922,3469.639893,3425.8000490000004,3426.820068,3325.03833,735037
2016-08-31,3419.51001,3444.580078,3405.929932,3405.929932,3304.768555,519916
2016-09-01,3382.959961,3414.290039,3367.290039,3374.600098,3296.241455,734812
2016-09-02,3387.1298829999996,3435.179932,3379.820068,3425.780029,3346.23291,732122
2016-09-05,3438.3100590000004,3439.360107,3412.1999509999996,3428.9099119999996,3349.290039,286058
2016-09-06,3423.6899409999996,3432.040039,3379.820068,3401.76001,3322.770752,503300
2016-09-07,3393.399902,3412.1999509999996,3386.0900880000004,3399.669922,3320.729004,778631
2016-09-08,3393.399902,3420.5600590000004,3370.419922,3370.419922,3292.158447,842003
2016-09-09,3373.5600590000004,3374.600098,3291.040039,3309.840088,3232.985352,619753
2016-09-12,3279.560059,3296.27002,3259.709961,3284.780029,3208.506836,604806
2016-09-13,3302.530029,3332.820068,3293.1298829999996,3314.02002,3237.068115,588443
2016-09-14,3314.02002,3342.219971,3314.02002,3323.419922,3246.2497559999997,416909
2016-09-15,3321.330078,3385.040039,3311.929932,3381.9099119999996,3303.381348,371504
2016-09-16,3377.7299799999996,3387.1298829999996,3338.040039,3385.040039,3306.438965,1072633
2016-09-19,3404.889893,3411.1599119999996,3379.820068,3404.889893,3325.8278809999997,512061
2016-09-20,3393.399902,3435.8400880000004,3392.360107,3425.780029,3346.23291,480093
2016-09-21,3431.0,3431.0,3379.820068,3380.8701170000004,3302.365723,383855
2016-09-22,3395.48999,3421.600098,3379.9799799999996,3404.889893,3325.8278809999997,387015
2016-09-23,3410.110107,3441.4399409999996,3400.709961,3431.0,3351.331543,500927
2016-09-26,3376.6899409999996,3376.6899409999996,3232.25,3235.689941,3160.556641,1104901
2016-09-27,3259.709961,3274.330078,3220.02002,3274.330078,3198.299805,718109
2016-09-28,3273.290039,3314.959961,3253.439941,3259.709961,3184.019043,737525
2016-09-29,3285.820068,3291.040039,3234.639893,3264.929932,3189.11792,600361
2016-09-30,3241.959961,3333.8701170000004,3239.8701170000004,3321.330078,3244.208496,698608
2016-10-03,3349.530029,3436.219971,3324.469971,3424.7299799999996,3345.20752,603512
2016-10-04,3431.0,3511.419922,3422.0200200000004,3469.639893,3389.0744630000004,962260
2016-10-05,3446.669922,3469.639893,3410.110107,3410.110107,3330.9267579999996,826923
2016-10-06,3424.7299799999996,3443.530029,3402.8000490000004,3402.8000490000004,3323.786621,363060
2016-10-07,3436.219971,3436.219971,3394.139893,3394.4399409999996,3315.620605,690559
2016-10-10,3395.48999,3423.6899409999996,3377.7299799999996,3395.48999,3316.64624,553619
2016-10-11,3389.219971,3428.9099119999996,3381.9099119999996,3388.179932,3309.505859,887959
2016-10-12,3399.669922,3435.179932,3386.0900880000004,3386.0900880000004,3307.4646,804703
2016-10-13,3378.780029,3382.959961,3349.530029,3381.9099119999996,3303.381348,572739
2016-10-14,3331.780029,3419.51001,3331.780029,3380.8701170000004,3302.365723,329078
2016-10-17,3378.780029,3393.399902,3338.040039,3343.27002,3265.638916,539164
2016-10-18,3343.27002,3409.070068,3342.219971,3374.600098,3296.241455,384837
2016-10-19,3379.820068,3438.3100590000004,3378.780029,3418.469971,3339.092529,787016
2016-10-20,3420.5600590000004,3429.4099119999996,3352.669922,3368.330078,3290.1171879999997,772799
2016-10-21,3297.310059,3351.6201170000004,3291.040039,3300.439941,3223.803467,743024
2016-10-24,3281.639893,3318.199951,3253.439941,3285.820068,3209.5229489999997,1017179
2016-10-25,3301.48999,3325.51001,3279.560059,3299.399902,3222.787354,715635
2016-10-26,3285.820068,3312.97998,3253.439941,3269.110107,3193.200928,675543
2016-10-27,3270.159912,3310.889893,3256.679932,3273.290039,3197.283691,540235
2016-10-28,3279.560059,3308.800049,3235.689941,3283.72998,3207.481445,511916
2016-10-31,3279.560059,3326.560059,3276.419922,3316.110107,3239.1096190000003,677130
2016-11-01,3316.110107,3333.8701170000004,3257.6201170000004,3261.800049,3186.060547,1057785
2016-11-02,3239.8701170000004,3262.840088,3221.070068,3226.290039,3151.375,655438
2016-11-03,3216.889893,3236.72998,3171.97998,3201.219971,3126.887451,1024890
2016-11-04,3183.469971,3183.469971,3140.639893,3155.27002,3082.00415,698187
2016-11-07,3185.560059,3218.97998,3152.77002,3216.889893,3142.193115,642017
2016-11-08,3217.929932,3239.8701170000004,3204.360107,3232.560059,3157.4995120000003,1241352
2016-11-09,3150.040039,3237.780029,3088.6298829999996,3237.780029,3162.598389,1293880
2016-11-10,3268.070068,3287.909912,3235.689941,3248.219971,3172.795898,756121
2016-11-11,3261.800049,3264.929932,3183.469971,3189.72998,3115.6640629999997,622646
2016-11-14,3217.929932,3245.090088,3194.959961,3230.469971,3155.4580079999996,760573
2016-11-15,3254.48999,3298.360107,3249.27002,3297.310059,3220.746094,707862
2016-11-16,3302.530029,3325.51001,3270.159912,3294.179932,3217.688477,775525
2016-11-17,3297.310059,3329.689941,3290.0,3311.929932,3235.026611,419045
2016-11-18,3324.469971,3395.48999,3324.469971,3394.4399409999996,3315.620605,698732
2016-11-21,3387.1298829999996,3395.48999,3351.6201170000004,3359.9799799999996,3281.960693,397618
2016-11-22,3387.1298829999996,3414.290039,3373.5600590000004,3414.290039,3335.009766,600268
2016-11-23,3417.419922,3450.8400880000004,3388.179932,3394.4399409999996,3315.620605,747074
2016-11-24,3395.48999,3455.0200200000004,3389.219971,3455.0200200000004,3374.7939450000003,372853
2016-11-25,3446.669922,3487.399902,3438.3100590000004,3479.040039,3398.256348,370216
2016-11-28,3467.5600590000004,3478.0,3421.600098,3449.8000490000004,3369.695068,568234
2016-11-29,3437.2700200000004,3473.820068,3424.7299799999996,3473.820068,3393.157471,473417
2016-11-30,3479.040039,3498.889893,3417.419922,3426.820068,3347.248779,749890
2016-12-01,3404.889893,3416.3798829999996,3349.530029,3403.8400880000004,3324.80249,561799
2016-12-02,3390.2700200000004,3395.780029,3353.709961,3361.0200200000004,3282.976807,410379
2016-12-05,3341.179932,3413.23999,3341.179932,3387.1298829999996,3308.480469,372202
2016-12-06,3373.5600590000004,3384.0,3340.1298829999996,3359.9799799999996,3281.960693,610509
2016-12-07,3382.959961,3487.399902,3356.8400880000004,3487.399902,3406.421875,938499
2016-12-08,3485.3100590000004,3498.889893,3433.0900880000004,3496.8000490000004,3415.60376,969244
2016-12-09,3475.9099119999996,3498.889893,3467.5600590000004,3498.889893,3417.645264,606593
2016-12-12,3492.6201170000004,3536.48999,3478.0,3518.7299799999996,3437.024658,804728
2016-12-13,3540.669922,3611.6899409999996,3534.399902,3599.1599119999996,3515.586914,646229
2016-12-14,3599.1599119999996,3625.2700200000004,3580.360107,3601.23999,3517.618896,698262
2016-12-15,3600.1999509999996,3707.780029,3600.1999509999996,3688.9799799999996,3603.321289,947586
2016-12-16,3671.219971,3699.419922,3648.23999,3658.6899409999996,3573.734619,949894
2016-12-19,3658.6899409999996,3697.330078,3645.110107,3680.6201170000004,3595.155518,246738
2016-12-20,3678.530029,3698.679932,3655.5600590000004,3698.3798829999996,3612.5029299999997,320336
2016-12-21,3684.8000490000004,3698.3798829999996,3664.959961,3674.360107,3589.0410159999997,286537
2016-12-22,3659.7299799999996,3723.4399409999996,3659.7299799999996,3716.1298829999996,3629.841064,259959
2016-12-23,3703.600098,3761.040039,3702.5600590000004,3761.040039,3673.7082520000004,128257
2016-12-28,3761.040039,3761.040039,3701.51001,3725.530029,3639.022949,473354
2016-12-29,3701.51001,3764.179932,3697.209961,3742.23999,3655.344727,284618
2016-12-30,3741.1999509999996,3799.6899409999996,3740.1599119999996,3799.6899409999996,3711.460693,189071
2017-01-03,3799.6899409999996,3969.929932,3799.6899409999996,3847.7299799999996,3758.38501,1178061
2017-01-04,3845.639893,3890.5600590000004,3829.139893,3873.8400880000004,3783.88916,1140166
2017-01-05,3872.8000490000004,3896.5900880000004,3864.4399409999996,3881.1599119999996,3791.038818,378370
2017-01-06,3850.8701170000004,3871.76001,3828.929932,3828.929932,3740.0214840000003,668126
2017-01-09,3840.419922,3881.1599119999996,3812.219971,3865.48999,3775.7326659999994,471446
2017-01-10,3885.330078,3969.929932,3874.889893,3926.070068,3834.90625,709297
2017-01-11,3907.2700200000004,3941.7299799999996,3907.2700200000004,3918.76001,3827.765869,414477
2017-01-12,3914.580078,3929.1999509999996,3892.639893,3909.360107,3818.584229,452081
2017-01-13,3927.110107,3950.469971,3908.3100590000004,3926.070068,3834.90625,400015
2017-01-16,3916.669922,3950.0900880000004,3897.8701170000004,3929.1999509999996,3837.963379,332157
2017-01-17,3922.929932,3935.5600590000004,3849.820068,3849.820068,3760.4267579999996,564135
2017-01-18,3881.1599119999996,3936.51001,3861.3100590000004,3923.9799799999996,3832.864746,693399
2017-01-19,3921.889893,3931.100098,3893.6899409999996,3929.1999509999996,3837.963379,743322
2017-01-20,3920.8400880000004,3949.040039,3905.179932,3916.669922,3825.724365,476167
2017-01-23,3899.959961,3905.179932,3863.399902,3876.9799799999996,3786.9560549999997,621584
2017-01-24,3875.929932,3902.040039,3862.360107,3884.290039,3794.0961909999996,769425
2017-01-25,3893.6899409999996,3916.669922,3854.0,3884.290039,3794.0961909999996,641769
2017-01-26,3893.6899409999996,3928.1599119999996,3872.8000490000004,3909.360107,3818.584229,485347
2017-01-27,3937.5600590000004,3987.6899409999996,3898.75,3953.219971,3861.4255369999996,840790
2017-01-30,3934.419922,3949.040039,3873.8400880000004,3882.1999509999996,3792.054688,684948
2017-01-31,3889.51001,3889.51001,3833.110107,3843.5600590000004,3754.312012,791919
2017-02-01,3869.669922,3884.290039,3839.3798829999996,3844.600098,3755.327881,555491
2017-02-02,3825.8000490000004,3915.6201170000004,3803.8701170000004,3870.709961,3780.831543,540321
2017-02-03,3880.110107,3922.929932,3856.290039,3906.219971,3815.516846,357073
2017-02-06,3899.959961,3926.070068,3887.419922,3918.76001,3827.765869,462243
2017-02-07,3911.4399409999996,3981.419922,3911.4399409999996,3939.639893,3848.1611329999996,481396
2017-02-08,3921.889893,3974.110107,3911.4399409999996,3921.889893,3830.8229979999996,455370
2017-02-09,3917.709961,3953.219971,3893.6899409999996,3941.7299799999996,3850.202393,354935
2017-02-10,3938.600098,3985.600098,3938.600098,3965.76001,3873.674561,432406
2017-02-13,3955.3100590000004,4010.669922,3955.3100590000004,4003.360107,3910.401611,493677
2017-02-14,3991.8701170000004,4032.600098,3979.48999,4009.6201170000004,3916.516113,609806
2017-02-15,4013.8000490000004,4023.1999509999996,3970.9799799999996,4004.399902,3911.417236,875139
2017-02-16,4000.219971,4049.3100590000004,3990.820068,4045.1298829999996,3951.2014159999994,645320
2017-02-17,4044.0900880000004,4073.330078,4037.820068,4061.8400880000004,3967.523682,604246
2017-02-20,4057.669922,4072.290039,4040.959961,4050.360107,3956.310303,457308
2017-02-21,4136.0,4208.069824,4045.1298829999996,4051.399902,3957.325928,959983
2017-02-22,4031.5600590000004,4048.2700200000004,3923.9799799999996,3937.5600590000004,3846.1293950000004,1411163
2017-02-23,3948.0,3986.639893,3932.330078,3943.820068,3852.243896,664931
2017-02-24,3945.9099119999996,3963.669922,3898.9099119999996,3927.110107,3835.922119,716721
2017-02-27,3950.0900880000004,3960.530029,3919.8000490000004,3949.040039,3857.343018,350924
2017-02-28,3968.889893,3978.290039,3945.9099119999996,3964.709961,3872.648926,515993
2017-03-01,3967.8400880000004,4034.6899409999996,3954.2700200000004,4034.6899409999996,3941.0039060000004,595949
2017-03-02,4019.0200200000004,4039.9099119999996,4005.4399409999996,4034.6899409999996,3941.0039060000004,673556
2017-03-03,4035.7299799999996,4035.7299799999996,3993.959961,4012.76001,3919.5832520000004,450191
2017-03-06,3993.959961,4011.5,3974.110107,3998.1298829999996,3905.292725,407124
2017-03-07,4005.4399409999996,4015.889893,3975.1599119999996,3980.3798829999996,3887.9548340000006,482270
2017-03-08,3972.0200200000004,4027.3798829999996,3958.4399409999996,4008.580078,3915.500244,723280
2017-03-09,4015.889893,4033.639893,3989.780029,4031.5600590000004,3937.946777,528798
2017-03-10,4024.23999,4044.0900880000004,4002.3100590000004,4021.110107,3927.7392579999996,444071
2017-03-13,4011.709961,4042.0,4010.669922,4021.110107,3927.7392579999996,303396
2017-03-14,4042.0,4053.48999,4001.2700200000004,4021.110107,3927.7392579999996,350363
2017-03-15,4017.9799799999996,4053.48999,4011.709961,4042.0,3948.1442869999996,429989
2017-03-16,4048.2700200000004,4050.360107,4004.399902,4045.1298829999996,3951.2014159999994,405582
2017-03-17,4052.4399409999996,4071.23999,4036.780029,4071.23999,3976.705322,517441
2017-03-20,4078.5600590000004,4078.5600590000004,4038.4399409999996,4064.9799799999996,3970.5905759999996,632483
2017-03-21,4054.530029,4067.070068,4021.110107,4043.040039,3949.1601560000004,607214
2017-03-22,4021.110107,4035.7299799999996,3942.780029,3953.219971,3861.4255369999996,595649
2017-03-23,3953.219971,4021.110107,3951.1298829999996,4010.669922,3917.5417479999996,453994
2017-03-24,4008.580078,4034.6899409999996,3995.0,4019.0200200000004,3925.697754,349591
2017-03-27,4010.669922,4010.669922,3967.8400880000004,3993.959961,3901.219727,563006
2017-03-28,4007.530029,4024.23999,3985.600098,4013.8000490000004,3920.599121,463375
2017-03-29,4017.9799799999996,4033.639893,3995.0,4017.9799799999996,3924.681885,549324
2017-03-30,4014.8400880000004,4119.290039,4004.399902,4111.97998,4016.499268,603120
2017-03-31,4099.439941,4116.160156,4072.290039,4081.6899409999996,3986.912598,739722
2017-04-03,4103.620117,4103.620117,4051.399902,4060.8000490000004,3966.507813,386159
2017-04-04,4077.51001,4102.580078,4042.0,4048.2700200000004,3954.2685549999997,372164
2017-04-05,4055.580078,4077.51001,4042.209961,4069.1599119999996,3974.6735840000006,388391
2017-04-06,4043.040039,4085.8701170000004,4030.51001,4072.290039,3977.730957,417717
2017-04-07,4081.6899409999996,4105.709961,4046.179932,4098.399902,4003.234375,399656
2017-04-10,4108.839844,4113.02002,4087.959961,4093.179932,3998.1357420000004,259355
2017-04-11,4099.439941,4142.27002,4083.820068,4105.709961,4010.374756,412653
2017-04-12,4119.290039,4123.470215,4091.0900880000004,4096.310059,4001.193115,336755
2017-04-13,4097.359863000001,4114.069824,4063.929932,4108.839844,4013.432129,416193
2017-04-18,4108.839844,4114.069824,4012.76001,4012.76001,3919.5832520000004,537570
2017-04-19,4001.2700200000004,4026.330078,3987.6899409999996,4024.23999,3930.796631,660920
2017-04-20,4014.8400880000004,4104.669922,4009.6201170000004,4061.8400880000004,3967.523682,615159
2017-04-21,4047.219971,4103.620117,4013.8000490000004,4093.179932,3998.1357420000004,836197
2017-04-24,4174.640136999999,4190.310059,4128.689941,4138.089844,4042.0029299999997,621179
2017-04-25,4146.439941,4163.160156,4106.759765999999,4162.109863000001,4065.4650880000004,947817
2017-04-26,4168.379883,4242.529785,4145.399902,4241.490234000001,4143.002441,925775
2017-04-27,4246.709961,4258.200195,4210.160156,4258.200195,4159.324219,508502
2017-04-28,4267.600098,4325.040039,4229.049805,4278.040039,4178.703613000001,952046
2017-05-02,4299.97998,4333.399902,4270.72998,4295.799805,4196.050781,604438
2017-05-03,4424.27002,4437.839844,4326.089844,4345.930176,4245.01709,739556
2017-05-04,4310.419922,4375.180176,4310.419922,4364.72998,4327.103027,441625
2017-05-05,4355.330078,4355.330078,4260.290039,4303.109863000001,4266.01416,1030174
2017-05-08,4301.0,4301.0,4065.0,4155.0,4119.181152,1220043
2017-05-09,4180.0,4277.0,4178.0,4234.0,4197.5,1093020
2017-05-10,4234.0,4253.410156,4199.0,4235.0,4198.491211,654023
2017-05-11,4240.0,4285.0,4183.0,4260.0,4223.275879,803617
2017-05-12,4257.0,4291.0,4249.0,4270.0,4233.189941,407980
2017-05-15,4263.0,4275.0,4235.0,4244.0,4207.414063,525072
2017-05-16,4236.0,4287.0,4232.0,4287.0,4250.042969,544155
2017-05-17,4273.0,4312.0,4227.0,4234.0,4197.5,761967
2017-05-18,4250.0,4262.0,4212.0,4259.0,4222.284668,753445
2017-05-19,4262.0,4286.0,4241.0,4262.0,4225.258789,808838
2017-05-22,4266.0,4300.0,4253.0,4300.0,4262.931152,574551
2017-05-23,4300.0,4309.0,4281.0,4291.0,4254.008789,475969
2017-05-24,4301.0,4315.700195,4291.0,4313.0,4275.818848,438639
2017-05-25,4312.0,4354.0,4304.0,4352.0,4314.48291,269208
2017-05-26,4346.0,4370.0,4340.0,4357.0,4319.439941,300521
2017-05-30,4357.0,4364.0,4334.0,4346.0,4308.534668,467424
2017-05-31,4369.0,4393.0,4336.0,4373.0,4335.301758,614052
2017-06-01,4376.0,4444.0,4362.0,4426.0,4387.844727000001,426800
2017-06-02,4462.0,4492.0,4430.0,4468.0,4429.48291,412340
2017-06-05,4467.0,4477.0,4407.0,4407.0,4369.008789,372956
2017-06-06,4397.0,4433.0,4390.0,4430.0,4391.810547,359432
2017-06-07,4413.0,4446.0,4399.0,4416.0,4377.931152,433863
2017-06-08,4414.0,4426.0,4377.0,4379.0,4341.25,375377
2017-06-09,4389.0,4452.0,4380.0,4433.0,4394.784668,383662
2017-06-12,4398.0,4415.0,4324.0,4381.0,4343.23291,633466
2017-06-13,4401.0,4423.0,4368.0,4404.0,4366.034668,474562
2017-06-14,4402.0,4427.0,4402.0,4409.0,4370.991211,447314
2017-06-15,4320.0,4346.0,4261.0,4303.0,4265.905272999999,758007
2017-06-16,4303.0,4434.0,4289.0,4434.0,4395.775879,1574963
2017-06-19,4409.0,4420.0,4371.0,4395.0,4357.112305,501202
2017-06-20,4401.0,4423.0,4398.0,4407.0,4369.008789,18831
2017-06-21,4396.0,4433.0,4354.0,4404.0,4366.034668,174022
2017-06-22,4400.0,4406.0,4383.0,4393.0,4355.129395,62529
2017-06-23,4398.0,4405.0,4367.0,4387.0,4349.181152,76341
2017-06-26,4400.0,4420.100098,4390.0,4402.410156,4364.458496,28053
2017-06-27,4380.0,4397.439941,4334.0,4341.0,4303.577636999999,14122
2017-06-28,4325.0,4333.0,4276.0,4294.0,4256.98291,21877
2017-06-29,4315.0,4321.0,4252.0,4256.0,4219.310547,43594
2017-06-30,4264.0,4322.0,4256.25,4267.0,4230.215332,39532
2017-07-03,4252.0,4285.0,4241.0,4261.0,4224.26709,322703
2017-07-04,4246.0,4277.0,4233.0,4260.0,4223.275879,241862
2017-07-05,4254.0,4289.0,4246.0,4275.0,4238.146484000001,339465
2017-07-06,4307.0,4307.0,4207.0,4252.0,4215.344727000001,448442
2017-07-07,4258.0,4272.0,4229.0,4263.0,4226.25,363743
2017-07-10,4281.0,4303.0,4273.0,4293.0,4255.991211,212096
2017-07-11,4292.0,4304.0,4212.0,4215.0,4178.664063,366601
2017-07-12,4229.0,4319.0,4229.0,4316.0,4278.792969,533289
2017-07-13,4312.0,4312.299805,4291.0,4300.0,4262.931152,756745
2017-07-14,4312.0,4332.0,4254.200195,4273.0,4236.164063,339877
2017-07-17,4270.0,4316.0,4255.0,4304.0,4266.896484000001,246655
2017-07-18,4296.0,4332.0,4280.0,4320.0,4282.758789,524426
2017-07-19,4343.0,4343.0,4301.0,4322.0,4284.741211,496244
2017-07-20,4312.0,4334.0,4303.0,4327.0,4289.698242,608778
2017-07-21,4323.0,4359.0,4297.0,4317.0,4279.784668,436124
2017-07-24,4328.0,4331.0,4254.77002,4281.0,4244.094727000001,536339
2017-07-25,4290.0,4359.0,4289.0,4329.0,4291.681152,685217
2017-07-26,4348.0,4400.0,4345.0,4357.0,4319.439941,472422
2017-07-27,4327.0,4391.0,4324.0,4345.0,4307.542969,475093
2017-07-28,4301.0,4325.0,4275.0,4294.0,4256.98291,350708
2017-07-31,4281.0,4323.0,4268.0,4291.0,4254.008789,571982
2017-08-01,4301.0,4311.0,4276.0,4308.0,4270.862305,485964
2017-08-02,4300.0,4321.0,4261.0,4269.0,4232.198242,429632
2017-08-03,4261.0,4357.0,4243.0,4300.0,4262.931152,681187
2017-08-04,4288.0,4357.0,4287.0,4355.0,4317.457031,425735
2017-08-07,4370.0,4411.0,4355.0,4411.0,4372.974121,415374
2017-08-08,4290.0,4391.0,4185.0,4235.0,4198.491211,1361580
2017-08-09,4203.0,4234.759765999999,4106.0,4164.0,4128.103515999999,926522
2017-08-10,4160.0,4169.0,4019.0,4036.0,4001.2070310000004,722273
2017-08-11,3999.0,4024.0,3972.0,3985.0,3950.6464840000003,601366
2017-08-14,4004.0,4020.0,3980.0,4004.0,3969.48291,556028
2017-08-15,4021.0,4022.0,3972.0,3992.0,3957.586182,577915
2017-08-16,4006.0,4039.0,3980.0,4023.0,3988.319092,485183
2017-08-17,4011.0,4027.0,3987.719971,3988.0,3953.62085,518750
2017-08-18,3963.0,3963.0,3905.0,3924.0,3890.172363,492461
2017-08-21,3904.0,3935.0,3897.0,3912.0,3878.275879,465372
2017-08-22,3927.0,3948.0,3856.0,3903.0,3869.3535159999997,823313
2017-08-23,3913.0,3924.0,3854.0,3877.0,3843.577637,638472
2017-08-24,3876.0,3891.0,3848.0,3862.0,3828.7070310000004,479080
2017-08-25,3862.0,3867.3000490000004,3828.0,3852.0,3818.7932130000004,639608
2017-08-29,3852.0,3852.0,3793.0,3812.0,3779.137939,543654
2017-08-30,3836.0,3854.0,3813.0,3828.0,3795.0,586836
2017-08-31,3815.0,3857.0,3812.0,3856.0,3856.0,884580
2017-09-01,3864.0,3890.0,3860.0,3867.0,3867.0,586787
2017-09-04,3849.0,3876.0,3839.530029,3841.0,3841.0,715300
2017-09-05,3839.0,3868.0,3804.0,3807.0,3807.0,791210
2017-09-06,3790.0,3811.0,3740.0,3749.0,3749.0,626083
2017-09-07,3757.0,3793.0,3728.0,3783.0,3783.0,642681
2017-09-08,3772.0,3776.0,3745.0,3770.0,3770.0,679454
2017-09-11,3786.0,3798.0,3774.0,3793.0,3793.0,545332
2017-09-12,3792.0,3792.0,3748.6599119999996,3781.0,3781.0,288951
2017-09-13,3776.0,3815.0,3725.5600590000004,3794.0,3794.0,663445
2017-09-14,3807.0,3808.0,3739.0,3742.0,3742.0,468126
2017-09-15,3732.0,3741.25,3656.0,3668.0,3668.0,676310
2017-09-18,3677.0,3718.0,3664.0,3718.0,3718.0,514752
2017-09-19,3705.0,3720.0,3698.0,3702.0,3702.0,685942
2017-09-20,3700.0,3767.0,3695.0,3725.0,3725.0,607255
2017-09-21,3725.0,3738.0,3711.0,3732.0,3732.0,349866
2017-09-22,3728.0,3821.0,3721.0,3803.0,3803.0,1032953
2017-09-25,3789.0,3828.0,3775.0,3811.0,3811.0,660692
2017-09-26,3803.0,3842.0,3786.0,3835.0,3835.0,526093
2017-09-27,3842.0,3865.0,3835.0,3848.0,3848.0,681540
2017-09-28,3848.0,3988.0,3841.0,3933.0,3933.0,1570847
2017-09-29,3930.0,3954.0,3912.0,3948.0,3948.0,652802
2017-10-02,3976.0,4030.0,3941.959961,3987.0,3987.0,807227
2017-10-03,3981.0,4014.0,3973.0,3995.0,3995.0,1554388
2017-10-04,3981.0,4010.0,3971.0,4010.0,4010.0,399560
2017-10-05,4002.0,4049.0,3993.0,4044.0,4044.0,520189
2017-10-06,4047.0,4119.0,4037.0,4093.0,4093.0,660293
2017-10-09,4079.0,4121.0,4079.0,4115.0,4115.0,689476
2017-10-10,4096.0,4133.0,4096.0,4102.0,4102.0,517030
2017-10-11,4103.0,4118.0,4091.0,4099.0,4099.0,409423
2017-10-12,4095.0,4118.0,4084.0,4110.0,4110.0,675534
2017-10-13,4112.0,4113.0,4086.8798829999996,4103.0,4103.0,504369
2017-10-16,4108.0,4108.0,4074.8798829999996,4092.0,4092.0,805049
2017-10-17,4087.0,4108.0,4060.0,4102.0,4102.0,670498
2017-10-18,4122.0,4122.0,4095.0,4114.0,4114.0,351626
2017-10-19,4091.0,4126.0,4085.0,4099.0,4099.0,477480
2017-10-20,4099.0,4134.0,4048.0,4062.0,4062.0,1222673
2017-10-23,4074.0,4083.0,4059.0,4071.0,4071.0,467117
2017-10-24,4072.0,4103.0,4058.0,4087.0,4087.0,471970
2017-10-25,4093.0,4093.0,4038.0,4047.0,4047.0,487192
2017-10-26,4059.0,4146.0,4036.0,4131.0,4131.0,599568
2017-10-27,4150.0,4196.0,4149.0,4183.0,4183.0,725159
2017-10-30,4175.0,4189.0,4165.0,4181.0,4181.0,432525
2017-10-31,4161.0,4194.0,4155.0,4172.0,4172.0,576793
2017-11-01,4260.0,4284.0,4215.0,4232.0,4232.0,1180066
2017-11-02,4214.0,4287.0,4204.0,4282.0,4282.0,783231
2017-11-03,4283.0,4368.0,4280.0,4363.0,4363.0,632642
2017-11-06,4353.0,4364.0,4306.0,4349.0,4349.0,370109
2017-11-07,4355.0,4361.0,4298.700195,4299.0,4299.0,429125
2017-11-08,4292.0,4337.0,4287.0,4330.0,4330.0,383542
2017-11-09,4320.0,4351.0,4279.0,4298.0,4298.0,590586
2017-11-10,4304.0,4317.0,4259.0,4280.0,4280.0,435696
2017-11-13,4297.0,4305.0,4235.0,4270.0,4270.0,405701
2017-11-14,4267.0,4287.0,4238.0,4250.0,4250.0,737812
2017-11-15,4250.0,4263.0,4196.0,4210.0,4210.0,676211
2017-11-16,4252.0,4278.0,4217.0,4266.0,4266.0,500972
2017-11-17,4241.0,4282.0,4228.0,4266.0,4266.0,310969
2017-11-20,4266.0,4321.0,4261.0,4309.0,4309.0,278989
2017-11-21,4310.0,4340.0,4288.0,4335.0,4335.0,350949
2017-11-22,4322.0,4351.0,4307.0,4315.0,4315.0,454286
2017-11-23,4309.0,4354.0,4283.0,4341.0,4341.0,207754
2017-11-24,4337.0,4366.0,4329.0,4344.0,4344.0,280595
2017-11-27,4342.0,4387.0,4324.0,4376.0,4376.0,416113
2017-11-28,4389.0,4417.0,4372.0,4406.0,4406.0,542094
2017-11-29,4411.0,4466.0,4369.0,4377.0,4377.0,629796
2017-11-30,4359.0,4423.0,4308.0,4349.0,4349.0,1844322
2017-12-01,4338.0,4405.0,4315.0,4367.0,4367.0,632245
2017-12-04,4412.0,4425.0,4382.0,4403.0,4403.0,610072
2017-12-05,4421.0,4424.0,4398.0,4416.0,4416.0,398390
2017-12-06,4398.0,4458.0,4371.0,4429.0,4429.0,540778
2017-12-07,4430.0,4461.0,4377.0,4380.0,4380.0,592915
2017-12-08,4377.0,4465.0,4355.0,4446.0,4446.0,656579
2017-12-11,4443.0,4479.0,4423.0,4460.0,4460.0,693136
2017-12-12,4455.0,4472.0,4428.0,4445.0,4445.0,810386
2017-12-13,4445.0,4497.0,4445.0,4489.0,4489.0,584884
2017-12-14,4478.0,4515.0,4470.0,4505.0,4505.0,782699
2017-12-15,4514.0,4581.0,4490.0,4581.0,4581.0,1074811
2017-12-18,4578.0,4644.0,4578.0,4624.0,4624.0,676646
2017-12-19,4630.0,4647.0,4606.0,4616.0,4616.0,561453
2017-12-20,4631.0,4662.0,4600.0,4606.0,4606.0,370980
2017-12-21,4615.0,4716.0,4578.0,4703.0,4703.0,870366
2017-12-22,4688.0,4727.0,4679.0,4718.0,4718.0,204280
2017-12-27,4718.0,4748.0,4713.0,4716.0,4716.0,581421
2017-12-28,4730.0,4752.0,4708.0,4715.0,4715.0,524428
2017-12-29,4732.0,4755.0,4718.0,4719.0,4719.0,373457
2018-01-02,4719.0,4720.0,4676.0,4707.0,4707.0,2136956
2018-01-03,4700.0,4737.0,4680.0,4694.0,4694.0,917751
2018-01-04,4714.0,4718.0,4690.0,4695.0,4695.0,1135015
2018-01-05,4690.0,4711.0,4683.0,4691.0,4691.0,839705
2018-01-08,4677.0,4708.0,4677.0,4685.0,4685.0,623170
2018-01-09,4704.0,4716.0,4677.0,4694.0,4694.0,974819
2018-01-10,4700.0,4704.0,4664.0,4697.0,4697.0,687708
2018-01-11,4700.0,4751.0,4687.0,4745.0,4745.0,606534
2018-01-12,4760.0,4797.0,4746.0,4780.0,4780.0,796758
2018-01-15,4792.0,4800.0,4768.0,4787.0,4787.0,404049
2018-01-16,4795.0,4848.0,4772.0,4845.0,4845.0,849409
2018-01-17,4820.0,4832.0,4801.0,4815.0,4815.0,648298
2018-01-18,4831.0,4834.0,4797.0,4804.0,4804.0,1292548
2018-01-19,4867.0,4944.0,4844.0,4928.0,4928.0,838382
2018-01-22,4907.0,4925.0,4879.0,4890.0,4890.0,806188
2018-01-23,4916.0,4942.0,4887.0,4914.0,4914.0,562039
2018-01-24,4899.0,4924.0,4823.0,4823.0,4823.0,875197
2018-01-25,4820.0,4820.0,4743.0,4755.0,4755.0,1049511
2018-01-26,4782.0,4818.0,4761.0,4778.0,4778.0,705647
2018-01-29,4766.0,4774.0,4745.0,4762.0,4762.0,678058
2018-01-30,4755.0,4776.0,4707.0,4720.0,4720.0,766951
2018-01-31,4717.0,4735.0,4697.0,4712.0,4712.0,827367
2018-02-01,4723.0,4753.0,4708.0,4714.0,4714.0,615771
2018-02-02,4700.0,4716.0,4656.0,4656.0,4656.0,987527
2018-02-05,4607.0,4611.0,4557.0,4601.0,4601.0,799229
2018-02-06,4441.0,4579.0,4399.0,4498.0,4498.0,1330441
2018-02-07,4522.0,4634.0,4488.0,4623.0,4623.0,831592
2018-02-08,4589.0,4610.0,4530.0,4535.0,4535.0,675903
2018-02-09,4509.0,4545.0,4487.0,4504.0,4504.0,738110
2018-02-12,4543.0,4589.0,4534.0,4580.0,4580.0,665975
2018-02-13,4570.0,4625.0,4570.0,4600.0,4600.0,716210
2018-02-14,4628.0,4657.0,4577.0,4640.0,4640.0,819672
2018-02-15,4658.0,4734.0,4637.0,4720.0,4720.0,817357
2018-02-16,4734.0,4772.0,4703.0,4703.0,4703.0,752136
2018-02-19,4697.0,4721.0,4665.0,4697.0,4697.0,483791
2018-02-20,4790.0,4805.0,4443.0,4568.0,4568.0,2655146
2018-02-21,4565.0,4689.0,4554.0,4686.0,4686.0,1459869
2018-02-22,4669.0,4675.0,4630.0,4667.0,4667.0,760131
2018-02-23,4663.0,4699.0,4558.0,4629.0,4629.0,719583
2018-02-26,4647.0,4678.0,4616.0,4645.0,4645.0,624503
2018-02-27,4648.0,4715.0,4648.0,4699.0,4699.0,705908
2018-02-28,4700.0,4750.0,4663.0,4699.0,4699.0,746463
2018-03-01,4692.0,4706.0,4555.0,4555.0,4555.0,1167724
2018-03-02,4527.0,4541.0,4438.0,4454.0,4454.0,1155133
2018-03-05,4457.0,4504.0,4441.0,4490.0,4490.0,637827
2018-03-06,4515.0,4543.0,4503.0,4510.0,4510.0,499380
2018-03-07,4502.0,4518.0,4468.0,4498.0,4498.0,501062
2018-03-08,4508.0,4588.0,4503.0,4573.0,4573.0,593390
2018-03-09,4566.0,4595.0,4566.0,4590.0,4590.0,465583
