Date,Open,High,Low,Close,Adj Close,Volume
2015-01-02,3.60687,3.60687,3.60687,3.60687,3.155493,0.0
2015-01-05,3.61275,3.61275,3.61275,3.61275,3.160638,0.0
2015-01-06,3.61665,3.61665,3.61665,3.61665,3.16405,0.0
2015-01-07,3.61289,3.61289,3.61289,3.61289,3.16076,0.0
2015-01-08,3.6199,3.6199,3.6199,3.6199,3.166893,0.0
2015-01-09,3.61657,3.61657,3.61657,3.61657,3.16398,0.0
2015-01-12,3.6162,3.6162,3.6162,3.6162,3.163656,0.0
2015-01-13,3.6086300000000002,3.6086300000000002,3.6086300000000002,3.6086300000000002,3.157033,0.0
2015-01-14,3.6026,3.6026,3.6026,3.6026,3.151758,0.0
2015-01-15,3.5904199999999995,3.5904199999999995,3.5904199999999995,3.5904199999999995,3.141102,0.0
2015-01-16,4.31,4.366,4.287,4.363,3.8169989999999996,1824059.0
2015-01-19,3.5946599999999997,3.5946599999999997,3.5946599999999997,3.5946599999999997,3.1448110000000002,0.0
2015-01-20,3.6035199999999996,3.6035199999999996,3.6035199999999996,3.6035199999999996,3.1525630000000002,0.0
2015-01-21,3.61859,3.61859,3.61859,3.61859,3.165747,0.0
2015-01-22,3.6041,3.6041,3.6041,3.6041,3.15307,0.0
2015-01-23,3.59671,3.59671,3.59671,3.59671,3.146605,0.0
2015-01-26,3.5915800000000004,3.5915800000000004,3.5915800000000004,3.5915800000000004,3.142117,0.0
2015-01-27,4.611,4.699,4.57,4.633,4.05321,1748091.0
2015-01-28,4.645,4.668,4.595,4.641,4.0602089999999995,1421945.0
2015-01-29,3.7296199999999997,3.7296199999999997,3.7296199999999997,3.7296199999999997,3.262882,0.0
2015-01-30,3.70422,3.70422,3.70422,3.70422,3.2406610000000002,0.0
2015-02-02,3.70891,3.70891,3.70891,3.70891,3.244764,0.0
2015-02-03,3.71,3.71,3.71,3.71,3.245718,0.0
2015-02-04,3.69642,3.69642,3.69642,3.69642,3.233837,0.0
2015-02-05,4.724,4.78,4.719,4.767,4.170441,1326759.0
2015-02-06,3.68203,3.68203,3.68203,3.68203,3.221248,0.0
2015-02-09,3.6815599999999997,3.6815599999999997,3.6815599999999997,3.6815599999999997,3.220837,0.0
2015-02-10,3.68364,3.68364,3.68364,3.68364,3.222656,0.0
2015-02-11,3.6792300000000004,3.6792300000000004,3.6792300000000004,3.6792300000000004,3.218798,0.0
2015-02-12,3.68132,3.68132,3.68132,3.68132,3.220627,0.0
2015-02-13,3.68399,3.68399,3.68399,3.68399,3.222963,0.0
2015-02-16,3.6876900000000004,3.6876900000000004,3.6876900000000004,3.6876900000000004,3.2261990000000003,0.0
2015-02-17,3.69337,3.69337,3.69337,3.69337,3.231169,0.0
2015-02-18,3.67539,3.67539,3.67539,3.67539,3.215439,0.0
2015-02-19,3.67812,3.67812,3.67812,3.67812,3.217827,0.0
2015-02-20,3.6926099999999997,3.6926099999999997,3.6926099999999997,3.6926099999999997,3.2305040000000003,0.0
2015-02-23,3.6838699999999998,3.6838699999999998,3.6838699999999998,3.6838699999999998,3.222858,0.0
2015-02-24,3.6807800000000004,3.6807800000000004,3.6807800000000004,3.6807800000000004,3.220154,0.0
2015-02-25,3.67935,3.67935,3.67935,3.67935,3.218903,0.0
2015-02-26,3.6727,3.6727,3.6727,3.6727,3.213085,0.0
2015-02-27,4.939,4.967,4.917,4.936,4.318292,1718744.0
2015-03-02,3.6783,3.6783,3.6783,3.6783,3.2179849999999997,0.0
2015-03-03,3.6759,3.6759,3.6759,3.6759,3.2158849999999997,0.0
2015-03-04,4.927,4.927,4.831,4.888,4.276299,1239117.0
2015-03-05,3.67432,3.67432,3.67432,3.67432,3.2145029999999997,0.0
2015-03-06,3.6750300000000005,3.6750300000000005,3.6750300000000005,3.6750300000000005,3.2151240000000003,0.0
2015-03-09,3.66583,3.66583,3.66583,3.66583,3.207075,0.0
2015-03-10,3.6469400000000003,3.6469400000000003,3.6469400000000003,3.6469400000000003,3.1905490000000003,0.0
2015-03-11,3.64969,3.64969,3.64969,3.64969,3.192955,0.0
2015-03-12,3.66299,3.66299,3.66299,3.66299,3.204591,0.0
2015-03-13,3.67254,3.67254,3.67254,3.67254,3.212946,0.0
2015-03-16,3.67265,3.67265,3.67265,3.67265,3.2130419999999997,0.0
2015-03-17,3.6859800000000003,3.6859800000000003,3.6859800000000003,3.6859800000000003,3.224704,0.0
2015-03-18,3.6859800000000003,3.6859800000000003,3.6859800000000003,3.6859800000000003,3.224704,0.0
2015-03-19,3.692,3.692,3.692,3.692,3.2299700000000002,0.0
2015-03-20,4.971,4.987,4.951,4.967,4.345413,2534194.0
2015-03-23,3.71443,3.71443,3.71443,3.71443,3.249593,0.0
2015-03-24,3.71715,3.71715,3.71715,3.71715,3.251973,0.0
2015-03-25,3.71995,3.71995,3.71995,3.71995,3.254422,0.0
2015-03-26,3.72011,3.72011,3.72011,3.72011,3.254562,0.0
2015-03-27,3.71339,3.71339,3.71339,3.71339,3.248683,0.0
2015-03-30,3.71507,3.71507,3.71507,3.71507,3.250153,0.0
2015-03-31,4.914,4.982,4.793,4.824,4.220307,2298175.0
2015-04-01,3.7018199999999997,3.7018199999999997,3.7018199999999997,3.7018199999999997,3.2385610000000002,0.0
2015-04-02,4.783,4.842,4.732,4.842,4.236055,1056077.0
2015-04-07,3.70629,3.70629,3.70629,3.70629,3.2424720000000002,0.0
2015-04-08,4.87,4.929,4.854,4.91,4.295546,1562148.0
2015-04-09,3.70465,3.70465,3.70465,3.70465,3.241037,0.0
2015-04-10,3.7099599999999997,3.7099599999999997,3.7099599999999997,3.7099599999999997,3.245683,0.0
2015-04-13,3.7045,3.7045,3.7045,3.7045,3.2409060000000003,0.0
2015-04-14,5.09,5.14,5.025,5.045,4.413651,1116213.0
2015-04-15,5.045,5.08,5.035,5.07,4.435523,1175318.0
2015-04-16,5.1,5.115,5.005,5.055,4.4224,1304752.0
2015-04-17,3.6880800000000002,3.6880800000000002,3.6880800000000002,3.6880800000000002,3.226541,0.0
2015-04-20,3.6914,3.6914,3.6914,3.6914,3.229445,0.0
2015-04-21,3.6863900000000003,3.6863900000000003,3.6863900000000003,3.6863900000000003,3.225062,0.0
2015-04-22,5.03,5.085,5.005,5.04,4.4092769999999994,2356181.0
2015-04-23,3.6837,3.6837,3.6837,3.6837,3.222709,0.0
2015-04-24,5.035,5.085,5.015,5.085,4.448646,1402764.0
2015-04-27,3.67757,3.67757,3.67757,3.67757,3.217346,0.0
2015-04-28,3.67521,3.67521,3.67521,3.67521,3.215281,0.0
2015-04-29,3.67542,3.67542,3.67542,3.67542,3.215465,0.0
2015-04-30,3.80911,3.80911,3.80911,3.80911,3.332425,0.0
2015-05-01,5.01,5.015,4.92,4.979,4.35591,653202.0
2015-05-05,3.70252,3.70252,3.70252,3.70252,3.239173,0.0
2015-05-06,3.71659,3.71659,3.71659,3.71659,3.2514830000000003,0.0
2015-05-07,3.71221,3.71221,3.71221,3.71221,3.247651,0.0
2015-05-08,3.6938199999999997,3.6938199999999997,3.6938199999999997,3.6938199999999997,3.231563,0.0
2015-05-11,3.66281,3.66281,3.66281,3.66281,3.2044330000000003,0.0
2015-05-12,5.16,5.18,4.995,5.06,4.426774,1793659.0
2015-05-13,3.6716300000000004,3.6716300000000004,3.6716300000000004,3.6716300000000004,3.212149,0.0
2015-05-14,3.79587,3.79587,3.79587,3.79587,3.320842,0.0
2015-05-15,3.8061300000000005,3.8061300000000005,3.8061300000000005,3.8061300000000005,3.329818,0.0
2015-05-18,3.8142199999999997,3.8142199999999997,3.8142199999999997,3.8142199999999997,3.3368949999999997,0.0
2015-05-19,3.80948,3.80948,3.80948,3.80948,3.3327480000000005,0.0
2015-05-20,3.8052099999999998,3.8052099999999998,3.8052099999999998,3.8052099999999998,3.3290129999999998,0.0
2015-05-21,3.80229,3.80229,3.80229,3.80229,3.326458,0.0
2015-05-22,5.595,5.61,5.545,5.595,4.8948220000000005,1078295.0
2015-05-26,3.8089800000000005,3.8089800000000005,3.8089800000000005,3.8089800000000005,3.3323110000000002,0.0
2015-05-27,3.81132,3.81132,3.81132,3.81132,3.3343580000000004,0.0
2015-05-28,3.8225599999999997,3.8225599999999997,3.8225599999999997,3.8225599999999997,3.3441919999999996,0.0
2015-05-29,5.655,5.715,5.59,5.63,4.925441999999999,3363167.0
2015-06-01,3.8298099999999997,3.8298099999999997,3.8298099999999997,3.8298099999999997,3.3505339999999997,0.0
2015-06-02,3.8451199999999996,3.8451199999999996,3.8451199999999996,3.8451199999999996,3.363928,0.0
2015-06-03,3.86455,3.86455,3.86455,3.86455,3.380927,0.0
2015-06-04,3.86104,3.86104,3.86104,3.86104,3.377856,0.0
2015-06-05,5.63,5.63,5.53,5.545,4.851079,1218317.0
2015-06-08,3.8536300000000003,3.8536300000000003,3.8536300000000003,3.8536300000000003,3.371373,0.0
2015-06-09,3.85227,3.85227,3.85227,3.85227,3.3701830000000004,0.0
2015-06-10,3.8328599999999997,3.8328599999999997,3.8328599999999997,3.8328599999999997,3.3532019999999996,0.0
2015-06-11,3.83305,3.83305,3.83305,3.83305,3.3533690000000003,0.0
2015-06-12,3.82758,3.82758,3.82758,3.82758,3.348583,0.0
2015-06-15,3.8247400000000003,3.8247400000000003,3.8247400000000003,3.8247400000000003,3.3460989999999997,0.0
2015-06-16,3.81439,3.81439,3.81439,3.81439,3.337044,0.0
2015-06-17,3.80356,3.80356,3.80356,3.80356,3.3275690000000004,0.0
2015-06-18,3.7955099999999997,3.7955099999999997,3.7955099999999997,3.7955099999999997,3.447418,0.0
2015-06-19,3.7885800000000005,3.7885800000000005,3.7885800000000005,3.7885800000000005,3.441123,0.0
2015-06-22,3.80959,3.80959,3.80959,3.80959,3.460207,0.0
2015-06-23,3.7972599999999996,3.7972599999999996,3.7972599999999996,3.7972599999999996,3.449007,0.0
2015-06-24,3.7958199999999995,3.7958199999999995,3.7958199999999995,3.7958199999999995,3.4476989999999996,0.0
2015-06-25,3.7986199999999997,3.7986199999999997,3.7986199999999997,3.7986199999999997,3.450243,0.0
2015-06-26,3.7951099999999998,3.7951099999999998,3.7951099999999998,3.7951099999999998,3.447054,0.0
2015-06-29,3.7911099999999998,3.7911099999999998,3.7911099999999998,3.7911099999999998,3.443421,0.0
2015-06-30,3.86,3.86,3.86,3.86,3.505993,0.0
2015-07-01,3.80179,3.80179,3.80179,3.80179,3.453122,0.0
2015-07-02,3.80289,3.80289,3.80289,3.80289,3.4541209999999998,0.0
2015-07-03,3.80188,3.80188,3.80188,3.80188,3.453203,0.0
2015-07-06,3.7939199999999995,3.7939199999999995,3.7939199999999995,3.7939199999999995,3.4459739999999996,0.0
2015-07-07,3.8028199999999996,3.8028199999999996,3.8028199999999996,3.8028199999999996,3.454057,0.0
2015-07-08,3.8178699999999997,3.8178699999999997,3.8178699999999997,3.8178699999999997,3.4677269999999996,0.0
2015-07-09,3.81337,3.81337,3.81337,3.81337,3.4636400000000003,0.0
2015-07-10,3.8190800000000005,3.8190800000000005,3.8190800000000005,3.8190800000000005,3.4688260000000004,0.0
2015-07-13,3.80076,3.80076,3.80076,3.80076,3.452186,0.0
2015-07-14,3.7972099999999998,3.7972099999999998,3.7972099999999998,3.7972099999999998,3.4489620000000003,0.0
2015-07-15,5.51,5.55,5.485,5.535,5.027376,933033.0
2015-07-16,3.7846900000000003,3.7846900000000003,3.7846900000000003,3.7846900000000003,3.43759,0.0
2015-07-17,3.77348,3.77348,3.77348,3.77348,3.4274080000000002,0.0
2015-07-20,3.7798,3.7798,3.7798,3.7798,3.433149,0.0
2015-07-21,3.7900099999999997,3.7900099999999997,3.7900099999999997,3.7900099999999997,3.442422,0.0
2015-07-22,3.77684,3.77684,3.77684,3.77684,3.43046,0.0
2015-07-23,3.7996800000000004,3.7996800000000004,3.7996800000000004,3.7996800000000004,3.4512050000000003,0.0
2015-07-24,3.79943,3.79943,3.79943,3.79943,3.450978,0.0
2015-07-27,3.8063800000000003,3.8063800000000003,3.8063800000000003,3.8063800000000003,3.4572910000000006,0.0
2015-07-28,3.80476,3.80476,3.80476,3.80476,3.4558199999999997,0.0
2015-07-29,3.8694599999999997,3.8694599999999997,3.8694599999999997,3.8694599999999997,3.514586,0.0
2015-07-30,3.86001,3.86001,3.86001,3.86001,3.5060019999999996,0.0
2015-07-31,5.475,5.54005,5.45,5.535,5.027376,2432948.0
2015-08-03,3.86849,3.86849,3.86849,3.86849,3.5137050000000003,0.0
2015-08-04,3.8705,3.8705,3.8705,3.8705,3.5155300000000005,0.0
2015-08-05,3.85849,3.85849,3.85849,3.85849,3.504622,0.0
2015-08-06,3.8779,3.8779,3.8779,3.8779,3.5222510000000002,0.0
2015-08-07,3.88701,3.88701,3.88701,3.88701,3.530526,0.0
2015-08-10,3.88898,3.88898,3.88898,3.88898,3.532315,0.0
2015-08-11,3.89035,3.89035,3.89035,3.89035,3.53356,0.0
2015-08-12,3.89975,3.89975,3.89975,3.89975,3.542098,0.0
2015-08-13,3.89791,3.89791,3.89791,3.89791,3.540426,0.0
2015-08-14,3.89131,3.89131,3.89131,3.89131,3.534432,0.0
2015-08-17,3.89164,3.89164,3.89164,3.89164,3.534731,0.0
2015-08-18,5.275,5.31,5.235,5.265,4.782138,861068.0
2015-08-19,3.87764,3.87764,3.87764,3.87764,3.5220160000000003,0.0
2015-08-20,5.07,5.1065,5.015,5.02,4.559608,1466363.0
2015-08-21,4.96,5.02,4.872,4.872,4.425180999999999,2137389.0
2015-08-24,3.88616,3.88616,3.88616,3.88616,3.529754,0.0
2015-08-25,3.8727699999999996,3.8727699999999996,3.8727699999999996,3.8727699999999996,3.5175919999999996,0.0
2015-08-26,3.89986,3.89986,3.89986,3.89986,3.5421980000000004,0.0
2015-08-27,3.8982699999999997,3.8982699999999997,3.8982699999999997,3.8982699999999997,3.540753,0.0
2015-08-28,4.955,4.963,4.867,4.918,4.466963,1523862.0
2015-09-01,3.9008599999999998,3.9008599999999998,3.9008599999999998,3.9008599999999998,3.543106,0.0
2015-09-02,3.91135,3.91135,3.91135,3.91135,3.552634,0.0
2015-09-03,3.9070400000000003,3.9070400000000003,3.9070400000000003,3.9070400000000003,3.548719,0.0
2015-09-04,3.9146400000000003,3.9146400000000003,3.9146400000000003,3.9146400000000003,3.555622,0.0
2015-09-07,3.90809,3.90809,3.90809,3.90809,3.5496730000000003,0.0
2015-09-08,4.751,4.828,4.751,4.812,4.370684,2576104.0
2015-09-09,3.90061,3.90061,3.90061,3.90061,3.542879,0.0
2015-09-10,4.8,4.829,4.761,4.79,4.350701,1470260.0
2015-09-11,3.9161,3.9161,3.9161,3.9161,3.556948,0.0
2015-09-14,3.9178,3.9178,3.9178,3.9178,3.5584919999999998,0.0
2015-09-15,3.9230199999999997,3.9230199999999997,3.9230199999999997,3.9230199999999997,3.5632330000000003,0.0
2015-09-16,3.90785,3.90785,3.90785,3.90785,3.5494550000000005,0.0
2015-09-17,3.90971,3.90971,3.90971,3.90971,3.5511440000000003,0.0
2015-09-18,3.90975,3.90975,3.90975,3.90975,3.5511809999999997,0.0
2015-09-21,4.641,4.813,4.641,4.713,4.280762999999999,1923785.0
2015-09-22,3.90361,3.90361,3.90361,3.90361,3.545604,0.0
2015-09-23,4.62,4.775,4.6,4.739,4.304379,1802069.0
2015-09-24,3.92958,3.92958,3.92958,3.92958,3.5691919999999997,0.0
2015-09-25,3.92255,3.92255,3.92255,3.92255,3.562807,0.0
2015-09-28,4.8,4.824,4.7,4.712,4.279855,1389368.0
2015-09-29,3.92018,3.92018,3.92018,3.92018,3.560654,0.0
2015-09-30,4.653,4.663,4.615,4.663,4.235348999999999,1911881.0
2015-10-01,3.9224099999999997,3.9224099999999997,3.9224099999999997,3.9224099999999997,3.562679,0.0
2015-10-02,3.9316,3.9316,3.9316,3.9316,3.5710269999999995,0.0
2015-10-05,3.93037,3.93037,3.93037,3.93037,3.5699099999999997,0.0
2015-10-06,3.9193,3.9193,3.9193,3.9193,3.559855,0.0
2015-10-07,3.9082199999999996,3.9082199999999996,3.9082199999999996,3.9082199999999996,3.5497910000000004,0.0
2015-10-08,3.9174800000000003,3.9174800000000003,3.9174800000000003,3.9174800000000003,3.5582019999999996,0.0
2015-10-09,3.9292199999999995,3.9292199999999995,3.9292199999999995,3.9292199999999995,3.568865,0.0
2015-10-12,4.803,4.8424,4.737,4.754,4.318003,1219550.0
2015-10-13,3.9477,3.9477,3.9477,3.9477,3.58565,0.0
2015-10-14,4.66,4.685,4.605,4.605,4.182668,1298790.0
2015-10-15,4.63,4.696,4.596,4.68,4.25079,1156506.0
2015-10-16,3.9239699999999997,3.9239699999999997,3.9239699999999997,3.9239699999999997,3.5640959999999997,0.0
2015-10-19,3.9114199999999997,3.9114199999999997,3.9114199999999997,3.9114199999999997,3.5526980000000004,0.0
2015-10-20,4.793,4.871,4.781,4.865,4.418823000000001,1958245.0
2015-10-21,4.873,4.892,4.8014,4.855,4.40974,1013342.0
2015-10-22,3.8931,3.8931,3.8931,3.8931,3.536058,0.0
2015-10-23,3.88955,3.88955,3.88955,3.88955,3.532833,0.0
2015-10-26,3.89259,3.89259,3.89259,3.89259,3.535594,0.0
2015-10-27,3.89814,3.89814,3.89814,3.89814,3.540635,0.0
2015-10-28,3.89505,3.89505,3.89505,3.89505,3.537829,0.0
2015-10-29,3.8769400000000003,3.8769400000000003,3.8769400000000003,3.8769400000000003,3.52138,0.0
2015-10-30,5.035,5.04,4.983,5.01,4.550525,1435490.0
2015-11-02,4.994,5.03,4.9866,5.025,4.564149,811549.0
2015-11-03,5.01,5.025,4.987,5.015,4.555067,1056422.0
2015-11-04,3.86121,3.86121,3.86121,3.86121,3.5070919999999997,0.0
2015-11-05,3.8806800000000004,3.8806800000000004,3.8806800000000004,3.8806800000000004,3.524777,0.0
2015-11-06,3.89815,3.89815,3.89815,3.89815,3.5406440000000003,0.0
2015-11-09,3.89727,3.89727,3.89727,3.89727,3.5398449999999997,0.0
2015-11-10,3.89094,3.89094,3.89094,3.89094,3.534096,0.0
2015-11-11,3.90277,3.90277,3.90277,3.90277,3.5448410000000004,0.0
2015-11-12,4.995,5.065,4.775,4.784,4.3452519999999994,1783484.0
2015-11-13,3.97514,3.97514,3.97514,3.97514,3.6105739999999997,0.0
2015-11-16,3.9708300000000003,3.9708300000000003,3.9708300000000003,3.9708300000000003,3.6066589999999996,0.0
2015-11-17,4.851,4.918,4.8308,4.918,4.466963,1262184.0
2015-11-18,4.903,4.909,4.839,4.889,4.440622,881876.0
2015-11-19,3.97068,3.97068,3.97068,3.97068,3.606523,0.0
2015-11-20,3.9764699999999995,3.9764699999999995,3.9764699999999995,3.9764699999999995,3.611782,0.0
2015-11-23,3.9780599999999997,3.9780599999999997,3.9780599999999997,3.9780599999999997,3.613226,0.0
2015-11-24,3.98026,3.98026,3.98026,3.98026,3.615224,0.0
2015-11-25,3.9808800000000004,3.9808800000000004,3.9808800000000004,3.9808800000000004,3.615788,0.0
2015-11-26,3.96909,3.96909,3.96909,3.96909,3.605078,0.0
2015-11-27,3.97051,3.97051,3.97051,3.97051,3.6063690000000004,0.0
2015-11-30,4.999,5.03,4.939,5.025,4.564149,1723465.0
2015-12-01,3.9718,3.9718,3.9718,3.9718,3.60754,0.0
2015-12-02,3.97465,3.97465,3.97465,3.97465,3.610129,0.0
2015-12-03,3.9713800000000004,3.9713800000000004,3.9713800000000004,3.9713800000000004,3.607158,0.0
2015-12-04,3.96789,3.96789,3.96789,3.96789,3.603989,0.0
2015-12-07,3.96395,3.96395,3.96395,3.96395,3.6004099999999997,0.0
2015-12-08,3.9681800000000003,3.9681800000000003,3.9681800000000003,3.9681800000000003,3.604252,0.0
2015-12-09,3.9651300000000003,3.9651300000000003,3.9651300000000003,3.9651300000000003,3.601482,0.0
2015-12-10,3.9664,3.9664,3.9664,3.9664,3.6579870000000003,0.0
2015-12-11,4.756,4.784,4.63,4.63,4.269988,2247627.0
2015-12-14,3.96651,3.96651,3.96651,3.96651,3.658089,0.0
2015-12-15,3.96929,3.96929,3.96929,3.96929,3.660653,0.0
2015-12-16,3.9713199999999995,3.9713199999999995,3.9713199999999995,3.9713199999999995,3.662525,0.0
2015-12-17,3.9734599999999998,3.9734599999999998,3.9734599999999998,3.9734599999999998,3.6644980000000005,0.0
2015-12-18,3.9706900000000003,3.9706900000000003,3.9706900000000003,3.9706900000000003,3.661944,0.0
2015-12-21,3.9714400000000003,3.9714400000000003,3.9714400000000003,3.9714400000000003,3.662635,0.0
2015-12-22,3.97396,3.97396,3.97396,3.97396,3.6649589999999996,0.0
2015-12-23,3.9741699999999995,3.9741699999999995,3.9741699999999995,3.9741699999999995,3.665153,0.0
2015-12-24,4.78,4.833,4.776,4.798,4.424925,236466.0
2015-12-29,3.9781800000000005,3.9781800000000005,3.9781800000000005,3.9781800000000005,3.668851,0.0
2015-12-30,4.854,4.873,4.823,4.832,4.456281,1065207.0
2015-12-31,4.848,4.848,4.778,4.816,4.4415260000000005,711228.0
2016-01-04,4.12899,4.12899,3.9739199999999997,3.9739199999999997,3.6649230000000004,0.0
2016-01-05,3.9772300000000005,3.9772300000000005,3.9772300000000005,3.9772300000000005,3.667975,0.0
2016-01-06,3.9744599999999997,3.9744599999999997,3.9744599999999997,3.9744599999999997,3.665421,0.0
2016-01-07,3.973,3.973,3.973,3.973,3.664074,0.0
2016-01-08,3.97371,3.97371,3.97371,3.97371,3.664729,0.0
2016-01-11,3.97062,3.97062,3.97062,3.97062,3.661879,0.0
2016-01-12,3.97799,3.97799,3.97799,3.97799,3.668676,0.0
2016-01-13,3.9737699999999996,3.9737699999999996,3.9737699999999996,3.9737699999999996,3.6647839999999996,0.0
2016-01-14,3.97896,3.97896,3.97896,3.97896,3.669571,0.0
2016-01-15,3.98075,3.98075,3.98075,3.98075,3.671222,0.0
2016-01-18,3.9812,3.9812,3.9812,3.9812,3.671636,0.0
2016-01-19,4.33,4.368,4.297,4.314,3.9785589999999997,1377164.0
2016-01-20,3.9831199999999995,3.9831199999999995,3.9831199999999995,3.9831199999999995,3.673407,0.0
2016-01-21,3.98461,3.98461,3.98461,3.98461,3.674782,0.0
2016-01-22,3.9796099999999996,3.9796099999999996,3.9796099999999996,3.9796099999999996,3.6701699999999997,0.0
2016-01-25,3.9804699999999995,3.9804699999999995,3.9804699999999995,3.9804699999999995,3.670964,0.0
2016-01-26,3.97917,3.97917,3.97917,3.97917,3.669765,0.0
2016-01-27,3.98335,3.98335,3.98335,3.98335,3.6736199999999997,0.0
2016-01-28,4.389,4.405,4.314,4.339,4.001616,2423771.0
2016-01-29,4.14084,4.14084,4.14084,4.14084,3.818864,0.0
2016-02-01,4.13476,4.13476,4.13476,4.13476,3.813257,0.0
2016-02-02,4.14105,4.14105,4.14105,4.14105,3.819057,0.0
2016-02-03,4.283,4.289,4.129,4.182,3.8568239999999996,2690992.0
2016-02-04,4.1359900000000005,4.1359900000000005,4.1359900000000005,4.1359900000000005,3.8143910000000005,0.0
2016-02-05,4.13821,4.13821,4.13821,4.13821,3.8164379999999998,0.0
2016-02-08,4.14348,4.14348,4.14348,4.14348,3.8212980000000005,0.0
2016-02-09,4.14056,4.14056,4.14056,4.14056,3.818606,0.0
2016-02-10,4.13771,4.13771,4.13771,4.13771,3.8159769999999997,0.0
2016-02-11,4.003,4.01,3.898,3.898,3.594906,2294769.0
2016-02-12,4.1295,4.1295,4.1295,4.1295,3.8084050000000005,0.0
2016-02-15,4.13025,4.13025,4.13025,4.13025,3.809097,0.0
2016-02-16,4.13384,4.13384,4.13384,4.13384,3.812408,0.0
2016-02-17,4.096,4.26,4.096,4.241,3.911236,1502454.0
2016-02-18,4.13983,4.13983,4.13983,4.13983,3.817932,0.0
2016-02-19,4.142180000000001,4.142180000000001,4.142180000000001,4.142180000000001,3.8201,0.0
2016-02-22,4.15033,4.15033,4.15033,4.15033,3.827615,0.0
2016-02-23,4.149769999999999,4.149769999999999,4.149769999999999,4.149769999999999,3.8270989999999996,0.0
2016-02-24,4.213,4.265,4.168,4.25,3.919536,3088949.0
2016-02-25,4.15417,4.15417,4.15417,4.15417,3.831157,0.0
2016-02-26,4.15875,4.15875,4.15875,4.15875,3.835381,0.0
2016-02-29,4.343,4.385,4.305,4.381,4.040349,1932593.0
2016-03-01,4.15846,4.15846,4.15846,4.15846,3.835114,0.0
2016-03-02,4.1544099999999995,4.1544099999999995,4.1544099999999995,4.1544099999999995,3.831378,0.0
2016-03-03,4.15322,4.15322,4.15322,4.15322,3.830281,0.0
2016-03-04,4.151590000000001,4.151590000000001,4.151590000000001,4.151590000000001,3.828778,0.0
2016-03-07,4.438,4.472,4.362,4.372,4.03205,1104684.0
2016-03-08,4.15204,4.15204,4.15204,4.15204,3.829193,0.0
2016-03-09,4.15287,4.15287,4.15287,4.15287,3.829958,0.0
2016-03-10,4.275,4.367,4.224,4.224,3.895557,2677245.0
2016-03-11,4.14781,4.14781,4.14781,4.14781,3.8252919999999997,0.0
2016-03-14,4.14799,4.14799,4.14799,4.14799,3.8254580000000002,0.0
2016-03-15,4.153919999999999,4.153919999999999,4.153919999999999,4.153919999999999,3.8309269999999995,0.0
2016-03-16,4.15611,4.15611,4.15611,4.15611,3.8329459999999997,0.0
2016-03-17,4.14494,4.14494,4.14494,4.14494,3.8226449999999996,0.0
2016-03-18,4.14346,4.14346,4.14346,4.14346,3.8212800000000002,0.0
2016-03-21,4.1479,4.1479,4.1479,4.1479,3.825375,0.0
2016-03-22,4.1524,4.1524,4.1524,4.1524,3.829525,0.0
2016-03-23,4.154059999999999,4.154059999999999,4.154059999999999,4.154059999999999,3.831056,0.0
2016-03-24,4.539,4.567,4.507,4.531,4.178687,1227363.0
2016-03-29,4.15322,4.15322,4.1499,4.1499,3.8272190000000004,0.0
2016-03-30,4.144480000000001,4.144480000000001,4.144480000000001,4.144480000000001,3.822221,0.0
2016-03-31,4.595,4.607,4.559,4.564,4.2091199999999995,1995313.0
2016-04-01,4.15261,4.15261,4.15261,4.15261,3.8297190000000003,0.0
2016-04-04,4.15001,4.15001,4.15001,4.15001,3.827321,0.0
2016-04-05,4.154780000000001,4.154780000000001,4.154780000000001,4.154780000000001,3.83172,0.0
2016-04-06,4.15766,4.15766,4.15766,4.15766,3.8343760000000002,0.0
2016-04-07,4.15779,4.15779,4.15779,4.15779,3.834496,0.0
2016-04-08,4.15916,4.15916,4.15916,4.15916,3.8357589999999995,0.0
2016-04-11,4.15192,4.15192,4.15192,4.15192,3.829082,0.0
2016-04-12,4.1539,4.1539,4.1539,4.1539,3.830908,0.0
2016-04-13,4.15476,4.15476,4.15476,4.15476,3.8317010000000002,0.0
2016-04-14,4.157719999999999,4.157719999999999,4.157719999999999,4.157719999999999,3.834431,0.0
2016-04-15,4.1588400000000005,4.1588400000000005,4.1588400000000005,4.1588400000000005,3.835464,0.0
2016-04-18,4.15698,4.15698,4.15698,4.15698,3.8337489999999996,0.0
2016-04-19,4.15665,4.15665,4.15665,4.15665,3.8334449999999998,0.0
2016-04-20,4.15532,4.15532,4.15532,4.15532,3.832218,0.0
2016-04-21,4.15789,4.15789,4.15789,4.15789,3.8345879999999997,0.0
2016-04-22,4.15808,4.15808,4.15808,4.15808,3.834764,0.0
2016-04-25,4.15797,4.15797,4.15797,4.15797,3.8346620000000002,0.0
2016-04-26,4.157,4.157,4.157,4.157,3.833767,0.0
2016-04-27,4.811,4.851,4.808,4.851,4.473804,1338913.0
2016-04-28,4.16228,4.16228,4.16228,4.16228,3.8386370000000003,0.0
2016-04-29,4.48311,4.48311,4.48311,4.48311,4.134519999999999,0.0
2016-05-03,4.1586,4.16291,4.1586,4.16291,3.8392169999999997,0.0
2016-05-04,4.16249,4.16249,4.16249,4.16249,3.83883,0.0
2016-05-05,4.16293,4.16293,4.16293,4.16293,3.839236,0.0
2016-05-06,4.16464,4.16464,4.16464,4.16464,3.840813,0.0
2016-05-09,4.16464,4.16464,4.16464,4.16464,3.840813,0.0
2016-05-10,4.1624300000000005,4.1624300000000005,4.1624300000000005,4.1624300000000005,3.838774,0.0
2016-05-11,4.16098,4.16098,4.16098,4.16098,3.8374379999999997,0.0
2016-05-12,4.13494,4.13494,4.13494,4.13494,3.8134230000000002,0.0
2016-05-13,4.14175,4.14175,4.14175,4.14175,3.819703,0.0
2016-05-16,4.776,4.823,4.776,4.812,4.437837,1120332.0
2016-05-17,4.142519999999999,4.142519999999999,4.142519999999999,4.142519999999999,3.820413,0.0
2016-05-18,4.1334800000000005,4.1334800000000005,4.1334800000000005,4.1334800000000005,3.8120760000000002,0.0
2016-05-19,4.446680000000001,4.446680000000001,4.446680000000001,4.446680000000001,4.100923000000001,0.0
2016-05-20,4.44725,4.44725,4.44725,4.44725,4.101449,0.0
2016-05-23,4.44728,4.44728,4.44728,4.44728,4.101476,0.0
2016-05-24,4.45592,4.45592,4.45592,4.45592,4.109445,0.0
2016-05-25,5.36,5.395,5.285,5.325,4.910947,2137259.0
2016-05-26,4.455769999999999,4.455769999999999,4.455769999999999,4.455769999999999,4.109306,0.0
2016-05-27,5.445,5.54,5.42,5.52,5.0907849999999994,1728654.0
2016-05-31,4.45972,5.615,4.45972,5.615,5.1783980000000005,4255659.0
2016-06-01,5.57,5.59,5.45099,5.465,5.040062,2876469.0
2016-06-02,4.45871,4.45871,4.45871,4.45871,4.112018,0.0
2016-06-03,4.45779,4.45779,4.45779,4.45779,4.111169,0.0
2016-06-06,4.45779,4.45779,4.45779,4.45779,4.111169,0.0
2016-06-07,4.4505300000000005,4.4505300000000005,4.4505300000000005,4.4505300000000005,4.1044730000000005,0.0
2016-06-08,4.47728,4.47728,4.47728,4.47728,4.129143,0.0
2016-06-09,4.47593,4.47593,4.47593,4.47593,4.127899,0.0
2016-06-10,4.47985,4.47985,4.47985,4.47985,4.131513,0.0
2016-06-13,4.47789,4.47789,4.47789,4.47789,4.129706,0.0
2016-06-14,4.4795,4.4795,4.4795,4.4795,4.131191,0.0
2016-06-15,4.47657,4.47657,4.47657,4.47657,4.128489,0.0
2016-06-16,4.47924,4.47924,4.47924,4.47924,4.28407,0.0
2016-06-17,4.47666,4.47666,4.47666,4.47666,4.281603,0.0
2016-06-20,4.47162,4.47162,4.47162,4.47162,4.276783,0.0
2016-06-21,4.47392,4.47392,4.47392,4.47392,4.278982,0.0
2016-06-22,4.4782,4.4782,4.4782,4.4782,4.283076,0.0
2016-06-23,4.47853,4.47853,4.47853,4.47853,4.283391,0.0
2016-06-24,4.50724,4.50724,4.50724,4.50724,4.310851,0.0
2016-06-27,4.50964,4.50964,4.50964,4.50964,4.313146,0.0
2016-06-28,4.51602,4.51602,4.51602,4.51602,4.319248,0.0
2016-06-29,4.51701,4.51701,4.51701,4.51701,4.320195,0.0
2016-06-30,5.22,5.22,5.22,5.22,4.992554,0.0
2016-07-01,4.53722,4.53722,4.53722,4.53722,4.339524,0.0
2016-07-04,4.535019999999999,4.535019999999999,4.535019999999999,4.535019999999999,4.33742,0.0
2016-07-05,5.57,5.6,5.36,5.4,5.1647110000000005,2699129.0
2016-07-06,4.54671,4.54671,4.54671,4.54671,4.348601,0.0
2016-07-07,4.54404,4.54404,4.54404,4.54404,4.346047,0.0
2016-07-08,4.542730000000001,4.542730000000001,4.542730000000001,4.542730000000001,4.344794,0.0
2016-07-11,4.547630000000001,4.547630000000001,4.547630000000001,4.547630000000001,4.349481,0.0
2016-07-12,4.54142,4.54142,4.54142,4.54142,4.343541,0.0
2016-07-13,4.53289,4.53289,4.53289,4.53289,4.335382,0.0
2016-07-14,4.5338400000000005,4.5338400000000005,4.5338400000000005,4.5338400000000005,4.336291,0.0
2016-07-15,4.53313,4.53313,4.53313,4.53313,4.335612,0.0
2016-07-18,4.5355300000000005,4.5355300000000005,4.5355300000000005,4.5355300000000005,4.3379080000000005,0.0
2016-07-19,4.545380000000001,4.545380000000001,4.545380000000001,4.545380000000001,4.347329,0.0
2016-07-20,4.54854,4.54854,4.54854,4.54854,4.350351,0.0
2016-07-21,5.95,5.98,5.845,5.865,5.60945,1736742.0
2016-07-22,5.87,5.925,5.825,5.91,5.652489,1888085.0
2016-07-25,5.895,6.105,5.895,6.105,5.838993,2662750.0
2016-07-26,6.115,6.17,6.07,6.085,5.819864,1891486.0
2016-07-27,5.26154,5.26154,5.26154,5.26154,5.032284,0.0
2016-07-28,5.26506,5.26506,5.26506,5.26506,5.0356510000000005,0.0
2016-07-29,6.16,6.215,6.11,6.17,5.901161,2435982.0
2016-08-01,5.2615300000000005,5.2615300000000005,5.2615300000000005,5.2615300000000005,5.032275,0.0
2016-08-02,5.2604,5.2604,5.2604,5.2604,5.031194,0.0
2016-08-03,5.26029,5.26029,5.26029,5.26029,5.031089,0.0
2016-08-04,5.28714,5.28714,5.28714,5.28714,5.056768,0.0
2016-08-05,5.295669999999999,5.295669999999999,5.295669999999999,5.295669999999999,5.064927,0.0
2016-08-08,5.29592,5.29592,5.29592,5.29592,5.0651660000000005,0.0
2016-08-09,5.2937,5.2937,5.2937,5.2937,5.063043,0.0
2016-08-10,5.28541,5.28541,5.28541,5.28541,5.055114,0.0
2016-08-11,6.27,6.4,6.22,6.4,6.1211400000000005,1961275.0
2016-08-12,5.29294,5.29294,5.29294,5.29294,5.062316,0.0
2016-08-15,5.289680000000001,5.289680000000001,5.289680000000001,5.289680000000001,5.059198,0.0
2016-08-16,5.28414,5.28414,5.28414,5.28414,5.0538989999999995,0.0
2016-08-17,5.27648,5.27648,5.27648,5.27648,5.046574,0.0
2016-08-18,5.2750699999999995,5.2750699999999995,5.2750699999999995,5.2750699999999995,5.045225,0.0
2016-08-19,5.26927,5.26927,5.26927,5.26927,5.039676999999999,0.0
2016-08-22,5.25971,5.25971,5.25971,5.25971,5.030533999999999,0.0
2016-08-23,5.255730000000001,5.255730000000001,5.255730000000001,5.255730000000001,5.026726999999999,0.0
2016-08-24,5.253369999999999,5.253369999999999,5.253369999999999,5.253369999999999,5.02447,0.0
2016-08-25,5.25594,5.25594,5.25594,5.25594,5.026928,0.0
2016-08-26,6.15,6.18,6.09,6.13,5.862904,1385084.0
2016-08-30,5.2548699999999995,5.25823,5.2548699999999995,5.25823,5.029119000000001,0.0
2016-08-31,6.18,6.235,6.12141,6.145,5.87725,2837611.0
2016-09-01,6.175,6.375,6.155,6.305,6.030278,2798462.0
2016-09-02,5.25438,5.25438,5.25438,5.25438,5.025436,0.0
2016-09-05,5.24707,5.24707,5.24707,5.24707,5.018445,0.0
2016-09-06,5.24707,5.24707,5.24707,5.24707,5.018445,0.0
2016-09-07,5.24988,5.24988,5.24988,5.24988,5.021132,0.0
2016-09-08,6.29,6.4,6.29,6.375,6.0972290000000005,1350977.0
2016-09-09,5.24981,5.24981,5.24981,5.24981,5.021066,0.0
2016-09-12,6.15,6.19,6.1102099999999995,6.175,5.905943,1694952.0
2016-09-13,6.22,6.265,6.16,6.16,5.891596,1297867.0
2016-09-14,5.2562,5.2562,5.2562,5.2562,5.027176,0.0
2016-09-15,5.25766,5.25766,5.25766,5.25766,5.028573000000001,0.0
2016-09-16,5.2709,5.2709,5.2709,5.2709,5.0412360000000005,0.0
2016-09-19,5.26888,5.26888,5.26888,5.26888,5.0393040000000004,0.0
2016-09-20,5.2707,5.2707,5.2707,5.2707,5.0410449999999996,0.0
2016-09-21,5.2740800000000005,5.2740800000000005,5.2740800000000005,5.2740800000000005,5.044278,0.0
2016-09-22,5.26595,5.26595,5.26595,5.26595,5.036502,0.0
2016-09-23,5.27222,5.27222,5.27222,5.27222,5.042498999999999,0.0
2016-09-26,5.2712,5.2712,5.2712,5.2712,5.041523000000001,0.0
2016-09-27,5.2709,5.2709,5.2709,5.2709,5.0412360000000005,0.0
2016-09-28,5.27266,5.27266,5.27266,5.27266,5.04292,0.0
2016-09-29,5.27798,5.27798,5.27798,5.27798,5.048007,0.0
2016-09-30,6.435,6.52,6.34,6.505,6.221564,2262248.0
2016-10-03,5.29346,5.29346,5.29346,5.29346,5.062812999999999,0.0
2016-10-04,5.3047,5.3047,5.3047,5.3047,5.073564,0.0
2016-10-05,5.29448,5.29448,5.29448,5.29448,5.063789,0.0
2016-10-06,5.29403,5.29403,5.29403,5.29403,5.063358999999999,0.0
2016-10-07,5.2952,5.2952,5.2952,5.2952,5.064477,0.0
2016-10-10,5.2946,5.2946,5.2946,5.2946,5.063904,0.0
2016-10-11,5.30656,5.30656,5.30656,5.30656,5.075343,0.0
2016-10-12,6.69,6.725,6.645,6.66,6.369811,1607912.0
2016-10-13,5.30744,5.30744,5.30744,5.30744,5.076184,0.0
2016-10-14,5.30901,5.30901,5.30901,5.30901,5.077686,0.0
2016-10-17,5.30894,5.30894,5.30894,5.30894,5.077619,0.0
2016-10-18,5.3056,5.3056,5.3056,5.3056,5.074424,0.0
2016-10-19,5.30495,5.30495,5.30495,5.30495,5.073803,0.0
2016-10-20,5.30714,5.30714,5.30714,5.30714,5.075897,0.0
2016-10-21,6.615,6.645,6.58,6.61,6.321989,1472158.0
2016-10-24,5.3106,5.3106,5.3106,5.3106,5.079206,0.0
2016-10-25,5.31504,5.31504,5.31504,5.31504,5.0834529999999996,0.0
2016-10-26,5.30795,5.30795,5.30795,5.30795,5.076672,0.0
2016-10-27,5.3099300000000005,5.3099300000000005,5.3099300000000005,5.3099300000000005,5.078566,0.0
2016-10-28,5.31401,5.31401,5.31401,5.31401,5.082468,0.0
2016-10-31,5.45327,5.45327,5.45327,5.45327,5.21566,0.0
2016-11-01,5.31198,5.31198,5.31198,5.31198,5.080526,0.0
2016-11-02,5.30614,5.30614,5.30614,5.30614,5.074941,0.0
2016-11-03,5.29986,5.29986,5.29986,5.29986,5.068934,0.0
2016-11-04,6.49,6.52,6.2318,6.32,6.044625,2168791.0
2016-11-07,5.30861,5.30861,5.30861,5.30861,5.077303,0.0
2016-11-08,5.312180000000001,5.312180000000001,5.312180000000001,5.312180000000001,5.080718,0.0
2016-11-09,5.31123,5.31123,5.31123,5.31123,5.079809,0.0
2016-11-10,5.45835,5.45835,5.45835,5.45835,5.220519,0.0
2016-11-11,5.45389,5.45389,5.45389,5.45389,5.216253,0.0
2016-11-14,5.45515,5.45515,5.45515,5.45515,5.217458000000001,0.0
2016-11-15,5.45557,5.45557,5.45557,5.45557,5.21786,0.0
2016-11-16,5.44896,5.44896,5.44896,5.44896,5.211538,0.0
2016-11-17,5.45399,5.45399,5.45399,5.45399,5.216349,0.0
2016-11-18,5.45315,5.45315,5.45315,5.45315,5.215545,0.0
2016-11-21,5.4513,5.4513,5.4513,5.4513,5.213776,0.0
2016-11-22,5.451569999999999,5.451569999999999,5.451569999999999,5.451569999999999,5.214035,0.0
2016-11-23,5.44917,5.44917,5.44917,5.44917,5.211739,0.0
2016-11-24,5.43966,5.43966,5.43966,5.43966,5.202643,0.0
2016-11-25,5.43508,5.43508,5.43508,5.43508,5.198263,0.0
2016-11-28,5.42893,5.42893,5.42893,5.42893,5.19238,0.0
2016-11-29,6.77,6.77,6.67,6.725,6.431978,2401491.0
2016-11-30,6.75,6.8920699999999995,6.725,6.89,6.589789,5684215.0
2016-12-01,5.41025,5.41025,5.41025,5.41025,5.174515,0.0
2016-12-02,6.815,6.83,6.72,6.79,6.494146,2157558.0
2016-12-05,5.41046,5.41046,5.41046,5.41046,5.174716,0.0
2016-12-06,5.41326,5.41326,5.41326,5.41326,5.177393,0.0
2016-12-07,5.41814,5.41814,5.41814,5.41814,5.182061,0.0
2016-12-08,5.42435,5.42435,5.42435,5.42435,5.188,0.0
2016-12-09,5.42389,5.42389,5.42389,5.42389,5.187561,0.0
2016-12-12,6.9,6.95478,6.72,6.755,6.460671,3787642.0
2016-12-13,5.41995,5.41995,5.41995,5.41995,5.1837919999999995,0.0
2016-12-14,5.41515,5.41515,5.41515,5.41515,5.179202,0.0
2016-12-15,5.42846,5.42846,5.42846,5.42846,5.191930999999999,0.0
2016-12-16,5.42695,5.42695,5.42695,5.42695,5.190487,0.0
2016-12-19,5.42876,5.42876,5.42876,5.42876,5.192218,0.0
2016-12-20,5.432169999999999,5.432169999999999,5.432169999999999,5.432169999999999,5.195479,0.0
2016-12-21,5.42845,5.42845,5.42845,5.42845,5.191922,0.0
2016-12-22,5.43654,5.43654,5.43654,5.43654,5.199659,0.0
2016-12-23,5.43697,5.43697,5.43697,5.43697,5.200069999999999,0.0
2016-12-28,5.43697,5.43957,5.43697,5.43957,5.202557,0.0
2016-12-29,5.4378,5.4378,5.4378,5.4378,5.200864,0.0
2016-12-30,6.96,7.04,6.945,7.04,6.7332529999999995,838981.0
2017-01-03,5.58,5.58,5.4375,5.4375,5.200577,0.0
2017-01-04,5.43511,5.43511,5.43511,5.43511,5.198291,0.0
2017-01-05,5.43289,5.43289,5.43289,5.43289,5.196168,0.0
2017-01-06,5.43691,5.43691,5.43691,5.43691,5.200012999999999,0.0
2017-01-09,5.44379,5.44379,5.44379,5.44379,5.206593,0.0
2017-01-10,5.44249,5.44249,5.44249,5.44249,5.20535,0.0
2017-01-11,5.44839,5.44839,5.44839,5.44839,5.210993,0.0
2017-01-12,5.44365,5.44365,5.44365,5.44365,5.206459,0.0
2017-01-13,5.44612,5.44612,5.44612,5.44612,5.2088220000000005,0.0
2017-01-16,5.45311,5.45311,5.45311,5.45311,5.215508,0.0
2017-01-17,7.24,7.24,7.185,7.215,6.900628,2129402.0
2017-01-18,5.44144,5.44144,5.44144,5.44144,5.204346,0.0
2017-01-19,5.44503,5.44503,5.44503,5.44503,5.207779,0.0
2017-01-20,5.45075,5.45075,5.45075,5.45075,5.21325,0.0
2017-01-23,5.44372,5.44372,5.44372,5.44372,5.206526,0.0
2017-01-24,5.44601,5.44601,5.44601,5.44601,5.208716000000001,0.0
2017-01-25,6.995,7.035,6.895,6.94,6.6376100000000005,1976247.0
2017-01-26,5.58784,5.58784,5.58784,5.58784,5.344367,0.0
2017-01-27,7.005,7.005,6.94,6.98,6.6758679999999995,1451839.0
2017-01-30,5.5868,5.5868,5.5868,5.5868,5.3433720000000005,0.0
2017-01-31,6.935,7.0518,6.91,7.0,6.694996000000001,2129068.0
2017-02-01,5.58266,5.58266,5.58266,5.58266,5.3394129999999995,0.0
2017-02-02,5.58845,5.58845,5.58845,5.58845,5.34495,0.0
2017-02-03,5.58853,5.58853,5.58853,5.58853,5.345026,0.0
2017-02-06,6.95,7.0064,6.9394,6.94,6.6376100000000005,992337.0
2017-02-07,5.58266,5.58266,5.58266,5.58266,5.3394129999999995,0.0
2017-02-08,5.57843,5.57843,5.57843,5.57843,5.335367,0.0
2017-02-09,5.577,5.577,5.577,5.577,5.3339989999999995,0.0
2017-02-10,5.584890000000001,5.584890000000001,5.584890000000001,5.584890000000001,5.341545,0.0
2017-02-13,7.14,7.19,7.1275,7.145,6.833678,1030673.0
2017-02-14,7.165,7.175,7.1,7.14,6.828896,3693101.0
2017-02-15,7.135,7.20182,7.105,7.195,6.881499000000001,1664655.0
2017-02-16,5.586469999999999,5.586469999999999,5.586469999999999,5.586469999999999,5.343056,0.0
2017-02-17,7.2,7.205,7.12,7.2,6.886280999999999,1384748.0
2017-02-20,5.59941,5.59941,5.59941,5.59941,5.3554330000000006,0.0
2017-02-21,7.16,7.195,7.1,7.1,6.790638,1696375.0
2017-02-22,5.602130000000001,5.602130000000001,5.602130000000001,5.602130000000001,5.358034,0.0
2017-02-23,5.59804,5.59804,5.59804,5.59804,5.354122,0.0
2017-02-24,5.60308,5.60308,5.60308,5.60308,5.358943,0.0
2017-02-27,5.604369999999999,5.604369999999999,5.604369999999999,5.604369999999999,5.360176,0.0
2017-02-28,6.935,6.935,6.84,6.885,6.585007000000001,1856679.0
2017-03-01,5.61255,5.61255,5.61255,5.61255,5.368,0.0
2017-03-02,5.61324,5.61324,5.61324,5.61324,5.36866,0.0
2017-03-03,6.955,7.045,6.915,7.02,6.714125,1841481.0
2017-03-06,6.995,7.035,6.98375,6.995,6.690214,1154321.0
2017-03-07,5.62244,5.62244,5.62244,5.62244,5.377459,0.0
2017-03-08,5.61988,5.61988,5.61988,5.61988,5.375011,0.0
2017-03-09,5.620769999999999,5.620769999999999,5.620769999999999,5.620769999999999,5.375862000000001,0.0
2017-03-10,5.62563,5.62563,5.62563,5.62563,5.38051,0.0
2017-03-13,5.62299,5.62299,5.62299,5.62299,5.377985,0.0
2017-03-14,5.62416,5.62416,5.62416,5.62416,5.379104,0.0
2017-03-15,5.62132,5.62132,5.62132,5.62132,5.3763879999999995,0.0
2017-03-16,5.61291,5.61291,5.61291,5.61291,5.3683440000000004,0.0
2017-03-17,5.60811,5.60811,5.60811,5.60811,5.363753,0.0
2017-03-20,5.60959,5.60959,5.60959,5.60959,5.365169,0.0
2017-03-21,5.60089,5.60089,5.60089,5.60089,5.356848,0.0
2017-03-22,7.135,7.135,7.0425,7.115,6.804985,1544685.0
2017-03-23,7.11,7.23,7.055,7.185,6.871935000000001,1213590.0
2017-03-24,,,,,,
2017-03-27,7.035,7.055,6.975,7.015,6.7093419999999995,1509371.0
2017-03-28,7.03,7.055,6.94,7.005,6.699778,1132501.0
2017-03-29,7.17,7.405,7.145,7.405,7.082349000000001,2688246.0
2017-03-30,7.43,7.455,7.334560000000001,7.375,7.053657,2562992.0
2017-03-31,7.35,7.56,7.345,7.495,7.168428,3609033.0
2017-04-03,5.58788,5.58788,5.58788,5.58788,5.344405,0.0
2017-04-04,5.589119999999999,5.589119999999999,5.589119999999999,5.589119999999999,5.345591000000001,0.0
2017-04-05,5.58627,5.58627,5.58627,5.58627,5.342865,0.0
2017-04-06,5.58478,5.58478,5.58478,5.58478,5.34144,0.0
2017-04-07,5.59433,5.59433,5.59433,5.59433,5.350574,0.0
2017-04-10,5.59436,5.59436,5.59436,5.59436,5.3506029999999996,0.0
2017-04-11,5.5932900000000005,5.5932900000000005,5.5932900000000005,5.5932900000000005,5.349579,0.0
2017-04-12,5.59428,5.59428,5.59428,5.59428,5.350526,0.0
2017-04-13,7.645,7.75,7.625,7.71,7.374060000000001,1449349.0
2017-04-18,5.59665,5.59665,5.58588,5.58588,5.342492,0.0
2017-04-19,5.59357,5.59357,5.59357,5.59357,5.3498470000000005,0.0
2017-04-20,5.59008,5.59008,5.59008,5.59008,5.346508999999999,0.0
2017-04-21,5.59052,5.59052,5.59052,5.59052,5.34693,0.0
2017-04-24,5.59395,5.59395,5.59395,5.59395,5.35021,0.0
2017-04-25,5.59061,5.59061,5.59061,5.59061,5.347016,0.0
2017-04-26,5.59051,5.59051,5.59051,5.59051,5.34692,0.0
2017-04-27,5.58815,5.58815,5.58815,5.58815,5.344663,0.0
2017-04-28,5.85459,5.85459,5.85459,5.85459,5.599494,0.0
2017-05-02,5.58631,8.055,5.58631,8.04,7.689681,1741784.0
2017-05-03,5.58816,5.58816,5.58816,5.58816,5.344673,0.0
2017-05-04,8.065,8.275,8.045,8.235,7.876183999999999,3026675.0
2017-05-05,5.58875,5.58875,5.58875,5.58875,5.345237,0.0
2017-05-08,5.5926599999999995,5.5926599999999995,5.5926599999999995,5.5926599999999995,5.348977,0.0
2017-05-09,5.58752,5.58752,5.58752,5.58752,5.344061,0.0
2017-05-10,8.195,8.31,8.175,8.28,7.919224000000001,1889506.0
2017-05-11,5.589840000000001,5.589840000000001,5.589840000000001,5.589840000000001,5.346279,0.0
2017-05-12,5.59604,5.59604,5.59604,5.59604,5.352208999999999,0.0
2017-05-15,5.59318,5.59318,5.59318,5.59318,5.349474,0.0
2017-05-16,5.59698,5.59698,5.59698,5.59698,5.353108,0.0
2017-05-17,5.59185,5.59185,5.59185,5.59185,5.348202,0.0
2017-05-18,5.86102,5.86102,5.86102,5.86102,5.605644,0.0
2017-05-19,5.86236,5.86236,5.86236,5.86236,5.606925,0.0
2017-05-22,5.86601,5.86601,5.86601,5.86601,5.610416000000001,0.0
2017-05-23,5.867719999999999,5.867719999999999,5.867719999999999,5.867719999999999,5.612051999999999,0.0
2017-05-24,5.86824,5.86824,5.86824,5.86824,5.612549,0.0
2017-05-25,5.87033,5.87033,5.87033,5.87033,5.614548,0.0
2017-05-26,8.69,8.755,8.6586,8.685,8.306578,2008736.0
2017-05-30,5.87455,8.925,5.87455,8.885,8.497863,3182958.0
2017-05-31,8.88,9.0424,8.8578,8.95,8.560031,4453069.0
2017-06-01,5.8692,5.8692,5.8692,5.8692,5.613467,0.0
2017-06-02,5.86862,5.86862,5.86862,5.86862,5.612913,0.0
2017-06-05,5.86465,5.86465,5.86465,5.86465,5.609116,0.0
2017-06-06,5.85997,5.85997,5.85997,5.85997,5.60464,0.0
2017-06-07,5.85727,5.85727,5.85727,5.85727,5.602057,0.0
2017-06-08,5.8549,5.8549,5.8549,5.8549,5.599791000000001,0.0
2017-06-09,5.86437,5.86437,5.86437,5.86437,5.608848,0.0
2017-06-12,5.86212,5.86212,5.86212,5.86212,5.606696,0.0
2017-06-13,5.85879,5.85879,5.85879,5.85879,5.603511,0.0
2017-06-14,5.85609,5.85609,5.85609,5.85609,5.600929,0.0
2017-06-15,5.846080000000001,5.846080000000001,5.846080000000001,5.846080000000001,5.773754,0.0
2017-06-16,5.85956,5.85956,5.85956,5.85956,5.7870669999999995,0.0
2017-06-19,5.85922,5.85922,5.85922,5.85922,5.786731,0.0
2017-06-20,5.86486,5.86486,5.86486,5.86486,5.792301,0.0
2017-06-21,5.86178,5.86178,5.86178,5.86178,5.7892589999999995,0.0
2017-06-22,5.85864,5.85864,5.85864,5.85864,5.786159,0.0
2017-06-23,5.85963,5.85963,5.85963,5.85963,5.787136,0.0
2017-06-26,5.86228,5.86228,5.86228,5.86228,5.789753,0.0
2017-06-27,5.86374,5.86374,5.86374,5.86374,5.791195,0.0
2017-06-28,5.85602,5.85602,5.85602,5.85602,5.783571,0.0
2017-06-29,5.8474,5.8474,5.8474,5.8474,5.775057,0.0
2017-06-30,6.28,6.28,6.28,6.28,6.202305,0.0
2017-07-03,8.995,9.065,8.945,9.045,8.933097,1931449.0
2017-07-04,5.849480000000001,5.849480000000001,5.849480000000001,5.849480000000001,5.777112000000001,0.0
2017-07-05,5.84955,5.84955,5.84955,5.84955,5.777181,0.0
2017-07-06,5.85179,5.85179,5.85179,5.85179,5.779393,0.0
2017-07-07,5.85379,5.85379,5.85379,5.85379,5.781368,0.0
2017-07-10,5.85586,5.85586,5.85586,5.85586,5.7834129999999995,0.0
2017-07-11,9.05,9.1,9.0,9.075,8.962726,1889184.0
2017-07-12,9.095,9.165,9.08,9.135,9.021984,1633407.0
2017-07-13,5.85917,5.85917,5.85917,5.85917,5.786682,0.0
2017-07-14,5.85323,5.85323,5.85323,5.85323,5.7808150000000005,0.0
2017-07-17,9.18,9.235,9.14,9.21,9.096055999999999,1856823.0
2017-07-18,5.85588,5.85588,5.85588,5.85588,5.783432,0.0
2017-07-19,5.85591,5.85591,5.85591,5.85591,5.783462,0.0
2017-07-20,5.86595,5.86595,5.86595,5.86595,5.793378,0.0
2017-07-21,9.27,9.39,9.25,9.345,9.229386,2246243.0
2017-07-24,5.86147,5.86147,5.86147,5.86147,5.788953,0.0
2017-07-25,5.85674,5.85674,5.85674,5.85674,5.784282,0.0
2017-07-26,6.29029,6.29029,6.29029,6.29029,6.212468,0.0
2017-07-27,6.28943,6.28943,6.28943,6.28943,6.211619000000001,0.0
2017-07-28,6.28799,6.28799,6.28799,6.28799,6.210196,0.0
2017-07-31,9.21,9.385,9.175,9.36,9.2442,1554324.0
2017-08-01,6.2918,6.2918,6.2918,6.2918,6.213959,0.0
2017-08-02,6.29071,6.29071,6.29071,6.29071,6.212883000000001,0.0
2017-08-03,6.29481,6.29481,6.29481,6.29481,6.216932,0.0
2017-08-04,6.29973,6.29973,6.29973,6.29973,6.2217910000000005,0.0
2017-08-07,6.29915,6.29915,6.29915,6.29915,6.221218,0.0
2017-08-08,6.29935,6.29935,6.29935,6.29935,6.2214160000000005,0.0
2017-08-09,6.298030000000001,6.298030000000001,6.298030000000001,6.298030000000001,6.220112,0.0
2017-08-10,9.56,9.615,9.445,9.475,9.357778,1344242.0
2017-08-11,6.298430000000001,6.298430000000001,6.298430000000001,6.298430000000001,6.220507,0.0
2017-08-14,6.29933,6.29933,6.29933,6.29933,6.2213959999999995,0.0
2017-08-15,6.30599,6.30599,6.30599,6.30599,6.227974,0.0
2017-08-16,6.30819,6.30819,6.30819,6.30819,6.2301459999999995,0.0
2017-08-17,6.30589,6.30589,6.30589,6.30589,6.227875,0.0
2017-08-18,6.30607,6.30607,6.30607,6.30607,6.228053,0.0
2017-08-21,6.30035,6.30035,6.30035,6.30035,6.222404,0.0
2017-08-22,6.30396,6.30396,6.30396,6.30396,6.225969,0.0
2017-08-23,6.3058,6.3058,6.3058,6.3058,6.227786,0.0
2017-08-24,6.3039,6.3039,6.3039,6.3039,6.225909,0.0
2017-08-25,6.30282,6.30282,6.30282,6.30282,6.224843,0.0
2017-08-29,6.30282,9.52,6.30282,9.49,9.372592,1999564.0
2017-08-30,9.545,9.61,9.505,9.58,9.461478,1542266.0
2017-08-31,9.635,9.695969999999999,9.59,9.695,9.575055,3087185.0
2017-09-01,6.29988,6.29988,6.29988,6.29988,6.221939,0.0
2017-09-04,6.299169999999999,6.299169999999999,6.299169999999999,6.299169999999999,6.221238,0.0
2017-09-05,6.293740000000001,6.293740000000001,6.293740000000001,6.293740000000001,6.215875,0.0
2017-09-06,6.292,6.292,6.292,6.292,6.214157,0.0
2017-09-07,6.29104,6.29104,6.29104,6.29104,6.213209,0.0
2017-09-08,6.28926,6.28926,6.28926,6.28926,6.211451,0.0
2017-09-11,6.28621,6.28621,6.28621,6.28621,6.208438,0.0
2017-09-12,6.281969999999999,6.281969999999999,6.281969999999999,6.281969999999999,6.204251,0.0
2017-09-13,6.28011,6.28011,6.28011,6.28011,6.202414,0.0
2017-09-14,6.272530000000001,6.272530000000001,6.272530000000001,6.272530000000001,6.194928,0.0
2017-09-15,6.25966,6.25966,6.25966,6.25966,6.182217,0.0
2017-09-18,6.26326,6.26326,6.26326,6.26326,6.185772,0.0
2017-09-19,6.26759,6.26759,6.26759,6.26759,6.190049,0.0
2017-09-20,6.27313,6.27313,6.27313,6.27313,6.19552,0.0
2017-09-21,6.27203,6.27203,6.27203,6.27203,6.194433999999999,0.0
2017-09-22,6.27575,6.27575,6.27575,6.27575,6.198108,0.0
2017-09-25,6.28228,6.28228,6.28228,6.28228,6.204557,0.0
2017-09-26,6.28161,6.28161,6.28161,6.28161,6.203894999999999,0.0
2017-09-27,6.28008,6.28008,6.28008,6.28008,6.2023839999999995,0.0
2017-09-28,6.27515,6.27515,6.27515,6.27515,6.197515,0.0
2017-09-29,9.17,9.2,9.085,9.13,9.017046,1617812.0
2017-10-02,6.28715,6.28715,6.28715,6.28715,6.209366999999999,0.0
2017-10-03,6.28953,6.28953,6.28953,6.28953,6.211717,0.0
2017-10-04,6.29024,6.29024,6.29024,6.29024,6.212419000000001,0.0
2017-10-05,9.305,9.37,9.2485,9.295,9.180003999999998,1435240.0
2017-10-06,6.30527,6.30527,6.30527,6.30527,6.227263,0.0
2017-10-09,6.29721,6.29721,6.29721,6.29721,6.219303,0.0
2017-10-10,6.29493,6.29493,6.29493,6.29493,6.2170510000000005,0.0
2017-10-11,6.299180000000001,6.299180000000001,6.299180000000001,6.299180000000001,6.221248,0.0
2017-10-12,6.30042,6.30042,6.30042,6.30042,6.222472,0.0
2017-10-13,9.645,9.7,9.564,9.67,9.550365,1285629.0
2017-10-16,6.3049,6.3049,6.3049,6.3049,6.226897,0.0
2017-10-17,9.665,9.665,9.4,9.4,9.283705,1948179.0
2017-10-18,9.41,9.49,9.35,9.375,9.259014,1337869.0
2017-10-19,6.3280400000000006,6.3280400000000006,6.3280400000000006,6.3280400000000006,6.249751,0.0
2017-10-20,6.32592,6.32592,6.32592,6.32592,6.247657,0.0
2017-10-23,6.31147,6.31147,6.31147,6.31147,6.233386,0.0
2017-10-24,6.3077,6.3077,6.3077,6.3077,6.2296629999999995,0.0
2017-10-25,9.41,9.475,9.35,9.43,9.313334,1045413.0
2017-10-26,6.2979,6.2979,6.2979,6.2979,6.219983999999999,0.0
2017-10-27,6.30077,6.30077,6.30077,6.30077,6.222818,0.0
2017-10-30,6.29829,6.29829,6.29829,6.29829,6.220369,0.0
2017-10-31,6.45522,6.45522,6.45522,6.45522,6.375358,0.0
2017-11-01,,,,,,
2017-11-02,6.301419999999999,6.301419999999999,6.301419999999999,6.301419999999999,6.223461,0.0
2017-11-03,9.655,9.715,9.645,9.675,9.555304,915382.0
2017-11-06,6.2961,6.2961,6.2961,6.2961,6.2182059999999995,0.0
2017-11-07,6.295380000000001,6.295380000000001,6.295380000000001,6.295380000000001,6.2174949999999995,0.0
2017-11-08,6.2977300000000005,6.2977300000000005,6.2977300000000005,6.2977300000000005,6.219816000000001,0.0
2017-11-09,6.30516,6.30516,6.30516,6.30516,6.2271540000000005,0.0
2017-11-10,6.304130000000001,6.304130000000001,6.304130000000001,6.304130000000001,6.2261370000000005,0.0
2017-11-13,9.475,9.475,9.2256,9.265,9.150375,1686095.0
2017-11-14,6.30333,6.30333,6.30333,6.30333,6.225347,0.0
2017-11-15,6.30424,6.30424,6.30424,6.30424,6.226245,0.0
2017-11-16,6.46476,6.46476,6.46476,6.46476,6.384779,0.0
2017-11-17,6.46587,6.46587,6.46587,6.46587,6.3858760000000006,0.0
2017-11-20,6.46339,6.46339,6.46339,6.46339,6.383426,0.0
2017-11-21,9.16,9.18,9.01,9.145,9.03186,2039051.0
2017-11-22,6.47048,6.47048,6.47048,6.47048,6.390429,0.0
2017-11-23,6.45791,6.45791,6.45791,6.45791,6.378014,0.0
2017-11-24,6.45553,6.45553,6.45553,6.45553,6.3756639999999996,0.0
2017-11-27,6.4539,6.4539,6.4539,6.4539,6.374053,0.0
2017-11-28,6.45843,6.45843,6.45843,6.45843,6.378528,0.0
2017-11-29,6.45453,6.45453,6.45453,6.45453,6.374676,0.0
2017-11-30,9.145,9.165,8.975,9.01,8.898531,2919696.0
2017-12-01,6.4454400000000005,6.4454400000000005,6.4454400000000005,6.4454400000000005,6.365698,0.0
2017-12-04,6.44595,6.44595,6.44595,6.44595,6.3662019999999995,0.0
2017-12-05,6.44721,6.44721,6.44721,6.44721,6.367446,0.0
2017-12-06,6.4505,6.4505,6.4505,6.4505,6.370696,0.0
2017-12-07,6.447769999999999,6.447769999999999,6.447769999999999,6.447769999999999,6.368,0.0
2017-12-08,6.4519,6.4519,6.4519,6.4519,6.372078,0.0
2017-12-11,6.44879,6.44879,6.44879,6.44879,6.369007,0.0
2017-12-12,6.4541,6.4541,6.4541,6.4541,6.374251,0.0
2017-12-13,6.46632,6.46632,6.46632,6.46632,6.3863199999999996,0.0
2017-12-14,6.46235,6.46235,6.46235,6.46235,6.46235,0.0
2017-12-15,6.46955,6.46955,6.46955,6.46955,6.46955,0.0
2017-12-18,6.47965,6.47965,6.47965,6.47965,6.47965,0.0
2017-12-19,9.125,9.16,8.975,9.01,9.01,1706557.0
2017-12-20,9.03,9.035,8.855,8.915,8.915,2899378.0
2017-12-21,6.48123,6.48123,6.48123,6.48123,6.48123,0.0
2017-12-22,6.47789,6.47789,6.47789,6.47789,6.47789,0.0
2017-12-27,6.47788,6.47874,6.47788,6.47874,6.47874,0.0
2017-12-28,6.48072,6.48072,6.48072,6.48072,6.48072,0.0
2017-12-29,9.1,9.175,9.07,9.135,9.135,608892.0
2018-01-02,9.135,9.135,6.48084,6.48084,6.48084,0.0
2018-01-03,6.489269999999999,6.489269999999999,6.489269999999999,6.489269999999999,6.489269999999999,0.0
2018-01-04,6.49023,6.49023,6.49023,6.49023,6.49023,0.0
2018-01-05,9.36,9.438,9.356,9.438,9.438,1665672.0
2018-01-08,6.49493,6.49493,6.49493,6.49493,6.49493,0.0
2018-01-09,6.4984,6.4984,6.4984,6.4984,6.4984,0.0
2018-01-10,9.244,9.546,9.224,9.464,9.464,3322763.0
2018-01-11,9.444,9.564,9.444,9.49,9.49,2710594.0
2018-01-12,9.494,9.562,9.472,9.506,9.506,1807104.0
2018-01-15,9.526,9.56,9.37,9.406,9.406,1663562.0
2018-01-16,9.424,9.538,9.414,9.49,9.49,2166509.0
2018-01-17,9.516,9.56,9.462,9.5,9.5,1607895.0
2018-01-18,9.542,9.554,9.274,9.414,9.414,2663009.0
2018-01-19,9.442,9.462,9.32,9.34,9.34,1910493.0
2018-01-22,6.45146,6.45146,6.45146,6.45146,6.45146,0.0
2018-01-23,6.4488900000000005,6.4488900000000005,6.4488900000000005,6.4488900000000005,6.4488900000000005,0.0
2018-01-24,6.44076,6.44076,6.44076,6.44076,6.44076,0.0
2018-01-25,6.43865,6.43865,6.43865,6.43865,6.43865,0.0
2018-01-26,6.44179,6.44179,6.44179,6.44179,6.44179,0.0
2018-01-29,6.44509,6.44509,6.44509,6.44509,6.44509,0.0
2018-01-30,6.44246,6.44246,6.44246,6.44246,6.44246,0.0
2018-01-31,6.96047,6.96047,6.96047,6.96047,6.96047,0.0
2018-02-01,6.9706399999999995,6.9706399999999995,6.9706399999999995,6.9706399999999995,6.9706399999999995,0.0
2018-02-02,9.528,9.544,9.422,9.494,9.494,2935917.0
2018-02-05,9.41,9.41,9.228,9.314,9.314,2737373.0
2018-02-06,8.976,9.13,8.814,8.956,8.956,4013848.0
2018-02-07,9.036,9.366,8.976,9.356,9.356,3176806.0
2018-02-08,9.286,9.364,9.098,9.13,9.13,3426777.0
2018-02-09,9.09,9.164,8.806,8.884,8.884,4437538.0
2018-02-12,8.996,9.074,8.856,8.902,8.902,2511274.0
2018-02-13,8.878,8.986,8.874,8.878,8.878,1832249.0
2018-02-14,8.962,9.152,8.818,8.91,8.91,2229978.0
2018-02-15,6.951060000000001,6.951060000000001,6.951060000000001,6.951060000000001,6.951060000000001,0.0
2018-02-16,6.9529,6.9529,6.9529,6.9529,6.9529,0.0
2018-02-19,6.95363,6.95363,6.95363,6.95363,6.95363,0.0
2018-02-20,6.95126,6.95126,6.95126,6.95126,6.95126,0.0
2018-02-21,6.9574,6.9574,6.9574,6.9574,6.9574,0.0
2018-02-22,6.95362,6.95362,6.95362,6.95362,6.95362,0.0
2018-02-23,6.9520800000000005,6.9520800000000005,6.9520800000000005,6.9520800000000005,6.9520800000000005,0.0
2018-02-26,6.953880000000001,6.953880000000001,6.953880000000001,6.953880000000001,6.953880000000001,0.0
2018-02-27,6.95481,6.95481,6.95481,6.95481,6.95481,0.0
2018-02-28,9.402,9.466,9.346,9.396,9.396,2726683.0
2018-03-01,6.955589999999999,6.955589999999999,6.955589999999999,6.955589999999999,6.955589999999999,0.0
2018-03-02,6.95728,6.95728,6.95728,6.95728,6.95728,0.0
2018-03-05,6.9544,6.9544,6.9544,6.9544,6.9544,0.0
2018-03-06,9.318,9.366,9.232,9.274,9.274,1534815.0
2018-03-07,9.258,9.318,9.214,9.27,9.27,2464986.0
2018-03-08,9.282,9.33,9.22,9.298,9.298,2083246.0
2018-03-09,9.292,9.318,9.17,9.224,9.224,1961034.0
