Date,Open,High,Low,Close,Adj Close,Volume
2015-01-02,2851.0,2851.0,2794.0,2804.0,2363.380127,1257307
2015-01-05,2789.0,2866.0,2789.0,2805.0,2364.2229,2930935
2015-01-06,2796.0,2855.0,2763.699951,2834.0,2388.666016,3179228
2015-01-07,2836.0,2852.0,2811.0,2830.0,2385.294922,1990257
2015-01-08,2855.0,2951.0,2854.0,2950.0,2486.4379879999997,2373849
2015-01-09,2952.0,2974.0,2927.0,2934.0,2472.952148,1886247
2015-01-12,2949.0,2972.699951,2934.0,2967.0,2500.766357,2777580
2015-01-13,2958.0,2984.0,2951.0,2963.0,2497.394775,5779002
2015-01-14,2935.0,2992.0,2917.0,2932.0,2471.266357,3664042
2015-01-15,2867.0,2884.0,2785.0,2850.0,2477.612549,4663951
2015-01-16,2827.0,2975.300049,2823.0,2892.0,2514.1245120000003,3102424
2015-01-19,2889.0,2959.0,2882.0,2945.0,2560.199707,1810119
2015-01-20,2936.0,2969.360107,2868.320068,2947.0,2561.938477,2002817
2015-01-21,2958.0,3007.0,2952.0,3006.0,2613.2294920000004,2875182
2015-01-22,2951.0,3032.0,2940.0,3020.0,2625.399658,3369946
2015-01-23,3039.0,3152.580078,3016.0,3091.0,2687.122803,3277974
2015-01-26,3085.0,3110.0,3060.0,3091.0,2687.122803,2051568
2015-01-27,3091.0,3108.0,3053.0,3074.0,2672.3439940000003,1379629
2015-01-28,3093.0,3109.0,3050.0,3097.0,2692.338623,2052854
2015-01-29,3080.0,3183.0,3080.0,3160.0,2747.107422,2770009
2015-01-30,3173.0,3178.0,3119.0,3124.0,2715.811279,2746592
2015-02-02,3124.0,3149.0,3096.0,3130.0,2721.027344,2122978
2015-02-03,3125.0,3145.0,3085.0,3085.0,2681.9067379999997,1776144
2015-02-04,3084.0,3108.0,3058.0,3080.0,2677.559814,2269133
2015-02-05,3056.0,3076.0,3010.0,3021.0,2626.269287,2561904
2015-02-06,3018.0,3055.0,2962.0,3044.0,2646.263916,2408990
2015-02-09,3039.0,3054.0,3004.0,3047.0,2648.87207,1485157
2015-02-10,3050.0,3093.0,3034.0,3078.0,2675.821289,1529233
2015-02-11,3076.0,3088.0,3031.0,3032.0,2635.831543,2156506
2015-02-12,3042.0,3080.0,3035.0,3066.0,2665.38916,2341321
2015-02-13,3073.0,3105.0,3021.0,3025.0,2629.746582,2080784
2015-02-16,3016.0,3032.0,2988.0,2997.0,2605.405518,1968958
2015-02-17,2997.0,3067.0,2997.0,3063.0,2662.7814940000003,2151789
2015-02-18,3073.0,3093.0,3044.0,3051.0,2652.349365,3830958
2015-02-19,3049.0,3102.0,3049.0,3087.0,2683.645264,1653248
2015-02-20,3090.0,3110.100098,3059.0,3100.0,2694.946777,2572255
2015-02-23,3110.0,3142.0,3092.0,3138.0,2727.982178,1396281
2015-02-24,3150.0,3157.0,3124.0,3154.0,2741.891602,1407939
2015-02-25,3149.0,3164.0,3104.0,3150.0,2738.4140629999997,1465386
2015-02-26,3142.0,3168.0,3078.0,3128.0,2719.2885739999997,3161696
2015-02-27,3135.0,3267.5,3124.0,3193.0,2775.795166,2314937
2015-03-02,3208.0,3232.0,3187.0,3197.0,2779.2729489999997,2483599
2015-03-03,3213.0,3243.0,3197.0,3197.0,2779.2729489999997,2204357
2015-03-04,3204.0,3226.0,3142.139893,3226.0,2804.483398,1666158
2015-03-05,3229.0,3295.0,3221.0,3285.0,2855.774658,2785643
2015-03-06,3273.0,3291.0,3215.0,3220.0,2799.267334,1527426
2015-03-09,3212.0,3215.699951,3167.0,3174.0,2759.277832,1714911
2015-03-10,3163.0,3193.0,3091.0,3091.0,2687.122803,2641969
2015-03-11,3094.0,3115.0,3058.0,3082.0,2679.298584,2430193
2015-03-12,3088.0,3110.0,3073.0,3085.0,2681.9067379999997,1981735
2015-03-13,3085.0,3104.0,3071.0,3096.0,2691.4692379999997,1292183
2015-03-16,3112.0,3177.0,3087.0,3169.0,2754.931396,1854119
2015-03-17,3186.0,3188.0,3100.0,3132.0,2722.765625,1513715
2015-03-18,3136.0,3201.0,3122.0,3201.0,2782.75,1972818
2015-03-19,3213.0,3215.0,3146.0,3155.0,2742.760498,2698297
2015-03-20,3161.0,3161.0,3098.0,3105.0,2699.293213,4293103
2015-03-23,3098.0,3168.0,3091.0,3165.0,2751.4536129999997,2207395
2015-03-24,3155.0,3206.0,3155.0,3185.0,2768.84082,2635654
2015-03-25,3180.0,3192.0,3155.0,3158.0,2745.368652,1869452
2015-03-26,3136.0,3153.0,3075.0,3103.0,2697.554443,2857588
2015-03-27,3115.0,3133.0,3101.0,3102.0,2696.685791,1565889
2015-03-30,3135.0,3138.0,3036.0,3068.0,2667.127686,3238643
2015-03-31,3034.0,3040.0,2921.0,2963.0,2575.8479,5469039
2015-04-01,2970.0,3055.0,2962.0,3045.0,2647.133545,3671926
2015-04-02,3049.0,3145.0,3041.0,3131.0,2721.896484,5145656
2015-04-07,3131.0,3191.0,3131.0,3178.0,2762.755615,1867470
2015-04-08,3159.0,3171.0,3138.0,3146.0,2734.936523,1801097
2015-04-09,3150.0,3216.0,3146.5,3197.0,2779.2729489999997,2422591
2015-04-10,3208.0,3287.0,3170.0,3282.0,2853.166504,2720664
2015-04-13,3250.0,3269.0,3223.0,3233.0,2810.568848,1487151
2015-04-14,3220.0,3261.0,3196.0,3254.0,2828.824707,1884217
2015-04-15,3254.0,3299.330078,3240.0,3283.0,2854.035645,1749457
2015-04-16,3295.0,3295.0,3226.0,3279.0,2850.557861,2513671
2015-04-17,3288.0,3293.0,3218.0,3231.0,2808.830078,2264253
2015-04-20,3247.0,3280.0,3237.0,3258.0,2832.302246,1555983
2015-04-21,3259.0,3312.0,3254.0,3304.0,2872.2919920000004,1955285
2015-04-22,3322.0,3323.0,3278.0,3293.0,2862.7294920000004,1481622
2015-04-23,3305.0,3323.0,3277.0,3290.0,2860.12085,1701162
2015-04-24,3291.0,3317.0,3265.0,3305.0,2873.161621,1890500
2015-04-27,3385.0,3385.0,3296.0,3321.0,2887.070557,2058297
2015-04-28,3304.0,3317.0,3220.0,3261.0,2834.910156,1905334
2015-04-29,3259.0,3277.0,3169.0,3172.0,2757.539307,2934656
2015-04-30,3187.0,3225.0,3157.0,3192.0,2774.925781,2940954
2015-05-01,3208.0,3238.0,3142.0,3229.0,2807.091553,1079446
2015-05-05,3229.0,3273.0,3107.0,3120.0,2712.333984,2644734
2015-05-06,3178.0,3238.0,3160.0,3175.0,2760.146973,2460053
2015-05-07,3175.0,3223.0,3098.0,3205.0,2786.227295,2710789
2015-05-08,3298.0,3335.0,3249.0,3297.0,2866.206543,2809461
2015-05-11,3292.0,3333.0,3256.719971,3257.0,2831.432861,2457552
2015-05-12,3234.0,3243.0,3162.0,3185.0,2768.84082,1989996
2015-05-13,3206.0,3254.0,3167.0,3186.0,2769.709961,1442735
2015-05-14,3182.0,3231.0,3169.0,3211.0,2791.443115,1713562
2015-05-15,3229.0,3270.0,3212.0,3238.0,2814.915527,2895051
2015-05-18,3254.0,3260.0,3188.0,3220.0,2799.267334,1541661
2015-05-19,3240.0,3271.0,3226.0,3267.0,2840.126221,1846901
2015-05-20,3268.0,3292.0,3241.0,3285.0,2855.774658,1748800
2015-05-21,3271.0,3293.0,3258.0,3290.0,2860.12085,1335721
2015-05-22,3292.0,3355.0,3291.0,3298.0,2867.075928,1912720
2015-05-26,3298.0,3313.0,3262.0,3284.0,2854.904785,1682513
2015-05-27,3335.0,3413.0,3322.0,3393.0,2949.662598,4477713
2015-05-28,3369.0,3412.3000490000004,3345.0,3372.0,2950.012695,2121158
2015-05-29,3393.0,3399.0,3353.0,3370.0,2948.262939,3621604
2015-06-01,3369.0,3403.0,3298.0,3306.0,2892.272461,2869928
2015-06-02,3300.0,3310.0,3206.0,3210.0,2808.2861329999996,3858577
2015-06-03,3224.0,3293.0,3209.0,3262.0,2853.778564,2608454
2015-06-04,3258.0,3294.0,3208.0,3269.0,2859.902832,2017036
2015-06-05,3262.0,3262.0,3176.719971,3185.0,2786.415039,1727084
2015-06-08,3180.0,3208.0,3159.0,3196.0,2796.0385739999997,1731529
2015-06-09,3195.0,3225.0,3174.0,3188.0,2789.0395510000003,1956653
2015-06-10,3172.0,3231.0,3135.0,3219.0,2816.159668,2301492
2015-06-11,3213.0,3291.0,3205.0,3267.0,2858.153076,1574399
2015-06-12,3274.0,3294.0,3256.0,3268.0,2859.027588,1962049
2015-06-15,3249.0,3257.0,3175.0,3175.0,2777.666016,3609991
2015-06-16,3219.0,3251.0,3176.0,3246.0,2839.780518,3073261
2015-06-17,3323.0,3340.0,3221.0,3241.0,2835.4064940000003,3664321
2015-06-18,3230.0,3244.0,3191.0,3234.0,2829.282471,2136402
2015-06-19,3241.0,3267.0,3203.399902,3214.0,2811.7854,2605224
2015-06-22,3254.0,3274.0,3222.0,3247.0,2840.6560059999997,2121917
2015-06-23,3260.0,3279.0,3232.0,3251.0,2844.154785,1472374
2015-06-24,3252.0,3263.340088,3215.0,3235.0,2830.157715,1823622
2015-06-25,3231.0,3253.0,3200.0,3215.0,2812.660645,1990892
2015-06-26,3209.0,3229.3798829999996,3173.0,3192.0,2792.53833,1823797
2015-06-29,3102.0,3174.0,3095.0,3123.0,2732.173828,2035489
2015-06-30,3103.0,3122.0,3067.0,3067.0,2683.181396,2682134
2015-07-01,3090.0,3137.0,3073.0,3120.0,2729.549561,1408882
2015-07-02,3113.0,3121.0,3088.0,3097.0,2709.427734,1116758
2015-07-03,3084.0,3113.0,3076.659912,3085.0,2698.9291989999997,751444
2015-07-06,3053.0,3119.0,3044.0,3093.0,2705.928223,1712446
2015-07-07,3088.0,3116.0,3073.0,3094.0,2706.802979,1809406
2015-07-08,3110.0,3163.0,3088.0,3163.0,2767.168213,2317777
2015-07-09,3173.0,3187.0,3161.0,3179.0,2781.16626,1718347
2015-07-10,3227.0,3266.0,3202.0,3260.0,2852.029541,1751329
2015-07-13,3297.0,3300.0,3232.0,3258.0,2850.279297,1312509
2015-07-14,3264.0,3287.0,3254.0,3273.0,2863.4021,1252805
2015-07-15,3273.0,3313.0,3261.0,3305.0,2891.396973,1538853
2015-07-16,3322.0,3340.0,3312.0,3325.0,2908.894775,1781471
2015-07-17,3338.0,3344.0,3311.0,3335.0,2917.643311,1409612
2015-07-20,3325.0,3334.0,3314.0,3328.0,2911.519531,1104031
2015-07-21,3321.0,3361.0,3318.0,3338.0,2920.267822,1206344
2015-07-22,3316.0,3328.0,3273.0,3280.0,2869.5263670000004,1408034
2015-07-23,3304.0,3321.0,3290.0,3304.0,2890.5229489999997,1523623
2015-07-24,3296.0,3335.0,3296.0,3306.0,2892.272461,1184048
2015-07-27,3294.0,3309.0,3239.0,3244.0,2838.0314940000003,1800158
2015-07-28,3264.0,3289.0,3249.0,3286.0,2874.775391,1979604
2015-07-29,3304.0,3367.0,3304.0,3365.0,2943.888916,2726368
2015-07-30,3366.0,3379.0,3331.0,3349.0,2929.8908690000003,2168433
2015-07-31,3351.0,3379.0,3344.0,3365.0,2943.888916,3023291
2015-08-03,3360.0,3396.0,3360.0,3381.0,2957.886475,1653315
2015-08-04,3395.0,3405.0,3362.6599119999996,3392.0,2967.509766,1614664
2015-08-05,3395.0,3399.0,3353.0,3371.0,2949.138184,2130630
2015-08-06,3372.0,3388.0,3367.0,3378.0,2955.262207,1379775
2015-08-07,3370.0,3383.0,3341.0,3352.0,2932.515625,1214618
2015-08-10,3365.0,3384.0,3345.0,3381.0,2957.886475,1599055
2015-08-11,3370.0,3377.0,3327.0,3342.0,2923.76709,1329598
2015-08-12,3315.0,3344.889893,3252.0,3276.0,2866.0271,2304771
2015-08-13,3306.0,3312.0,3269.0,3288.0,2876.524902,1943047
2015-08-14,3296.0,3299.0,3264.0,3279.0,2868.650879,1469353
2015-08-17,3301.0,3301.0,3254.0,3274.0,2864.2771,1047683
2015-08-18,3271.0,3293.0,3236.0,3240.0,2834.531982,2596212
2015-08-19,3235.0,3265.0,3208.0,3224.0,2820.533691,2313448
2015-08-20,3205.0,3241.139893,3168.0,3171.0,2774.166748,2403207
2015-08-21,3144.0,3249.429932,3099.0,3099.0,2711.177002,2067045
2015-08-24,3007.0,3061.0,2926.0,2991.0,2616.692627,3823810
2015-08-25,3028.0,3118.0,3026.0,3116.0,2726.049561,7602913
2015-08-26,3090.0,3133.0,3055.0,3098.0,2710.302246,3462661
2015-08-27,3139.0,3154.0,3085.0,3135.0,2761.7495120000003,2822877
2015-08-28,3141.0,3159.0,3097.0,3159.0,2782.89209,1957574
2015-09-01,3159.0,3159.0,3091.0,3113.0,2742.368652,2270744
2015-09-02,3127.0,3146.0,3096.0,3125.0,2752.940186,1878900
2015-09-03,3162.0,3193.0,3142.0,3185.0,2805.796143,1855136
2015-09-04,3152.0,3162.169922,3128.0,3133.0,2759.987549,1427211
2015-09-07,3161.0,3175.0,3135.0,3165.0,2788.177734,1168037
2015-09-08,3177.0,3215.0,3176.0,3200.0,2819.0107420000004,1833475
2015-09-09,3257.0,3282.340088,3231.0,3265.0,2876.271729,2133916
2015-09-10,3242.0,3284.0,3231.0,3270.0,2880.676514,2186619
2015-09-11,3287.0,3287.0,3239.0,3239.0,2853.3671879999997,1763133
2015-09-14,3251.0,3288.0,3242.0,3254.0,2866.581299,1581497
2015-09-15,3269.0,3274.0,3234.0,3272.0,2882.438232,2977174
2015-09-16,3284.0,3355.0,3279.0,3352.0,2952.9140629999997,2400609
2015-09-17,3374.0,3396.0,3354.330078,3369.0,2967.889404,5660504
2015-09-18,3369.0,3372.0,3264.0,3325.0,2929.128418,7573509
2015-09-21,3314.0,3367.0,3314.0,3354.0,2954.675537,1702708
2015-09-22,3345.0,3356.0,3291.25,3320.0,2924.723145,2779465
2015-09-23,3310.0,3408.0,3309.0,3399.0,2994.317627,3083433
2015-09-24,3397.0,3468.0,3371.0,3465.0,3052.459961,5190867
2015-09-25,3466.0,3538.0,3415.0,3514.0,3095.625977,3860003
2015-09-28,3515.0,3515.0,3439.0,3440.0,3030.436523,2446450
2015-09-29,3399.0,3400.0,3329.0,3334.0,2937.056641,3638286
2015-09-30,3380.0,3423.0,3365.0,3413.0,3006.651123,3532620
2015-10-01,3446.0,3448.0,3323.0,3356.0,2956.4372559999997,3061497
2015-10-02,3370.0,3403.0,3324.0,3369.0,2967.889404,3392593
2015-10-05,3392.0,3400.0,3351.0,3377.0,2974.9375,3123184
2015-10-06,3383.0,3446.0,3367.0,3426.0,3018.103271,2860664
2015-10-07,3490.0,3514.0,3416.0,3428.0,3019.86499,3530343
2015-10-08,3430.0,3476.0,3425.0,3467.0,3054.22168,2106861
2015-10-09,3490.0,3490.280029,3446.0,3455.0,3043.650391,2116158
2015-10-12,3450.0,3450.0,3412.0,3441.0,3031.3173829999996,1698034
2015-10-13,3452.0,3484.0,3436.0,3456.0,3044.5314940000003,1811740
2015-10-14,3432.0,3464.3400880000004,3427.0,3440.0,3030.436523,1468420
2015-10-15,3454.0,3488.0,3440.98999,3466.0,3053.34082,2791729
2015-10-16,3464.0,3490.0,3439.0,3490.0,3074.483398,1769020
2015-10-19,3484.0,3558.0600590000004,3472.0,3488.0,3072.721436,1033577
2015-10-20,3488.0,3500.0,3464.0,3470.0,3056.864502,1347846
2015-10-21,3483.0,3534.0,3466.399902,3502.0,3085.054932,1220556
2015-10-22,3503.0,3530.0,3499.0,3513.0,3094.745361,1273865
2015-10-23,3534.0,3537.8000490000004,3492.0,3499.0,3082.411865,1644815
2015-10-26,3480.0,3507.0,3466.0,3495.0,3078.888184,959959
2015-10-27,3488.0,3509.600098,3454.0,3454.0,3042.769531,1634925
2015-10-28,3471.0,3514.0,3457.0,3500.0,3083.292969,1855527
2015-10-29,3501.0,3520.0,3480.0,3520.0,3100.911621,3365640
2015-10-30,3531.0,3567.0,3464.0,3499.0,3082.411865,3908766
2015-11-02,3464.0,3559.0,3459.0,3497.0,3080.650146,3396283
2015-11-03,3512.0,3535.0,3470.0,3505.0,3087.697266,1838017
2015-11-04,3511.0,3530.0,3497.0,3515.0,3096.506592,1861401
2015-11-05,3526.0,3534.0,3498.0,3503.0,3085.935791,1529929
2015-11-06,3516.0,3539.669922,3498.0,3505.0,3087.697266,2280757
2015-11-09,3498.0,3504.0,3448.0,3454.0,3042.769531,2007863
2015-11-10,3452.0,3471.0,3421.100098,3471.0,3057.745605,1470164
2015-11-11,3483.0,3503.0,3442.899902,3501.0,3084.173584,1766528
2015-11-12,3506.0,3513.0,3473.0,3475.0,3061.269531,1793594
2015-11-13,3477.0,3479.0,3414.0,3454.0,3042.769531,3298294
2015-11-16,3457.0,3600.0,3443.0,3589.0,3161.696289,3973956
2015-11-17,3639.0,3648.0,3539.0,3600.0,3171.387207,3235180
2015-11-18,3596.0,3599.0,3560.0,3570.0,3144.958984,2537829
2015-11-19,3540.0,3552.0,3492.0,3492.0,3119.144287,3423673
2015-11-20,3509.0,3665.0,3493.0,3553.0,3173.630859,6549208
2015-11-23,3589.0,3605.0,3549.0,3557.0,3177.204102,1869386
2015-11-24,3564.0,3564.0,3514.0,3530.0,3153.087158,1863866
2015-11-25,3520.0,3574.0,3505.0,3555.0,3175.417236,1803057
2015-11-26,3570.0,3610.399902,3569.0,3606.0,3220.97168,1478188
2015-11-27,3593.0,3625.0,3578.0,3611.0,3225.438965,1500894
2015-11-30,3612.0,3614.0,3573.0,3588.0,3204.894531,2210346
2015-12-01,3617.0,3619.0,3584.0,3616.0,3229.904297,1834747
2015-12-02,3635.0,3648.0,3609.0,3621.0,3234.370605,1293719
2015-12-03,3625.0,3646.0,3551.0,3562.0,3181.670166,2175900
2015-12-04,3549.0,3577.0,3531.0,3551.0,3171.844727,1752460
2015-12-07,3566.0,3601.0,3552.0,3558.0,3178.097168,1428223
2015-12-08,3558.0,3590.0,3512.0,3515.0,3139.688721,1440222
2015-12-09,3532.0,3534.0,3482.0,3482.0,3110.212402,1674723
2015-12-10,3454.0,3478.0,3441.0,3442.0,3074.483154,2250778
2015-12-11,3450.0,3470.0,3393.0,3403.0,3039.647217,2303706
2015-12-14,3408.0,3449.0,3396.0,3400.0,3036.967285,2108582
2015-12-15,3431.0,3506.0,3428.0,3488.0,3115.571533,2302044
2015-12-16,3494.0,3505.0,3473.0,3495.0,3121.823975,1391391
2015-12-17,3541.0,3554.0,3506.0,3517.0,3141.475342,1366153
2015-12-18,3497.0,3507.0,3462.0,3463.0,3093.240967,2743888
2015-12-21,3461.0,3521.5,3458.5,3475.0,3103.959229,1057300
2015-12-22,3489.5,3509.5,3466.0,3474.0,3103.066406,1026596
2015-12-23,3499.0,3551.5,3493.0,3543.5,3165.1455079999996,981622
2015-12-24,3550.0,3550.0,3506.5,3543.5,3165.1455079999996,277595
2015-12-29,3543.5,3616.0,3517.5,3616.0,3229.904297,1405045
2015-12-30,3607.5,3614.0,3561.5,3588.5,3205.340576,893796
2015-12-31,3556.5,3608.0,3550.5,3586.5,3203.5541989999997,591835
2016-01-04,3586.5,3586.8000490000004,3514.0,3532.5,3155.3198239999997,2138445
2016-01-05,3554.5,3570.0,3488.0,3539.0,3161.125977,1629294
2016-01-06,3549.5,3606.5,3534.0,3602.5,3217.845703,2006350
2016-01-07,3550.0,3593.0,3517.5,3521.5,3145.494385,2631880
2016-01-08,3538.0,3540.5,3499.5,3508.5,3133.8823239999997,2012642
2016-01-11,3508.5,3532.0,3482.5,3511.5,3136.5620120000003,1311858
2016-01-12,3530.5,3593.5,3503.5,3589.5,3206.233643,1839815
2016-01-13,3609.0,3614.0,3560.5,3614.0,3228.11792,1686336
2016-01-14,3578.0,3590.5,3524.0,3535.5,3157.9995120000003,1774830
2016-01-15,3529.5,3553.0,3480.5,3514.5,3139.2416989999997,1964480
2016-01-18,3519.0,3572.0,3515.0,3568.0,3187.029541,1890888
2016-01-19,3595.0,3608.5,3554.0,3559.5,3179.4370120000003,1737192
2016-01-20,3511.0,3533.0,3439.0,3477.5,3106.192627,2884766
2016-01-21,3477.5,3492.0,3427.0,3464.5,3094.580322,2838194
2016-01-22,3503.5,3570.0,3475.5,3556.5,3176.757568,1915873
2016-01-25,3579.0,3592.5,3555.5,3586.0,3203.107422,1476906
2016-01-26,3562.0,3599.5,3465.25,3589.5,3206.233643,1923991
2016-01-27,3600.0,3667.0,3565.5,3667.0,3275.458984,2065894
2016-01-28,3673.5,3691.5,3619.5,3654.0,3263.846924,1640460
2016-01-29,3720.0,3786.0,3693.5,3786.0,3381.752686,2864429
2016-02-01,3800.5,3806.0,3728.5,3803.0,3396.937256,2291800
2016-02-02,3805.0,3809.0,3706.669922,3784.0,3379.966064,2142051
2016-02-03,3776.0,3780.0,3707.0,3728.5,3330.392578,2145302
2016-02-04,3711.0,3729.7299799999996,3590.0,3598.5,3257.166016,2504260
2016-02-05,3601.5,3637.5,3493.0,3499.5,3167.556641,2421996
2016-02-08,3492.5,3545.0,3460.5,3529.5,3194.710693,2268749
2016-02-09,3542.0,3578.0,3493.0,3513.0,3179.775879,2477609
2016-02-10,3547.0,3571.0,3492.0,3518.5,3184.754639,2548291
2016-02-11,3495.5,3609.0,3483.0,3587.5,3247.209473,3862589
2016-02-12,3619.0,3619.0,3537.0,3553.5,3216.43457,4692184
2016-02-15,3623.0,3658.0,3596.5,3632.5,3287.940674,3451300
2016-02-16,3641.0,3704.0,3624.5,3694.0,3343.607422,2280684
2016-02-17,3706.0,3739.0,3687.5,3736.5,3382.076172,2148040
2016-02-18,3737.0,3750.5,3663.5,3731.0,3377.0976560000004,2606592
2016-02-19,3744.5,3770.5,3717.5,3732.5,3378.455322,2232146
2016-02-22,3760.5,3772.5,3718.5,3722.0,3368.95166,1152492
2016-02-23,3695.0,3762.179932,3680.23999,3738.0,3383.4338380000004,2105602
2016-02-24,3730.5,3737.5,3705.5,3718.0,3365.330322,1824067
2016-02-25,3751.5,3800.0,3692.5,3787.0,3427.7856450000004,2918164
2016-02-26,3802.5,3822.0,3764.5,3771.5,3413.756104,1869722
2016-02-29,3751.0,3759.0,3715.5,3722.5,3369.4038090000004,2493601
2016-03-01,3738.5,3831.0,3722.5,3814.0,3452.2246090000003,2259135
2016-03-02,3819.5,3819.5,3743.0,3774.5,3416.471436,2362516
2016-03-03,3762.0,3764.0,3643.0,3692.5,3342.25,3566803
2016-03-04,3687.0,3709.5,3671.5,3675.5,3326.862305,3313564
2016-03-07,3675.0,3722.0,3641.0,3660.5,3313.284912,2495157
2016-03-08,3639.0,3686.0,3623.0,3673.0,3324.599365,2133281
2016-03-09,3684.5,3703.0,3655.0,3692.5,3342.25,1889649
2016-03-10,3700.0,3730.0,3689.5,3703.0,3351.753906,4309834
2016-03-11,3738.0,3767.5,3726.0,3752.5,3396.55835,2007062
2016-03-14,3760.5,3769.5,3735.7299799999996,3752.0,3396.1057130000004,2735952
2016-03-15,3744.0,3775.5,3739.0,3757.0,3400.631836,1483279
2016-03-16,3759.5,3795.0,3748.0,3795.0,3435.0268549999996,2038122
2016-03-17,3812.5,3834.0,3775.5,3834.0,3470.327881,3580863
2016-03-18,3814.0,3848.5,3796.5,3807.0,3445.8889159999994,4002577
2016-03-21,3805.5,3814.7700200000004,3773.5,3795.0,3435.0268549999996,1369040
2016-03-22,3776.0,3802.0,3745.0,3784.0,3425.070313,1791338
2016-03-23,3784.5,3821.5,3770.0,3814.0,3452.2246090000003,1805071
2016-03-24,3792.0,3819.0,3763.5,3770.0,3412.398438,1261918
2016-03-29,3770.0,3838.0,3770.0,3838.0,3473.948486,1707159
2016-03-30,3869.5,3898.0,3842.5,3854.5,3488.883057,1708850
2016-03-31,3838.5,3875.0,3828.0,3863.0,3496.576904,2119068
2016-04-01,3825.0,3839.5,3776.0,3836.0,3472.137939,2092310
2016-04-04,3837.5,3883.5,3819.5,3842.5,3478.021729,1463910
2016-04-05,3842.5,3860.0,3828.5,3842.0,3477.568848,2139890
2016-04-06,3810.0,3848.100098,3804.0,3842.5,3478.021729,1385905
2016-04-07,3838.5,3872.0,3826.5,3848.5,3483.452637,1526983
2016-04-08,3859.5,3868.0,3837.0,3850.0,3484.810303,1323711
2016-04-11,3838.5,3849.0,3816.0,3822.5,3459.918457,1293688
2016-04-12,3823.0,3828.139893,3767.0,3789.0,3429.596436,1333376
2016-04-13,3819.5,3821.0,3729.5,3745.5,3390.222168,2531462
2016-04-14,3745.0,3770.5,3718.0,3734.0,3379.813232,3045958
2016-04-15,3741.5,3763.0,3710.2299799999996,3743.0,3387.959229,3044950
2016-04-18,3728.0,3803.5,3728.0,3791.0,3431.40625,1742455
2016-04-19,3791.5,3833.0,3754.5,3770.0,3412.398438,1772473
2016-04-20,3756.0,3775.0,3692.5,3717.0,3364.425293,2602663
2016-04-21,3722.0,3733.5,3604.5,3629.5,3285.225342,2855333
2016-04-22,3615.5,3643.0,3564.5,3571.5,3232.726807,1927336
2016-04-25,3589.5,3704.0,3588.0,3681.0,3331.840576,3030982
2016-04-26,3708.5,3728.0,3654.5500490000004,3683.0,3333.650635,2244084
2016-04-27,3675.0,3682.5,3628.5,3663.5,3316.0004879999997,2250137
2016-04-28,3643.5,3687.5,3625.0,3687.5,3337.723877,2513191
2016-04-29,3676.5,3734.5,3653.5,3718.5,3365.783447,2320179
2016-05-03,3718.5,3740.0,3686.5,3740.0,3385.243896,2515163
2016-05-04,3743.0,3770.0,3671.5,3710.0,3358.0896,3211571
2016-05-05,3719.0,3783.0,3716.0,3760.0,3403.3469240000004,1592408
2016-05-06,3765.5,3765.5,3720.5,3757.5,3401.084473,1529388
2016-05-09,3777.3000490000004,3809.5,3762.0,3794.0,3434.1220700000003,1458911
2016-05-10,3820.0,3820.0,3780.0,3807.5,3446.3413090000004,1821808
2016-05-11,3800.0,3817.0,3778.5,3802.5,3441.8154299999997,2241351
2016-05-12,3790.0,3833.0,3768.9399409999996,3786.0,3426.8808590000003,2798056
2016-05-13,3781.0,3783.5,3725.5,3775.5,3417.3767090000006,1915464
2016-05-16,3756.0,3776.5,3734.5,3776.0,3417.829346,792868
2016-05-17,3775.0,3786.0,3711.0,3720.5,3367.59375,1734676
2016-05-18,3700.0,3711.0,3672.0,3688.5,3338.62915,3049728
2016-05-19,3620.0,3677.5,3611.5,3666.0,3339.540039,2677879
2016-05-20,3690.0,3724.5,3683.0,3699.5,3370.056396,1535016
2016-05-23,3686.5,3703.5,3656.0,3660.0,3334.074463,2040472
2016-05-24,3697.0,3788.0,3678.5,3769.0,3433.367432,2832547
2016-05-25,3805.5,3810.0,3754.0,3769.0,3433.367432,1673767
2016-05-26,3759.0,3776.0,3750.0,3769.0,3433.367432,1092252
2016-05-27,3769.0,3788.0,3751.0,3786.0,3448.85376,1011044
2016-05-31,3786.0,3817.5,3760.0,3761.0,3426.080078,2638342
2016-06-01,3760.5,3777.5,3724.5,3732.0,3399.662598,1535432
2016-06-02,3739.0,3752.0,3705.0,3717.5,3386.453613,1399869
2016-06-03,3723.0,3764.0,3712.0,3761.5,3426.5356450000004,1374817
2016-06-06,3769.0,3828.0,3759.5,3802.5,3463.884521,1385313
2016-06-07,3803.0,3815.0,3771.5,3782.0,3445.209961,1444401
2016-06-08,3777.0,3805.0,3757.0,3780.5,3443.843506,1412060
2016-06-09,3783.5,3783.5,3726.5,3728.5,3396.474365,1428816
2016-06-10,3719.5,3729.3100590000004,3661.5,3678.0,3350.471924,1662478
2016-06-13,3651.0,3710.5,3613.0,3613.0,3291.259521,2245162
2016-06-14,3604.5,3632.0,3561.8000490000004,3563.5,3246.167725,2187242
2016-06-15,3586.5,3626.0,3571.0,3571.5,3253.455322,1778379
2016-06-16,3557.0,3582.5,3537.0,3570.5,3252.544189,2099639
2016-06-17,3612.0,3612.0,3563.0,3578.0,3259.376465,2796480
2016-06-20,3623.0,3686.0,3607.0,3667.0,3340.450684,1889477
2016-06-21,3644.0,3682.5,3633.5,3666.5,3339.995361,1798340
2016-06-22,3677.0,3694.5,3630.5,3630.5,3307.201172,2379792
2016-06-23,3651.5,3714.5,3640.5,3678.0,3350.471924,2787997
2016-06-24,3610.0,3828.0,3551.0,3693.5,3364.5908200000003,5870413
2016-06-27,3674.5,3765.0,3659.5,3722.0,3390.552979,3420428
2016-06-28,3800.0,3856.5,3772.0,3777.5,3441.11084,3462230
2016-06-29,3823.0,3917.5,3815.5,3908.0,3559.9895020000004,2979576
2016-06-30,3911.0,4068.5,3897.5,4053.5,3692.5329590000006,4188288
2016-07-01,4053.5,4118.0,4049.5,4062.5,3700.7312009999996,2379804
2016-07-04,4079.5,4090.0,4044.5,4049.5,3688.88916,1176662
2016-07-05,4046.0,4110.0,4045.5,4079.0,3715.762207,2537369
2016-07-06,4084.5,4146.0,4049.6201170000004,4085.0,3721.227783,3565683
2016-07-07,4115.0,4132.5,4051.0,4087.5,3723.505371,2553999
2016-07-08,4089.0,4120.0,3999.5,4035.5,3676.1357420000004,2624075
2016-07-11,4076.0,4081.0,4022.4099119999996,4057.0,3695.7211909999996,2215931
2016-07-12,4054.0,4080.0,3986.5,4012.5,3655.1838380000004,1814778
2016-07-13,4005.0,4033.5,3968.4099119999996,4008.0,3651.084717,2692857
2016-07-14,4026.5,4052.0,3971.5,3984.5,3629.67749,2158153
2016-07-15,4003.5,4004.0,3961.5,3992.0,3636.509521,1689475
2016-07-18,4023.0,4069.5,4001.5,4009.0,3651.9951170000004,2398938
2016-07-19,3991.0,4025.030029,3981.5,4015.5,3657.9167479999996,1341550
2016-07-20,4029.0,4061.0,4007.5,4012.0,3654.728271,1197247
2016-07-21,3997.5,4030.5,3978.0,3994.5,3638.7863770000004,1337950
2016-07-22,3999.0,4038.5,3982.0,4020.0,3662.015869,1312777
2016-07-25,4026.5,4039.0,3995.0,4006.5,3649.718262,1352771
2016-07-26,4014.0,4035.0,3998.5,4008.0,3651.084717,2554649
2016-07-27,4017.5,4024.0,3935.0,3946.0,3594.605957,1572726
2016-07-28,3966.0,3974.0,3947.0,3952.0,3600.071777,2330212
2016-07-29,3966.0,3997.5,3922.0,3983.5,3628.766113,1676418
2016-08-01,4023.0,4030.0,3956.709961,3979.0,3624.6669920000004,1747400
2016-08-02,3980.5,4054.0,3975.0,4048.0,3687.522705,2184010
2016-08-03,4044.5,4045.0,3954.5,3954.5,3602.3488770000004,1611513
2016-08-04,3953.0,4048.5200200000004,3907.0,4046.5,3686.156006,2231284
2016-08-05,4058.5,4074.5,4018.0,4048.5,3687.978027,1303133
2016-08-08,4041.0,4042.5,3985.0200200000004,4011.0,3653.8176270000004,1124324
2016-08-09,4026.0,4048.5,4018.5,4045.0,3684.789551,978889
2016-08-10,4036.0,4058.0,4024.5,4058.0,3696.63208,1123232
2016-08-11,4069.5,4133.689941,4059.0,4127.0,3759.487793,1549471
2016-08-12,4111.5,4124.5,4089.5,4109.0,3743.0905759999996,1543158
2016-08-15,4119.5,4129.5,4104.5,4116.0,3749.4670409999994,1508969
2016-08-16,4107.0,4147.5,4093.9499509999996,4139.0,3770.419189,1310807
2016-08-17,4153.0,4154.0,4110.0,4128.5,3760.854004,2023586
2016-08-18,4114.0,4144.5,4055.0,4060.0,3719.626465,1271117
2016-08-19,4049.5,4095.5,4041.0,4050.0,3710.4648439999996,1451262
2016-08-22,4048.5,4084.5,4029.5,4033.5,3695.3486329999996,1096364
2016-08-23,4025.5,4080.5,4005.0,4043.0,3704.0517579999996,1072075
2016-08-24,4027.0,4045.6999509999996,3995.0,4006.0,3670.1538090000004,1404533
2016-08-25,4008.0,4064.5,3989.0,4036.0,3697.638672,1982209
2016-08-26,4035.0,4035.0,3984.5,3997.0,3661.9079590000006,1908762
2016-08-30,3997.0,4015.5,3971.0,3993.0,3658.243652,2689434
2016-08-31,3993.0,4012.0,3986.5,3993.5,3658.70166,2139950
2016-09-01,4003.0,4022.5,3942.5,3962.5,3630.300293,2028791
2016-09-02,3972.5,4135.5,3961.5,4130.0,3783.758057,3430097
2016-09-05,4127.0,4135.0,4028.0,4054.0,3714.129639,1486012
2016-09-06,4030.0,4048.0,4005.0,4035.5,3697.18042,1360497
2016-09-07,4015.0,4027.5,3991.5,4020.5,3683.437988,2184907
2016-09-08,4029.5,4079.0,3996.5,3998.5,3663.282471,1265815
2016-09-09,3976.5,4015.0,3909.5,3925.0,3595.944092,1680059
2016-09-12,3895.5,3915.5,3877.5,3907.5,3579.911621,2172768
2016-09-13,3920.5,3970.0,3897.0,3952.0,3620.680664,2106585
2016-09-14,3945.0,3979.5,3911.5,3911.5,3583.575928,1555546
2016-09-15,3910.0,3955.5,3888.0,3945.0,3614.2673340000006,1696810
2016-09-16,3947.0,3993.0,3937.0,3950.0,3618.848389,2468702
2016-09-19,3950.0,3974.5,3945.0,3964.0,3631.6748049999997,1415118
2016-09-20,3968.0,4042.5,3948.5,4007.0,3671.069824,1158495
2016-09-21,4007.0,4011.0,3919.5,3929.0,3599.609131,2643378
2016-09-22,3930.0,3965.0,3916.5,3955.0,3623.429199,2337598
2016-09-23,3948.0,3992.0,3928.0,3989.5,3655.036865,1641147
2016-09-26,3983.5,3989.5,3946.5,3972.5,3639.462158,1156546
2016-09-27,3997.0,4015.0,3957.0,3980.0,3646.3332520000004,1631290
2016-09-28,3987.5,3994.5,3925.5,3930.0,3600.524902,2357026
2016-09-29,3960.0,3995.0,3951.0,3960.5,3628.468018,1892736
2016-09-30,3937.5,3979.5,3922.5,3973.5,3640.3781740000004,2603663
2016-10-03,3981.0,4051.0,3976.0,4042.5,3703.59375,2281233
2016-10-04,4064.5,4128.5,4050.0,4090.0,3747.111572,4423660
2016-10-05,4070.0,4094.0,3945.0,3953.0,3621.5969240000004,3519301
2016-10-06,3955.0,3958.0,3887.5,3887.5,3561.588135,2870815
2016-10-07,3900.5,3919.5,3858.5,3858.5,3535.0192869999996,3429058
2016-10-10,3884.0,3888.0900880000004,3843.5,3855.0,3531.812744,2434266
2016-10-11,3859.0,3903.5,3837.0,3890.5,3564.33667,2034505
2016-10-12,3887.5,3915.0,3863.790039,3900.5,3573.498535,2520281
2016-10-13,3887.0,3915.0,3871.5,3908.5,3580.827637,1942429
2016-10-14,3912.0,3921.0,3885.0,3890.0,3563.8786619999996,2113123
2016-10-17,3861.0,3871.5,3817.5,3818.0,3497.914795,2497468
2016-10-18,3819.0,3864.5,3810.5,3836.5,3514.864014,1923774
2016-10-19,3846.5,3846.5,3808.0,3825.5,3504.7861329999996,1172147
2016-10-20,3845.5,3872.0,3824.0,3862.0,3538.22583,1855686
2016-10-21,3925.0,4001.5,3880.8100590000004,3965.5,3633.0493159999996,7117113
2016-10-24,3964.0,3981.0,3909.0,3930.0,3600.524902,4307758
2016-10-25,3936.5,3960.5,3915.0,3919.5,3590.905273,1762491
2016-10-26,3922.0,3922.0,3856.5,3880.5,3555.1750490000004,1477267
2016-10-27,3881.0,3938.389893,3874.5,3938.0,3607.854736,1758837
2016-10-28,3925.0,4004.5,3912.0,3993.0,3658.243652,3390315
2016-10-31,3990.5,4007.0,3952.0,3955.5,3623.8874509999996,2404796
2016-11-01,3968.5,3998.5,3908.0,3916.5,3588.156738,1811154
2016-11-02,3890.0,3948.0,3883.5,3907.0,3579.453125,1333530
2016-11-03,3889.0,3922.0,3837.5,3843.0,3520.818848,2146309
2016-11-04,3819.0,3838.0,3800.5,3821.0,3500.66333,2079670
2016-11-07,3835.0,3872.5,3795.0,3803.0,3484.172363,3525608
2016-11-08,3650.0,3800.719971,3648.5,3689.0,3379.7294920000004,4169058
2016-11-09,3610.0,3685.5,3608.0,3610.5,3307.810791,4910069
2016-11-10,3628.5,3640.5,3373.5,3389.0,3104.880615,6887414
2016-11-11,3356.5,3460.0,3350.5,3434.5,3146.565918,4763502
2016-11-14,3460.0,3468.5,3420.0,3423.0,3136.029785,4314616
2016-11-15,3420.0,3518.0,3420.0,3498.5,3205.200195,3569776
2016-11-16,3516.0,3534.0,3446.5,3468.0,3177.25708,2503029
2016-11-17,3426.5,3493.100098,3409.0,3470.0,3229.46875,3001223
2016-11-18,3479.0,3525.9799799999996,3444.5,3461.0,3221.092529,3528498
2016-11-21,3443.5,3473.5,3431.0,3462.5,3222.488525,3452920
2016-11-22,3480.0,3518.0,3478.5,3481.0,3239.706055,2786111
2016-11-23,3481.0,3539.0,3481.0,3507.0,3263.904053,2723172
2016-11-24,3503.5,3528.4499509999996,3467.0,3488.0,3246.220947,1420104
2016-11-25,3485.5,3528.5,3485.5,3501.0,3258.3198239999997,1586437
2016-11-28,3500.0,3542.0,3483.5,3526.5,3282.052246,1655786
2016-11-29,3514.5,3526.0,3479.5,3518.0,3274.141602,2021239
2016-11-30,3505.5,3524.5,3427.5,3433.0,3195.033447,4112181
2016-12-01,3400.0,3403.0,3324.0,3345.0,3113.1333010000003,2616084
2016-12-02,3334.0,3412.5,3328.5,3395.5,3160.1328129999997,1794603
2016-12-05,3374.0,3441.0,3360.0,3393.0,3157.805908,2498776
2016-12-06,3400.0,3429.780029,3369.5,3405.0,3168.974365,1883256
2016-12-07,3408.5,3413.5,3361.0,3391.5,3156.4104,2526073
2016-12-08,3398.5,3408.0,3363.4499509999996,3405.0,3168.974365,2397519
2016-12-09,3403.5,3486.5,3401.5,3470.5,3229.934082,3535608
2016-12-12,3485.0,3485.0,3412.5,3422.5,3185.26123,2173754
2016-12-13,3434.0,3511.5,3423.5,3500.5,3257.8544920000004,2094720
2016-12-14,3502.0,3511.5,3475.5,3487.0,3245.290283,2095079
2016-12-15,3477.0,3525.0,3447.0,3517.5,3273.676025,2159906
2016-12-16,3517.0,3534.780029,3458.0,3490.0,3248.082275,2749978
2016-12-19,3502.5,3557.0,3483.0,3553.0,3306.715332,1748025
2016-12-20,3556.0,3556.5,3515.0,3529.0,3284.37915,1829490
2016-12-21,3516.5,3541.5,3497.5,3507.0,3263.904053,2375435
2016-12-22,3495.0,3516.0,3485.5,3501.0,3258.3198239999997,1159715
2016-12-23,3494.0,3549.0,3491.5,3539.0,3293.685791,583660
2016-12-28,3539.0,3546.6599119999996,3483.5,3527.5,3282.98291,1234864
2016-12-29,3513.5,3551.5,3510.0,3549.0,3302.9926760000003,857110
2016-12-30,3544.0,3564.5,3520.0,3542.5,3296.943115,1170537
2017-01-03,3542.5,3587.0,3523.5,3534.0,3289.032227,1984784
2017-01-04,3540.0,3569.0,3512.5,3538.5,3293.220703,1519299
2017-01-05,3528.0,3551.0,3510.3798829999996,3540.5,3295.081787,1455388
2017-01-06,3509.0,3548.5,3502.5,3538.5,3293.220703,1584777
2017-01-09,3550.5,3625.0,3534.0,3616.5,3365.813721,1426280
2017-01-10,3606.5,3620.0,3574.5,3592.5,3343.477539,1941112
2017-01-11,3581.5,3757.0,3552.0,3626.5,3375.1206049999996,4457187
2017-01-12,3635.0,3724.0500490000004,3570.5,3601.5,3351.853516,2668060
2017-01-13,3613.0,3619.5,3581.5,3590.0,3341.150635,2359628
2017-01-16,3612.0,3644.0,3604.610107,3635.0,3383.031494,1855060
2017-01-17,3640.5,3663.5,3524.0,3543.0,3297.408447,3441216
2017-01-18,3565.0,3587.0,3553.5,3569.0,3321.606201,1811982
2017-01-19,3574.0,3582.5,3535.0,3557.5,3310.90332,1694483
2017-01-20,3567.0,3611.0,3553.9799799999996,3601.0,3351.388184,2302774
2017-01-23,3583.0,3593.0,3555.48999,3581.5,3333.239502,1567402
2017-01-24,3601.5,3642.75,3569.5,3642.0,3389.546143,2466008
2017-01-25,3674.5,3686.0,3652.5,3660.0,3406.29834,2076167
2017-01-26,3670.5,3699.0,3651.5,3699.0,3442.594971,2130033
2017-01-27,3712.0,3724.5,3670.110107,3716.5,3458.881592,2288056
2017-01-30,3699.5,3700.5,3656.5,3694.5,3438.406982,3277981
2017-01-31,3728.5,3736.5,3673.169922,3673.5,3418.8625490000004,2501260
2017-02-01,3690.0,3743.5,3662.0,3663.0,3409.090332,2524274
2017-02-02,3655.5,3695.5,3623.0,3681.5,3426.3081049999996,2661519
2017-02-03,3697.5,3753.5,3692.0,3737.5,3478.4262700000004,2454390
2017-02-06,3733.0,3774.5,3717.0,3717.0,3459.347168,1884801
2017-02-07,3723.0,3762.0,3707.0,3744.0,3484.475586,2263414
2017-02-08,3735.5,3813.5,3715.5,3799.5,3536.1286619999996,3099798
2017-02-09,3794.5,3828.5,3774.0,3794.5,3531.475342,2445401
2017-02-10,3805.0,3820.5,3758.0,3770.0,3508.67334,3342802
2017-02-13,3759.0,3776.5,3746.5,3753.5,3493.317139,1333809
2017-02-14,3749.5,3761.0,3709.5,3719.5,3461.674072,1473696
2017-02-15,3731.0,3731.0,3681.0,3700.0,3443.525635,4750017
2017-02-16,3647.5,3679.2299799999996,3605.5,3665.0,3461.5654299999997,2184076
2017-02-17,3669.0,3787.0,3651.639893,3781.0,3571.1267090000006,3724635
2017-02-20,3762.5,3765.4099119999996,3701.0,3737.0,3529.569092,1748694
2017-02-21,3724.0,3763.5,3719.0,3754.0,3545.625244,1788785
2017-02-22,3778.5,3831.0,3759.0,3784.5,3574.432129,3165139
2017-02-23,3803.5,3853.5,3773.5,3841.0,3627.796143,2828815
2017-02-24,3839.5,3843.0,3814.5,3836.5,3623.545898,2604750
2017-02-27,3852.5,3857.0,3801.5,3812.5,3600.8779299999997,3724889
2017-02-28,3817.0,3826.5,3789.5,3793.0,3582.460693,2871871
2017-03-01,3860.0,3860.0,3812.5,3836.5,3623.545898,2014971
2017-03-02,3824.0,3841.0,3809.0,3838.5,3625.4350590000004,2289574
2017-03-03,3839.0,3839.0,3801.5500490000004,3813.5,3601.822754,1197904
2017-03-06,3819.0,3823.5,3791.5,3812.0,3600.405518,2604649
2017-03-07,3825.0,3839.0,3804.5,3830.0,3617.406738,2304434
2017-03-08,3829.5,3836.350098,3796.0,3810.0,3598.51709,3858979
2017-03-09,3821.0,3823.0,3789.0,3821.0,3608.906494,2505063
2017-03-10,3833.0,3856.5,3810.5,3847.5,3633.935303,2153279
2017-03-13,3848.0,3863.0,3827.0,3859.5,3645.2692869999996,1158086
2017-03-14,3851.5,3882.0,3851.5,3879.5,3664.1591799999997,1200050
2017-03-15,3874.5,3886.0,3830.0,3859.0,3644.797119,2408414
2017-03-16,3871.5,3895.0,3856.5,3874.5,3659.436768,1901404
2017-03-17,3869.0,3906.0,3856.0,3906.0,3689.188232,3793373
2017-03-20,3891.5,3902.0,3881.5,3888.0,3672.1875,1380191
2017-03-21,3905.5,3905.5,3867.0,3876.0,3660.8535159999997,2450200
2017-03-22,3872.0,3885.5,3827.0,3827.0,3614.573486,2393125
2017-03-23,3825.0,3846.3000490000004,3792.0,3799.5,3588.599854,3262950
2017-03-24,3803.0,3831.899902,3795.0,3815.0,3603.2392579999996,2013450
2017-03-27,3801.0,3832.0,3799.5,3820.0,3607.961914,1310902
2017-03-28,3819.5,3830.0,3805.0,3827.0,3614.573486,2068291
2017-03-29,3829.0,3837.5,3796.0,3825.5,3613.156738,1562390
2017-03-30,3859.5,3867.0200200000004,3796.8798829999996,3841.5,3628.268311,2624171
2017-03-31,3876.5,3899.0,3838.6599119999996,3867.0,3652.353027,4056891
2017-04-03,3878.5,3897.0,3866.5,3866.5,3651.8808590000003,1927684
2017-04-04,3858.5,3882.5,3849.0,3856.0,3641.9636229999996,1420974
2017-04-05,3861.0,3894.0,3849.5,3878.0,3662.742432,1661945
2017-04-06,3862.0,3895.0,3843.0,3884.0,3668.4094240000004,2190550
2017-04-07,3887.5,3923.0,3865.5,3913.5,3696.271973,1810012
2017-04-10,3916.5,3916.5,3872.5,3892.0,3675.9650880000004,1586911
2017-04-11,3887.5,3926.0,3878.5,3921.5,3703.827881,1503226
2017-04-12,3919.5,3939.5,3895.0,3918.5,3700.994385,1390979
2017-04-13,3917.5,3944.5,3892.0,3933.5,3715.161865,1501423
2017-04-18,3933.5,3956.5,3818.5,3818.5,3606.5451659999994,2337583
2017-04-19,3816.0,3824.0,3746.0,3758.5,3549.875732,2755148
2017-04-20,3766.5,3780.0,3744.5,3753.0,3544.680908,2317296
2017-04-21,3758.0,3770.0,3721.0,3745.0,3537.125,1731996
2017-04-24,3778.5,3843.5,3763.0,3836.0,3623.0737299999996,1430566
2017-04-25,3832.5,3843.0,3817.0,3817.0,3605.128418,1577161
2017-04-26,3818.5,3859.0,3812.0,3848.0,3634.407715,1921779
2017-04-27,3842.5,3845.5,3816.0,3820.0,3607.961914,1426201
2017-04-28,3815.0,3828.5,3766.5,3782.0,3572.071045,2045835
2017-05-02,3774.5,3791.0,3748.5,3763.0,3554.125488,2348568
2017-05-03,3750.0,3791.5,3700.600098,3701.5,3496.039551,2558366
2017-05-04,3692.5,3696.5,3597.0,3629.5,3428.035889,4973515
2017-05-05,3630.0,3651.0,3609.0,3627.0,3425.6748049999997,2396545
2017-05-08,3632.5,3675.5,3617.0,3656.5,3453.537354,1411493
2017-05-09,3656.5,3716.0,3656.0,3698.5,3493.2060549999997,2233246
2017-05-10,3699.0,3739.0,3670.5,3700.0,3494.6225590000004,1957588
2017-05-11,3704.0,3713.0,3676.0,3687.5,3482.81665,2106421
2017-05-12,3703.5,3722.0,3671.5,3717.0,3510.679199,1262457
2017-05-15,3719.0,3719.5,3655.0,3662.5,3459.204102,2784789
2017-05-16,3668.0,3709.5,3655.0,3705.0,3499.344971,2050854
2017-05-17,3703.0,3728.1201170000004,3682.5,3714.0,3507.8454590000006,1548840
2017-05-18,3697.5,3720.0,3633.0,3644.0,3465.854004,1511774
2017-05-19,3660.0,3699.850098,3647.5,3670.0,3490.5830079999996,1590307
2017-05-22,3685.0,3712.1201170000004,3668.0,3700.0,3519.116211,1163585
2017-05-23,3698.0,3707.0,3643.5,3649.5,3471.084961,2306230
2017-05-24,3655.0,3657.5,3639.530029,3646.5,3468.2319340000004,1601379
2017-05-25,3669.0,3669.0,3625.5,3657.5,3478.694092,1455144
2017-05-26,3660.0,3693.0,3648.0,3680.5,3500.56958,1206410
2017-05-30,3680.5,3680.5,3600.0,3607.5,3431.138428,2661273
2017-05-31,3612.0,3650.5,3607.51001,3629.0,3451.587402,2932210
2017-06-01,3648.5,3678.0,3641.5,3654.5,3475.8408200000003,1637525
2017-06-02,3683.5,3684.0,3644.0,3649.0,3470.609619,1257876
2017-06-05,3652.0,3662.899902,3624.0,3641.0,3463.000488,874617
2017-06-06,3635.0,3663.0,3620.0,3661.0,3482.022949,1325486
2017-06-07,3669.5,3690.0,3626.5,3626.5,3449.209473,1906744
2017-06-08,3643.5,3643.5,3547.0,3547.0,3373.595947,2027233
2017-06-09,3600.0,3615.5,3555.5,3562.5,3388.338379,1740001
2017-06-12,3548.5,3602.169922,3528.0,3589.0,3413.542725,1596042
2017-06-13,3600.0,3600.0,3517.5,3560.0,3385.960449,2263591
2017-06-14,3558.5,3605.0,3544.5,3583.0,3407.836182,2651528
2017-06-15,3582.5,3585.0,3528.5,3555.5,3381.68042,1647059
2017-06-16,3559.0,3572.0,3545.5,3550.0,3376.4494630000004,4667628
2017-06-19,3584.0,3590.0,3560.5,3583.0,3407.836182,60883
2017-06-20,3600.0,3606.5,3562.5,3571.0,3396.422607,73956
2017-06-21,3570.0,3579.5,3526.0,3547.0,3373.595947,244652
2017-06-22,3590.0,3590.0,3558.0,3583.5,3408.311768,764465
2017-06-23,3580.5,3586.669922,3565.0,3575.0,3400.227295,106564
2017-06-26,3600.0,3604.5,3589.330078,3596.0500490000004,3420.248047,958623
2017-06-27,3590.0,3593.169922,3565.0,3577.5,3402.6049799999996,546359
2017-06-28,3578.0,3592.0,3527.0,3530.0,3357.427246,271595
2017-06-29,3536.0,3548.5,3471.0,3499.0,3327.942627,436630
2017-06-30,3515.5,3525.0,3444.5,3448.5,3279.911377,815308
2017-07-03,3450.0,3471.0,3435.0,3458.5,3289.422607,2953932
2017-07-04,3450.0,3467.0,3422.0,3447.5,3278.960205,1652668
2017-07-05,3441.0,3452.5,3421.5,3436.5,3268.498291,1419200
2017-07-06,3436.5,3442.0,3395.0,3423.0,3255.657959,1874001
2017-07-07,3431.5,3472.0,3411.0,3454.5,3285.618408,1703385
2017-07-10,3468.5,3471.0,3425.5,3435.0,3267.071289,1283832
2017-07-11,3429.0,3438.0,3390.0,3407.5,3240.916016,1918065
2017-07-12,3412.5,3469.0,3410.0,3467.0,3297.50708,2472170
2017-07-13,3487.0,3496.5,3460.0,3480.5,3310.346924,2667149
2017-07-14,3512.0,3528.0,3465.0,3499.5,3328.418213,2487393
2017-07-17,3511.5,3524.5,3438.5,3442.5,3274.204834,1568359
2017-07-18,3443.0,3443.0,3405.0,3426.0,3258.511719,1830408
2017-07-19,3431.5,3451.5,3419.0,3445.0,3276.58252,1497448
2017-07-20,3451.0,3514.0,3449.5,3511.5,3339.831543,2030537
2017-07-21,3510.5,3529.0,3482.5,3497.0,3326.040283,1830996
2017-07-24,3505.0,3505.0,3441.0,3458.0,3288.947021,2826186
2017-07-25,3457.0,3487.5,3441.0,3441.0,3272.778076,1467677
2017-07-26,3444.5,3468.0,3423.5,3429.0,3261.364746,2091024
2017-07-27,3429.0,3475.830078,3411.5,3446.0,3277.533936,2627719
2017-07-28,3436.5,3448.5,3118.0,3315.5,3153.4135739999997,7218602
2017-07-31,3282.5,3298.0,3112.5,3120.0,2967.471191,8284674
2017-08-01,3120.0,3222.139893,3115.5,3203.0,3046.4135739999997,4548121
2017-08-02,3197.5,3221.0,3118.72998,3205.0,3048.315674,2135722
2017-08-03,3206.5,3305.5,3206.5,3305.5,3143.902588,3630592
2017-08-04,3305.5,3342.5,3294.939941,3308.0,3146.280029,1727519
2017-08-07,3305.0,3319.0,3248.5,3267.5,3107.760254,1445621
2017-08-08,3275.0,3276.0,3248.5,3257.5,3098.249023,1424435
2017-08-09,3237.0,3266.0,3228.5,3255.5,3096.346924,1986907
2017-08-10,3245.0,3260.669922,3200.0,3214.0,3056.875732,1789121
2017-08-11,3204.5,3220.5,3167.0,3171.0,3015.977783,1848404
2017-08-14,3181.0,3181.0,3137.0,3154.5,3000.28418,1954075
2017-08-15,3172.0,3225.5,3156.330078,3221.5,3064.009033,1535438
2017-08-16,3233.5,3255.0,3220.5,3226.5,3068.764648,2522396
2017-08-17,3198.5,3257.5,3190.0,3225.0,3092.111084,2022337
2017-08-18,3210.0,3210.5,3162.5,3169.5,3038.8979489999997,1791173
2017-08-21,3180.0,3214.850098,3146.5,3195.0,3063.347412,1420455
2017-08-22,3212.5,3217.0,3160.5,3197.0,3065.264893,1914227
2017-08-23,3190.5,3222.0,3170.22998,3198.0,3066.2236329999996,1438136
2017-08-24,3213.0,3258.0,3190.02002,3233.5,3100.260986,1926179
2017-08-25,3227.5,3268.0,3218.0,3242.0,3108.410645,1857511
2017-08-29,3242.0,3242.0,3175.0,3192.0,3060.470947,1612355
2017-08-30,3207.0,3228.0,3179.5,3188.5,3057.115234,1471581
2017-08-31,3201.0,3218.0,3189.5,3200.5,3068.620605,1756969
2017-09-01,3200.0,3238.5,3180.51001,3231.0,3097.86377,1312558
2017-09-04,3228.5,3235.0,3199.5,3213.0,3080.605713,772674
2017-09-05,3209.0,3246.189941,3193.5,3200.0,3068.141357,919702
2017-09-06,3198.5,3210.0,3177.0,3210.0,3077.729248,1446946
2017-09-07,3300.0,3329.860107,3274.47998,3300.0,3164.020752,3335812
2017-09-08,3300.5,3316.0,3280.5,3315.0,3178.402588,2333394
2017-09-11,3331.5,3350.0,3297.77002,3327.0,3189.907959,2119443
2017-09-12,3330.0,3349.070068,3295.5,3322.5,3185.5935059999997,3266538
2017-09-13,3328.0,3335.0,3281.0,3318.0,3181.278809,2177645
2017-09-14,3323.5,3324.5,3245.330078,3260.5,3126.1484379999997,3137018
2017-09-15,3256.5,3352.0,3239.5,3327.5,3190.387451,5090305
2017-09-18,3334.0,3338.5,3247.5,3266.0,3131.4216309999997,2744503
2017-09-19,3253.5,3319.5,3238.0,3271.0,3136.215576,2615837
2017-09-20,3275.5,3295.5,3248.0,3258.5,3124.230713,1709192
2017-09-21,3255.0,3259.5,3198.0,3214.5,3082.043701,1874939
2017-09-22,3230.0,3248.0,3210.5,3227.5,3094.508057,1631338
2017-09-25,3220.0,3252.0,3194.5,3226.0,3093.0698239999997,1989132
2017-09-26,3215.5,3297.139893,3201.330078,3274.5,3139.571533,3545420
2017-09-27,3267.5,3330.5,3243.0,3305.0,3168.814697,3493736
2017-09-28,3300.0,3300.0,3148.600098,3172.0,3041.294922,5102177
2017-09-29,3172.5,3196.5,3156.5,3184.0,3052.800537,3182290
2017-10-02,3177.5,3179.0,3142.5,3166.0,3035.542236,2905126
2017-10-03,3163.5,3186.0,3142.0,3158.0,3027.87207,3467860
2017-10-04,3158.0,3162.5,3128.0,3132.0,3002.943359,2967429
2017-10-05,3138.0,3155.169922,3119.5,3128.5,2999.587646,2218560
2017-10-06,3136.5,3168.5,3124.0,3134.5,3005.340332,2071405
2017-10-09,3124.5,3145.0,3120.0,3135.0,3005.8198239999997,2053176
2017-10-10,3136.0,3178.5,3118.5,3170.0,3039.377441,2001145
2017-10-11,3172.0,3180.0,3137.0,3154.0,3024.036621,1949362
2017-10-12,3159.5,3170.5,3134.0,3165.0,3034.583496,2983091
2017-10-13,3152.5,3170.5,3137.5,3144.5,3014.928223,1538595
2017-10-16,3148.5,3148.679932,3126.0,3129.5,3000.5463870000003,1471143
2017-10-17,3138.0,3166.0,3125.0,3145.0,3015.407471,1827749
2017-10-18,3152.5,3175.0,3138.0,3166.0,3035.542236,1299170
2017-10-19,3160.0,3173.0,3128.5,3147.0,3017.325195,2571497
2017-10-20,3159.5,3160.0,3136.0,3140.0,3010.613525,1591297
2017-10-23,3157.5,3198.0,3138.5,3153.5,3023.557373,1300743
2017-10-24,3152.5,3159.350098,3103.0,3128.5,2999.587646,2391512
2017-10-25,3126.0,3150.0,3119.5,3124.0,2995.2729489999997,1959210
2017-10-26,3134.5,3152.5,3120.5,3148.5,3018.763184,1552387
2017-10-27,3147.0,3193.0,3147.0,3176.0,3045.130371,2807205
2017-10-30,3165.5,3185.5,3135.5,3140.5,3011.093018,2067776
2017-10-31,3133.0,3146.8701170000004,3060.5,3070.5,2943.977295,2486792
2017-11-01,3076.0,3101.5,3065.0,3073.5,2946.85376,2826614
2017-11-02,3065.5,3100.139893,3045.0,3070.0,2943.498047,1954148
2017-11-03,3069.0,3094.0,3019.0,3038.0,2912.81665,2622295
2017-11-06,3040.0,3105.5,3030.5,3085.0,2957.8798829999996,2305392
2017-11-07,3088.5,3174.5,3088.5,3100.0,2972.261963,3980509
2017-11-08,3123.5,3204.5,3121.5,3162.5,3032.186523,4562245
2017-11-09,3152.5,3173.5,3123.5,3154.0,3024.036621,3799061
2017-11-10,3169.0,3198.5,3160.0,3181.5,3050.403564,3272410
2017-11-13,3189.5,3196.5,3109.5,3125.0,2996.231689,3143791
2017-11-14,3130.0,3138.0,3074.0,3092.0,2964.591309,2679194
2017-11-15,3089.5,3126.5,3081.0,3081.0,2954.044922,1788197
2017-11-16,3029.5,3104.01001,3020.0,3061.0,2992.672852,1671767
2017-11-17,3065.5,3101.51001,3027.0,3049.0,2980.940674,1397219
2017-11-20,3028.5,3048.0,3019.0,3027.0,2959.431885,1143919
2017-11-21,3031.5,3156.0,3019.0,3130.0,3060.1328129999997,5415421
2017-11-22,3122.0,3174.5,3100.0,3135.0,3065.020996,2842080
2017-11-23,3131.5,3140.5,3112.0,3140.5,3070.3984379999997,1553302
2017-11-24,3144.5,3160.5,3117.5,3131.5,3061.599121,2364202
2017-11-27,3130.0,3163.5,3119.5,3137.0,3066.9765629999997,1882383
2017-11-28,3128.0,3157.0,3113.0,3137.0,3066.9765629999997,2732687
2017-11-29,3090.0,3108.0,3031.5,3046.0,2978.0078129999997,5085528
2017-11-30,3040.0,3128.5,3036.5,3064.5,2996.094727,4936078
2017-12-01,3060.5,3092.0,3055.5,3072.0,3003.427246,2903874
2017-12-04,3089.5,3091.5,3043.0,3055.5,2987.295654,2279699
2017-12-05,3051.5,3096.0,3029.0,3035.0,2967.253174,2278303
2017-12-06,3025.5,3102.0,3013.0,3086.0,3017.114746,1896072
2017-12-07,3086.5,3103.0,3069.5,3079.0,3010.270996,1864171
2017-12-08,3078.0,3091.5,3048.5,3083.5,3014.670654,1391026
2017-12-11,3061.5,3085.0,3055.0,3072.5,3003.91626,1834917
2017-12-12,3069.0,3106.0,3048.5,3104.0,3034.713135,2127216
2017-12-13,3089.0,3102.5,3065.0,3100.810059,3031.5942379999997,2287326
2017-12-14,3059.5,3085.0,3033.5,3050.0,2981.918457,2471442
2017-12-15,3051.0,3085.0,3040.0,3085.0,3016.137207,3614306
2017-12-18,3094.5,3138.0,3083.5,3100.0,3030.802246,2120825
2017-12-19,3104.5,3156.0,3102.0,3143.0,3072.842529,2339027
2017-12-20,3146.5,3146.5,3124.0,3136.0,3065.998779,1669069
2017-12-21,3116.0,3160.0,3100.0,3148.0,3077.730957,1388796
2017-12-22,3136.0,3179.5,3115.5,3129.0,3059.155029,611735
2017-12-27,3129.0,3129.0,3090.5,3125.0,3055.244385,1193655
2017-12-28,3131.5,3156.0,3116.0,3133.5,3063.5546879999997,963358
2017-12-29,3131.0,3182.5,3121.0,3166.0,3095.329102,1521706
2018-01-02,3166.0,3183.5,3150.0,3156.0,3085.552246,1103153
2018-01-03,3169.5,3178.0,3107.0,3142.5,3072.35376,1466150
2018-01-04,3151.0,3164.0,3117.0,3129.5,3059.643799,1718828
2018-01-05,3134.0,3176.0,3122.0,3170.0,3099.239746,1996633
2018-01-08,3176.0,3180.0,3152.5,3165.0,3094.351318,2137617
2018-01-09,3177.0,3184.5,3154.5,3173.0,3102.172852,2494484
2018-01-10,3173.0,3178.0,3121.5,3133.5,3063.5546879999997,2592123
2018-01-11,3142.5,3182.5,3140.5,3176.5,3105.594727,2324434
2018-01-12,3188.0,3193.5,3158.0,3160.0,3089.463135,7455775
2018-01-15,3168.0,3174.5,3131.5,3146.5,3076.264404,2054619
2018-01-16,3160.0,3170.0,3111.5,3133.5,3063.5546879999997,1811007
2018-01-17,3099.5,3109.0,3052.0,3072.5,3003.91626,3792500
2018-01-18,3084.0,3084.0,2986.5,3017.5,2950.143799,3806319
2018-01-19,3030.0,3049.0,3003.0,3016.0,2948.67749,3763011
2018-01-22,3011.5,3022.0,2968.0,2974.5,2908.10376,3264469
2018-01-23,2992.5,3011.0,2968.5,2981.0,2914.45874,2632382
2018-01-24,2984.5,2987.0,2920.0,2920.0,2854.8203129999997,3738392
2018-01-25,2918.5,2925.0,2856.5,2864.0,2800.0703129999997,3331139
2018-01-26,2859.5,2919.5,2855.0,2915.0,2849.931885,4608855
2018-01-29,2920.5,2925.5,2894.0,2915.0,2849.931885,3069020
2018-01-30,2907.5,2932.0,2896.0,2897.5,2832.82251,2402000
2018-01-31,2908.5,2924.0,2892.0,2898.5,2833.800293,4787768
2018-02-01,2912.5,2938.0,2883.5,2893.0,2828.423096,2254941
2018-02-02,2888.5,2908.0,2858.0,2858.0,2794.204346,2075788
2018-02-05,2852.0,2861.0,2799.5,2799.5,2737.01001,3099137
2018-02-06,2731.0,2795.0,2673.5,2729.5,2668.57251,4604490
2018-02-07,2750.5,2768.5,2708.5,2760.0,2698.391846,4961473
2018-02-08,2730.5,2734.5,2669.0,2684.0,2624.088135,4097467
2018-02-09,2667.5,2673.0,2593.5,2637.5,2578.626221,4605365
2018-02-12,2650.0,2691.0,2635.0,2661.5,2602.090576,3127065
2018-02-13,2636.5,2651.5,2594.0,2600.5,2542.452148,2926460
2018-02-14,2623.5,2665.0,2606.5,2624.0,2565.42749,3168339
2018-02-15,2631.0,2639.0,2615.0,2634.0,2575.204346,4488096
2018-02-16,2650.0,2681.5,2640.0,2657.5,2598.1796879999997,2402616
2018-02-19,2656.0,2696.0,2639.5,2668.0,2608.4453129999997,2152469
2018-02-20,2669.5,2689.0,2659.5,2675.5,2615.778076,2273093
2018-02-21,2675.0,2691.0,2654.5,2666.0,2606.48999,3548073
2018-02-22,2589.0,2616.0,2569.0,2609.5,2609.5,2909645
2018-02-23,2614.0,2623.5,2582.5,2614.5,2614.5,2572387
2018-02-26,2622.5,2659.0,2619.0,2634.5,2634.5,2188297
2018-02-27,2640.5,2658.5,2606.0,2606.0,2606.0,2467260
2018-02-28,2595.0,2639.0,2590.0,2619.0,2619.0,3767027
2018-03-01,2618.5,2626.0,2588.0,2603.5,2603.5,2672955
2018-03-02,2590.0,2609.5,2572.0,2584.0,2584.0,2527831
2018-03-05,2589.5,2599.5,2570.5,2580.5,2580.5,2011244
2018-03-06,2596.0,2613.0,2570.0,2576.0,2576.0,3213434
2018-03-07,2564.5,2603.0,2564.0,2583.0,2583.0,1477117
2018-03-08,2575.0,2607.0,2553.0,2595.5,2595.5,3446402
2018-03-09,2584.0,2615.0,2580.0,2592.0,2592.0,1646410
