Date,Open,High,Low,Close,Adj Close,Volume
2015-01-02,432.709015,440.074005,426.264008,428.47399900000005,387.72213700000003,701258
2015-01-05,428.013,434.549988,422.674011,423.502014,383.223022,845105
2015-01-06,425.158997,426.540009,419.35900899999996,419.542999,379.64056400000004,1135872
2015-01-07,421.569,426.540009,419.266998,425.803986,385.30602999999996,1042897
2015-01-08,429.946991,441.087006,429.946991,437.31201200000004,395.719574,1467920
2015-01-09,434.73400899999996,439.42999299999997,430.68301399999996,433.076996,391.88736,1045776
2015-01-12,431.787994,439.06100499999997,431.787994,437.31201200000004,395.719574,923850
2015-01-13,437.127991,447.80801399999996,437.127991,444.860992,402.550598,1707581
2015-01-14,440.35000599999995,446.88699299999996,439.72000099999997,443.756989,401.551605,1514310
2015-01-15,444.953003,449.096008,433.925995,443.20401,401.051239,2020340
2015-01-16,442.743988,447.622986,430.415009,443.756989,401.551605,1442688
2015-01-19,442.467987,449.096008,442.19100999999995,448.63598600000006,405.966553,1128673
2015-01-20,447.622986,456.27801500000004,447.622986,453.97601299999997,410.798676,964911
2015-01-21,457.014008,457.10598799999997,452.778992,457.10598799999997,413.631012,1277741
2015-01-22,459.040009,466.77300999999994,455.173004,466.31298799999996,421.96227999999996,990496
2015-01-23,476.44000199999994,480.583008,473.217987,478.742004,433.209229,1231733
2015-01-26,478.28100599999993,479.201996,463.68701200000004,476.44000199999994,431.126129,825809
2015-01-27,475.98001100000005,478.28100599999993,469.075012,470.915985,426.12747199999995,924041
2015-01-28,470.45599400000003,470.915985,464.01098600000006,468.153992,423.628204,903836
2015-01-29,465.39199800000006,468.61401399999994,464.471008,468.153992,423.628204,1010270
2015-01-30,472.756989,475.51901200000003,468.61401399999994,471.376007,426.543762,816934
2015-02-02,468.61401399999994,474.138,466.31298799999996,472.296997,427.377167,2411497
2015-02-03,471.837006,479.661987,471.837006,476.89999400000005,431.54238899999996,646799
2015-02-04,473.678009,478.28100599999993,471.376007,477.360992,431.95953399999996,560411
2015-02-05,472.296997,479.661987,472.296997,479.661987,434.041687,603678
2015-02-06,476.44000199999994,478.742004,473.678009,478.742004,433.209229,720760
2015-02-09,477.360992,477.360992,469.994995,473.217987,428.210571,503470
2015-02-10,471.376007,479.201996,471.376007,478.742004,433.209229,990092
2015-02-11,479.201996,480.122986,472.296997,474.59899900000005,429.460236,514034
2015-02-12,478.742004,495.31298799999996,478.742004,486.10699500000004,439.87374900000003,2209837
2015-02-13,486.10699500000004,490.25,482.424011,487.48800700000004,441.123383,1358085
2015-02-16,487.48800700000004,493.47198499999996,485.64599599999997,490.25,443.62268099999994,1084072
2015-02-17,494.39300499999996,494.39300499999996,483.80499299999997,487.48800700000004,441.123383,724439
2015-02-18,490.709991,498.996002,490.709991,496.23400899999996,449.03756699999997,1142744
2015-02-19,496.694,498.075012,487.48800700000004,493.93200700000006,446.95449800000006,969476
2015-02-20,493.93200700000006,495.77398700000003,487.94799800000004,495.77398700000003,448.621246,621646
2015-02-23,498.53601100000003,499.916992,492.550995,493.93200700000006,446.95449800000006,588991
2015-02-24,496.23400899999996,497.15499900000003,492.31698600000004,497.15499900000003,449.870941,694857
2015-02-25,493.47198499999996,500.377014,493.47198499999996,499.916992,452.37023899999997,714886
2015-02-26,507.742004,517.8690190000001,502.678986,512.80603,464.033386,2466281
2015-02-27,514.187012,515.567993,503.139008,509.122986,460.70068399999997,1342388
2015-03-02,507.742004,513.265991,506.360992,512.80603,464.033386,945204
2015-03-03,510.04400599999997,513.72699,508.203003,508.203003,459.868164,948259
2015-03-04,511.88500999999997,511.88500999999997,503.553009,511.88500999999997,463.19998200000003,826790
2015-03-05,515.107971,517.408997,508.662994,517.408997,468.198578,673800
2015-03-06,515.567993,519.710999,510.503998,519.25,469.86450199999996,971349
2015-03-09,519.710999,519.710999,512.80603,514.646973,465.69928,384024
2015-03-10,516.489014,518.330017,510.04400599999997,510.503998,461.950348,993899
2015-03-11,511.424988,517.8690190000001,508.203003,512.80603,464.033386,1237912
2015-03-12,518.330017,518.330017,511.88500999999997,516.028015,466.94894400000004,960062
2015-03-13,516.028015,523.854004,514.646973,518.330017,469.032043,898389
2015-03-16,522.012024,536.742981,522.012024,530.758972,480.27887000000004,2041182
2015-03-17,532.599976,533.0599980000001,518.330017,524.773987,474.863129,1018655
2015-03-18,524.773987,536.742981,524.314026,536.28302,485.27752699999996,1404205
2015-03-19,536.742981,539.044983,530.2979740000001,534.440979,483.61071799999996,856783
2015-03-20,537.2030030000001,538.583984,530.2979740000001,532.1400150000001,481.52856399999996,1431209
2015-03-23,532.599976,533.520996,524.773987,532.599976,481.944733,939482
2015-03-24,528.9169919999999,537.2030030000001,528.9169919999999,536.742981,485.69375599999995,1391584
2015-03-25,537.2030030000001,539.1729740000001,525.2349849999999,528.4569700000001,478.19586200000003,1059297
2015-03-26,527.0759889999999,533.520996,516.489014,518.789978,469.448242,1756495
2015-03-27,518.789978,522.012024,515.567993,519.710999,470.28167699999995,657361
2015-03-30,520.6309809999999,527.536011,511.88500999999997,516.028015,466.94894400000004,1414753
2015-03-31,518.330017,528.4569700000001,510.89999400000005,519.710999,470.28167699999995,2301646
2015-04-01,519.710999,530.758972,514.187012,526.155029,476.11276200000003,3219484
2015-04-02,525.2349849999999,542.267029,520.401001,541.807007,490.27612300000004,2199517
2015-04-07,541.807007,545.489014,538.1240230000001,540.885986,489.442688,1180047
2015-04-08,545.950012,545.950012,537.664001,543.187988,491.52578700000004,847223
2015-04-09,545.028992,553.3150019999999,543.64801,551.473022,499.02279699999997,1064660
2015-04-10,555.1560059999999,556.9970089999999,549.1719969999999,552.854004,500.272461,1445923
2015-04-13,551.013,553.3150019999999,540.426025,548.2509769999999,496.107208,2357420
2015-04-14,548.2509769999999,551.473022,542.267029,546.869995,494.857574,1605618
2015-04-15,550.09198,550.09198,542.267029,545.028992,493.19165,947633
2015-04-16,545.028992,545.028992,533.520996,535.362,484.444122,1061325
2015-04-17,535.822021,539.505005,529.3779910000001,531.2189940000001,480.695129,810720
2015-04-20,532.1400150000001,534.901978,525.2349849999999,528.9169919999999,478.612122,1154621
2015-04-21,528.9169919999999,545.950012,528.9169919999999,542.72699,491.108643,1990542
2015-04-22,546.869995,546.869995,530.758972,531.2189940000001,480.695129,1363394
2015-04-23,530.758972,533.981018,519.710999,529.3779910000001,479.029236,1376942
2015-04-24,532.1400150000001,532.1400150000001,524.773987,526.616028,476.529938,1155782
2015-04-27,528.9169919999999,532.599976,521.09198,530.758972,480.27887000000004,694049
2015-04-28,528.9169919999999,529.3779910000001,521.09198,525.695007,475.69656399999997,1008683
2015-04-29,523.854004,530.2979740000001,511.240997,515.567993,466.53271500000005,4735132
2015-04-30,513.265991,514.187012,496.23400899999996,512.80603,475.941925,2156671
2015-05-01,516.028015,518.330017,508.662994,511.88500999999997,475.087128,656793
2015-05-05,511.88500999999997,518.789978,504.98001100000005,504.98001100000005,468.678497,1711523
2015-05-06,504.05999800000006,506.821991,499.45599400000003,501.757996,465.68810999999994,1594388
2015-05-07,501.757996,507.97198499999996,494.39300499999996,506.360992,469.960236,1797103
2015-05-08,517.8690190000001,543.64801,516.3599849999999,519.710999,482.350555,1575401
2015-05-11,520.171021,527.536011,516.028015,526.616028,488.75921600000004,1423623
2015-05-12,522.473022,525.2349849999999,511.88500999999997,513.265991,476.368835,1040371
2015-05-13,513.265991,521.5520019999999,511.88500999999997,513.72699,476.79666100000003,750923
2015-05-14,513.72699,520.6309809999999,507.742004,519.710999,482.350555,592367
2015-05-15,519.710999,526.155029,519.710999,522.012024,484.486176,590377
2015-05-18,520.171021,523.393005,514.646973,518.789978,481.49572800000004,774862
2015-05-19,519.710999,533.8150019999999,519.25,530.758972,492.604309,1729151
2015-05-20,530.758972,536.28302,523.854004,524.314026,486.62268099999994,827079
2015-05-21,523.393005,526.616028,522.012024,523.854004,486.19570899999997,708291
2015-05-22,527.0759889999999,536.383972,521.09198,522.473022,484.914001,712967
2015-05-26,522.473022,527.536011,518.789978,525.2349849999999,487.477386,1076192
2015-05-27,524.314026,540.030029,524.314026,533.981018,495.594727,1554965
2015-05-28,533.0599980000001,539.965027,531.716003,536.28302,497.731262,1468510
2015-05-29,536.28302,539.044983,532.599976,534.901978,496.449463,1664303
2015-06-01,536.28302,539.505005,531.679016,533.0599980000001,494.73989900000004,770957
2015-06-02,536.28302,536.742981,528.9169919999999,533.520996,495.16778600000004,1097894
2015-06-03,533.0599980000001,534.901978,531.679016,532.1400150000001,493.886078,952910
2015-06-04,525.695007,530.758972,518.330017,521.09198,483.632233,951593
2015-06-05,517.408997,517.8690190000001,511.88500999999997,516.028015,478.932312,588086
2015-06-08,515.107971,517.0780030000001,510.503998,511.424988,474.660156,864301
2015-06-09,511.424988,513.265991,506.360992,512.80603,475.941925,1082150
2015-06-10,513.265991,513.265991,507.742004,509.584015,472.95153799999997,1378886
2015-06-11,506.821991,512.346008,506.360992,510.04400599999997,473.37844800000005,785791
2015-06-12,508.662994,510.04400599999997,504.05999800000006,508.203003,471.6698,677812
2015-06-15,504.05999800000006,505.90100099999995,498.89700300000004,499.45599400000003,463.55163600000003,573682
2015-06-16,499.45599400000003,507.742004,495.31298799999996,506.821991,470.388062,716599
2015-06-17,509.122986,509.122986,501.298004,504.05999800000006,467.824646,843098
2015-06-18,502.678986,505.90100099999995,499.916992,502.217987,466.115051,676023
2015-06-19,500.837006,506.821991,500.837006,504.05999800000006,467.824646,1457715
2015-06-22,514.646973,515.567993,507.742004,512.80603,475.941925,569098
2015-06-23,515.567993,521.09198,515.107971,519.25,481.922668,696407
2015-06-24,517.8690190000001,519.25,510.04400599999997,513.265991,476.368835,941983
2015-06-25,511.88500999999997,519.25,510.964996,514.646973,477.650574,1342394
2015-06-26,513.72699,514.187012,508.662994,509.584015,472.95153799999997,617888
2015-06-29,500.377014,506.360992,497.61499000000003,499.916992,463.979462,996302
2015-06-30,499.45599400000003,505.44100999999995,493.93200700000006,503.139008,466.969818,1349740
2015-07-01,505.44100999999995,510.04400599999997,503.139008,508.662994,472.096771,715134
2015-07-02,507.742004,512.346008,504.51998899999995,506.821991,470.388062,687940
2015-07-03,504.05999800000006,507.742004,502.217987,503.59899900000005,467.39679,311047
2015-07-06,500.377014,501.298004,494.85299699999996,499.45599400000003,463.55163600000003,939128
2015-07-07,498.53601100000003,503.59899900000005,491.631012,491.631012,456.289124,578772
2015-07-08,493.47198499999996,496.694,491.631012,494.85299699999996,459.27948,762699
2015-07-09,495.77398700000003,500.377014,493.01199299999996,499.916992,463.979462,791318
2015-07-10,508.662994,510.964996,502.217987,510.964996,474.233246,674951
2015-07-13,511.88500999999997,519.710999,511.424988,519.25,481.922668,598196
2015-07-14,521.09198,522.473022,514.646973,516.948975,479.787079,866147
2015-07-15,515.107971,518.789978,514.187012,517.408997,480.21402,534685
2015-07-16,521.09198,522.012024,517.408997,519.710999,482.350555,922887
2015-07-17,522.932983,525.2349849999999,520.171021,523.854004,486.19570899999997,746304
2015-07-20,522.012024,526.155029,520.171021,523.854004,486.19570899999997,535905
2015-07-21,525.2349849999999,525.695007,517.021973,518.330017,481.068787,726598
2015-07-22,512.346008,517.8690190000001,512.346008,515.567993,478.50537099999997,585671
2015-07-23,517.8690190000001,520.171021,509.122986,512.346008,475.51501500000006,531428
2015-07-24,508.203003,515.567993,507.282013,508.203003,471.6698,606584
2015-07-27,511.424988,516.948975,498.996002,499.45599400000003,463.55163600000003,802623
2015-07-28,510.503998,539.505005,509.122986,530.758972,492.604309,2182550
2015-07-29,536.742981,540.426025,533.0599980000001,539.505005,500.721649,2890594
2015-07-30,542.267029,543.187988,532.1400150000001,538.1240230000001,499.43994100000003,1448705
2015-07-31,539.965027,549.1719969999999,537.2030030000001,548.710999,509.265778,1706764
2015-08-03,546.869995,552.393982,545.489014,551.934021,512.257202,1880690
2015-08-04,552.393982,553.3150019999999,547.791016,550.09198,510.54748499999994,1324920
2015-08-05,552.393982,552.393982,546.869995,552.393982,512.684021,664454
2015-08-06,547.330994,554.2349849999999,543.64801,543.64801,504.566742,887999
2015-08-07,545.950012,545.950012,538.583984,539.965027,501.14856,442843
2015-08-10,545.950012,545.950012,536.742981,542.72699,503.711945,644071
2015-08-11,540.885986,541.807007,538.1240230000001,539.505005,500.721649,604711
2015-08-12,534.901978,537.664001,533.520996,535.822021,497.303375,1405403
2015-08-13,541.346008,541.346008,536.28302,539.965027,507.350494,1202925
2015-08-14,541.346008,545.950012,538.583984,538.583984,506.05285599999996,825758
2015-08-17,540.426025,542.267029,535.822021,540.426025,507.78362999999996,581741
2015-08-18,539.965027,541.807007,534.440979,535.362,503.025513,517390
2015-08-19,533.520996,537.2030030000001,530.758972,535.822021,503.45776399999994,695669
2015-08-20,532.599976,535.362,529.3779910000001,529.3779910000001,497.40298499999994,597834
2015-08-21,526.155029,533.0599980000001,521.5520019999999,521.5520019999999,490.049683,905968
2015-08-24,510.964996,514.187012,491.170013,499.916992,469.721466,1204895
2015-08-25,504.05999800000006,520.6309809999999,501.757996,519.25,487.886688,1166841
2015-08-26,515.567993,520.171021,506.360992,511.424988,480.534332,712012
2015-08-27,520.6309809999999,522.012024,516.948975,520.6309809999999,489.18426500000004,655261
2015-08-28,521.5520019999999,533.0599980000001,520.171021,533.0599980000001,500.862549,950924
2015-09-01,533.0599980000001,533.0599980000001,511.424988,518.789978,487.45446799999996,858592
2015-09-02,519.25,527.9970089999999,518.330017,526.155029,494.37463399999996,768952
2015-09-03,532.1400150000001,539.6979980000001,528.9169919999999,533.520996,501.29568499999993,789664
2015-09-04,527.9970089999999,530.2979740000001,523.393005,523.393005,491.779449,450311
2015-09-07,525.2349849999999,529.3779910000001,521.5520019999999,525.2349849999999,493.51022300000005,512811
2015-09-08,528.4569700000001,533.981018,527.9970089999999,528.4569700000001,496.53756699999997,460559
2015-09-09,538.583984,540.885986,533.981018,538.583984,506.05285599999996,914346
2015-09-10,534.440979,538.583984,532.599976,534.901978,502.59323099999995,549179
2015-09-11,537.2030030000001,537.2030030000001,528.9169919999999,530.758972,498.70053099999996,614517
2015-09-14,534.901978,537.2030030000001,526.616028,527.0759889999999,495.23999000000003,824247
2015-09-15,527.536011,529.8380129999999,523.393005,524.773987,493.076996,646995
2015-09-16,527.0759889999999,533.0599980000001,524.314026,529.8380129999999,497.835205,795391
2015-09-17,533.0599980000001,533.981018,526.616028,531.2189940000001,499.132751,489977
2015-09-18,527.9970089999999,531.2189940000001,523.854004,529.8380129999999,497.835205,1452378
2015-09-21,527.0759889999999,531.770996,527.0759889999999,529.3779910000001,497.40298499999994,642991
2015-09-22,527.536011,530.2979740000001,515.107971,517.408997,486.15685999999994,892792
2015-09-23,517.408997,527.536011,514.646973,526.155029,494.37463399999996,937773
2015-09-24,523.393005,529.3779910000001,514.187012,516.028015,484.859314,926679
2015-09-25,522.473022,523.393005,517.408997,518.330017,487.02227800000003,1291950
2015-09-28,517.408997,518.789978,511.88500999999997,511.88500999999997,480.96655300000003,964241
2015-09-29,508.203003,510.503998,502.217987,502.678986,472.31658899999996,1032545
2015-09-30,510.503998,516.948975,507.282013,516.948975,485.72464,1265443
2015-10-01,522.012024,526.616028,515.567993,515.567993,484.42709400000007,862708
2015-10-02,517.408997,522.932983,510.964996,517.408997,486.15685999999994,906897
2015-10-05,525.695007,527.536011,521.09198,524.314026,492.64483600000005,743807
2015-10-06,527.536011,528.9169919999999,523.393005,524.773987,493.076996,1018879
2015-10-07,533.981018,539.044983,523.854004,524.773987,493.076996,1141262
2015-10-08,525.695007,540.885986,525.2349849999999,534.901978,502.59323099999995,1945613
2015-10-09,538.1240230000001,543.64801,534.901978,536.742981,504.323059,942336
2015-10-12,537.2030030000001,538.1240230000001,530.758972,531.2189940000001,499.132751,881036
2015-10-13,532.1400150000001,536.28302,528.9169919999999,533.0599980000001,500.862549,982566
2015-10-14,531.679016,532.599976,527.536011,527.536011,495.67217999999997,700387
2015-10-15,530.758972,533.520996,527.0759889999999,533.520996,501.29568499999993,690775
2015-10-16,534.901978,537.2030030000001,530.2979740000001,531.2189940000001,499.132751,901318
2015-10-19,532.1400150000001,536.325012,527.9970089999999,536.28302,503.89083899999997,832689
2015-10-20,540.426025,540.426025,535.362,539.965027,507.350494,590047
2015-10-21,541.346008,541.807007,528.4569700000001,530.2979740000001,498.267303,1098647
2015-10-22,531.679016,531.679016,518.330017,526.155029,494.37463399999996,1047780
2015-10-23,526.616028,535.362,526.616028,533.981018,501.72796600000004,704497
2015-10-26,533.981018,535.362,528.825012,532.599976,500.43032800000003,800722
2015-10-27,533.0599980000001,533.520996,527.0759889999999,527.0759889999999,495.23999000000003,503979
2015-10-28,527.0759889999999,529.286011,521.5520019999999,525.2349849999999,493.51022300000005,1763906
2015-10-29,525.2349849999999,529.8380129999999,521.09198,524.773987,493.076996,922588
2015-10-30,524.314026,525.3270259999999,521.09198,522.932983,491.34719800000005,722104
2015-11-02,521.5520019999999,527.536011,521.5520019999999,527.0759889999999,495.23999000000003,512917
2015-11-03,527.536011,529.8380129999999,523.393005,524.314026,492.64483600000005,493022
2015-11-04,531.679016,551.013,529.8380129999999,536.28302,503.89083899999997,1952079
2015-11-05,539.044983,539.413025,534.4689940000001,536.28302,503.89083899999997,1194828
2015-11-06,537.664001,545.489014,533.0599980000001,545.028992,512.1086429999999,1247439
2015-11-09,547.791016,550.09198,540.426025,542.72699,509.94561799999997,1035302
2015-11-10,545.950012,548.2509769999999,541.807007,547.791016,514.703796,999807
2015-11-11,546.869995,551.307983,545.489014,547.791016,514.703796,565138
2015-11-12,547.791016,550.552979,545.028992,545.028992,512.1086429999999,561772
2015-11-13,545.028992,545.028992,536.28302,539.044983,506.486053,1637549
2015-11-16,533.0599980000001,545.028992,533.0599980000001,543.64801,510.811096,666879
2015-11-17,547.330994,559.2990110000001,547.330994,559.2990110000001,525.516663,988932
2015-11-18,557.9180299999999,557.9180299999999,550.742004,556.9970089999999,523.35376,719420
2015-11-19,556.0770259999999,566.664001,556.0770259999999,565.28302,531.1393429999999,880861
2015-11-20,565.7440190000001,567.585022,562.060974,566.664001,532.4368900000001,861698
2015-11-23,565.7440190000001,565.7440190000001,561.601013,562.520996,528.544128,588241
2015-11-24,559.2990110000001,560.679993,547.330994,550.552979,517.29895,816818
2015-11-25,550.09198,561.601013,550.09198,559.2990110000001,525.516663,565226
2015-11-26,561.601013,571.728027,558.3779910000001,569.426025,535.0320429999999,795162
2015-11-27,568.5059809999999,570.807007,565.7440190000001,570.807007,536.32959,495467
2015-11-30,568.966003,577.242981,568.966003,574.030029,539.357971,663190
2015-12-01,574.950012,580.473999,571.728027,580.473999,545.412659,991597
2015-12-02,583.236023,583.236023,572.648987,573.109009,538.492554,989867
2015-12-03,574.030029,576.330994,565.7440190000001,566.203979,532.004578,1493999
2015-12-04,565.7440190000001,568.044983,558.838989,562.981995,528.977234,837835
2015-12-07,563.901978,569.887024,560.679993,564.362976,530.274841,814726
2015-12-08,562.520996,567.125,556.0770259999999,556.9970089999999,523.35376,1056494
2015-12-09,556.5369870000001,557.9180299999999,546.409973,551.934021,518.596558,1402352
2015-12-10,551.934021,553.775024,544.107971,544.56897,511.67633099999995,879707
2015-12-11,543.64801,547.330994,536.742981,538.1240230000001,505.62069699999995,812942
2015-12-14,538.1240230000001,544.107971,537.664001,537.664001,505.188477,1036833
2015-12-15,541.807007,550.552979,538.583984,549.1719969999999,516.001343,973964
2015-12-16,549.1719969999999,554.398987,547.330994,551.013,517.73114,1181019
2015-12-17,558.838989,560.679993,551.473022,554.2349849999999,520.758545,704663
2015-12-18,552.393982,552.393982,545.028992,549.1719969999999,516.001343,1472781
2015-12-21,546.869995,556.9970089999999,546.869995,551.934021,518.596558,711352
2015-12-22,555.1560059999999,555.1560059999999,548.2509769999999,551.934021,518.596558,604631
2015-12-23,558.3779910000001,565.28302,555.616028,564.362976,530.274841,539901
2015-12-24,562.520996,565.28302,559.758972,560.679993,526.81427,179966
2015-12-29,560.679993,568.5059809999999,556.5369870000001,568.5059809999999,534.167603,856027
2015-12-30,568.044983,572.187988,567.125,568.966003,534.599792,548872
2015-12-31,559.2990110000001,568.044983,559.2990110000001,564.362976,530.274841,253439
2016-01-04,564.362976,564.362976,549.632019,555.616028,522.056213,970662
2016-01-05,559.2990110000001,560.219971,552.854004,557.4580080000001,523.786865,737295
2016-01-06,556.9970089999999,568.966003,550.09198,558.838989,525.084473,1006506
2016-01-07,545.489014,556.5369870000001,541.346008,556.5369870000001,522.92157,1359289
2016-01-08,556.5369870000001,563.901978,554.695984,556.5369870000001,522.92157,1434833
2016-01-11,558.3779910000001,564.362976,553.3150019999999,557.4580080000001,523.786865,3170437
2016-01-12,560.679993,566.203979,558.3779910000001,563.901978,529.841675,1120334
2016-01-13,566.664001,570.163025,564.8229980000001,565.7440190000001,531.57251,3001541
2016-01-14,562.060974,563.442017,551.473022,558.838989,525.084473,1420499
2016-01-15,558.3779910000001,563.442017,548.710999,555.616028,522.056213,1256048
2016-01-18,554.2349849999999,557.4580080000001,545.489014,546.869995,513.83844,1104307
2016-01-19,550.552979,558.838989,550.552979,556.0770259999999,522.48938,1206239
2016-01-20,559.758972,561.508972,538.02301,540.426025,507.78362999999996,1939444
2016-01-21,543.64801,557.4580080000001,543.187988,554.695984,521.191772,1359906
2016-01-22,565.7440190000001,565.7440190000001,557.4580080000001,562.060974,528.111816,1923456
2016-01-25,566.203979,569.887024,560.219971,562.981995,528.977234,1204946
2016-01-26,557.9180299999999,567.585022,555.1560059999999,566.203979,532.004578,1139396
2016-01-27,568.044983,574.950012,561.601013,574.950012,540.222351,1401811
2016-01-28,578.1729740000001,579.0930179999999,566.664001,574.48999,539.790161,1306378
2016-01-29,581.39502,585.538025,574.48999,585.538025,550.170837,1934455
2016-02-01,588.76001,592.903015,582.3150019999999,590.140991,554.495789,1810039
2016-02-02,589.219971,594.710999,577.711975,582.776001,547.575684,1759158
2016-02-03,583.236023,583.236023,571.268005,578.1729740000001,543.250671,1284792
2016-02-04,582.3150019999999,585.0770259999999,573.109009,577.711975,542.817444,1022633
2016-02-05,574.48999,581.164978,565.7440190000001,565.7440190000001,531.57251,1448224
2016-02-08,565.7440190000001,566.664001,538.583984,541.346008,508.64800999999994,1627573
2016-02-09,541.346008,548.2509769999999,526.155029,538.583984,506.05285599999996,2228204
2016-02-10,545.489014,550.552979,536.28302,543.187988,510.378784,1434091
2016-02-11,565.7440190000001,583.695984,561.601013,563.901978,529.841675,3691253
2016-02-12,566.664001,583.236023,565.28302,579.552979,544.547302,2430847
2016-02-15,594.283997,598.4270019999999,586.919006,593.362976,557.523193,2286844
2016-02-16,597.5059809999999,600.268005,588.299988,598.4270019999999,562.2813110000001,1427252
2016-02-17,601.189026,613.1569820000001,601.189026,612.697021,575.6894530000001,1367961
2016-02-18,613.617981,625.1259769999999,613.617981,617.760986,580.447449,1737891
2016-02-19,615.919006,625.1259769999999,611.315979,616.380005,579.149902,1403280
2016-02-22,625.1259769999999,626.507019,616.380005,619.142029,581.7451169999999,1653197
2016-02-23,619.142029,623.284973,613.1569820000001,615.919006,578.7167969999999,1735692
2016-02-24,614.0780030000001,626.0469969999999,613.617981,621.442993,583.907104,1930481
2016-02-25,626.0469969999999,635.2529910000001,622.364014,634.3330080000001,596.018555,1591261
2016-02-26,635.713989,639.856995,628.809021,634.3330080000001,596.018555,986662
2016-02-29,633.4119870000001,639.395996,625.723999,632.491028,594.287842,1535183
2016-03-01,632.9520259999999,647.682007,630.594971,645.841003,606.831421,2222060
2016-03-02,649.984009,660.570984,639.395996,642.617981,603.803162,2166625
2016-03-03,645.380005,649.062988,632.491028,636.1740110000001,597.748352,1671381
2016-03-04,638.476013,644.460022,635.713989,640.776978,602.073364,1537635
2016-03-07,641.237976,648.603027,629.729004,634.7930299999999,596.450745,2129810
2016-03-08,632.9520259999999,633.8720089999999,625.1259769999999,631.1099849999999,592.990234,1434115
2016-03-09,631.1099849999999,636.633972,629.729004,634.7930299999999,596.450745,699354
2016-03-10,637.554993,642.617981,624.666016,626.0469969999999,588.233032,1888047
2016-03-11,631.570984,635.713989,627.427979,632.9520259999999,594.721008,895357
2016-03-14,634.7930299999999,641.6979980000001,632.0310059999999,635.713989,597.316162,624148
2016-03-15,628.809021,640.317017,626.0469969999999,634.3330080000001,596.018555,1470542
2016-03-16,637.094971,643.078979,636.633972,639.856995,601.208923,1656390
2016-03-17,643.539001,643.9990230000001,627.427979,636.1740110000001,597.748352,1706907
2016-03-18,636.633972,643.078979,623.744995,630.650024,592.558044,15299103
2016-03-21,626.507019,638.476013,626.507019,631.1099849999999,592.990234,1085424
2016-03-22,631.1099849999999,641.6979980000001,622.823975,641.237976,602.50647,1684544
2016-03-23,637.554993,642.617981,635.713989,642.617981,603.803162,1442799
2016-03-24,637.554993,640.317017,633.4119870000001,633.4119870000001,595.153137,760018
2016-03-29,633.4119870000001,649.2559809999999,633.4119870000001,640.317017,601.641113,1565345
2016-03-30,642.15802,644.460022,636.633972,641.237976,602.50647,1190009
2016-03-31,641.237976,643.9990230000001,637.554993,638.935974,600.3435059999999,1401357
2016-04-01,635.2529910000001,639.856995,625.585999,639.856995,601.208923,1748359
2016-04-04,637.554993,646.760986,635.713989,645.841003,606.831421,1338151
2016-04-05,642.617981,648.603027,640.317017,644.460022,605.533813,1817345
2016-04-06,644.460022,653.205994,643.539001,653.205994,613.751587,2091147
2016-04-07,654.586975,656.427979,648.603027,650.44397,611.156433,1547473
2016-04-08,650.44397,654.586975,646.301025,653.666016,614.183777,911723
2016-04-11,650.44397,653.205994,646.301025,647.221985,608.128967,849752
2016-04-12,647.682007,649.52301,639.856995,648.603027,609.426697,1362482
2016-04-13,657.348999,658.27002,648.603027,655.507996,615.914551,1633662
2016-04-14,656.888977,656.888977,644.919983,646.301025,607.2636719999999,1416853
2016-04-15,647.221985,647.682007,638.935974,639.856995,601.208923,1165807
2016-04-18,637.554993,642.15802,635.713989,638.0150150000001,599.478149,1633385
2016-04-19,636.633972,643.9990230000001,636.1740110000001,643.078979,604.2362059999999,1534782
2016-04-20,641.6979980000001,642.617981,626.96698,630.1900019999999,592.1257929999999,1438612
2016-04-21,628.348022,629.729004,611.776001,613.1569820000001,576.121582,1383817
2016-04-22,612.237,613.617981,602.1099849999999,603.491028,567.03949,1673183
2016-04-25,604.8720089999999,607.1729740000001,600.268005,603.9509889999999,567.47168,2135041
2016-04-26,606.2529910000001,612.237,604.8720089999999,607.633972,570.93219,1381139
2016-04-27,619.142029,624.205017,609.9349980000001,613.1569820000001,576.121582,1994491
2016-04-28,606.7130129999999,607.054016,591.062012,602.570007,578.9685059999999,2218025
2016-04-29,598.887024,603.9509889999999,594.7440190000001,602.570007,578.9685059999999,1709445
2016-05-03,602.570007,614.262024,600.268005,603.9509889999999,580.295471,2119398
2016-05-04,603.9509889999999,606.2529910000001,601.189026,604.411011,580.7374269999999,1480769
2016-05-05,606.2529910000001,613.1569820000001,605.7919919999999,610.856018,586.929993,1172872
2016-05-06,610.395996,613.617981,602.1099849999999,607.633972,583.834167,1070893
2016-05-09,610.395996,620.52301,610.395996,616.840027,592.6796879999999,1120252
2016-05-10,620.062012,639.3720089999999,620.062012,622.364014,597.987244,1542434
2016-05-11,619.142029,627.888,618.221008,622.823975,598.429199,1236135
2016-05-12,622.364014,626.96698,617.299988,617.299988,593.121582,928739
2016-05-13,614.9990230000001,616.380005,609.0150150000001,615.458984,591.352722,925119
2016-05-16,612.237,615.919006,609.9349980000001,615.458984,591.352722,828294
2016-05-17,618.68103,630.312012,615.458984,615.458984,591.352722,1313790
2016-05-18,614.9990230000001,615.919006,606.7130129999999,609.474976,585.603088,1093733
2016-05-19,604.8720089999999,609.0150150000001,600.3599849999999,605.3319700000001,581.622314,1175085
2016-05-20,607.1729740000001,616.840027,606.7130129999999,614.0780030000001,590.025818,1573739
2016-05-23,615.919006,618.221008,610.395996,610.395996,586.488037,1012262
2016-05-24,610.856018,629.1569820000001,606.7130129999999,616.380005,592.23761,1736629
2016-05-25,621.903992,621.903992,614.538025,616.380005,592.23761,1425018
2016-05-26,617.760986,617.760986,609.0150150000001,614.0780030000001,590.025818,1152750
2016-05-27,614.9990230000001,616.380005,610.395996,615.458984,591.352722,849134
2016-05-31,615.458984,631.1099849999999,612.237,626.0469969999999,601.526001,2611691
2016-06-01,625.1259769999999,630.650024,621.442993,628.348022,603.7368769999999,2297903
2016-06-02,627.888,632.9520259999999,622.823975,622.823975,598.429199,1402461
2016-06-03,626.507019,630.1900019999999,618.221008,624.205017,599.756165,1134930
2016-06-06,624.666016,630.1900019999999,620.062012,629.268982,604.621765,1765793
2016-06-07,628.348022,631.1099849999999,620.062012,620.52301,596.218323,1637181
2016-06-08,619.142029,621.096985,613.617981,614.538025,590.467834,1414534
2016-06-09,612.697021,618.221008,612.1729740000001,612.237,588.256958,1055555
2016-06-10,611.315979,611.315979,598.887024,604.411011,580.7374269999999,1439689
2016-06-13,601.648987,604.411011,595.205017,595.205017,571.891968,1359262
2016-06-14,597.5059809999999,598.4270019999999,585.538025,586.4580080000001,563.48761,1643914
2016-06-15,586.4580080000001,595.664978,586.4580080000001,594.7440190000001,571.4490969999999,1824605
2016-06-16,591.062012,597.046021,590.140991,596.125,572.776001,1758089
2016-06-17,597.5059809999999,604.411011,595.205017,597.5059809999999,574.102844,2359788
2016-06-20,608.554016,620.982971,608.554016,618.68103,594.448547,1423725
2016-06-21,615.919006,615.919006,603.9509889999999,606.2529910000001,582.507263,2089039
2016-06-22,610.395996,614.9990230000001,603.491028,611.776001,587.813965,1441901
2016-06-23,616.380005,620.52301,610.395996,615.919006,591.794678,1129911
2016-06-24,591.062012,603.491028,571.268005,597.5059809999999,574.102844,3228570
2016-06-27,590.140991,598.887024,585.0770259999999,591.981995,568.795227,2198063
2016-06-28,602.570007,613.617981,602.570007,613.1569820000001,589.1408690000001,2073032
2016-06-29,620.52301,637.554993,620.52301,637.094971,612.1412349999999,1906681
2016-06-30,634.3330080000001,670.698975,634.3330080000001,670.698975,644.429016,3380565
2016-07-01,674.841003,676.682983,664.713989,668.396973,642.217224,2000102
2016-07-04,674.3809809999999,675.3020019999999,661.9520259999999,661.9520259999999,636.024719,1184014
2016-07-05,664.2540280000001,670.698975,659.1900019999999,666.55603,640.448364,1866350
2016-07-06,668.856995,670.4680179999999,655.9680179999999,659.1900019999999,633.37085,1568917
2016-07-07,667.937012,680.36499,664.2540280000001,673.0,646.6398929999999,1655731
2016-07-08,670.698975,680.8259889999999,670.698975,677.603027,651.062683,1003812
2016-07-11,681.286011,684.0479740000001,674.841003,680.36499,653.716431,1796484
2016-07-12,680.36499,690.492981,680.36499,684.0479740000001,657.255188,1862226
2016-07-13,680.8259889999999,691.413025,679.905029,684.9689940000001,658.140137,1668848
2016-07-14,690.9530030000001,691.413025,679.445007,684.0479740000001,657.255188,1448925
2016-07-15,680.36499,681.7459719999999,674.3809809999999,680.8259889999999,654.1594240000001,1613021
2016-07-18,678.523987,686.8099980000001,667.015991,682.6669919999999,655.928284,977563
2016-07-19,685.429016,691.8740230000001,682.6669919999999,689.112,662.12085,1163732
2016-07-20,693.715027,696.47699,689.572021,693.255005,666.1015629999999,740079
2016-07-21,692.333984,693.255005,688.190979,690.9530030000001,663.889771,955764
2016-07-22,691.8740230000001,696.937012,687.27002,695.55603,668.3125,925161
2016-07-25,696.017029,696.017029,689.572021,694.174988,666.9855349999999,1095592
2016-07-26,693.715027,695.55603,688.190979,690.492981,663.447815,1701939
2016-07-27,694.635986,695.55603,688.190979,691.413025,664.331787,1465019
2016-07-28,701.541016,701.541016,667.937012,671.6190190000001,645.313049,3099447
2016-07-29,667.015991,673.460999,657.348999,657.348999,631.601929,2948040
2016-08-01,660.111023,663.25,653.666016,654.1270139999999,628.506165,2256200
2016-08-02,652.7459719999999,654.1270139999999,650.44397,652.7459719999999,627.179199,1449994
2016-08-03,653.205994,658.27002,646.13501,649.52301,624.082458,2124271
2016-08-04,649.062988,660.570984,645.841003,658.72998,632.928894,2400771
2016-08-05,655.9680179999999,663.3330080000001,652.390991,655.507996,629.833069,2647196
2016-08-08,654.1270139999999,660.111023,654.1270139999999,655.0469969999999,629.390076,1905218
2016-08-09,657.348999,660.599976,652.7459719999999,660.570984,634.697693,1238062
2016-08-10,659.651001,659.651001,654.586975,657.348999,631.601929,1619673
2016-08-11,651.825012,658.72998,650.039001,658.27002,639.098083,1145572
2016-08-12,658.27002,658.27002,652.284973,655.507996,636.416504,5068282
2016-08-15,658.27002,660.111023,652.7459719999999,657.348999,638.2039179999999,905741
2016-08-16,655.507996,657.5369870000001,649.017029,650.903992,631.946594,1434694
2016-08-17,653.205994,653.666016,645.380005,650.903992,631.946594,1992815
2016-08-18,654.1270139999999,658.72998,653.205994,658.27002,639.098083,1625066
2016-08-19,656.427979,659.1900019999999,653.666016,658.27002,639.098083,1286656
2016-08-22,656.888977,660.111023,649.984009,655.0469969999999,635.968933,880936
2016-08-23,655.0469969999999,661.0319820000001,654.1270139999999,659.1900019999999,639.991272,1121416
2016-08-24,656.427979,665.267029,655.507996,659.1900019999999,639.991272,1210501
2016-08-25,655.9680179999999,660.111023,653.666016,658.27002,639.098083,2131501
2016-08-26,656.427979,657.809021,650.903992,654.586975,635.522339,1114161
2016-08-30,654.586975,661.492004,654.586975,658.72998,639.544678,3207813
2016-08-31,656.888977,657.809021,652.284973,652.284973,633.287354,3001505
2016-09-01,655.0469969999999,658.72998,645.380005,648.142029,629.265076,1234346
2016-09-02,650.903992,661.492004,649.52301,658.72998,639.544678,2332606
2016-09-05,661.0319820000001,667.937012,655.0469969999999,658.27002,639.098083,530351
2016-09-06,658.27002,662.633972,656.888977,658.27002,639.098083,987969
2016-09-07,657.348999,661.0319820000001,655.643005,661.0319820000001,641.779663,1042069
2016-09-08,658.72998,665.174988,655.9680179999999,657.348999,638.2039179999999,1165541
2016-09-09,653.666016,656.888977,645.841003,645.841003,627.031067,1076293
2016-09-12,638.935974,641.6979980000001,635.713989,637.094971,618.539734,1685847
2016-09-13,639.856995,643.9990230000001,638.476013,639.395996,620.773804,637389
2016-09-14,640.776978,645.380005,638.476013,638.476013,619.880554,714301
2016-09-15,641.6979980000001,671.666016,641.6979980000001,669.778015,650.270874,4187480
2016-09-16,672.080017,680.36499,663.3330080000001,673.460999,653.846619,2894852
2016-09-19,675.3020019999999,677.143005,668.396973,672.539978,652.952454,2459037
2016-09-20,669.778015,674.3809809999999,668.856995,671.158997,651.611633,1539785
2016-09-21,674.3809809999999,677.143005,669.317993,672.539978,652.952454,1050264
2016-09-22,671.6190190000001,673.460999,662.8729860000001,663.794006,644.461182,1554086
2016-09-23,662.413025,662.413025,651.825012,654.586975,635.522339,1292209
2016-09-26,662.8729860000001,669.317993,654.586975,655.0469969999999,635.968933,2196640
2016-09-27,657.809021,658.27002,649.984009,655.0469969999999,635.968933,1107524
2016-09-28,656.888977,667.015991,656.888977,665.63501,646.248596,1900720
2016-09-29,661.9520259999999,670.237976,658.72998,659.651001,640.438843,2378819
2016-09-30,655.9680179999999,659.651001,651.825012,655.507996,636.416504,4105922
2016-10-03,653.205994,665.63501,653.205994,664.713989,645.35437,1271590
2016-10-04,669.317993,679.215027,668.396973,671.158997,651.611633,2769239
2016-10-05,676.682983,676.682983,662.413025,667.476013,648.03595,2327010
2016-10-06,671.6190190000001,674.841003,666.55603,670.698975,651.1651,1773011
2016-10-07,673.921021,682.2069700000001,671.6190190000001,675.3020019999999,655.634033,2533765
2016-10-10,679.445007,680.36499,668.396973,673.0,653.399048,3458943
2016-10-11,670.0,676.0,652.5,665.0,645.632019,2822950
2016-10-12,665.5,668.5,653.5,654.5,635.437866,3890985
2016-10-13,653.5,659.0,643.0,647.5,628.6417240000001,4889859
2016-10-14,662.0,666.0,655.5,663.5,644.1757200000001,7111740
2016-10-17,664.5,664.5,656.5,661.0,641.748535,3805246
2016-10-18,674.0,682.0,658.846985,677.0,657.2825320000001,3620482
2016-10-19,678.0,680.0,669.5,670.5,650.9719240000001,3596582
2016-10-20,668.0,671.5,666.0,668.0,648.544678,2448477
2016-10-21,680.0,687.0,676.5,683.0,663.107788,3021093
2016-10-24,686.0,688.5,674.5,674.5,654.855408,1731006
2016-10-25,676.5,677.0,668.0,670.0,650.48645,2553235
2016-10-26,670.0,671.0,659.0,665.5,646.117493,2210732
2016-10-27,661.0,672.0,661.0,670.5,650.9719240000001,1910310
2016-10-28,666.0,672.5,662.0,671.5,651.942749,2499000
2016-10-31,668.5,674.0,668.5,672.5,652.913635,2059551
2016-11-01,689.0,704.5,680.0,682.0,662.136963,2880577
2016-11-02,681.0,684.625,678.0,684.0,664.078674,2834312
2016-11-03,694.5,694.5,679.0,679.0,659.224304,3587448
2016-11-04,680.0,680.0,673.5,677.5,657.768005,1849747
2016-11-07,679.5,688.799988,677.0,679.5,659.709717,2760916
2016-11-08,694.0,694.5,682.5,685.0,665.049561,1879008
2016-11-09,668.5,682.0,666.0,682.0,662.136963,1994221
2016-11-10,683.0,688.5,641.5,645.0,626.214539,4359704
2016-11-11,647.5,654.0,635.901978,637.5,618.932983,1806604
2016-11-14,642.5,648.5,633.0,637.5,618.932983,1811888
2016-11-15,638.0,644.5,625.0,633.5,615.0495,2887867
2016-11-16,635.0,637.0,629.5,635.0,616.505798,2198350
2016-11-17,635.0,643.0,634.5,642.0,623.301941,2387170
2016-11-18,643.5,651.0,642.5,645.0,626.214539,2883018
2016-11-21,645.5,648.5,638.5,641.0,622.331055,1296680
2016-11-22,645.5,653.0,645.0,649.5,630.583496,2090958
2016-11-23,649.0,655.0,643.5,644.0,625.243713,1728945
2016-11-24,647.0,647.0,639.0,644.5,625.729126,894833
2016-11-25,643.0,646.0,642.0,644.0,625.243713,1315840
2016-11-28,644.5,649.5,639.5,646.0,627.185425,1176003
2016-11-29,645.5,654.0,640.0,654.0,634.952454,2004632
2016-11-30,656.0,660.5,647.0,649.5,630.583496,2751755
2016-12-01,650.5,650.5,635.5,637.5,618.932983,1901045
2016-12-02,636.0,643.5,632.5,642.0,623.301941,1233468
2016-12-05,642.0,649.5,639.5,641.5,622.816467,1333736
2016-12-06,644.0,652.5,639.0,650.5,631.554382,1794864
2016-12-07,649.0,650.5,644.5,650.0,631.068909,1693975
2016-12-08,650.5,660.5,650.0,650.5,631.554382,1932013
2016-12-09,652.5,666.0,651.5,665.5,646.117493,1832986
2016-12-12,664.0,664.5,651.0,652.5,633.4961549999999,1303024
2016-12-13,652.5,663.5,652.5,661.0,641.748535,1563172
2016-12-14,659.0,664.5,659.0,663.5,644.1757200000001,3545043
2016-12-15,663.0,675.0,658.5,674.5,654.855408,2103078
2016-12-16,673.0,675.5,669.5,671.0,651.457275,2174899
2016-12-19,670.0,682.0,667.0,681.5,661.651489,1188557
2016-12-20,681.5,682.0,677.0,680.5,660.680664,1505788
2016-12-21,675.5,681.0,673.5,673.5,653.884521,1954653
2016-12-22,675.0,677.0,669.5,672.0,652.428223,1648719
2016-12-23,670.5,673.0,669.5,671.5,651.942749,635459
2016-12-28,671.5,676.0,671.5,672.5,652.913635,877907
2016-12-29,672.0,680.0,671.5,679.5,659.709717,857326
2016-12-30,678.0,680.0,673.0,680.0,660.19519,823481
2017-01-03,680.0,685.0,678.5,682.0,662.136963,1402981
2017-01-04,681.5,682.5,675.445984,675.5,655.826233,1272076
2017-01-05,679.0,687.0,678.0,687.0,666.991272,1324787
2017-01-06,686.0,689.5,682.5,686.0,666.020447,1219114
2017-01-09,688.5,699.5,686.0,696.5,676.214661,1108946
2017-01-10,696.0,700.5,692.221985,697.5,677.1854860000001,1107408
2017-01-11,696.5,700.5,694.5,694.5,674.272888,2576216
2017-01-12,691.5,694.0,686.5,691.5,671.360229,1474816
2017-01-13,693.0,696.5,689.5,693.5,673.3020019999999,1761085
2017-01-16,690.0,695.5,690.0,692.5,672.3311769999999,1106738
2017-01-17,692.5,692.5,678.5,680.0,660.19519,1404301
2017-01-18,685.5,688.5,673.5,677.0,657.2825320000001,1694064
2017-01-19,675.5,676.5,666.5,670.5,650.9719240000001,2274800
2017-01-20,671.5,671.5,666.0,666.0,646.602966,2538690
2017-01-23,666.0,666.960022,661.0,663.5,644.1757200000001,1526952
2017-01-24,667.0,667.0,656.5,657.0,637.865051,1922002
2017-01-25,660.0,661.5,654.5,654.5,635.437866,2267297
2017-01-26,656.5,656.5,651.5,651.5,632.525208,3020992
2017-01-27,655.0,656.0,651.771973,653.5,634.46698,1425824
2017-01-30,653.5,656.0,652.0,654.5,635.437866,1148555
2017-01-31,655.5,655.5,651.0,652.0,633.010681,1875974
2017-02-01,656.5,656.5,647.0,652.0,633.010681,1571353
2017-02-02,651.5,658.0,648.5,652.5,633.4961549999999,2235301
2017-02-03,656.5,665.5,650.5,661.5,642.234009,1862859
2017-02-06,657.0,660.0,654.0,655.0,635.923279,1193989
2017-02-07,657.0,672.5,655.5,666.0,646.602966,3486823
2017-02-08,667.5,672.5,663.5,671.0,651.457275,2042078
2017-02-09,670.5,675.0,669.5,671.0,651.457275,1920264
2017-02-10,676.0,678.0,669.0,669.5,650.0009769999999,1054631
2017-02-13,668.5,673.5,667.0,669.0,649.5155639999999,964631
2017-02-14,669.0,669.5,663.0,663.0,643.690308,1218058
2017-02-15,667.0,667.0,654.5,656.0,636.894165,2167843
2017-02-16,657.0,659.5,654.5,657.0,637.865051,2681913
2017-02-17,657.0,659.5,654.0,657.0,637.865051,2997321
2017-02-20,660.0,664.5,658.5,664.0,644.661194,3934834
2017-02-21,666.0,669.0,662.9400019999999,663.0,643.690308,1895117
2017-02-22,664.5,669.0,663.5,666.5,647.088379,3293270
2017-02-23,664.0,668.6279910000001,658.0,663.0,643.690308,2703007
2017-02-24,663.0,664.0,656.0,658.0,638.8359379999999,3732930
2017-02-27,659.0,664.0,657.5,662.0,642.719421,2280679
2017-02-28,665.5,676.0,662.0,672.0,652.428223,2781761
2017-03-01,672.0,678.0,666.5,677.5,657.768005,1674823
2017-03-02,669.5,680.5,480.0,679.5,659.709717,1519127
2017-03-03,676.5,679.5,670.5,673.5,653.884521,1930649
2017-03-06,689.5,698.5,674.0,676.0,656.3117070000001,4294639
2017-03-07,680.0,680.0,655.5,662.5,643.204895,3888703
2017-03-08,661.0,665.5,656.0,658.5,639.321411,3981114
2017-03-09,655.5,658.0,649.5,651.0,632.039795,4097754
2017-03-10,652.0,652.5,645.900024,646.0,627.185425,2888933
2017-03-13,646.0,651.0,642.0,647.5,628.6417240000001,2583720
2017-03-14,653.0,655.0,649.5,651.5,632.525208,2416184
2017-03-15,653.0,653.5,642.0,643.0,624.272766,2699938
2017-03-16,646.0,646.5,637.0,638.5,619.90387,3273224
2017-03-17,640.0,641.3439940000001,630.5,636.5,617.962158,3697787
2017-03-20,638.5,641.5,636.0,639.5,620.8747559999999,2283398
2017-03-21,640.5,643.0,637.5,640.0,621.3601679999999,1876776
2017-03-22,637.0,641.48999,627.5,629.5,611.1659549999999,2284850
2017-03-23,629.5,637.0,624.5,635.5,616.991211,2823564
2017-03-24,636.0,647.057983,635.0,647.0,628.1563110000001,4056862
2017-03-27,647.0,647.0,641.5,643.5,624.75824,2222525
2017-03-28,643.5,646.5,640.0,642.0,623.301941,3353307
2017-03-29,641.5,644.5,640.0,643.0,624.272766,2710618
2017-03-30,645.5,650.5,641.778992,648.0,629.127197,1936944
2017-03-31,649.0,652.5,647.0,652.0,633.010681,2798646
2017-04-03,653.0,653.0,647.5,647.5,628.6417240000001,2447279
2017-04-04,650.0,653.0,648.0,649.0,630.098022,1643858
2017-04-05,651.0,651.0,644.5,644.5,625.729126,3809388
2017-04-06,639.5,644.0,636.5,640.5,621.845642,2042887
2017-04-07,639.5,644.0,639.5,642.5,623.787415,1445005
2017-04-10,640.5,650.5,640.5,650.0,631.068909,1844172
2017-04-11,651.0,654.0,647.5,650.0,631.068909,2159869
2017-04-12,653.5,657.5,650.0,657.0,637.865051,3570203
2017-04-13,655.5,659.0,654.5,659.0,639.8067629999999,3214303
2017-04-18,659.0,660.25,643.0,643.5,624.75824,3478596
2017-04-19,642.0,645.5,636.5,639.0,620.389282,2173833
2017-04-20,636.0,643.0,636.0,637.5,618.932983,1526094
2017-04-21,635.5,638.0,631.0,634.5,616.020386,2592195
2017-04-24,642.0,646.0,636.5,645.0,626.214539,2080271
2017-04-25,647.0,649.0,643.0,648.5,629.61261,2523460
2017-04-26,648.5,655.5,647.5,654.0,634.952454,3524904
2017-04-27,645.0,652.6400150000001,638.0,642.0,635.982666,2395895
2017-04-28,642.0,646.75,638.888977,642.0,635.982666,2701603
2017-05-02,641.5,650.0,639.5,650.0,643.907715,2311681
2017-05-03,649.5,654.5,647.5,654.0,647.870178,7458083
2017-05-04,660.5,663.0,653.0,657.5,651.337402,4214558
2017-05-05,658.0,661.5,654.0,660.0,653.813965,4877418
2017-05-08,662.5,665.0,658.5,659.5,653.318665,2451475
2017-05-09,659.5,661.5,656.0,656.0,649.85144,3086697
2017-05-10,657.0,657.5,648.5,648.5,642.4217530000001,2295491
2017-05-11,647.5,648.0,642.5,647.5,641.431152,1911784
2017-05-12,647.0,654.0,647.0,653.0,646.879578,1837003
2017-05-15,652.5,661.9509889999999,646.0,650.0,643.907715,1419712
2017-05-16,650.5,661.4400019999999,646.0,649.5,643.412415,2601700
2017-05-17,647.0,649.5,640.5,642.5,636.477966,1998038
2017-05-18,642.5,644.5,638.0,644.0,637.963928,1605713
2017-05-19,642.0,648.5,642.0,646.5,640.4404910000001,1726360
2017-05-22,649.5,662.9509889999999,645.5,649.0,642.917053,1156750
2017-05-23,649.0,662.664978,643.0,643.0,636.973328,1569701
2017-05-24,644.5,645.5,639.5,641.5,635.4873660000001,1572632
2017-05-25,643.5,650.5,638.5,650.5,644.403015,1641044
2017-05-26,660.0,688.5,660.0,688.5,682.046875,7312272
2017-05-30,688.5,688.5,666.5,669.5,663.224915,3822780
2017-05-31,670.0,674.0,668.5,671.0,664.710876,7413552
2017-06-01,671.0,685.0,666.0,684.5,678.084351,4910683
2017-06-02,690.5,692.5,681.0,686.5,680.065613,3644863
2017-06-05,686.5,689.5,683.0,684.5,678.084351,2163583
2017-06-06,682.5,685.5,681.0,682.0,675.607788,2662325
2017-06-07,682.5,688.5,679.5,682.5,676.103088,3734973
2017-06-08,685.5,686.0,677.0,677.0,670.654663,2681247
2017-06-09,678.0,688.0,677.0,681.0,674.617126,2967347
2017-06-12,676.5,684.0,674.5,684.0,677.58905,1533736
2017-06-13,686.5,688.0,682.0,684.0,677.58905,2081289
2017-06-14,684.5,694.5,684.5,691.0,684.5234379999999,1619385
2017-06-15,691.5,691.5,671.0,682.5,676.103088,2207663
2017-06-16,684.0,693.5,682.5,687.0,680.560913,4000397
2017-06-19,689.5,691.5,683.25,687.5,681.056213,1091175
2017-06-20,689.0,698.0,693.0,693.5,687.0,165468
2017-06-21,692.5,694.440979,690.0,692.5,686.009338,404227
2017-06-22,692.5,695.0,692.0,693.5,687.0,439990
2017-06-23,693.5,695.0,689.5,695.0,688.485901,613524
2017-06-26,697.5,698.0,688.5009769999999,690.5430299999999,684.07074,254904
2017-06-27,687.5,688.0,681.5,685.5599980000001,679.134399,125424
2017-06-28,686.5,697.5,683.0,691.5,685.018738,447622
2017-06-29,692.5,692.5,672.0,672.0,665.701477,3283292
2017-06-30,671.5,674.0,667.0,669.0,662.729614,302338
2017-07-03,669.5,670.5,663.0,663.5,657.2811889999999,3172240
2017-07-04,661.5,667.5,661.0,665.0,658.76709,1025654
2017-07-05,665.0,670.5,659.0,666.0,659.757751,1170245
2017-07-06,665.0,667.0,655.5,667.0,660.748352,1973748
2017-07-07,659.0,665.0,652.0,658.0,651.832703,2456989
2017-07-10,659.5,660.0,656.0,660.0,653.813965,1878745
2017-07-11,659.5,663.0,651.0,661.0,654.804626,2209849
2017-07-12,660.0,665.5,656.5,663.5,657.2811889999999,2487238
2017-07-13,667.5,667.5,662.5,664.5,658.27179,1328779
2017-07-14,664.5,665.0,661.0,663.5,657.2811889999999,1110911
2017-07-17,663.0,670.0,661.5,667.0,660.748352,972097
2017-07-18,667.0,681.0,666.5,669.0,662.729614,1607997
2017-07-19,670.5,676.5,664.0,675.5,669.1687009999999,1776512
2017-07-20,674.0,679.0,672.0,677.5,671.149963,1393227
2017-07-21,676.5,679.5,672.0,675.0,668.673401,1201431
2017-07-24,673.5,676.0,666.5,675.5,669.1687009999999,9134951
2017-07-25,699.0,725.0,694.0,694.0,687.4953,4497780
2017-07-26,694.0,703.5,692.0,700.5,693.934387,2409023
2017-07-27,701.5,709.0,699.0,702.0,695.420288,2216290
2017-07-28,695.5,701.0,682.955017,697.0,690.467163,2468601
2017-07-31,694.0,698.0,692.0,695.5,688.981262,1727332
2017-08-01,699.5,701.5,696.0,701.5,694.924988,1402711
2017-08-02,701.0,704.5,699.5,702.0,695.420288,1522167
2017-08-03,701.5,709.5,701.0,707.5,700.868774,1614652
2017-08-04,707.0,711.5,703.0,710.5,703.840637,1337358
2017-08-07,710.0,714.5,708.7349849999999,712.5,705.821899,1777076
2017-08-08,711.0,715.0,710.5,710.5,703.840637,1573219
2017-08-09,705.5,711.5,704.0,709.5,702.850037,3159640
2017-08-10,707.5,708.0,700.5,703.5,703.5,2975409
2017-08-11,702.5,705.0,698.0,699.5,699.5,1135815
2017-08-14,700.0,706.0,699.0,702.0,702.0,1092247
2017-08-15,702.0,705.5,701.0,703.0,703.0,714907
2017-08-16,706.0,709.0,702.0,707.5,707.5,1221284
2017-08-17,708.0,711.713989,705.0,711.5,711.5,1298140
2017-08-18,703.5,706.5,695.5,697.0,697.0,2034284
2017-08-21,693.0,696.5,688.0,693.0,693.0,6021894
2017-08-22,694.5,706.469971,694.0,700.0,700.0,922264
2017-08-23,697.5,697.5,687.0,691.0,691.0,1049503
2017-08-24,691.0,693.5,687.0,692.5,692.5,3174799
2017-08-25,691.5,691.5,686.5,686.5,686.5,1116806
2017-08-29,686.5,694.085022,680.5,686.5,686.5,1491945
2017-08-30,691.0,691.0,679.0,680.5,680.5,1537514
2017-08-31,680.0,692.0,678.68103,690.5,690.5,1277073
2017-09-01,693.5,693.5,686.5,688.0,688.0,883491
2017-09-04,684.5,687.0,682.5,684.5,684.5,803601
2017-09-05,684.0,693.830017,683.0,683.0,683.0,1325195
2017-09-06,682.0,682.5,675.5,678.0,678.0,1160295
2017-09-07,677.5,683.0,673.0,681.0,681.0,782568
2017-09-08,679.0,685.5,677.0,684.0,684.0,1554695
2017-09-11,685.5,689.7459719999999,682.5,683.0,683.0,1091917
2017-09-12,682.0,687.880005,679.0,679.5,679.5,1129376
2017-09-13,676.5,681.0,673.5,680.0,680.0,1864760
2017-09-14,680.0,687.0,666.7520139999999,673.0,673.0,2416302
2017-09-15,672.5,673.5,664.5,668.5,668.5,2549143
2017-09-18,671.5,673.0,665.0,665.0,665.0,1395984
2017-09-19,666.0,670.5,663.0,663.0,663.0,2927234
2017-09-20,662.5,669.5,661.5,665.5,665.5,1665598
2017-09-21,665.5,666.0,662.0,664.5,664.5,1220614
2017-09-22,663.0,668.5,662.5,666.0,666.0,1068950
2017-09-25,663.5,672.0,663.5,670.5,670.5,887628
2017-09-26,667.5,670.0,662.0,664.0,664.0,2197727
2017-09-27,665.0,665.5,659.0,663.0,663.0,2281443
2017-09-28,662.0,664.5,657.0,659.5,659.5,1463965
2017-09-29,659.5,673.5,659.5,672.0,672.0,2199936
2017-10-02,672.5,676.0,669.5,676.0,676.0,4041839
2017-10-03,674.0,683.0,672.5,682.0,682.0,2121985
2017-10-04,680.5,682.5,676.0,678.5,678.5,2301277
2017-10-05,681.0,681.5,676.2969969999999,678.0,678.0,1236205
2017-10-06,679.0,682.5,676.5,682.5,682.5,1457922
2017-10-09,681.5,683.0,678.0,682.0,682.0,1139133
2017-10-10,679.5,687.5,679.5,684.5,684.5,1193508
2017-10-11,685.0,688.0,682.0,688.0,688.0,4389677
2017-10-12,688.5,697.0,686.5,692.0,692.0,4533740
2017-10-13,690.5,693.0,686.0,687.5,687.5,1507986
2017-10-16,690.0,690.0,683.0,683.0,683.0,1024267
2017-10-17,685.5,692.5,681.0,688.0,688.0,2154181
2017-10-18,693.0,700.0,689.0,699.0,699.0,1544117
2017-10-19,697.5,698.5,688.0,690.5,690.5,1582953
2017-10-20,692.0,695.0,689.0,690.0,690.0,1706433
2017-10-23,691.0,691.0,682.0,683.0,683.0,955968
2017-10-24,680.5,686.0,680.5,686.0,686.0,1309464
2017-10-25,686.0,689.0,680.25,686.0,686.0,1265884
2017-10-26,687.5,694.0,686.5,692.0,692.0,2073450
2017-10-27,694.5,695.625,684.0,686.0,686.0,1110069
2017-10-30,687.0,698.5,680.5,696.5,696.5,2086219
2017-10-31,694.0,698.5,692.5,697.0,697.0,1277648
2017-11-01,697.0,702.0,686.0,694.0,694.0,2327027
2017-11-02,683.0,699.5,681.5,692.5,692.5,3493901
2017-11-03,692.5,710.5,692.5,708.5,708.5,2143814
2017-11-06,707.5,710.0,702.0,709.0,709.0,1522048
2017-11-07,708.5,709.5,701.5,701.5,701.5,2070268
2017-11-08,700.0,706.5,700.0,702.5,702.5,2338641
2017-11-09,701.0,735.5,700.5,731.5,731.5,3801366
2017-11-10,735.0,735.0,725.0,731.0,731.0,2204827
2017-11-13,735.0,736.0,726.0,730.0,730.0,2025148
2017-11-14,731.0,743.0,730.0,740.5,740.5,2029827
2017-11-15,740.0,742.5,736.0,737.5,737.5,2277427
2017-11-16,740.5,744.0,734.0,735.0,735.0,3254016
2017-11-17,732.5,740.1400150000001,731.0,733.0,733.0,1929930
2017-11-20,733.5,735.0,730.5,734.5,734.5,1294020
2017-11-21,735.0,748.5,731.5,743.5,743.5,2807259
2017-11-22,751.5,754.5,743.5,747.5,747.5,2077269
2017-11-23,750.0,754.0,744.5,751.5,751.5,979735
2017-11-24,752.5,773.0,752.5,760.0,760.0,2775240
2017-11-27,760.5,764.5,755.5,755.5,755.5,1708918
2017-11-28,754.0,763.5,749.5,761.0,761.0,1901660
2017-11-29,758.5,760.5,753.0,753.0,753.0,1908942
2017-11-30,750.5,753.5,744.0,750.0,750.0,2445541
2017-12-01,747.5,755.0,746.0,747.0,747.0,1400398
2017-12-04,747.5,754.5,743.0,746.0,746.0,2254503
2017-12-05,747.0,751.0,739.0,739.0,739.0,1575371
2017-12-06,739.5,746.5,736.5,745.5,745.5,1868108
2017-12-07,744.0,750.5,738.0,738.0,738.0,2287116
2017-12-08,737.5,737.5,728.5,734.0,734.0,2900314
2017-12-11,733.5,741.5,732.0,740.5,740.5,1845994
2017-12-12,746.0,748.0,739.0,743.0,743.0,2157580
2017-12-13,743.0,744.5,736.5,740.0,740.0,2200971
2017-12-14,740.0,746.5,737.5,738.0,738.0,3050293
2017-12-15,738.5,740.0,734.5,740.0,740.0,2429361
2017-12-18,738.0,747.5,737.5,737.5,737.5,1693855
2017-12-19,734.5,739.0,731.5,732.0,732.0,3278037
2017-12-20,732.0,737.0,724.0,724.0,724.0,3815706
2017-12-21,725.0,730.5,721.0,723.0,723.0,2368124
2017-12-22,724.5,733.5,723.5,726.0,726.0,1424872
2017-12-27,726.0,729.0,721.0,725.0,725.0,2045697
2017-12-28,726.0,729.5,725.5,725.5,725.5,1023756
2017-12-29,725.5,727.5,720.0,722.0,722.0,1098116
2018-01-02,722.0,727.200012,718.200012,721.0,721.0,1518559
2018-01-03,719.599976,722.0,712.599976,713.200012,713.200012,1750145
2018-01-04,713.200012,719.200012,710.799988,713.799988,713.799988,3492199
2018-01-05,712.400024,723.400024,709.200012,722.0,722.0,2374270
2018-01-08,720.799988,736.0,719.799988,736.0,736.0,2847511
2018-01-09,737.0,756.0,734.200012,750.0,750.0,4064634
2018-01-10,751.0,752.200012,744.0,746.799988,746.799988,2441640
2018-01-11,748.0,749.0,739.599976,746.0,746.0,3119193
2018-01-12,747.200012,750.400024,741.799988,746.200012,746.200012,5232095
2018-01-15,747.200012,748.599976,743.599976,746.0,746.0,1677203
2018-01-16,747.200012,753.0,745.799988,747.400024,747.400024,2417928
2018-01-17,717.599976,721.0,670.0,705.0,705.0,25967610
2018-01-18,706.799988,714.599976,697.599976,710.599976,710.599976,14436303
2018-01-19,710.799988,721.799988,700.400024,701.799988,701.799988,7297420
2018-01-22,698.400024,707.0,695.0,698.0,698.0,8000347
2018-01-23,705.200012,705.799988,692.799988,703.0,703.0,5642203
2018-01-24,705.400024,706.799988,691.200012,693.400024,693.400024,4875170
2018-01-25,691.799988,693.0,685.599976,685.799988,685.799988,6114722
2018-01-26,691.200012,691.200012,681.400024,684.200012,684.200012,6820985
2018-01-29,675.200012,691.0,675.200012,687.400024,687.400024,4047613
2018-01-30,686.400024,701.0,680.200012,693.400024,693.400024,28246120
2018-01-31,696.599976,702.0,686.799988,696.200012,696.200012,11499163
2018-02-01,693.400024,699.200012,686.0,690.799988,690.799988,8425828
2018-02-02,690.400024,690.599976,684.200012,686.0,686.0,4412248
2018-02-05,689.799988,690.0,675.400024,677.0,677.0,6272398
2018-02-06,661.0,670.200012,657.400024,663.0,663.0,5902086
2018-02-07,665.0,681.799988,662.799988,679.799988,679.799988,9036484
2018-02-08,678.0,680.599976,666.200012,666.200012,666.200012,6055118
2018-02-09,664.799988,672.0,658.200012,659.599976,659.599976,4713148
2018-02-12,668.599976,671.599976,663.400024,668.599976,668.599976,5646431
2018-02-13,666.0,669.400024,664.799988,666.799988,666.799988,8405097
2018-02-14,669.799988,674.400024,665.799988,669.200012,669.200012,4963491
2018-02-15,671.400024,676.799988,667.400024,676.799988,676.799988,2626817
2018-02-16,678.200012,690.400024,677.0,689.0,689.0,3714365
2018-02-19,687.599976,688.599976,681.0,682.200012,682.200012,3079185
2018-02-20,683.799988,688.0,680.599976,686.400024,686.400024,3832239
2018-02-21,683.200012,694.599976,679.799988,691.0,691.0,3878627
2018-02-22,687.0,689.200012,684.400024,687.400024,687.400024,2522441
2018-02-23,689.200012,690.799988,686.400024,688.400024,688.400024,2227327
2018-02-26,688.599976,695.200012,686.799988,686.799988,686.799988,3578126
2018-02-27,687.599976,692.400024,683.799988,686.0,686.0,2666582
2018-02-28,675.400024,699.799988,675.400024,695.400024,695.400024,5927476
2018-03-01,696.0,699.0,692.400024,694.599976,694.599976,3888824
2018-03-02,691.799988,699.0,690.0,697.599976,697.599976,2995458
2018-03-05,699.400024,704.400024,696.200012,704.400024,704.400024,4466516
2018-03-06,709.200012,711.599976,703.599976,706.0,706.0,3122558
2018-03-07,705.200012,714.799988,703.400024,711.0,711.0,3697247
2018-03-08,712.400024,716.799988,708.0,711.400024,711.400024,5072763
2018-03-09,710.599976,712.599976,705.200012,707.799988,707.799988,3893280
