Date,Open,High,Low,Close,Adj Close,Volume
2015-01-02,2358.0,2363.0,2330.0,2343.0,2226.464111,303598
2015-01-05,2328.0,2349.0,2275.0,2276.0,2162.796875,517247
2015-01-06,2276.0,2307.0,2244.0,2298.0,2183.702393,808111
2015-01-07,2311.0,2327.0,2292.0,2309.0,2194.155273,458706
2015-01-08,2342.0,2432.0,2313.0,2430.0,2309.137207,824399
2015-01-09,2431.0,2497.0,2427.0,2459.0,2336.695068,1051791
2015-01-12,2457.0,2468.5,2384.0,2393.0,2273.977539,789537
2015-01-13,2379.0,2412.0,2353.0,2363.0,2245.469482,425812
2015-01-14,2246.0,2307.0,2196.0,2244.0,2132.388428,1505421
2015-01-15,2261.0,2288.0,2242.0,2288.0,2174.199951,746688
2015-01-16,2269.0,2362.0,2257.0,2351.0,2234.066162,631316
2015-01-19,2346.0,2407.0,2332.0,2392.0,2273.027344,308160
2015-01-20,2407.0,2420.0,2355.0,2385.0,2266.375732,413432
2015-01-21,2361.0,2362.0,2250.0,2297.0,2182.751953,1262554
2015-01-22,2299.0,2362.0,2281.149902,2356.0,2238.817871,396140
2015-01-23,2362.0,2370.0,2318.0,2328.0,2212.210205,395206
2015-01-26,2316.0,2370.0,2270.0,2331.0,2215.061279,608250
2015-01-27,2326.0,2369.0,2241.0,2268.0,2155.19458,823524
2015-01-28,2263.0,2290.0,2255.0,2288.0,2174.199951,732809
2015-01-29,2275.0,2319.0,2266.0,2319.0,2203.657959,847418
2015-01-30,2303.0,2322.0,2281.0,2293.0,2178.951416,961692
2015-02-02,2296.0,2305.0,2264.0,2280.0,2166.5979,1992814
2015-02-03,2290.0,2438.0,2290.0,2429.0,2308.1870120000003,1486081
2015-02-04,2433.0,2435.0,2364.0,2398.0,2278.72876,822787
2015-02-05,2389.0,2455.0,2380.0,2452.0,2330.042969,375205
2015-02-06,2443.0,2465.0,2436.0,2456.0,2333.84375,421981
2015-02-09,2449.0,2484.0,2439.0,2448.0,2326.2416989999997,679744
2015-02-10,2446.0,2462.0,2430.0,2450.0,2328.142334,629610
2015-02-11,2455.0,2477.0,2431.0,2448.0,2326.2416989999997,326296
2015-02-12,2445.0,2571.0,2445.0,2568.0,2440.2734379999997,805415
2015-02-13,2570.0,2617.0,2559.0,2595.0,2465.9301760000003,517753
2015-02-16,2544.0,2564.0,2496.0,2508.0,2383.2578129999997,678526
2015-02-17,2500.0,2528.0,2466.01001,2510.0,2385.158203,391114
2015-02-18,2515.0,2547.0,2506.0,2527.0,2401.3125,350619
2015-02-19,2530.0,2537.0,2497.0,2524.0,2398.46167,304922
2015-02-20,2506.0,2547.0,2500.0,2547.0,2420.318115,590388
2015-02-23,2552.0,2552.0,2437.0,2461.0,2338.595459,699998
2015-02-24,2469.0,2482.0,2451.0,2470.0,2347.147461,514733
2015-02-25,2461.0,2469.0,2401.0,2422.0,2301.535156,719401
2015-02-26,2422.0,2476.0,2413.0,2470.0,2347.147461,865173
2015-02-27,2475.0,2533.0,2461.0,2530.0,2404.16333,1022670
2015-03-02,2560.0,2662.0,2542.0,2562.0,2434.571533,1206104
2015-03-03,2529.0,2544.0,2494.0,2513.0,2388.008789,864665
2015-03-04,2518.0,2539.0,2480.0,2528.0,2402.262695,638619
2015-03-05,2542.0,2611.0,2532.0,2597.0,2467.830811,1329819
2015-03-06,2601.0,2603.98999,2544.0,2586.0,2457.37793,593980
2015-03-09,2586.0,2586.0,2553.0,2570.0,2442.173828,341599
2015-03-10,2582.0,2582.0,2488.0,2495.0,2370.904053,562545
2015-03-11,2505.0,2528.360107,2485.0,2526.0,2400.362305,342255
2015-03-12,2529.0,2597.0,2529.0,2540.0,2413.666016,497821
2015-03-13,2538.0,2554.0,2536.0,2549.0,2422.2185059999997,335440
2015-03-16,2569.0,2571.0,2548.0,2556.0,2428.869873,340075
2015-03-17,2552.0,2559.0,2542.0,2552.0,2425.068848,458285
2015-03-18,2560.0,2598.0,2551.0,2570.0,2442.173828,983905
2015-03-19,2585.0,2611.919922,2578.0,2581.0,2452.626709,531182
2015-03-20,2584.0,2590.0,2564.0,2570.0,2442.173828,1007215
2015-03-23,2570.0,2585.0,2549.0,2579.0,2450.726318,396378
2015-03-24,2578.0,2584.0,2533.0,2536.0,2409.864746,390215
2015-03-25,2534.0,2534.0,2487.0,2512.0,2387.058838,399213
2015-03-26,2495.0,2508.0,2455.0,2477.0,2353.799316,705609
2015-03-27,2488.0,2490.0,2441.0,2456.0,2333.84375,430091
2015-03-30,2487.0,2502.0,2470.0,2480.0,2356.650391,398391
2015-03-31,2478.0,2520.0,2469.0,2498.0,2373.7548829999996,817082
2015-04-01,2478.0,2536.0,2474.0,2513.0,2388.008789,510445
2015-04-02,2507.0,2535.0,2495.0,2529.0,2403.213135,265972
2015-04-07,2529.0,2609.0,2529.0,2600.0,2470.681885,356020
2015-04-08,2610.0,2633.0,2577.0,2600.0,2470.681885,372051
2015-04-09,2603.0,2604.0,2561.0,2585.0,2456.427734,323204
2015-04-10,2586.0,2624.0,2586.0,2615.0,2484.935547,370855
2015-04-13,2624.97998,2624.97998,2624.97998,2624.0,2493.488037,183894
2015-04-14,2615.0,2652.0,2611.0,2629.0,2498.2392579999996,276183
2015-04-15,2627.0,2672.0,2624.0,2664.0,2531.498535,342255
2015-04-16,2684.0,2684.0,2647.0,2655.0,2522.946045,289439
2015-04-17,2610.0,2650.0,2601.0,2619.0,2488.736816,519389
2015-04-20,2630.0,2648.0,2609.0,2623.0,2492.537598,754213
2015-04-21,2629.0,2677.0,2628.469971,2664.0,2531.498535,411260
2015-04-22,2685.0,2685.0,2633.0,2650.0,2518.195068,805321
2015-04-23,2646.0,2683.0,2641.0,2680.0,2546.7028809999997,347552
2015-04-24,2683.0,2709.0,2667.0,2684.0,2550.503662,695798
2015-04-27,2692.0,2692.0,2651.0,2677.0,2543.8520510000003,443315
2015-04-28,2681.0,2705.0,2648.0,2654.0,2521.99585,342084
2015-04-29,2668.0,2689.0,2604.0,2604.0,2474.482422,490987
2015-04-30,2597.0,2616.0,2576.0,2612.0,2482.084717,581989
2015-05-01,2613.0,2633.0,2584.0,2626.0,2495.388428,141820
2015-05-05,2626.0,2683.0,2626.0,2631.0,2500.139893,413613
2015-05-06,2631.0,2659.0,2625.0,2630.0,2499.189697,369573
2015-05-07,2623.0,2630.0,2580.0,2613.0,2483.035156,521446
2015-05-08,2661.0,2709.0,2623.0,2650.0,2518.195068,531723
2015-05-11,2646.0,2677.0,2640.0,2656.0,2523.896484,366568
2015-05-12,2648.0,2655.0,2600.0,2638.0,2506.7919920000004,294125
2015-05-13,2641.0,2673.0,2641.0,2666.0,2533.39917,215668
2015-05-14,2671.0,2724.0,2649.0,2705.0,2570.459229,447287
2015-05-15,2712.0,2742.0,2683.0,2695.0,2560.956787,465662
2015-05-18,2705.0,2709.0,2663.0,2667.0,2534.349365,447407
2015-05-19,2668.0,2695.0,2658.0,2668.0,2535.299561,349226
2015-05-20,2674.0,2678.0,2609.0,2633.0,2502.040039,440954
2015-05-21,2596.0,2615.0,2582.0,2604.0,2505.986328,429988
2015-05-22,2602.0,2634.0,2593.0,2627.0,2528.120605,484597
2015-05-26,2627.0,2628.0,2556.0,2566.0,2469.41626,344985
2015-05-27,2566.0,2585.0,2566.0,2576.0,2479.040039,925443
2015-05-28,2550.0,2561.0,2500.0,2537.0,2441.5078129999997,511235
2015-05-29,2534.0,2536.0,2499.0,2501.0,2406.863037,834964
2015-06-01,2505.0,2546.0,2498.0,2524.0,2428.997314,496627
2015-06-02,2538.0,2563.0,2520.0,2543.0,2447.281982,490613
2015-06-03,2543.0,2581.0,2527.0,2570.0,2473.2661129999997,416541
2015-06-04,2565.0,2574.0,2536.0,2560.0,2463.64209,315077
2015-06-05,2548.0,2551.0,2521.0,2545.0,2449.206787,299769
2015-06-08,2545.0,2559.0,2525.0,2554.0,2457.868164,198312
2015-06-09,2557.0,2557.0,2526.0,2540.0,2444.39502,355699
2015-06-10,2538.0,2550.0,2522.0,2549.0,2453.056396,399665
2015-06-11,2541.0,2561.0,2514.0,2531.0,2435.7338870000003,337538
2015-06-12,2529.0,2529.0,2493.0,2499.0,2404.938232,393987
2015-06-15,2487.0,2492.0,2456.0,2461.0,2368.368408,325877
2015-06-16,2457.0,2475.0,2427.0,2472.0,2378.95459,427287
2015-06-17,2472.0,2529.0,2442.0,2455.0,2362.594482,317196
2015-06-18,2444.0,2447.0,2428.0,2443.0,2351.045898,314474
2015-06-19,2447.0,2465.0,2435.0,2453.0,2360.669434,608383
2015-06-22,2473.0,2477.0,2441.0,2467.0,2374.142822,384990
2015-06-23,2482.0,2507.0,2449.0,2466.0,2373.18042,442391
2015-06-24,2471.0,2474.0,2445.0,2452.0,2359.707275,597241
2015-06-25,2446.0,2447.840088,2428.0,2442.0,2350.08374,603713
2015-06-26,2440.0,2440.0,2413.0,2422.0,2330.8364260000003,312722
2015-06-29,2378.0,2488.0,2370.0,2472.0,2378.95459,741432
2015-06-30,2461.0,2466.0,2424.0,2450.0,2357.782715,685452
2015-07-01,2466.0,2476.0,2450.0,2462.0,2369.330811,363981
2015-07-02,2411.0,2437.0,2357.0,2383.0,2293.3041989999997,617028
2015-07-03,2373.0,2392.0,2363.0,2384.0,2294.266602,288331
2015-07-06,2367.0,2374.0,2349.0,2355.0,2266.358154,291374
2015-07-07,2354.0,2377.0,2326.0,2327.0,2239.412109,511920
2015-07-08,2332.0,2345.0,2314.0,2323.0,2235.5629879999997,379163
2015-07-09,2326.0,2366.0,2316.0,2360.0,2271.170166,404827
2015-07-10,2384.0,2388.0,2366.0,2377.0,2287.530273,335257
2015-07-13,2396.0,2401.0,2374.0,2389.0,2299.0786129999997,336463
2015-07-14,2383.0,2388.0,2364.0,2369.0,2279.831543,777614
2015-07-15,2373.0,2386.0,2344.0,2378.0,2288.492432,436088
2015-07-16,2389.0,2413.0,2382.0,2409.0,2318.325684,309770
2015-07-17,2410.0,2469.0,2410.0,2435.0,2343.347168,509096
2015-07-20,2432.0,2445.0,2395.0,2408.0,2317.363525,339591
2015-07-21,2408.0,2415.0,2385.0,2395.0,2304.852783,309102
2015-07-22,2377.0,2381.0,2341.0,2352.0,2263.471191,347127
2015-07-23,2374.0,2379.0,2350.0,2370.0,2280.793701,479291
2015-07-24,2363.0,2386.0,2344.0,2352.0,2263.471191,403156
2015-07-27,2340.0,2414.0,2336.0,2357.0,2268.282959,405713
2015-07-28,2368.0,2387.0,2351.0,2371.0,2281.756348,303515
2015-07-29,2383.0,2420.0,2367.0,2419.0,2327.949463,774644
2015-07-30,2423.0,2444.0,2419.0,2438.0,2346.234375,392100
2015-07-31,2446.0,2454.0,2405.0,2447.0,2354.895752,599226
2015-08-03,2719.0,2773.0,2591.0,2721.0,2618.58252,1238212
2015-08-04,2710.0,2721.0,2648.0,2713.0,2610.883545,823182
2015-08-05,2721.0,2754.0,2688.0,2750.0,2646.490967,453396
2015-08-06,2747.0,2753.0,2708.0,2710.0,2607.996338,248868
2015-08-07,2675.0,2709.0,2656.0,2697.0,2595.485596,587574
2015-08-10,2694.0,2715.0,2657.0,2710.0,2607.996338,437142
2015-08-11,2703.0,2707.0,2662.0,2667.0,2566.614502,460873
2015-08-12,2656.0,2682.600098,2616.0,2655.0,2555.06665,450872
2015-08-13,2680.0,2698.0,2664.0,2672.0,2571.4267579999996,734676
2015-08-14,2678.0,2691.0,2660.0,2665.0,2564.690186,286180
2015-08-17,2693.0,2693.0,2651.0,2662.0,2561.802979,181936
2015-08-18,2657.0,2680.0,2641.0,2657.0,2556.991211,274376
2015-08-19,2649.0,2649.5,2602.0,2602.0,2504.061279,256300
2015-08-20,2584.0,2619.0,2578.5,2580.0,2482.889648,376902
2015-08-21,2550.0,2583.0,2535.0,2535.0,2439.5830079999996,420289
2015-08-24,2471.0,2478.0,2374.0,2423.0,2331.798828,746289
2015-08-25,2443.0,2505.0,2435.0,2493.0,2399.1640629999997,673895
2015-08-26,2470.0,2507.0,2442.0,2464.0,2371.255615,509037
2015-08-27,2508.0,2555.0,2494.0,2533.0,2437.658447,653120
2015-08-28,2530.0,2544.0,2490.0,2536.0,2440.545654,512662
2015-09-01,2536.0,2536.0,2438.0,2440.0,2348.158691,701156
2015-09-02,2447.0,2482.0,2429.0,2451.0,2358.744873,532929
2015-09-03,2472.0,2537.0,2463.0,2530.0,2434.77124,457179
2015-09-04,2515.0,2524.0,2435.0,2436.0,2344.30957,376823
2015-09-07,2455.0,2464.0,2435.0,2447.0,2354.895752,238476
2015-09-08,2455.0,2498.0,2447.320068,2489.0,2395.314697,342064
2015-09-09,2525.0,2558.679932,2514.0,2531.0,2435.7338870000003,468493
2015-09-10,2511.0,2536.0,2510.399902,2526.0,2430.921875,445275
2015-09-11,2536.0,2537.0,2479.0,2493.0,2399.1640629999997,228935
2015-09-14,2502.0,2518.0,2455.0,2473.0,2379.9169920000004,335101
2015-09-15,2472.0,2516.0,2441.0,2514.0,2419.373779,275053
2015-09-16,2526.0,2545.0,2503.0,2507.0,2412.636963,266210
2015-09-17,2501.0,2510.73999,2445.0,2475.0,2381.841797,539405
2015-09-18,2470.0,2470.0,2430.0,2441.0,2349.121338,682176
2015-09-21,2437.0,2472.0,2426.0,2433.0,2341.4223629999997,444502
2015-09-22,2426.0,2431.0,2375.0,2394.0,2303.8903809999997,370757
2015-09-23,2398.0,2443.0,2380.0,2423.0,2331.798828,420411
2015-09-24,2419.0,2427.0,2350.0,2361.0,2272.132568,293561
2015-09-25,2400.0,2424.0,2392.0,2418.0,2326.987061,321336
2015-09-28,2406.0,2406.0,2315.0,2328.0,2240.374268,510228
2015-09-29,2300.0,2356.0,2296.0,2346.0,2257.697021,361638
2015-09-30,2386.0,2450.0,2376.0,2431.0,2339.497559,466182
2015-10-01,2445.0,2484.0,2443.0,2471.0,2394.73877,476414
2015-10-02,2487.0,2524.0,2475.0,2493.0,2416.059326,572371
2015-10-05,2528.0,2579.0,2528.0,2573.0,2493.590576,346043
2015-10-06,2584.0,2599.0,2554.0,2559.0,2480.022705,312191
2015-10-07,2570.0,2596.0,2542.0,2553.0,2474.2080079999996,319769
2015-10-08,2558.0,2572.0,2526.0,2549.0,2470.331299,312057
2015-10-09,2562.0,2600.0,2555.0,2575.0,2495.528809,314203
2015-10-12,2566.0,2586.0,2564.820068,2565.0,2485.837402,297880
2015-10-13,2571.0,2573.0,2504.0,2512.0,2434.473389,322333
2015-10-14,2530.0,2590.0,2529.0,2577.0,2497.467285,728992
2015-10-15,2600.0,2629.0,2587.0,2615.0,2534.294434,453814
2015-10-16,2633.0,2636.0,2577.0,2586.0,2506.189209,399929
2015-10-19,2568.0,2597.0,2564.0,2593.0,2512.973145,159481
2015-10-20,2610.0,2613.0,2586.0,2593.0,2512.973145,271975
2015-10-21,2604.0,2611.0,2581.0,2593.0,2512.973145,258038
2015-10-22,2587.0,2594.0,2545.0,2563.0,2483.89917,295964
2015-10-23,2576.0,2610.0,2575.0,2606.0,2525.572021,260014
2015-10-26,2609.0,2630.840088,2601.0,2612.0,2531.387207,250365
2015-10-27,2603.0,2605.0,2568.0,2568.0,2488.744873,206242
2015-10-28,2579.0,2607.0,2559.0,2598.0,2517.818848,229023
2015-10-29,2600.0,2602.300049,2579.0,2595.0,2514.911621,279413
2015-10-30,2610.0,2642.0,2609.0,2625.0,2543.98584,449762
2015-11-02,2618.0,2642.0,2610.0,2616.0,2535.263428,357357
2015-11-03,2618.0,2638.0,2608.0,2633.0,2551.73877,464826
2015-11-04,2641.0,2708.0,2636.0,2697.0,2613.763672,356879
2015-11-05,2700.0,2704.5,2597.0,2604.0,2523.633789,558407
2015-11-06,2604.0,2637.0,2597.0,2607.0,2526.541016,288145
2015-11-09,2616.0,2616.0,2558.0,2561.0,2481.960693,245649
2015-11-10,2570.0,2581.0,2525.0,2534.0,2455.794189,359103
2015-11-11,2542.0,2595.0,2539.0,2589.0,2509.096436,286164
2015-11-12,2588.0,2588.0,2530.0,2530.0,2451.91748,261534
2015-11-13,2527.0,2552.0,2511.0,2550.0,2471.300537,308441
2015-11-16,2530.0,2575.0,2530.0,2563.0,2483.89917,195415
2015-11-17,2589.0,2646.0,2581.0,2646.0,2564.337646,221632
2015-11-18,2634.0,2653.0,2624.0,2639.0,2557.553467,355095
2015-11-19,2657.0,2674.0,2644.0,2657.0,2574.998047,375264
2015-11-20,2662.0,2663.0,2635.0,2639.0,2557.553467,232381
2015-11-23,2618.0,2630.0,2581.0,2581.0,2501.34375,400904
2015-11-24,2645.0,2678.0,2613.0,2665.0,2582.750977,1184225
2015-11-25,2676.0,2759.0,2671.0,2740.0,2655.436523,387338
2015-11-26,2745.0,2761.0,2740.0,2747.0,2662.220215,211645
2015-11-27,2729.0,2773.0,2724.0,2756.0,2670.942627,243842
2015-11-30,2753.0,2827.0,2753.0,2827.0,2739.751465,515711
2015-12-01,2846.0,2876.0,2837.0,2866.0,2777.547852,473815
2015-12-02,2863.0,2881.0,2854.0,2873.0,2784.331787,285037
2015-12-03,2877.0,2949.0,2842.0,2842.0,2754.2885739999997,434220
2015-12-04,2826.0,2856.0,2804.0,2853.0,2764.948975,365656
2015-12-07,2862.0,2887.0,2857.0,2867.0,2778.51709,259772
2015-12-08,2867.0,2878.0,2800.0,2800.0,2713.584717,756727
2015-12-09,2803.0,2810.0,2762.0,2762.0,2676.757568,348855
2015-12-10,2702.0,2726.0,2679.0,2708.0,2624.424316,554646
2015-12-11,2699.0,2716.0,2651.0,2676.0,2593.411621,692888
2015-12-14,2671.0,2694.0,2661.0,2661.0,2578.8745120000003,560808
2015-12-15,2679.0,2698.0,2647.0,2684.0,2601.164795,390073
2015-12-16,2676.0,2721.0,2671.0,2680.0,2597.288086,537902
2015-12-17,2732.0,2752.0,2715.0,2738.0,2653.498291,830106
2015-12-18,2729.0,2731.0,2700.0,2715.0,2631.2080079999996,391903
2015-12-21,2700.0,2737.0,2694.0,2706.0,2622.485596,210293
2015-12-22,2723.0,2736.0,2699.0,2730.0,2645.744873,180139
2015-12-23,2747.0,2781.0,2747.0,2778.0,2692.263672,171604
2015-12-24,2795.0,2806.0,2782.0,2790.0,2703.893555,22870
2015-12-29,2790.0,2810.0,2764.0,2806.0,2719.399414,227361
2015-12-30,2798.0,2826.0,2792.0,2796.0,2709.708252,195857
2015-12-31,2811.0,2811.0,2767.0,2777.0,2691.294678,43286
2016-01-04,2777.0,2777.0,2714.0,2748.0,2663.189453,322252
2016-01-05,2761.0,2779.0,2728.0,2747.0,2662.220215,183435
2016-01-06,2736.0,2744.0,2693.0,2722.0,2637.991943,690004
2016-01-07,2656.0,2695.0,2629.0,2682.0,2599.2265629999997,456121
2016-01-08,2682.0,2710.0,2658.0,2658.0,2575.967285,994994
2016-01-11,2658.0,2715.0,2653.0,2689.0,2606.010254,360559
2016-01-12,2690.0,2738.0,2675.0,2725.0,2640.899658,379844
2016-01-13,2753.0,2754.0,2735.0,2752.0,2667.066162,392002
2016-01-14,2722.0,2732.0,2680.0,2714.0,2630.239014,454433
2016-01-15,2713.0,2733.0,2632.0,2656.0,2574.029053,357356
2016-01-18,2652.0,2690.0,2643.0,2655.0,2573.059814,197863
2016-01-19,2696.0,2732.0,2692.0,2725.0,2640.899658,462415
2016-01-20,2686.0,2710.0,2675.0,2685.0,2602.133789,726699
2016-01-21,2689.0,2733.0,2689.0,2725.0,2640.899658,390786
2016-01-22,2765.0,2785.0,2754.0,2775.0,2689.356445,315751
2016-01-25,2795.0,2801.0,2771.0,2780.0,2694.201904,384179
2016-01-26,2741.0,2759.0,2719.1201170000004,2752.0,2667.066162,1052549
2016-01-27,2755.0,2770.0,2733.0,2763.0,2677.726807,426881
2016-01-28,2730.0,2801.0,2715.0,2776.0,2690.325195,502541
2016-01-29,2807.0,2850.0,2782.0,2830.0,2742.658691,781567
2016-02-01,2840.0,2848.0,2775.0,2796.0,2709.708252,383236
2016-02-02,2795.0,2800.0,2756.0,2767.0,2681.603516,409058
2016-02-03,2762.0,2798.0,2739.0,2753.0,2668.0354,480460
2016-02-04,2799.0,2818.0,2757.0,2799.0,2712.615723,455592
2016-02-05,2805.0,2834.0,2776.0,2782.0,2696.1401370000003,430083
2016-02-08,2796.0,2799.0,2708.0,2718.0,2634.115234,444971
2016-02-09,2720.0,2748.0,2659.0,2679.0,2596.319336,622097
2016-02-10,2689.0,2696.0,2650.0,2666.0,2583.720459,341404
2016-02-11,2653.0,2653.0,2569.0,2628.0,2546.893066,344625
2016-02-12,2646.0,2690.0,2643.0,2668.0,2585.658203,488031
2016-02-15,2702.0,2737.0,2702.0,2727.0,2642.837646,202544
2016-02-16,2738.0,2784.0,2731.0,2767.0,2681.603516,256302
2016-02-17,2767.0,2915.0,2767.0,2906.0,2816.313232,610569
2016-02-18,2924.0,2936.0,2888.0,2909.0,2819.220459,395892
2016-02-19,2904.0,2921.0,2866.0,2891.0,2801.7763670000004,302914
2016-02-22,2911.0,2941.0,2904.0,2916.0,2826.004639,275896
2016-02-23,2895.0,2897.0,2796.0,2831.0,2743.62793,615515
2016-02-24,2836.0,2892.0,2832.0,2881.0,2792.084961,844586
2016-02-25,2918.0,2967.0,2887.0,2954.0,2862.832031,506275
2016-02-26,2982.0,2988.0,2916.0,2925.0,2834.727295,398444
2016-02-29,2919.0,2935.0,2888.0,2922.0,2831.81958,689753
2016-03-01,2907.0,3030.0,2907.0,3004.0,2911.2890629999997,619145
2016-03-02,3000.0,3015.0,2858.0,2865.0,2776.5786129999997,932070
2016-03-03,2891.0,3043.0,2890.0,3011.0,2918.072754,961161
2016-03-04,3012.0,3132.0,3003.0,3092.0,2996.572754,893115
2016-03-07,3084.0,3143.139893,3078.0,3112.0,3015.955566,720050
2016-03-08,3094.0,3128.0,3051.0,3060.0,2965.560547,588368
2016-03-09,3070.0,3070.0,3024.0,3041.0,2947.146973,565412
2016-03-10,3041.0,3054.0,2992.0,2999.0,2906.443115,582781
2016-03-11,3041.0,3076.0,3025.0,3062.0,2967.498779,421272
2016-03-14,3084.0,3127.0,3062.0,3097.0,3001.418701,366837
2016-03-15,3091.0,3098.0,3065.0,3087.0,2991.727295,319519
2016-03-16,3089.0,3108.0,3074.0,3095.0,2999.480225,347483
2016-03-17,3122.0,3122.0,3070.0,3111.0,3014.986572,406942
2016-03-18,3121.0,3160.0,3120.0,3152.0,3054.721191,763898
2016-03-21,3138.0,3144.0,3106.0,3113.0,3016.924561,468233
2016-03-22,3108.0,3128.0,3079.0,3126.0,3029.5234379999997,379840
2016-03-23,3120.0,3144.0,3111.0,3142.0,3045.029785,406932
2016-03-24,3125.0,3160.0,3116.0,3122.0,3025.646973,239937
2016-03-29,3122.0,3174.0,3122.0,3172.0,3074.10376,271373
2016-03-30,3199.0,3202.0,3166.0,3181.0,3082.825928,1391259
2016-03-31,3167.0,3188.0,3163.0,3167.0,3069.258545,362895
2016-04-01,3151.0,3189.0,3131.0,3170.0,3072.165771,383409
2016-04-04,3166.0,3207.0,3153.0,3192.0,3093.486572,267399
2016-04-05,3171.0,3199.0,3142.0,3197.0,3098.332031,452849
2016-04-06,3201.0,3229.0,3182.0,3229.0,3129.344971,465445
2016-04-07,3234.0,3237.0,3184.0,3197.0,3098.332031,360157
2016-04-08,3194.0,3233.0,3182.0,3230.0,3130.313721,265891
2016-04-11,3219.0,3225.0,3133.0,3162.0,3064.412354,407103
2016-04-12,3162.0,3162.0,3084.0,3150.0,3052.782959,478548
2016-04-13,3171.0,3206.0,3168.889893,3189.0,3090.579102,438536
2016-04-14,3194.0,3203.0,3158.0,3163.0,3065.381592,350314
2016-04-15,3166.0,3166.0,3134.0,3163.0,3065.381592,423656
2016-04-18,3140.0,3185.0,3136.0,3172.0,3074.10376,308909
2016-04-19,3171.0,3230.0,3156.0,3230.0,3130.313721,446211
2016-04-20,3230.0,3335.0,3223.0,3306.0,3203.9682620000003,854060
2016-04-21,3302.0,3317.0,3269.0,3315.0,3212.690674,491419
2016-04-22,3300.0,3305.0,3281.0,3288.0,3186.5234379999997,375963
2016-04-25,3294.0,3337.0,3289.0,3326.0,3223.35083,455245
2016-04-26,3338.0,3348.0,3309.0,3321.0,3218.505371,362321
2016-04-27,3307.0,3325.0,3289.0,3301.0,3199.122559,348067
2016-04-28,3291.0,3300.0,3249.0,3295.0,3193.3076170000004,300648
2016-04-29,3266.0,3297.0,3244.0,3257.0,3156.480469,319528
2016-05-03,3257.0,3320.0,3247.0,3292.0,3190.400146,515310
2016-05-04,3285.0,3308.0,3274.0,3300.0,3198.153564,403952
2016-05-05,3303.0,3309.0,3283.0,3301.0,3199.122559,169951
2016-05-06,3297.0,3319.0,3267.0,3286.0,3184.5854489999997,295094
2016-05-09,3298.0,3326.0,3253.0,3263.0,3162.29541,639597
2016-05-10,3283.0,3296.0,3259.0,3276.0,3174.894043,399102
2016-05-11,3270.0,3356.0,3270.0,3345.0,3241.764648,652590
2016-05-12,3334.0,3356.110107,3321.0,3326.0,3223.35083,457702
2016-05-13,3305.0,3330.0,3268.0,3328.0,3225.2895510000003,394754
2016-05-16,3314.0,3351.0,3304.0,3349.0,3245.641357,195543
2016-05-17,3360.0,3377.0,3341.0,3347.0,3243.7026370000003,370581
2016-05-18,3334.0,3350.0,3317.0,3336.0,3233.042236,311741
2016-05-19,3284.0,3293.0,3255.0,3255.0,3188.279297,273430
2016-05-20,3276.0,3302.0,3267.0,3292.0,3224.520996,419302
2016-05-23,3287.0,3309.0,3281.0,3291.0,3223.54126,282000
2016-05-24,3281.0,3310.0,3274.0,3297.0,3229.418457,492035
2016-05-25,3266.0,3266.0,3103.0,3112.0,3048.210205,1244592
2016-05-26,3116.0,3158.0,3087.0,3150.0,3085.431396,527071
2016-05-27,3143.0,3154.0,3129.0,3150.0,3085.431396,421753
2016-05-31,3150.0,3175.0,3119.0,3137.0,3072.697998,669272
2016-06-01,3141.0,3155.0,3115.0,3155.0,3090.329102,408981
2016-06-02,3151.0,3166.0,3143.0,3156.0,3091.308594,376744
2016-06-03,3171.0,3173.0,3139.0,3167.0,3102.0830079999996,325683
2016-06-06,3168.0,3218.0,3166.0,3208.0,3142.2426760000003,288153
2016-06-07,3212.0,3241.0,3207.0,3230.0,3163.791748,306535
2016-06-08,3228.0,3249.0,3210.0,3247.0,3180.443115,293635
2016-06-09,3238.0,3282.0,3228.0,3260.0,3193.1767579999996,488473
2016-06-10,3252.0,3252.0,3159.0,3172.0,3106.980469,516452
2016-06-13,3160.0,3175.0,3136.0,3149.0,3084.451904,367239
2016-06-14,3142.0,3142.0,3092.0,3113.0,3049.189941,596386
2016-06-15,3109.0,3142.0,3099.0,3100.0,3036.456543,577523
2016-06-16,3065.0,3098.0,3058.0,3087.0,3023.723145,396716
2016-06-17,3111.0,3131.0,3089.0,3092.0,3028.620361,745229
2016-06-20,3155.0,3186.0,3122.0,3153.0,3088.369873,361709
2016-06-21,3149.0,3169.0,3125.0,3150.0,3085.431396,441879
2016-06-22,3167.0,3182.0,3142.0,3142.0,3077.595459,330514
2016-06-23,3170.0,3237.0,3154.0,3215.0,3149.099121,311503
2016-06-24,3191.0,3213.0,3066.0,3195.0,3129.509033,617452
2016-06-27,3147.0,3217.0,3102.0,3105.0,3041.35376,481807
2016-06-28,3168.0,3253.0,3150.0,3235.0,3168.689209,431648
2016-06-29,3267.0,3336.0,3254.0,3336.0,3267.618652,379081
2016-06-30,3337.0,3479.0,3329.0,3479.0,3407.687744,654406
2016-07-01,3487.0,3515.0,3452.0,3499.0,3427.277832,454082
2016-07-04,3524.0,3553.0,3505.0,3505.0,3433.154785,283284
2016-07-05,3515.0,3533.0,3487.0,3513.0,3440.990967,374230
2016-07-06,3500.0,3555.0,3457.0,3477.0,3405.72876,541011
2016-07-07,3493.0,3526.0,3471.0,3523.0,3450.7856450000004,455162
2016-07-08,3512.0,3536.0,3479.0,3536.0,3463.5192869999996,346256
2016-07-11,3560.0,3590.0,3517.0,3579.0,3505.6376950000003,354107
2016-07-12,3574.0,3582.0,3525.0,3535.0,3462.540039,395920
2016-07-13,3539.0,3578.0,3529.0,3543.0,3470.375732,483445
2016-07-14,3566.0,3574.0,3527.0,3543.0,3470.375732,287503
2016-07-15,3552.0,3613.0,3529.0,3601.0,3527.186768,372002
2016-07-18,3584.0,3607.0,3549.0,3580.0,3506.617432,357831
2016-07-19,3566.0,3611.0,3566.0,3598.0,3524.248535,445286
2016-07-20,3610.0,3662.0,3605.0,3641.0,3566.366943,347665
2016-07-21,3639.0,3646.399902,3590.0,3616.0,3541.8793950000004,288397
2016-07-22,3619.0,3640.0,3603.0,3630.0,3555.592285,210576
2016-07-25,3627.0,3648.0,3604.0,3621.0,3546.7768549999996,414939
2016-07-26,3625.0,3667.0,3622.0,3650.0,3575.1823729999996,533580
2016-07-27,3641.0,3698.0,3637.0,3654.0,3579.10083,416319
2016-07-28,3666.0,3691.0,3644.0,3680.0,3604.5676270000004,644607
2016-07-29,3706.0,3706.0,3606.0,3625.0,3550.695068,741728
2016-08-01,3610.0,3635.0900880000004,3506.0,3545.0,3472.334717,1012495
2016-08-02,3509.0,3510.4099119999996,3456.0,3475.0,3403.769775,638162
2016-08-03,3483.0,3483.0,3447.0,3447.0,3376.343506,599643
2016-08-04,3468.0,3499.0,3407.0,3478.0,3406.7080079999996,513867
2016-08-05,3475.0,3506.0,3455.0,3472.0,3400.8312990000004,333110
2016-08-08,3472.0,3490.0,3455.0,3482.0,3410.625977,474439
2016-08-09,3492.0,3535.0,3472.0,3525.0,3452.744629,368778
2016-08-10,3532.0,3567.1599119999996,3514.0,3567.0,3493.883789,495324
2016-08-11,3577.0,3663.0,3564.0,3663.0,3587.9160159999997,567969
2016-08-12,3652.0,3678.0,3645.0,3651.0,3576.1621090000003,492202
2016-08-15,3664.0,3679.0,3642.0,3660.0,3584.977539,403788
2016-08-16,3658.0,3658.0,3615.0,3617.0,3542.858887,245107
2016-08-17,3626.0,3634.0,3601.0,3603.0,3529.1457520000004,278613
2016-08-18,3614.0,3632.0,3598.0,3619.0,3544.817871,292456
2016-08-19,3613.0,3643.0,3602.0,3624.0,3549.7155759999996,252936
2016-08-22,3623.0,3646.0,3601.0,3609.0,3535.022949,254870
2016-08-23,3634.0,3652.0,3619.0,3619.0,3544.817871,209815
2016-08-24,3599.0,3622.0,3566.0,3570.0,3496.8222659999997,216820
2016-08-25,3558.0,3584.0,3538.0,3568.0,3494.8632810000004,250934
2016-08-26,3565.0,3566.0,3529.600098,3551.0,3478.211914,197033
2016-08-30,3551.0,3568.0,3526.0,3536.0,3463.5192869999996,278607
2016-08-31,3525.0,3535.0,3491.0,3491.0,3419.44165,408538
2016-09-01,3500.0,3523.0,3478.0,3498.0,3426.298096,405346
2016-09-02,3517.0,3579.0,3494.0,3568.0,3494.8632810000004,495004
2016-09-05,3583.0,3583.0,3544.0,3553.0,3480.170654,116800
2016-09-06,3555.0,3569.0,3531.0,3541.0,3468.4167479999996,225933
2016-09-07,3541.0,3576.0,3541.0,3566.0,3492.904297,262683
2016-09-08,3575.0,3605.0,3563.0,3583.0,3509.555908,330468
2016-09-09,3575.0,3576.0,3459.0,3477.0,3405.72876,328061
2016-09-12,3451.0,3453.0,3406.0,3453.0,3382.220703,305044
2016-09-13,3454.0,3476.0,3422.830078,3423.0,3352.835693,510301
2016-09-14,3442.0,3476.0,3435.0,3466.0,3394.954102,293211
2016-09-15,3459.0,3489.0,3457.0,3486.0,3414.5444340000004,249325
2016-09-16,3481.0,3504.0,3466.0,3492.0,3420.421143,628174
2016-09-19,3515.0,3525.0,3490.0,3517.0,3444.908936,157371
2016-09-20,3503.0,3558.0,3501.0,3534.0,3461.5600590000004,198651
2016-09-21,3539.0,3551.0,3496.0,3505.0,3433.154785,182795
2016-09-22,3531.0,3586.0,3531.0,3563.0,3489.9658200000003,196386
2016-09-23,3574.0,3577.0,3536.0,3544.0,3471.3554689999996,204999
2016-09-26,3543.0,3543.0,3473.0,3487.0,3415.523682,247410
2016-09-27,3508.0,3514.0,3463.0,3481.0,3409.646729,218050
2016-09-28,3492.0,3511.0,3468.0,3488.0,3416.5031740000004,231326
2016-09-29,3487.0,3506.0,3475.0,3500.0,3447.4316409999997,290897
2016-09-30,3486.0,3496.0,3453.0,3489.0,3436.5969240000004,350593
2016-10-03,3483.0,3559.0,3482.0,3542.0,3488.8007810000004,381485
2016-10-04,3616.0,3766.0,3544.820068,3727.0,3671.022217,1288487
2016-10-05,3779.0,3806.0,3544.820068,3690.0,3634.577881,683928
2016-10-06,3718.0,3727.0,3686.0,3691.0,3635.562988,390777
2016-10-07,3711.0,3726.5600590000004,3684.0,3710.0,3654.2775880000004,556013
2016-10-10,3717.0,3754.0,3693.0,3714.0,3658.217529,293162
2016-10-11,3712.0,3726.0,3688.0,3689.0,3633.593018,302316
2016-10-12,3685.0,3695.0,3636.0,3642.0,3587.298828,273319
2016-10-13,3581.0,3630.0,3569.0,3615.0,3560.704346,541874
2016-10-14,3611.0,3643.0,3611.0,3615.0,3560.704346,253407
2016-10-17,3611.0,3611.0,3583.0,3588.0,3534.109863,260669
2016-10-18,3589.0,3598.0,3519.0,3568.0,3514.4104,630335
2016-10-19,3560.0,3586.0,3528.0,3570.0,3516.380371,543051
2016-10-20,3559.0,3577.0,3509.639893,3520.0,3467.131348,437523
2016-10-21,3525.0,3528.0,3491.0,3501.0,3448.416504,443147
2016-10-24,3512.0,3531.0,3450.0,3450.0,3398.1826170000004,378836
2016-10-25,3451.0,3480.0,3434.0,3439.0,3387.3479,380042
2016-10-26,3445.0,3458.0,3421.0,3454.0,3402.1225590000004,375353
2016-10-27,3445.0,3465.149902,3419.0,3431.0,3379.468018,506441
2016-10-28,3429.0,3450.0,3400.0,3435.0,3383.4079590000006,372352
2016-10-31,3421.0,3439.0,3414.0,3418.0,3366.663086,460461
2016-11-01,3416.0,3428.0,3351.0,3357.0,3306.579346,475253
2016-11-02,3348.0,3365.0,3292.0,3317.0,3267.1801760000003,755257
2016-11-03,3310.0,3320.0,3258.0,3265.0,3215.961182,483703
2016-11-04,3252.0,3263.0,3215.0,3221.0,3172.62207,332621
2016-11-07,3251.0,3273.0,3223.0,3255.0,3206.111572,318086
2016-11-08,3252.0,3294.0,3248.0,3294.0,3244.525635,423611
2016-11-09,3227.0,3292.0,3210.0,3272.0,3222.855957,399162
2016-11-10,3299.0,3337.0,3155.0,3162.0,3114.5083010000003,473712
2016-11-11,3160.0,3169.0,3075.0,3081.0,3034.724854,544141
2016-11-14,3103.0,3113.0,3037.389893,3038.0,2992.370605,482294
2016-11-15,3370.0,3370.0,3079.0,3148.0,3100.7185059999997,784636
2016-11-16,3153.0,3171.0,3119.0,3135.0,3087.913818,497258
2016-11-17,3130.0,3194.0,3122.0,3188.0,3140.11792,554653
2016-11-18,3192.0,3261.0,3180.0,3228.0,3179.51709,677119
2016-11-21,3242.0,3255.0,3195.0,3244.0,3195.276611,518936
2016-11-22,3208.0,3256.0,3178.0,3178.0,3130.267822,840995
2016-11-23,3182.0,3209.0,3173.0,3180.0,3132.237793,347897
2016-11-24,3269.0,3277.0,3196.0,3221.0,3172.62207,249813
2016-11-25,3222.0,3230.0,3177.0,3219.0,3170.652344,258029
2016-11-28,3222.0,3264.0,3212.0,3250.0,3201.186523,968876
2016-11-29,3254.0,3254.0,3211.0,3250.0,3201.186523,637350
2016-11-30,3257.0,3387.0,3254.0,3289.0,3239.60083,927757
2016-12-01,3288.0,3291.0,3223.0,3257.0,3208.081299,416570
2016-12-02,3248.0,3258.0,3193.0,3247.0,3198.231689,433471
2016-12-05,3259.0,3266.0,3204.0,3204.0,3155.877441,482827
2016-12-06,3202.0,3211.0,3161.0,3174.0,3126.328125,473392
2016-12-07,3182.0,3212.0,3163.0,3207.0,3158.832275,416131
2016-12-08,3261.0,3282.0,3238.0,3252.0,3203.1564940000003,393478
2016-12-09,3340.0,3388.0,3283.0,3339.0,3288.849854,480836
2016-12-12,3335.0,3348.0,3309.0,3316.0,3266.1953129999997,382552
2016-12-13,3322.0,3361.0,3295.0,3344.0,3293.774658,411124
2016-12-14,3337.0,3363.0,3323.0,3341.0,3290.8198239999997,285396
2016-12-15,3347.0,3347.0,3286.0,3312.0,3262.255371,408887
2016-12-16,3316.0,3347.0,3310.0,3333.0,3282.939941,415779
2016-12-19,3343.0,3362.0,3309.0,3352.0,3301.654541,277594
2016-12-20,3359.0,3359.0,3317.0,3338.0,3287.86499,333971
2016-12-21,3341.0,3341.0,3316.0,3318.0,3268.165283,407544
2016-12-22,3321.0,3418.0,3321.0,3414.0,3362.7231450000004,360548
2016-12-23,3417.0,3418.0,3386.0,3397.0,3345.97876,75287
2016-12-28,3397.0,3436.0,3370.0,3431.0,3379.468018,380256
2016-12-29,3416.0,3447.0,3414.0,3432.0,3380.452881,214031
2016-12-30,3441.0,3481.0,3428.0,3481.0,3428.7170409999994,280041
2017-01-03,3481.0,3522.0,3457.0,3483.0,3430.687012,419345
2017-01-04,3496.0,3496.0,3464.0,3467.0,3414.927246,340413
2017-01-05,3461.0,3477.0,3433.0,3437.0,3385.3779299999997,293892
2017-01-06,3434.0,3486.0,3431.0,3480.0,3427.732178,197140
2017-01-09,3491.0,3506.0,3469.0,3479.0,3426.7470700000003,235987
2017-01-10,3465.0,3494.0,3455.0,3467.0,3414.927246,219783
2017-01-11,3469.0,3524.0,3469.0,3510.0,3457.281494,296369
2017-01-12,3512.0,3557.0,3487.0,3550.0,3496.680664,317124
2017-01-13,3547.0,3553.0,3536.0,3547.0,3493.72583,248414
2017-01-16,3545.0,3577.0,3533.0,3563.0,3509.485596,317485
2017-01-17,3502.0,3510.0,3405.0,3449.0,3397.197754,882193
2017-01-18,3443.0,3474.0,3420.0,3462.0,3410.0024409999996,441195
2017-01-19,3520.0,3525.0,3462.0,3478.0,3425.762207,399857
2017-01-20,3483.0,3500.0,3454.0,3457.0,3405.077637,504375
2017-01-23,3450.0,3459.0,3423.0,3444.0,3392.272705,494441
2017-01-24,3458.0,3462.0,3410.0,3429.0,3377.498047,494029
2017-01-25,3435.0,3471.0,3424.0,3465.0,3412.957275,379098
2017-01-26,3470.0,3478.0,3460.0,3476.0,3423.792236,373730
2017-01-27,3492.0,3492.0,3425.0,3447.0,3395.227783,315176
2017-01-30,3421.0,3448.0,3390.0,3400.0,3348.933594,428390
2017-01-31,3410.0,3431.0,3383.0,3392.0,3341.053955,652897
2017-02-01,3397.0,3445.0,3397.0,3419.0,3367.648438,327535
2017-02-02,3402.0,3457.0,3389.0,3437.0,3385.3779299999997,415878
2017-02-03,3451.0,3466.0,3440.0,3457.0,3405.077637,242572
2017-02-06,3450.0,3480.0,3446.0,3469.0,3416.897217,305782
2017-02-07,3480.0,3508.0,3464.0,3500.0,3447.4316409999997,317054
2017-02-08,3492.0,3502.0,3468.8000490000004,3486.0,3433.641846,351605
2017-02-09,3483.0,3505.0,3474.0,3501.0,3448.416504,371488
2017-02-10,3502.0,3538.0,3495.0,3532.0,3478.950928,289662
2017-02-13,3546.0,3564.0,3528.0,3528.0,3475.010986,427911
2017-02-14,3528.0,3530.0,3487.0,3487.0,3434.626953,476539
2017-02-15,3495.0,3540.0,3490.0,3534.0,3480.921143,538097
2017-02-16,3534.0,3545.0,3504.0,3520.0,3467.131348,277013
2017-02-17,3533.0,3550.0,3524.0,3538.0,3484.8610840000006,304685
2017-02-20,3539.0,3550.0,3509.0,3513.0,3460.236328,255655
2017-02-21,3517.0,3523.0,3500.0,3506.0,3453.341553,318362
2017-02-22,3501.0,3516.0,3488.0,3505.0,3452.356689,364641
2017-02-23,3507.0,3512.0,3472.0,3482.0,3429.702148,379855
2017-02-24,3489.0,3489.0,3414.0,3445.0,3393.257568,511814
2017-02-27,3464.0,3481.0,3448.0,3472.0,3419.852051,338710
2017-02-28,3489.0,3541.0,3481.0,3527.0,3474.0261229999996,547939
2017-03-01,3531.0,3588.0,3528.0,3582.0,3528.1999509999996,444261
2017-03-02,3569.0,3599.0,3550.0,3598.0,3543.959717,386549
2017-03-03,3582.0,3586.0,3547.0,3568.0,3514.4104,326506
2017-03-06,3571.0,3594.0,3551.0,3594.0,3540.0200200000004,618583
2017-03-07,3600.0,3779.0,3594.0,3765.0,3708.45166,1091490
2017-03-08,3760.0,3863.0,3758.0,3790.0,3733.075928,973118
2017-03-09,3823.0,3833.0,3742.0,3793.0,3736.030762,806198
2017-03-10,3802.0,3870.0,3789.0,3855.0,3797.099854,607188
2017-03-13,3860.0,3891.0,3851.679932,3875.0,3816.7993159999996,558054
2017-03-14,3890.0,3898.0,3873.0,3887.0,3828.6191409999997,404937
2017-03-15,3881.0,3907.0,3869.0,3898.0,3839.453857,375451
2017-03-16,3980.0,4024.0,3873.5,3899.0,3840.438721,716743
2017-03-17,3899.0,3908.0,3834.5,3902.0,3843.3937990000004,598235
2017-03-20,3909.0,3926.0,3896.0,3917.0,3858.168457,424273
2017-03-21,3926.0,3926.0,3866.0,3880.0,3821.724365,760480
2017-03-22,3867.0,3883.0,3826.0,3871.0,3812.859375,526659
2017-03-23,3871.0,3925.0,3863.0,3907.0,3848.318604,353517
2017-03-24,3915.0,3935.0,3903.0,3921.0,3862.108398,351748
2017-03-27,3907.0,3930.0,3886.0,3925.0,3866.04834,488355
2017-03-28,3936.0,3936.0,3904.0,3928.0,3869.0031740000004,423897
2017-03-29,3932.0,3955.0,3897.0,3923.0,3864.078369,344669
2017-03-30,3919.0,3950.0,3913.0,3950.0,3890.672852,283422
2017-03-31,3947.0,3947.0,3887.0,3934.0,3874.913086,418358
2017-04-03,3954.0,3961.0,3918.0,3931.0,3871.9582520000004,331521
2017-04-04,3946.0,4026.0,3939.0,3958.0,3898.5527340000003,432482
2017-04-05,3956.0,3984.0,3941.0,3949.0,3889.687988,325004
2017-04-06,3924.0,3984.0,3919.0,3963.0,3903.477539,342055
2017-04-07,3963.0,4030.0,3951.0,3998.0,3937.951904,296331
2017-04-10,3990.0,4019.0,3950.0,4012.0,3951.741699,288306
2017-04-11,3987.0,4021.0,3967.0,4016.0,3955.681396,300764
2017-04-12,4017.0,4061.0,4012.0,4056.0,3995.080811,343369
2017-04-13,4060.0,4073.0,4021.0,4063.0,4001.975586,300705
2017-04-18,4063.0,4063.0,3935.0600590000004,3939.0,3879.838135,505861
2017-04-19,3927.0,3981.0,3927.0,3981.0,3921.207275,591473
2017-04-20,3975.0,3976.0,3928.0,3945.0,3885.748047,444288
2017-04-21,3936.0,3966.0,3930.0,3950.0,3890.672852,331306
2017-04-24,3994.0,4054.0,3963.0,4051.0,3990.155762,310768
2017-04-25,4058.0,4058.0,4033.0,4051.0,3990.155762,309766
2017-04-26,4036.0,4100.0,4015.0,4093.0,4031.525146,321990
2017-04-27,4070.0,4087.0,4050.0,4086.0,4024.630371,226785
2017-04-28,4085.0,4102.0,4052.0,4066.0,4004.930664,364989
2017-05-02,4066.0,4200.0,4063.0,4200.0,4136.917969,971321
2017-05-03,4188.0,4192.0,4131.0,4165.0,4102.443359000001,514530
2017-05-04,4163.0,4172.5,4141.0,4160.0,4097.518555,275374
2017-05-05,4164.0,4165.0,4130.0,4160.0,4097.518555,243079
2017-05-08,4143.0,4196.0,4105.0,4175.0,4112.293457,396291
2017-05-09,4165.0,4213.0,4165.0,4176.0,4113.27832,262250
2017-05-10,4173.0,4176.0,4110.0,4150.0,4087.6689450000003,397825
2017-05-11,4146.0,4180.0,4135.0,4164.0,4101.458496,384471
2017-05-12,4155.0,4170.0,4139.0,4169.0,4106.383301,380441
2017-05-15,4176.0,4179.0,4150.5,4160.0,4097.518555,393337
2017-05-16,4154.0,4214.0,4133.0,4195.0,4131.993164,442780
2017-05-17,4180.0,4224.0,4172.0,4197.0,4133.963379,364175
2017-05-18,4144.0,4159.0,4125.0,4140.0,4120.030761999999,413617
2017-05-19,4151.0,4199.0,4141.0,4167.0,4146.900390999999,541573
2017-05-22,4236.0,4283.0,4206.0,4256.0,4235.471191,485621
2017-05-23,4256.0,4292.0,4249.0,4272.0,4251.394043,348337
2017-05-24,4290.0,4310.0,4247.0,4302.0,4281.249511999999,353508
2017-05-25,4318.0,4332.0,4304.0,4314.0,4293.191406,209297
2017-05-26,4244.0,4303.0,4175.0,4295.0,4274.283203,768241
2017-05-30,4295.0,4295.0,4206.0,4250.0,4229.5,450464
2017-05-31,4260.0,4303.0,4250.600098,4299.0,4278.263672,980444
2017-06-01,4333.0,4338.0,4310.0,4338.0,4317.075684,600242
2017-06-02,4353.0,4366.0,4321.0,4330.0,4309.114258,424770
2017-06-05,4340.0,4346.0,4321.0,4325.0,4304.138184,247186
2017-06-06,4317.0,4380.0,4313.0,4324.0,4303.143066,356516
2017-06-07,4320.0,4348.0,4309.0,4314.0,4293.191406,448686
2017-06-08,4327.0,4336.0,4303.0,4304.0,4283.239746,400687
2017-06-09,4318.0,4390.0,4318.0,4348.0,4327.027344,1129243
2017-06-12,4318.0,4328.0,4297.0,4322.0,4301.152832,328511
2017-06-13,4334.0,4337.0,4302.0,4317.0,4296.176758,413592
2017-06-14,4321.0,4362.0,4306.430176,4334.0,4313.094727000001,285025
2017-06-15,4330.0,4345.129883,4268.0,4305.0,4284.234863000001,392294
2017-06-16,4317.0,4395.0,4304.0,4395.0,4373.800781,1086423
2017-06-19,4411.0,4451.0,4401.0,4438.0,4416.593261999999,260073
2017-06-20,4439.0,4453.0,4422.990234000001,4427.0,4405.646484000001,11703
2017-06-21,4414.0,4451.0,4401.0,4441.0,4419.578613000001,49417
2017-06-22,4440.0,4449.0,4408.5,4419.0,4397.685059,83362
2017-06-23,4400.0,4421.0,4393.040039,4402.0,4380.76709,9085
2017-06-26,4406.0,4424.0,4395.0,4396.0,4374.795897999999,12844
2017-06-27,4384.0,4385.0,4354.0,4372.930176,4351.837402,46942
2017-06-28,4357.0,4379.0,4330.0,4335.0,4314.090332,44996
2017-06-29,4308.0,4299.580078,4213.0,4217.0,4196.65918,43401
2017-06-30,4199.0,4271.0,4180.180176,4217.0,4196.65918,14481
2017-07-03,4160.0,4214.0,4137.0,4193.0,4172.774902,479092
2017-07-04,4186.0,4216.0,4180.0,4185.0,4164.813477000001,195991
2017-07-05,4183.0,4227.0,4172.0,4225.0,4204.620605,242363
2017-07-06,4223.0,4223.0,4142.0,4174.0,4153.866699,266588
2017-07-07,4172.0,4200.0,4160.0,4195.0,4174.765625,318306
2017-07-10,4209.0,4231.0,4181.0,4223.0,4202.630371,325685
2017-07-11,4223.0,4234.0,4159.0,4212.0,4191.683594,365605
2017-07-12,4219.0,4297.0,4216.0,4296.0,4275.27832,343411
2017-07-13,4298.0,4302.0,4271.0,4288.0,4267.316895,250867
2017-07-14,4291.0,4297.0,4250.0,4254.0,4233.480957,1141252
2017-07-17,4248.0,4291.0,4212.0,4246.0,4225.519531,374973
2017-07-18,4218.0,4289.0,4176.0,4230.0,4209.59668,491929
2017-07-19,4235.0,4329.0,4233.0,4329.0,4308.119140999999,480782
2017-07-20,4351.0,4353.0,4306.0,4345.0,4324.041992,327540
2017-07-21,4344.0,4375.0,4301.0,4320.0,4299.162598,295654
2017-07-24,4311.0,4314.0,4216.0,4239.0,4218.553223,470126
2017-07-25,4256.0,4278.0,4228.0,4253.0,4232.48584,248535
2017-07-26,4257.0,4318.0,4256.0,4298.0,4277.268555,325317
2017-07-27,4298.0,4370.0,4288.0,4350.0,4329.017578,382613
2017-07-28,4325.0,4354.0,4300.0,4304.0,4283.239746,316141
2017-07-31,4300.0,4315.0,4257.0,4301.0,4280.253906,549437
2017-08-01,4388.0,4719.0,4388.0,4695.0,4672.353515999999,884333
2017-08-02,4720.0,4737.0,4575.0,4605.0,4582.787598,562207
2017-08-03,4623.0,4680.0,4606.0,4639.0,4616.623535,331638
2017-08-04,4639.0,4707.0,4596.0,4691.0,4668.373047,250920
2017-08-07,4700.0,4702.0,4644.0,4651.0,4628.565918,183791
2017-08-08,4661.0,4673.0,4642.0,4656.0,4633.541992,268956
2017-08-09,4630.0,4700.0,4615.0,4683.0,4660.411621,341805
2017-08-10,4698.0,4764.0,4675.0,4712.0,4689.271484000001,406066
2017-08-11,4701.0,4701.0,4644.0,4663.0,4640.507813,322786
2017-08-14,4665.0,4743.0,4663.0,4736.0,4713.155761999999,270651
2017-08-15,4751.0,4810.0,4741.0,4810.0,4786.798828,357088
2017-08-16,4806.0,4880.0,4796.0,4839.0,4815.65918,374837
2017-08-17,4823.0,4876.0,4822.0,4848.0,4824.615723,369024
2017-08-18,4838.0,4860.0,4811.0,4834.0,4810.683105,343028
2017-08-21,4821.0,4865.0,4811.0,4831.0,4807.697754,230624
2017-08-22,4859.0,4925.0,4849.0,4917.0,4893.282715,275459
2017-08-23,4925.0,4928.0,4881.0,4920.0,4896.268555,290835
2017-08-24,4929.0,4965.0,4905.0,4947.0,4923.138184,609212
2017-08-25,4957.0,4980.0,4925.0,4948.0,4924.133301,220845
2017-08-29,4948.0,4979.0,4907.0,4966.0,4942.046386999999,382874
2017-08-30,4992.0,5025.029785,4971.0,5020.0,4995.786133,269080
2017-08-31,5035.0,5120.0,5020.0,5110.0,5085.352051,674983
2017-09-01,5125.0,5160.0,5115.0,5140.0,5115.207031,582332
2017-09-04,5120.0,5140.0,5080.0,5085.0,5060.472656,212402
2017-09-05,5085.0,5120.0,5035.0,5050.0,5025.641113000001,398301
2017-09-06,5040.0,5050.0,4962.0,4971.0,4947.022461,584508
2017-09-07,4979.0,5010.0,4962.0,5000.0,4975.882324,407634
2017-09-08,4990.0,5065.0,4974.0,5055.0,5030.617188,267948
2017-09-11,5070.0,5100.0,5054.549805,5090.0,5065.448242,253668
2017-09-12,5080.0,5090.0,4996.0,5015.0,4990.810059,836790
2017-09-13,4984.0,4985.0,4948.0,4960.0,4936.075195,531564
2017-09-14,4951.0,4989.0,4918.0,4934.0,4910.200684,547260
2017-09-15,4932.0,4959.0,4844.0,4857.0,4833.572265999999,823141
2017-09-18,4876.0,4914.0,4862.0,4899.0,4875.369629,283146
2017-09-19,4899.0,4916.0,4856.0,4862.0,4838.54834,507075
2017-09-20,4881.0,4903.0,4846.0,4882.0,4858.45166,282676
2017-09-21,4889.0,4890.0,4836.0,4847.0,4823.620605,177389
2017-09-22,4847.0,4897.0,4831.0,4896.0,4872.384277,276435
2017-09-25,4893.0,4903.0,4863.0,4883.0,4859.446777,233247
2017-09-26,4873.0,4889.0,4842.0,4884.0,4860.441895,352159
2017-09-27,4892.0,4900.899902,4855.0,4872.0,4848.5,370317
2017-09-28,4854.0,4961.0,4854.0,4955.0,4955.0,460579
2017-09-29,4970.0,5000.220215,4935.0,4982.0,4982.0,564619
2017-10-02,4986.0,5055.0,4981.0,5050.0,5050.0,431337
2017-10-03,5055.0,5085.0,5020.0,5075.0,5075.0,259763
2017-10-04,5080.0,5160.0,5080.0,5120.0,5120.0,554875
2017-10-05,5120.0,5150.0,5095.0,5115.0,5115.0,362308
2017-10-06,5125.0,5155.0,5120.0,5145.0,5145.0,338430
2017-10-09,5140.0,5170.0,5115.450195,5170.0,5170.0,439645
2017-10-10,5170.0,5195.0,5145.0,5155.0,5155.0,273677
2017-10-11,5190.0,5190.0,5140.0,5155.0,5155.0,270619
2017-10-12,5170.0,5210.0,5145.0,5210.0,5210.0,168256
2017-10-13,5210.0,5220.0,5180.0,5205.0,5205.0,299984
2017-10-16,5190.0,5230.0,5120.0,5200.0,5200.0,513212
2017-10-17,5195.0,5200.0,5125.0,5125.0,5125.0,407161
2017-10-18,5100.0,5190.0,5080.0,5170.0,5170.0,472909
2017-10-19,5185.0,5205.0,5120.0,5165.0,5165.0,553955
2017-10-20,5175.0,5195.0,5125.0,5135.0,5135.0,323549
2017-10-23,5145.0,5165.0,5110.0,5160.0,5160.0,206777
2017-10-24,5155.0,5210.0,5145.0,5185.0,5185.0,236954
2017-10-25,5190.0,5255.0,5170.0,5225.0,5225.0,337965
2017-10-26,5245.0,5270.0,5160.0,5270.0,5270.0,374868
2017-10-27,5285.0,5325.0,5260.0,5300.0,5300.0,356208
2017-10-30,5285.0,5360.0,5285.0,5350.0,5350.0,387953
2017-10-31,5340.0,5445.0,5340.0,5425.0,5425.0,541874
2017-11-01,5470.0,5470.0,5320.0,5325.0,5325.0,356828
2017-11-02,5300.0,5330.0,5280.0,5320.0,5320.0,311580
2017-11-03,5315.0,5370.0,5305.0,5370.0,5370.0,236436
2017-11-06,5375.0,5405.0,5360.0,5360.0,5360.0,248341
2017-11-07,5365.0,5415.0,5315.0,5385.0,5385.0,300903
2017-11-08,5385.0,5390.0,5345.0,5350.0,5350.0,244486
2017-11-09,5360.0,5400.0,5325.0,5350.0,5350.0,271307
2017-11-10,5370.0,5405.0,5350.0,5365.0,5365.0,262862
2017-11-13,5385.0,5390.0,5285.0,5340.0,5340.0,324837
2017-11-14,5255.0,5365.0,5255.0,5330.0,5330.0,375882
2017-11-15,5255.0,5325.0,5250.0,5305.0,5305.0,427170
2017-11-16,5320.0,5330.0,5275.0,5330.0,5330.0,385846
2017-11-17,5330.0,5400.0,5310.0,5315.0,5315.0,908228
2017-11-20,5325.0,5425.0,5300.0,5405.0,5405.0,421587
2017-11-21,5300.0,5305.0,5130.0,5175.0,5175.0,800028
2017-11-22,5160.0,5225.0,5100.0,5165.0,5165.0,508667
2017-11-23,5150.0,5230.0,5105.0,5170.0,5170.0,286365
2017-11-24,5175.0,5190.0,5140.0,5150.0,5150.0,442285
2017-11-27,5150.0,5250.0,5140.0,5230.0,5230.0,342915
2017-11-28,5230.0,5250.0,5215.0,5230.0,5230.0,249550
2017-11-29,5195.0,5265.0,5180.0,5225.0,5225.0,526856
2017-11-30,5200.0,5230.0,5125.0,5230.0,5230.0,599756
2017-12-01,5220.0,5250.0,5145.0,5175.0,5175.0,539252
2017-12-04,5220.0,5280.0,5205.0,5220.0,5220.0,337785
2017-12-05,5230.0,5240.0,5170.0,5190.0,5190.0,256759
2017-12-06,5195.0,5210.0,5150.0,5165.0,5165.0,281561
2017-12-07,5170.0,5200.0,5125.0,5140.0,5140.0,365809
2017-12-08,5125.0,5140.0,5035.0,5050.0,5050.0,626173
2017-12-11,5060.0,5105.0,5030.0,5030.0,5030.0,473580
2017-12-12,5030.0,5060.0,5015.0,5030.0,5030.0,359993
2017-12-13,5050.0,5115.0,5015.0,5055.5,5055.5,463846
2017-12-14,5090.0,5095.0,5020.0,5020.0,5020.0,610188
2017-12-15,5005.0,5060.0,4997.0,5045.0,5045.0,506670
2017-12-18,5045.0,5130.0,5025.0,5100.0,5100.0,317633
2017-12-19,5090.0,5120.0,5065.0,5105.0,5105.0,241643
2017-12-20,5095.0,5170.0,5080.0,5135.0,5135.0,452037
2017-12-21,5125.0,5175.0,5110.0,5175.0,5175.0,452647
2017-12-22,5155.0,5200.0,5155.0,5165.0,5165.0,87690
2017-12-27,5165.0,5175.0,5135.0,5150.0,5150.0,477239
2017-12-28,5160.0,5170.0,5145.0,5145.0,5145.0,237335
2017-12-29,5145.0,5210.0,5145.0,5190.0,5190.0,161718
2018-01-02,5190.0,5210.0,5086.0,5122.0,5122.0,334294
2018-01-03,5082.0,5230.0,5068.0,5202.0,5202.0,326042
2018-01-04,5208.0,5258.0,5202.0,5254.0,5254.0,450680
2018-01-05,5258.0,5332.0,5238.0,5318.0,5318.0,355006
2018-01-08,5318.0,5334.0,5270.0,5284.0,5284.0,310966
2018-01-09,5280.0,5308.0,5260.0,5274.0,5274.0,316955
2018-01-10,5280.0,5294.0,5214.0,5218.0,5218.0,334555
2018-01-11,5230.0,5232.0,5192.0,5208.0,5208.0,405989
2018-01-12,5210.0,5230.0,5174.0,5212.0,5212.0,328311
2018-01-15,5214.0,5214.0,5168.0,5188.0,5188.0,179031
2018-01-16,5196.0,5230.0,5178.0,5230.0,5230.0,242239
2018-01-17,5234.0,5280.0,5220.0,5262.0,5262.0,245349
2018-01-18,5276.0,5278.0,5194.0,5224.0,5224.0,228960
2018-01-19,5224.0,5316.0,5224.0,5274.0,5274.0,326167
2018-01-22,5264.0,5266.0,5222.0,5230.0,5230.0,265372
2018-01-23,5236.0,5268.0,5174.0,5178.0,5178.0,531927
2018-01-24,5166.0,5172.0,4989.0,5048.0,5048.0,478681
2018-01-25,5030.0,5090.0,4994.0,5030.0,5030.0,618883
2018-01-26,5056.0,5102.0,5036.0,5070.0,5070.0,558125
2018-01-29,5072.0,5124.0,5018.0,5050.0,5050.0,390932
2018-01-30,5030.0,5066.0,5026.0,5034.0,5034.0,389604
2018-01-31,5050.0,5056.0,5008.0,5024.0,5024.0,768211
2018-02-01,5028.0,5058.0,4974.0,4993.0,4993.0,366763
2018-02-02,4989.0,5014.0,4970.0,4972.0,4972.0,415971
2018-02-05,4949.0,4974.0,4850.0,4926.0,4926.0,499125
2018-02-06,4774.0,4850.0,4729.0,4801.0,4801.0,788638
2018-02-07,4794.0,4920.0,4768.0,4895.0,4895.0,533021
2018-02-08,4862.0,4870.0,4784.0,4795.0,4795.0,520383
2018-02-09,4769.0,4844.0,4758.0,4774.0,4774.0,480936
2018-02-12,4817.0,4857.0,4797.0,4847.0,4847.0,656922
2018-02-13,4829.0,4861.0,4802.0,4809.0,4809.0,306664
2018-02-14,4835.0,4885.0,4787.0,4851.0,4851.0,376803
2018-02-15,4910.0,4966.0,4910.0,4959.0,4959.0,489920
2018-02-16,4978.0,5012.0,4965.0,4993.0,4993.0,334773
2018-02-19,5012.0,5012.0,4899.0,4905.0,4905.0,267849
2018-02-20,4933.0,4990.0,4927.0,4973.0,4973.0,301379
2018-02-21,4955.0,5020.0,4930.0,5012.0,5012.0,326930
2018-02-22,4978.0,4986.0,4901.0,4939.0,4939.0,845242
2018-02-23,4954.0,4954.0,4879.0,4932.0,4932.0,543377
2018-02-26,4947.0,4980.0,4873.0,4910.0,4910.0,532852
2018-02-27,4910.0,4958.0,4901.0,4925.0,4925.0,413397
2018-02-28,4903.0,4970.0,4889.0,4913.0,4913.0,420191
2018-03-01,4908.0,4910.0,4842.0,4854.0,4854.0,391464
2018-03-02,4825.0,4891.0,4792.0,4873.0,4873.0,452222
2018-03-05,4878.0,4895.0,4829.0,4868.0,4868.0,692657
2018-03-06,5024.0,5238.0,4960.0,5092.0,5092.0,1078251
2018-03-07,5110.0,5110.0,4921.0,4991.0,4991.0,962290
2018-03-08,4994.0,5058.0,4952.0,5050.0,5050.0,587794
2018-03-09,5042.0,5052.0,4979.0,5052.0,5052.0,669115
