Date,Open,High,Low,Close,Adj Close,Volume
2015-01-02,216.30000299999998,216.899994,212.399994,213.30000299999998,195.074127,5413270
2015-01-05,212.80000299999998,216.19999700000002,208.699997,209.399994,191.50737,12060142
2015-01-06,208.800003,210.30000299999998,205.5,207.199997,189.495361,12255826
2015-01-07,208.300003,209.300003,206.100006,206.800003,189.129532,6765814
2015-01-08,208.0,209.899994,206.199997,209.5,191.598846,13527036
2015-01-09,209.399994,214.399994,208.399994,213.5,195.257034,14492599
2015-01-12,210.0,215.899994,210.0,212.5,194.342484,10516430
2015-01-13,216.0,220.30000299999998,216.0,219.899994,201.110184,13983558
2015-01-14,219.19999700000002,221.063995,216.5,219.0,200.287079,16050700
2015-01-15,219.899994,220.69999700000002,214.899994,219.5,200.74437,13871171
2015-01-16,218.0,219.899994,212.80099500000003,219.600006,200.8358,9594221
2015-01-19,218.899994,224.80000299999998,218.899994,224.80000299999998,205.591492,10275183
2015-01-20,224.69999700000002,226.399994,223.143997,224.5,205.31710800000002,15648576
2015-01-21,224.600006,227.80799900000002,224.30000299999998,227.600006,208.152237,13683054
2015-01-22,227.0,231.19999700000002,225.100006,230.69999700000002,210.987335,10385502
2015-01-23,231.0,231.899994,227.604004,229.600006,209.98133900000002,13628958
2015-01-26,229.0,232.30000299999998,228.876007,231.69999700000002,211.90190099999998,10189816
2015-01-27,231.899994,233.0,225.899994,225.899994,206.59750400000001,11363061
2015-01-28,227.30000299999998,227.600006,220.19999700000002,223.100006,204.036743,15462615
2015-01-29,221.399994,224.80000299999998,219.19999700000002,222.0,203.030746,11787057
2015-01-30,222.5,224.399994,219.80000299999998,220.0,201.20163,13736052
2015-02-02,220.399994,223.0,219.399994,221.600006,202.664917,11105170
2015-02-03,221.0,223.600006,220.19999700000002,222.5,203.488022,7933806
2015-02-04,223.100006,230.600006,222.30000299999998,230.600006,210.89590499999997,17884130
2015-02-05,229.19999700000002,231.399994,224.80000299999998,226.0,206.688965,14628773
2015-02-06,225.5,228.496994,223.77200299999998,227.69999700000002,208.243683,8770209
2015-02-09,227.5,227.69999700000002,224.30000299999998,226.100006,206.78041100000002,8086875
2015-02-10,228.399994,231.80000299999998,227.0,227.5,208.060776,19360028
2015-02-11,227.5,232.19999700000002,225.600006,229.899994,210.25570699999997,14586985
2015-02-12,229.5,232.899994,229.100006,231.0,211.261719,10122840
2015-02-13,228.899994,232.0,227.19999700000002,230.5,210.80444300000002,9823328
2015-02-16,230.5,231.020004,228.899994,229.5,209.88989300000003,6359657
2015-02-17,229.5,231.600006,228.34399399999998,231.19999700000002,211.44464100000002,9177426
2015-02-18,231.5,234.80000299999998,231.5,233.899994,213.913925,6975804
2015-02-19,232.5,234.132004,232.100006,233.399994,213.456635,8176977
2015-02-20,232.69999700000002,234.80000299999998,232.100006,233.100006,213.18228100000002,8792605
2015-02-23,234.0,235.19999700000002,229.399994,230.0,210.347153,15612924
2015-02-24,230.0,231.647995,228.69999700000002,229.899994,210.25570699999997,13319483
2015-02-25,230.5,231.100006,227.544006,228.0,208.518051,10324058
2015-02-26,227.899994,228.09599300000002,223.80000299999998,227.399994,207.969345,12263711
2015-02-27,227.80000299999998,228.5,225.30000299999998,225.30000299999998,206.048752,14004354
2015-03-02,225.899994,229.19999700000002,224.899994,227.80000299999998,208.33514399999999,11299102
2015-03-03,226.5,229.600006,221.399994,221.80000299999998,202.847824,14030691
2015-03-04,233.0,235.119003,230.30000299999998,234.5,214.46266200000002,30378531
2015-03-05,245.5,246.899994,239.60299700000002,241.0,220.407257,21597189
2015-03-06,240.5,247.32000699999998,240.19999700000002,246.5,225.437286,31597737
2015-03-09,248.399994,250.19999700000002,246.19999700000002,247.19999700000002,226.077484,26859916
2015-03-10,247.100006,247.5,242.100006,244.0,223.15090899999998,14225591
2015-03-11,245.0,247.69999700000002,242.5,247.100006,225.986023,13321742
2015-03-12,252.100006,256.0,248.5,248.899994,227.632217,15828070
2015-03-13,248.600006,253.899994,248.600006,250.80000299999998,229.369858,9506517
2015-03-16,249.80000299999998,255.5,249.5,255.30000299999998,233.485367,11429351
2015-03-17,255.100006,256.019989,251.69999700000002,253.899994,232.20498700000002,11421355
2015-03-18,253.5,257.399994,252.69999700000002,257.299988,235.314438,11249936
2015-03-19,258.0,259.200012,255.891998,257.399994,235.40592999999998,12821119
2015-03-20,258.100006,259.200012,255.899994,256.799988,234.85716200000002,9877836
2015-03-23,256.600006,257.700012,254.830002,257.700012,235.68031299999998,10794271
2015-03-24,256.799988,261.0,256.399994,259.299988,237.143555,11286726
2015-03-25,259.299988,261.200012,256.5,256.600006,234.674286,8759974
2015-03-26,254.899994,256.299988,250.100006,254.19999700000002,232.47933999999998,22521820
2015-03-27,254.0,256.5,249.30000299999998,251.399994,229.91861,13133724
2015-03-30,253.899994,256.600006,252.69999700000002,255.19999700000002,233.393921,11247335
2015-03-31,255.399994,256.299988,250.479996,252.899994,231.290421,15214461
2015-04-01,252.600006,254.399994,250.399994,251.899994,230.375854,15312960
2015-04-02,252.600006,253.899994,249.0,251.0,229.55277999999998,19978759
2015-04-07,251.0,257.200012,251.0,257.0,235.04007000000001,19275623
2015-04-08,255.600006,257.5,251.0,256.399994,234.491364,19297671
2015-04-09,258.200012,261.299988,257.575012,261.299988,238.972687,10461491
2015-04-10,262.5,271.799988,262.299988,270.600006,247.478027,30584263
2015-04-13,269.600006,271.299988,266.0,270.5,247.38656600000002,11023766
2015-04-14,270.5,272.5,266.299988,268.200012,245.28311200000002,11354863
2015-04-15,268.399994,269.872009,266.0,267.299988,244.459991,11141069
2015-04-16,268.600006,268.600006,263.399994,266.100006,243.36254900000003,13313051
2015-04-17,266.600006,270.06399500000003,263.149994,264.0,241.44194,12749378
2015-04-20,265.399994,268.049988,263.959991,267.100006,244.27708399999997,9413081
2015-04-21,268.899994,273.899994,268.0,269.200012,246.19767799999997,12820585
2015-04-22,270.399994,271.200012,265.799988,268.799988,245.831802,10275088
2015-04-23,269.5,271.0,266.899994,269.700012,246.65490699999998,9980630
2015-04-24,270.5,271.5,266.700012,269.600006,246.563477,12416022
2015-04-27,269.399994,269.700012,263.700012,268.600006,245.648926,13520093
2015-04-28,267.700012,267.700012,263.674988,265.600006,242.905258,12670511
2015-04-29,267.100006,272.125,263.169006,263.5,240.98469500000002,24389946
2015-04-30,255.5,255.5,248.5,253.600006,234.872086,25025051
2015-05-01,253.899994,254.80000299999998,250.80000299999998,254.30000299999998,235.52040099999996,9881739
2015-05-05,254.30000299999998,259.100006,246.955002,248.600006,230.241318,10469948
2015-05-06,247.899994,251.69999700000002,244.94999700000002,249.19999700000002,230.79702799999998,24019093
2015-05-07,249.100006,253.5,246.19999700000002,252.100006,233.48284900000002,12411537
2015-05-08,258.5,262.899994,256.25,260.700012,241.44778399999998,17725958
2015-05-11,261.100006,265.036011,260.0,264.899994,245.33757000000003,34365312
2015-05-12,264.299988,265.0,258.5,260.799988,241.540344,14085767
2015-05-13,261.0,262.799988,259.0,260.0,240.799454,11265389
2015-05-14,255.0,258.299988,252.0,257.299988,238.298843,18496995
2015-05-15,258.0,263.600006,257.0,262.0,242.65176400000001,23868219
2015-05-18,262.5,274.178009,260.100006,265.0,245.430206,12867497
2015-05-19,268.200012,279.272003,266.299988,270.299988,250.338821,16107321
2015-05-20,269.899994,277.98199500000004,265.700012,269.100006,249.227432,8721000
2015-05-21,268.0,269.024994,265.399994,267.899994,248.11602799999997,5979061
2015-05-22,267.600006,270.200012,265.899994,267.5,247.74560499999998,9195149
2015-05-26,267.5,270.100006,266.399994,266.899994,247.189896,8346188
2015-05-27,266.200012,274.049988,266.200012,273.0,252.839417,13552237
2015-05-28,272.200012,274.700012,271.100006,274.5,254.22865299999998,25294837
2015-05-29,274.899994,277.399994,271.100006,272.299988,252.19110099999997,25765674
2015-06-01,271.600006,273.799988,269.899994,271.200012,251.172333,20671295
2015-06-02,272.700012,272.700012,268.299988,270.100006,250.15359500000002,8076647
2015-06-03,270.100006,270.799988,268.700012,270.100006,250.15359500000002,10759607
2015-06-04,269.0,269.700012,265.600006,268.399994,248.579117,9561929
2015-06-05,267.0,267.0,263.700012,264.899994,245.33757000000003,13025783
2015-06-08,264.899994,266.600006,261.0,263.899994,244.41143799999998,9872576
2015-06-09,263.399994,264.5,260.070007,262.799988,243.39267,9166639
2015-06-10,262.799988,265.899994,260.899994,265.399994,245.800659,19236205
2015-06-11,264.700012,268.100006,263.899994,266.600006,246.912079,8731612
2015-06-12,265.299988,270.200012,265.0,269.700012,249.783142,12053257
2015-06-15,268.5,270.0,266.670013,267.100006,247.37515299999998,6823876
2015-06-16,266.799988,268.399994,263.600006,266.799988,247.09729,9358775
2015-06-17,267.200012,267.899994,263.899994,264.5,244.967148,9615399
2015-06-18,264.700012,265.200012,260.899994,263.799988,244.318832,9032809
2015-06-19,263.299988,268.5,263.299988,265.899994,246.263748,10383362
2015-06-22,271.0,272.200012,268.299988,269.899994,249.968369,16099452
2015-06-23,271.0,274.299988,270.5,273.299988,253.11724900000002,6724057
2015-06-24,273.600006,274.799988,272.5,273.299988,253.11724900000002,5867878
2015-06-25,273.5,276.899994,272.200012,275.100006,254.784317,7910118
2015-06-26,274.0,275.899994,272.600006,275.600006,255.247421,10041735
2015-06-29,269.0,272.799988,267.600006,269.100006,249.227432,8864056
2015-06-30,267.5,267.785004,263.299988,263.299988,243.85575899999998,11771561
2015-07-01,263.600006,268.700012,261.0,267.100006,247.37515299999998,9894696
2015-07-02,267.0,268.0,262.100006,263.399994,243.94834900000004,7966567
2015-07-03,264.299988,265.299988,262.399994,262.700012,243.30006400000002,5641272
2015-07-06,260.100006,264.0,259.600006,262.799988,243.39267,5513930
2015-07-07,265.0,265.0,257.100006,257.100006,238.113617,10068237
2015-07-08,258.5,259.600006,256.600006,259.0,239.87329100000002,6271982
2015-07-09,259.5,266.700012,258.975006,265.600006,245.98590099999998,11076757
2015-07-10,269.399994,273.299988,266.5,272.299988,252.19110099999997,10792425
2015-07-13,274.700012,276.399994,273.799988,276.200012,255.803146,8320496
2015-07-14,269.700012,275.799988,267.91598500000003,275.399994,255.06216400000002,10504791
2015-07-15,275.799988,275.799988,273.200012,274.700012,254.41389500000002,8671854
2015-07-16,276.700012,278.100006,275.399994,277.399994,256.91449,7245981
2015-07-17,277.899994,278.035004,275.0,275.600006,255.247421,7387306
2015-07-20,275.399994,277.700012,273.799988,275.5,255.154816,5576442
2015-07-21,276.0,276.511993,274.0,274.299988,254.043396,4452016
2015-07-22,272.399994,274.899994,270.0,270.299988,250.338821,8042121
2015-07-23,272.799988,273.5,268.100006,269.299988,249.412659,8905558
2015-07-24,268.700012,272.399994,268.200012,269.100006,249.227432,10058720
2015-07-27,268.600006,270.0,263.165009,263.700012,244.226227,8409522
2015-07-28,270.0,273.700012,267.399994,270.200012,250.246231,17146827
2015-07-29,276.5,276.56399500000003,271.100006,276.200012,255.803146,12712526
2015-07-30,277.600006,279.0,270.5,271.600006,251.54281600000002,10003175
2015-07-31,277.0,281.899994,275.399994,280.700012,259.970795,17069353
2015-08-03,279.299988,280.399994,277.399994,279.700012,259.044647,8766542
2015-08-04,280.100006,280.299988,277.100006,278.700012,258.1185,9125055
2015-08-05,278.799988,279.0,274.399994,276.100006,255.710495,14124595
2015-08-06,276.200012,276.463989,271.5,271.899994,251.820663,11550880
2015-08-07,270.0,270.225006,257.100006,262.600006,243.207428,25234069
2015-08-10,264.600006,264.612,258.600006,263.299988,243.85575899999998,10867269
2015-08-11,262.899994,263.200012,258.399994,258.399994,239.31761200000003,22350384
2015-08-12,257.0,259.492004,251.97000099999997,254.399994,235.61300699999998,14433423
2015-08-13,257.200012,261.929993,257.100006,258.899994,239.78070099999997,11089695
2015-08-14,260.399994,263.700012,260.0,260.899994,241.632996,9772971
2015-08-17,262.299988,263.399994,257.700012,259.5,240.336365,6238525
2015-08-18,258.700012,261.200012,257.799988,259.399994,240.24375899999998,7689920
2015-08-19,258.5,258.5,254.600006,256.700012,237.74314900000002,8593506
2015-08-20,255.30000299999998,256.700012,253.399994,254.0,235.242538,7471149
2015-08-21,250.0,252.0,246.100006,247.100006,228.85209700000001,11467371
2015-08-24,240.5,243.5,232.80000299999998,238.19999700000002,220.60936,22493590
2015-08-25,241.600006,248.76499900000002,237.401993,248.30000299999998,229.96347000000003,31386449
2015-08-26,245.80000299999998,250.899994,243.19999700000002,244.399994,226.351471,13945252
2015-08-27,249.899994,251.30000299999998,247.36999500000002,250.0,231.537933,11902561
2015-08-28,250.100006,250.19999700000002,246.899994,250.19999700000002,231.723175,9076349
2015-09-01,250.19999700000002,250.19999700000002,237.69999700000002,239.0,221.350266,18280265
2015-09-02,238.899994,245.899994,237.97000099999997,245.100006,226.999802,14649953
2015-09-03,247.30000299999998,249.30000299999998,245.19999700000002,246.100006,227.92593399999998,8873960
2015-09-04,243.69999700000002,245.0,242.30000299999998,243.30000299999998,225.33271800000003,9430860
2015-09-07,245.399994,246.600006,243.100006,245.69999700000002,227.55548100000001,5061879
2015-09-08,246.69999700000002,250.0,245.69999700000002,247.19999700000002,228.944702,7822639
2015-09-09,252.5,254.5,250.30000299999998,250.899994,232.37146,8893226
2015-09-10,249.19999700000002,252.19999700000002,248.30000299999998,251.19999700000002,232.649323,9072001
2015-09-11,251.69999700000002,252.30000299999998,247.07000699999998,247.600006,229.31517000000002,6045932
2015-09-14,249.100006,251.80000299999998,245.399994,245.399994,227.27761800000002,6436826
2015-09-15,245.899994,248.0,243.69999700000002,247.19999700000002,228.944702,8193479
2015-09-16,249.0,250.600006,247.600006,249.600006,231.16747999999998,7647055
2015-09-17,250.19999700000002,250.5,246.69999700000002,246.69999700000002,228.48162799999997,7053397
2015-09-18,245.5,248.47000099999997,243.899994,246.69999700000002,228.48162799999997,13327744
2015-09-21,248.30000299999998,250.30000299999998,247.69999700000002,248.899994,230.519165,11436080
2015-09-22,248.0,249.19999700000002,239.19999700000002,239.899994,222.18379199999998,12400536
2015-09-23,239.399994,244.399994,237.0,243.0,225.054871,8928165
2015-09-24,242.899994,244.49499500000002,239.19999700000002,240.19999700000002,222.46163900000002,6719544
2015-09-25,243.899994,248.5,242.600006,248.19999700000002,229.87086499999998,8073493
2015-09-28,248.0,259.600006,246.19999700000002,250.5,232.001007,15438676
2015-09-29,247.5,249.30000299999998,243.19999700000002,243.19999700000002,225.240112,14232269
2015-09-30,247.30000299999998,248.30000299999998,244.600006,246.0,227.83334399999998,15236914
2015-10-01,246.0,250.899994,245.899994,247.0,228.75947599999998,14056940
2015-10-02,248.100006,250.80000299999998,244.100006,247.80000299999998,229.500412,10557756
2015-10-05,251.80000299999998,253.19999700000002,247.0,252.19999700000002,233.57547000000002,10918485
2015-10-06,253.5,255.03500400000001,252.57000699999998,253.600006,234.872086,6236983
2015-10-07,253.600006,254.24000499999997,248.30000299999998,249.0,230.611786,8517012
2015-10-08,249.19999700000002,250.399994,247.30000299999998,249.5,231.07486,10561762
2015-10-09,250.69999700000002,251.69999700000002,246.19999700000002,246.5,228.296387,10067358
2015-10-12,246.600006,247.5,243.69999700000002,245.0,226.90716600000002,6749218
2015-10-13,245.0,245.600006,241.5,242.600006,224.684433,7022594
2015-10-14,241.0,241.899994,239.69999700000002,240.30000299999998,222.55426,9956861
2015-10-15,241.69999700000002,245.5,241.100006,245.30000299999998,227.185028,10146588
2015-10-16,246.5,248.80000299999998,245.69999700000002,248.69999700000002,230.33393900000002,7094717
2015-10-19,247.30000299999998,249.5,246.399994,249.5,231.07486,6942086
2015-10-20,249.100006,253.5,249.100006,250.80000299999998,232.27887,8387496
2015-10-21,251.80000299999998,251.80000299999998,247.600006,248.30000299999998,229.96347000000003,6555084
2015-10-22,247.69999700000002,248.80000299999998,242.600006,248.80000299999998,230.426559,9778405
2015-10-23,249.69999700000002,257.200012,248.88400299999998,257.0,238.021011,7671431
2015-10-26,255.600006,255.600006,251.399994,254.100006,235.335175,5283432
2015-10-27,253.0,253.96499599999999,249.100006,249.100006,230.70439100000002,7890670
2015-10-28,251.100006,253.100006,249.100006,253.0,234.316391,10125528
2015-10-29,251.0,253.399994,250.399994,252.899994,235.99607799999998,7613899
2015-10-30,253.80000299999998,255.399994,249.5,252.399994,235.52947999999998,9253291
2015-11-02,250.600006,256.600006,250.600006,254.600006,237.582458,7332522
2015-11-03,255.69999700000002,256.700012,254.335007,255.30000299999998,238.23565699999997,7497825
2015-11-04,255.5,257.399994,254.649994,255.100006,238.04902599999997,6881257
2015-11-05,255.19999700000002,256.700012,254.0,254.5,237.48913599999997,8528781
2015-11-06,254.0,258.100006,253.80000299999998,256.0,238.88887000000003,6217941
2015-11-09,256.700012,257.700012,255.5,256.799988,239.63540600000002,10285515
2015-11-10,262.0,262.899994,257.0,261.5,244.02123999999998,14822468
2015-11-11,262.299988,265.399994,260.76001,265.100006,247.38062999999997,8700763
2015-11-12,265.5,266.899994,262.399994,262.899994,245.32768199999998,8942777
2015-11-13,262.799988,262.825012,259.100006,260.0,242.621521,9112916
2015-11-16,257.0,265.5,256.600006,264.899994,247.193985,10153113
2015-11-17,267.700012,270.299988,266.899994,269.899994,251.85977200000002,11272165
2015-11-18,269.0,269.0,266.100006,267.299988,249.433548,7535197
2015-11-19,269.299988,269.700012,266.600006,267.200012,249.340302,9533625
2015-11-20,267.299988,268.399994,263.799988,264.0,246.35412599999998,10544259
2015-11-23,262.600006,264.119995,261.700012,262.5,244.95440699999997,7513313
2015-11-24,261.600006,261.700012,256.700012,258.700012,241.408417,6334522
2015-11-25,260.100006,265.100006,259.899994,264.5,246.82074,5588912
2015-11-26,265.299988,267.399994,263.799988,266.399994,248.593719,4009109
2015-11-27,266.0,267.799988,264.700012,267.600006,249.71354700000003,4314862
2015-11-30,269.399994,272.100006,268.799988,271.0,252.886292,13102685
2015-12-01,272.799988,273.399994,270.600006,272.600006,254.37934900000002,6703044
2015-12-02,273.200012,275.299988,270.200012,272.5,254.285995,5148370
2015-12-03,272.700012,275.5,268.100006,268.5,250.553391,8015120
2015-12-04,267.899994,269.299988,265.399994,267.899994,249.993469,6065038
2015-12-07,269.799988,274.200012,268.799988,270.299988,252.233063,12535642
2015-12-08,270.899994,271.600006,264.700012,266.100006,248.31378199999997,8266575
2015-12-09,267.0,267.899994,263.200012,263.5,245.887573,7300518
2015-12-10,262.600006,265.100006,259.899994,264.200012,246.540802,8585761
2015-12-11,264.200012,265.799988,262.100006,262.299988,244.76777599999997,10912791
2015-12-14,263.299988,266.399994,261.399994,261.399994,243.927902,10976473
2015-12-15,263.399994,266.899994,262.5,266.0,248.22047400000002,7272975
2015-12-16,266.399994,267.399994,265.200012,266.0,248.22047400000002,13853884
2015-12-17,270.0,270.0,266.5,267.5,249.620209,9402900
2015-12-18,265.299988,266.450012,263.0,263.799988,246.167496,9323898
2015-12-21,266.200012,275.100006,266.200012,271.5,253.352844,14098350
2015-12-22,269.0,270.299988,264.910004,268.799988,250.83329799999998,7453328
2015-12-23,270.100006,275.899994,269.734985,275.0,256.618958,6061009
2015-12-24,277.799988,278.0,273.0,275.0,256.618958,762472
2015-12-29,275.0,279.100006,274.299988,278.0,259.418396,4712709
2015-12-30,277.899994,278.100006,275.700012,276.5,258.018646,3965878
2015-12-31,277.0,277.700012,276.299988,276.600006,258.111969,2238836
2016-01-04,276.600006,276.600006,268.899994,269.799988,251.76649500000002,5933748
2016-01-05,272.5,274.799988,269.97000099999997,270.899994,252.792969,9026389
2016-01-06,270.0,270.600006,265.799988,268.799988,250.83329799999998,7868929
2016-01-07,263.5,268.0,261.799988,268.0,250.086777,14264932
2016-01-08,268.799988,273.399994,266.5,266.5,248.68705699999998,12545918
2016-01-11,265.299988,268.799988,264.0,266.100006,248.31378199999997,7106455
2016-01-12,266.100006,273.299988,265.399994,269.200012,251.206589,8780457
2016-01-13,271.0,272.200012,267.0,268.100006,250.180099,7695318
2016-01-14,264.899994,265.200012,255.899994,259.799988,242.434875,19096578
2016-01-15,259.799988,262.0,255.399994,259.399994,242.06162999999998,13417393
2016-01-18,259.700012,262.100006,257.070007,257.5,240.288605,11438997
2016-01-19,262.299988,265.399994,259.864014,262.799988,245.234344,14595175
2016-01-20,258.799988,259.899994,252.30000299999998,254.19999700000002,237.209198,8354115
2016-01-21,250.399994,254.899994,249.78300499999997,253.899994,236.929245,13348425
2016-01-22,260.0,263.0,257.700012,262.200012,244.67448399999998,11324361
2016-01-25,264.700012,265.450989,261.299988,262.899994,245.32768199999998,5057252
2016-01-26,260.0,260.700012,257.100006,260.0,242.621521,8478888
2016-01-27,261.100006,266.700012,257.5,266.700012,248.87367200000003,9037116
2016-01-28,265.899994,266.399994,258.200012,259.299988,241.968292,9096454
2016-01-29,263.899994,266.799988,260.799988,266.799988,248.966965,11536310
2016-02-01,267.0,270.5,265.200012,270.5,252.419708,9042240
2016-02-02,271.799988,272.899994,266.399994,268.100006,250.180099,9501806
2016-02-03,268.100006,268.799988,261.899994,263.700012,246.074219,9472894
2016-02-04,267.200012,267.799988,262.100006,264.5,246.82074,8110926
2016-02-05,264.700012,267.100006,255.5,255.5,238.422302,12808692
2016-02-08,257.399994,257.399994,235.57899500000002,237.0,221.158829,19576947
2016-02-09,235.600006,243.399994,235.03900099999998,241.5,225.35804700000003,16467516
2016-02-10,244.30000299999998,246.83999599999999,239.69999700000002,242.30000299999998,226.104584,12065054
2016-02-11,241.0,242.5,234.899994,238.0,222.09201000000002,13689024
2016-02-12,240.399994,241.69999700000002,237.69999700000002,241.100006,224.984802,10969019
2016-02-15,245.0,246.19999700000002,243.100006,243.5,227.22437999999997,5047685
2016-02-16,244.69999700000002,245.100006,240.899994,244.899994,228.53080699999998,9963198
2016-02-17,245.69999700000002,252.600006,245.69999700000002,252.0,235.15625,9813352
2016-02-18,253.399994,254.30000299999998,248.5,249.600006,232.91665600000002,8306177
2016-02-19,249.19999700000002,253.899994,249.100006,252.19999700000002,235.342865,8517017
2016-02-22,255.19999700000002,256.799988,252.19999700000002,252.600006,235.716125,4118618
2016-02-23,250.69999700000002,252.30000299999998,248.600006,249.100006,232.45008900000002,8602722
2016-02-24,248.19999700000002,253.399994,246.600006,247.5,230.957031,15720593
2016-02-25,250.100006,253.100006,249.19999700000002,252.5,235.62280299999998,10453390
2016-02-26,251.80000299999998,255.30000299999998,250.0,252.0,235.15625,10614112
2016-02-29,248.0,251.19999700000002,246.19999700000002,248.600006,231.98350499999998,13807535
2016-03-01,246.69999700000002,255.309006,246.5,249.600006,232.91665600000002,15908256
2016-03-02,249.899994,251.69999700000002,235.399994,240.899994,224.79815699999997,35829234
2016-03-03,241.0,241.399994,231.600006,232.600006,217.052948,26181309
2016-03-04,233.69999700000002,234.309006,227.30000299999998,230.69999700000002,215.27992200000003,26040642
2016-03-07,229.399994,236.80000299999998,229.19999700000002,233.899994,218.266037,18340620
2016-03-08,232.0,232.19999700000002,229.162994,230.0,214.62672400000002,13030567
2016-03-09,231.19999700000002,234.399994,228.100006,232.0,216.493042,13518260
2016-03-10,231.899994,237.910995,229.30000299999998,229.399994,214.066818,23393709
2016-03-11,232.100006,235.100006,230.899994,234.399994,218.73260499999998,12136893
2016-03-14,237.0,239.600006,236.600006,239.19999700000002,223.211792,11424527
2016-03-15,238.19999700000002,242.399994,237.996002,241.69999700000002,225.54469300000002,17765993
2016-03-16,241.600006,244.19999700000002,240.100006,244.100006,227.784271,9891953
2016-03-17,244.600006,245.399994,240.0,242.5,226.29121400000002,10834215
2016-03-18,244.100006,244.399994,241.80000299999998,244.0,227.690948,14580308
2016-03-21,242.69999700000002,244.0,239.981003,240.899994,224.79815699999997,12775338
2016-03-22,240.600006,243.17599500000003,237.80000299999998,242.5,226.29121400000002,10541305
2016-03-23,241.69999700000002,245.19700600000002,241.100006,242.80000299999998,226.571167,12367192
2016-03-24,241.19999700000002,241.69999700000002,237.69999700000002,237.69999700000002,221.812042,10168639
2016-03-29,237.69999700000002,243.42199700000003,237.69999700000002,243.30000299999998,227.037766,10229787
2016-03-30,245.5,246.19999700000002,242.399994,243.30000299999998,227.037766,12094106
2016-03-31,243.399994,243.399994,240.19999700000002,241.19999700000002,225.07811,12583512
2016-04-01,240.0,243.100006,237.5,242.600006,226.38453700000002,13906667
2016-04-04,242.600006,243.69999700000002,241.600006,243.69999700000002,227.41101099999997,9077340
2016-04-05,243.80000299999998,244.80000299999998,238.5,239.5,223.49173,18004814
2016-04-06,240.69999700000002,242.94999700000002,238.5,242.19999700000002,226.011261,8666544
2016-04-07,243.80000299999998,244.30000299999998,238.27600099999998,238.69999700000002,222.745209,13514909
2016-04-08,240.100006,241.600006,238.0,238.399994,222.465256,9759109
2016-04-11,237.80000299999998,243.30000299999998,235.5,240.69999700000002,224.611542,14623106
2016-04-12,240.80000299999998,241.100006,236.899994,239.0,223.025146,11376834
2016-04-13,241.600006,241.600006,238.600006,240.19999700000002,224.144943,11203237
2016-04-14,239.899994,243.899994,239.36099199999998,243.69999700000002,227.41101099999997,17099553
2016-04-15,244.0,244.0,239.5,239.5,223.49173,14665531
2016-04-18,238.69999700000002,241.19999700000002,237.0,237.30000299999998,221.43879700000002,11074323
2016-04-19,237.19999700000002,239.899994,236.19999700000002,238.399994,222.465256,12616219
2016-04-20,238.5,238.5,230.19999700000002,233.5,217.89277599999997,22917822
2016-04-21,233.69999700000002,234.399994,227.100006,227.5,212.293823,17812377
2016-04-22,226.0,227.600006,225.399994,226.600006,211.453979,23004369
2016-04-25,227.100006,233.19999700000002,226.643997,232.0,216.493042,17170694
2016-04-26,232.399994,235.399994,231.69999700000002,232.80000299999998,217.23957799999997,15716938
2016-04-27,234.0,237.399994,233.19999700000002,233.80000299999998,218.172729,20152342
2016-04-28,219.69999700000002,225.600006,217.727005,225.600006,214.27848799999998,25814514
2016-04-29,224.600006,225.69999700000002,223.600006,225.19999700000002,213.898544,21697802
2016-05-03,225.19999700000002,229.5,225.19999700000002,228.0,216.558044,21288269
2016-05-04,227.69999700000002,230.30000299999998,224.80000299999998,225.100006,213.80357400000003,19757793
2016-05-05,225.80000299999998,226.940994,220.74000499999997,223.100006,211.903946,14574831
2016-05-06,222.80000299999998,222.80000299999998,215.55000299999998,216.69999700000002,205.825119,18911316
2016-05-09,217.899994,221.5,217.369003,220.600006,209.529404,20160490
2016-05-10,220.399994,220.80000299999998,217.30000299999998,218.30000299999998,207.344818,14016109
2016-05-11,218.80000299999998,218.80000299999998,214.80000299999998,215.30000299999998,204.495377,14299069
2016-05-12,220.19999700000002,220.899994,206.5,210.0,199.461349,31153669
2016-05-13,209.100006,210.238998,202.199997,204.899994,194.617279,30543764
2016-05-16,202.800003,205.100006,201.638,204.600006,194.33235200000001,11895177
2016-05-17,208.199997,210.100006,206.199997,206.399994,196.042007,16356348
2016-05-18,205.600006,206.5,203.699997,205.5,195.18718,16256367
2016-05-19,204.399994,208.300003,203.5,207.5,197.086807,22983890
2016-05-20,209.399994,225.589005,208.600006,212.80000299999998,202.120834,21499003
2016-05-23,213.30000299999998,213.69999700000002,211.19999700000002,212.0,201.360977,13276191
2016-05-24,210.399994,217.30000299999998,208.399994,216.69999700000002,205.825119,15274278
2016-05-25,219.0,220.19999700000002,216.80000299999998,217.600006,206.679947,15304128
2016-05-26,216.80000299999998,219.0,214.69999700000002,218.80000299999998,207.819733,9221512
2016-05-27,218.69999700000002,221.30000299999998,218.30000299999998,220.5,209.434418,17618173
2016-05-31,220.5,220.600006,214.80000299999998,214.80000299999998,204.020462,29453858
2016-06-01,215.100006,215.100006,210.69999700000002,210.69999700000002,200.126221,15525383
2016-06-02,210.600006,212.600006,210.30000299999998,212.5,201.835892,11529629
2016-06-03,212.80000299999998,214.5,211.5,213.5,202.785706,13540351
2016-06-06,215.0,215.600006,210.30000299999998,211.399994,200.791092,13359444
2016-06-07,211.100006,213.0,209.216003,211.5,200.886078,13688373
2016-06-08,210.80000299999998,211.19999700000002,208.100006,208.199997,197.751678,16464255
2016-06-09,208.300003,210.5,207.300003,208.600006,198.131607,24876003
2016-06-10,208.0,209.100006,204.753998,205.399994,195.092194,12217811
2016-06-13,203.899994,205.699997,201.899994,201.899994,191.76783799999998,16303329
2016-06-14,200.699997,200.820007,196.600006,196.699997,186.82879599999998,17861813
2016-06-15,198.0,200.199997,196.899994,198.0,188.063568,15950743
2016-06-16,196.0,203.899994,194.994995,198.5,188.538467,13016122
2016-06-17,200.0,204.399994,200.0,204.0,193.762451,22057130
2016-06-20,209.0,212.69999700000002,207.699997,212.69999700000002,202.025848,21462654
2016-06-21,211.100006,213.363998,210.19999700000002,210.899994,200.316177,14984964
2016-06-22,212.19999700000002,216.100006,210.30000299999998,214.5,203.73551899999998,12293622
2016-06-23,216.600006,219.80000299999998,214.5,219.19999700000002,208.19966100000002,18819980
2016-06-24,143.0,187.348007,141.0,174.399994,165.647903,92132082
2016-06-27,170.0,173.899994,152.800003,154.0,146.27166699999998,68319802
2016-06-28,160.600006,166.300003,159.800003,166.0,157.669449,55942004
2016-06-29,171.0,178.641006,168.100006,177.699997,168.782303,47661230
2016-06-30,175.699997,180.5,172.07200600000002,179.699997,170.681931,34387789
2016-07-01,181.300003,183.300003,177.800003,180.899994,171.821701,19425431
2016-07-04,182.399994,183.800003,174.399994,175.100006,166.312775,18367103
2016-07-05,174.100006,176.520004,168.699997,168.899994,160.42391999999998,21671966
2016-07-06,168.300003,173.100006,168.100006,170.199997,161.65866100000002,28295382
2016-07-07,172.5,177.658005,171.300003,175.0,166.21778899999998,16174149
2016-07-08,174.699997,182.199997,174.0,180.800003,171.72673,17507890
2016-07-11,183.0,188.300003,177.800003,185.699997,176.380814,29970538
2016-07-12,188.0,192.235001,187.699997,190.699997,181.129898,18395759
2016-07-13,190.300003,190.800003,184.800003,184.899994,175.620972,17446254
2016-07-14,185.5,187.399994,181.199997,186.699997,177.330627,24782347
2016-07-15,187.199997,189.899994,185.300003,188.5,179.040298,14054340
2016-07-18,189.899994,193.5,185.800003,190.600006,181.034943,33974751
2016-07-19,190.100006,190.800003,184.57200600000002,185.899994,176.570786,15375161
2016-07-20,187.100006,188.300003,183.199997,187.699997,178.280457,16391616
2016-07-21,186.699997,192.0,186.100006,189.899994,180.370056,14372232
2016-07-22,189.399994,190.199997,186.800003,188.100006,178.6604,14895473
2016-07-25,189.0,190.899994,187.699997,189.100006,179.610199,14142128
2016-07-26,187.800003,188.399994,181.800003,184.800003,175.526001,21637566
2016-07-27,192.199997,203.5,191.300003,197.300003,187.398697,27773549
2016-07-28,200.699997,201.199997,194.699997,195.199997,185.404083,18819966
2016-07-29,196.199997,197.800003,194.0,196.0,186.163925,19287380
2016-08-01,197.699997,198.300003,191.272003,193.600006,183.884384,13955847
2016-08-02,192.699997,195.300003,191.199997,194.899994,185.11914099999998,15952369
2016-08-03,195.600006,195.600006,191.425995,195.0,185.214111,15561651
2016-08-04,194.399994,199.628006,189.100006,197.399994,187.493683,16639350
2016-08-05,197.699997,200.600006,197.300003,199.0,189.013367,11042930
2016-08-08,200.199997,202.837006,199.300003,199.5,189.488297,10538938
2016-08-09,200.0,201.281998,197.987,198.699997,188.728424,11753404
2016-08-10,198.100006,201.5,195.0,200.5,190.43811000000002,13849492
2016-08-11,201.899994,201.899994,194.800003,197.300003,187.398697,14954678
2016-08-12,197.399994,200.96000700000002,195.199997,200.0,189.96319599999998,11172356
2016-08-15,200.699997,200.815994,197.300003,199.199997,189.203339,10807721
2016-08-16,198.100006,199.386993,195.899994,195.899994,186.068939,7420520
2016-08-17,196.600006,196.600006,194.199997,195.399994,185.59403999999998,7695390
2016-08-18,197.300003,198.600006,195.699997,196.899994,187.018768,6500514
2016-08-19,197.100006,197.100006,194.300003,195.600006,185.783997,8294607
2016-08-22,195.0,197.709,194.0,195.0,185.214111,8773039
2016-08-23,196.899994,198.612,194.220001,196.5,186.638824,8526462
2016-08-24,195.600006,201.800003,194.848007,201.800003,191.672867,10658976
2016-08-25,200.5,207.300003,199.399994,202.800003,192.622681,19097378
2016-08-26,202.600006,203.800003,201.100006,201.800003,191.672867,10781715
2016-08-30,201.800003,204.399994,200.100006,200.5,190.43811000000002,15022428
2016-08-31,200.600006,203.100006,198.600006,200.699997,190.628067,14651283
2016-09-01,200.399994,208.41099499999999,199.899994,205.5,195.18718,16254761
2016-09-02,206.699997,210.0,204.800003,209.100006,198.606537,17903630
2016-09-05,210.30000299999998,210.30000299999998,207.100006,207.5,197.086807,6474137
2016-09-06,208.0,209.600006,206.580002,206.600006,196.23199499999998,9170830
2016-09-07,206.300003,207.0,204.399994,205.199997,194.902222,16394303
2016-09-08,205.100006,206.800003,204.300003,205.5,195.18718,16844660
2016-09-09,204.399994,206.08999599999999,202.399994,202.899994,192.717651,10043154
2016-09-12,199.699997,200.669998,195.880005,196.399994,186.543854,16911655
2016-09-13,196.800003,198.0,194.300003,196.899994,187.018768,14568565
2016-09-14,197.899994,199.83900500000001,194.899994,197.199997,187.30371100000002,17032986
2016-09-15,196.300003,198.304001,195.395004,198.300003,188.348511,11383894
2016-09-16,197.5,199.100006,192.100006,193.100006,183.40947,25437759
2016-09-19,195.300003,196.600006,193.087006,194.100006,184.359268,14676463
2016-09-20,194.0,198.087006,192.5,197.0,187.113754,14446895
2016-09-21,198.699997,199.199997,194.100006,194.800003,185.024155,12569629
2016-09-22,195.600006,195.899994,192.07200600000002,194.199997,184.454254,10828603
2016-09-23,194.100006,194.100006,186.600006,186.699997,177.330627,22462652
2016-09-26,185.300003,186.100006,181.0,183.399994,174.19624299999998,21330576
2016-09-27,184.699997,185.399994,181.5,183.699997,174.481186,14263829
2016-09-28,185.300003,188.0,185.199997,186.600006,177.235657,7942731
2016-09-29,187.199997,188.5,184.0,184.600006,175.336029,12826664
2016-09-30,182.800003,187.75100700000002,182.0,187.199997,177.805557,16174205
2016-10-03,186.300003,186.899994,183.5,183.800003,174.57617199999999,13742575
2016-10-04,184.300003,188.300003,184.100006,185.699997,176.380814,38179288
2016-10-05,186.0,187.800003,183.699997,183.699997,174.481186,18195998
2016-10-06,185.5,186.899994,184.0,184.0,174.766144,18466941
2016-10-07,184.0,186.220001,173.300003,175.100006,166.312775,37785036
2016-10-10,176.300003,176.300003,172.699997,173.5,164.793076,21441326
2016-10-11,172.300003,178.600006,172.300003,177.600006,168.687332,34953794
2016-10-12,178.100006,178.5,175.182007,175.899994,167.072632,11606765
2016-10-13,175.800003,176.199997,170.800003,172.699997,164.033218,20432311
2016-10-14,171.800003,175.899994,171.600006,172.5,163.843246,20400892
2016-10-17,172.800003,174.92700200000002,172.406998,173.699997,164.983032,15294672
2016-10-18,175.0,180.71899399999998,173.0,178.899994,169.92205800000002,19766975
2016-10-19,178.699997,181.149994,177.399994,179.800003,170.776901,19351835
2016-10-20,179.800003,180.5,171.850006,173.199997,164.50813300000002,23841589
2016-10-21,172.5,172.899994,169.0,171.0,162.418533,22131932
2016-10-24,173.100006,175.699997,171.899994,171.899994,163.27336100000002,27854770
2016-10-25,172.0,173.335999,170.199997,170.300003,161.75366200000002,18577238
2016-10-26,170.0,170.5,165.953995,167.399994,158.999176,23299895
2016-10-27,164.199997,172.399994,163.800003,172.100006,165.84098799999998,19969408
2016-10-28,169.800003,173.199997,168.225006,172.0,165.74461399999998,19530040
2016-10-31,172.199997,173.0,170.100006,170.5,164.299179,12379562
2016-11-01,171.399994,172.71899399999998,170.009995,170.699997,164.491898,11571798
2016-11-02,170.0,170.912994,168.399994,168.800003,162.66099499999999,11500636
2016-11-03,168.199997,173.399994,167.399994,171.100006,164.87735,30284193
2016-11-04,170.300003,170.5,167.399994,168.0,161.89009099999998,20390391
2016-11-07,170.199997,171.600006,166.800003,166.800003,160.733749,25525865
2016-11-08,167.399994,168.399994,164.699997,165.800003,159.770096,17175764
2016-11-09,161.199997,168.0,161.0,166.0,159.96283,28320047
2016-11-10,163.0,172.0,162.100006,168.100006,161.98646499999998,32196514
2016-11-11,168.699997,172.0,166.399994,169.199997,163.046448,32289870
2016-11-14,170.899994,172.199997,167.5,167.699997,161.600998,25928802
2016-11-15,167.800003,169.100006,165.0,165.0,158.999191,22709876
2016-11-16,164.800003,167.701004,156.237,167.0,160.926468,14589085
2016-11-17,166.899994,170.75,166.5,170.5,164.299179,16799059
2016-11-18,170.100006,170.912994,166.567993,170.0,163.817368,18486135
2016-11-21,169.699997,170.800003,165.600006,165.600006,159.577377,16239248
2016-11-22,166.399994,168.300003,165.199997,165.600006,159.577377,17396260
2016-11-23,166.300003,166.899994,165.5,166.0,159.96283,12158597
2016-11-24,166.5,167.100006,165.600006,166.800003,160.733749,7292542
2016-11-25,166.5,168.895996,165.699997,168.0,161.89009099999998,12237273
2016-11-28,168.0,168.399994,165.800003,166.699997,160.63736,11141078
2016-11-29,166.699997,171.514999,166.199997,171.199997,164.973709,14308622
2016-11-30,171.300003,171.899994,166.436005,168.0,161.89009099999998,34093504
2016-12-01,167.300003,172.632996,166.699997,170.0,163.817368,19554207
2016-12-02,169.5,170.0,165.100006,166.899994,160.830093,11979720
2016-12-05,166.199997,171.0,165.0,169.100006,162.950089,16190658
2016-12-06,168.899994,175.399994,167.100006,175.0,168.63551299999997,20733004
2016-12-07,176.199997,177.5,166.869995,177.5,171.044586,22343263
2016-12-08,177.899994,183.557999,177.699997,181.5,174.899124,28778659
2016-12-09,181.399994,193.091995,180.014999,191.5,184.53543100000002,39597532
2016-12-12,191.0,193.399994,181.470001,185.199997,178.464554,21312911
2016-12-13,184.5,193.100006,184.5,192.100006,185.113617,29070689
2016-12-14,192.300003,197.408005,192.192001,195.100006,188.004517,37019745
2016-12-15,194.699997,200.201996,193.800003,196.5,189.353592,24546937
2016-12-16,194.899994,197.100006,194.5,195.899994,188.77539099999998,21024269
2016-12-19,197.300003,200.100006,193.841995,200.0,192.726303,16464798
2016-12-20,199.0,201.5,197.699997,198.899994,191.66629,17423870
2016-12-21,197.899994,200.600006,197.899994,200.0,192.726303,10651729
2016-12-22,201.199997,207.0,200.5,203.800003,196.38810700000002,13869946
2016-12-23,203.199997,205.179993,201.365005,203.5,196.09901399999998,4253207
2016-12-28,203.5,204.432999,202.100006,202.800003,195.424469,11744698
2016-12-29,202.300003,204.0,201.378998,204.0,196.580826,12511749
2016-12-30,203.800003,206.399994,203.001999,206.399994,198.89353899999998,5688522
2017-01-03,206.399994,208.807007,204.899994,208.0,200.435349,16130665
2017-01-04,208.0,210.0,198.634003,201.399994,194.075378,24802139
2017-01-05,202.0,206.421997,198.679993,204.600006,197.15901200000002,18771497
2017-01-06,205.0,205.738007,201.5,205.5,198.026276,15019257
2017-01-09,207.5,208.199997,204.649994,207.5,199.953537,15412565
2017-01-10,208.0,209.0,205.167007,207.199997,199.664444,17686515
2017-01-11,207.0,208.32299799999998,204.800003,206.5,198.989899,12858691
2017-01-12,206.5,206.699997,200.399994,203.0,195.617203,14786627
2017-01-13,205.199997,209.899994,205.199997,208.600006,201.01353500000002,22589568
2017-01-16,209.100006,209.600006,203.96400500000001,204.199997,196.773544,16715348
2017-01-17,204.399994,207.300003,201.899994,203.300003,195.906281,19365654
2017-01-18,204.399994,204.399994,200.871002,202.600006,195.23175,12307698
2017-01-19,198.899994,203.600006,197.800003,203.5,196.09901399999998,14911764
2017-01-20,204.5,204.888,201.5,201.5,194.17173799999998,10073552
2017-01-23,201.0,203.600006,199.820007,201.300003,193.979019,9036656
2017-01-24,202.5,216.899994,197.509995,209.300003,201.68808,57084807
2017-01-25,210.899994,212.67100499999998,204.600006,204.600006,197.15901200000002,24299541
2017-01-26,206.0,207.199997,204.399994,205.0,197.544449,15098715
2017-01-27,206.600006,206.600006,201.699997,204.699997,197.255356,22878400
2017-01-30,207.399994,208.600006,202.100006,206.0,198.50808700000002,11483429
2017-01-31,206.0,206.99899299999998,203.199997,203.199997,195.809921,16995431
2017-02-01,204.399994,204.399994,201.220001,202.300003,194.942657,16127355
2017-02-02,202.399994,203.028,200.699997,201.5,194.17173799999998,13583834
2017-02-03,204.100006,207.899994,203.199997,205.5,198.026276,22729469
2017-02-06,205.699997,206.5,202.100006,202.800003,195.424469,13088532
2017-02-07,202.399994,205.406998,201.100006,203.5,196.09901399999998,15925370
2017-02-08,203.5,206.800003,202.350006,206.100006,198.604462,12855434
2017-02-09,206.199997,210.0,205.800003,209.600006,201.977173,13502886
2017-02-10,210.0,211.69999700000002,208.399994,209.0,201.398987,11244186
2017-02-13,209.399994,210.600006,208.740005,208.800003,201.206268,7883394
2017-02-14,208.100006,211.19999700000002,207.199997,209.399994,201.784424,11215713
2017-02-15,210.100006,211.399994,208.899994,209.300003,201.68808,15990110
2017-02-16,209.5,212.55000299999998,208.100006,208.100006,200.531723,12398033
2017-02-17,207.899994,208.600006,204.0,205.5,198.026276,20772354
2017-02-20,207.0,207.0,201.699997,203.100006,195.71356200000002,13140921
2017-02-21,203.600006,205.10699499999998,201.600006,203.300003,195.906281,15339936
2017-02-22,204.199997,204.800003,200.0,202.100006,194.749924,19615567
2017-02-23,202.100006,204.66000400000001,201.199997,203.199997,195.809921,8831622
2017-02-24,203.199997,203.699997,201.199997,202.100006,194.749924,8151015
2017-02-27,202.5,202.699997,199.932007,201.600006,194.268112,18578807
2017-02-28,202.5,204.96000700000002,200.600006,202.5,195.135391,21227555
2017-03-01,205.0,214.0,201.0,211.69999700000002,204.000793,35945867
2017-03-02,209.600006,213.100006,204.281998,204.300003,196.86991899999998,23208070
2017-03-03,203.699997,207.300003,202.399994,203.100006,195.71356200000002,17759052
2017-03-06,202.800003,215.69999700000002,201.300003,206.199997,198.700821,28806972
2017-03-07,207.5,208.5,205.300003,206.5,198.989899,13765919
2017-03-08,206.5,210.69999700000002,205.699997,206.0,198.50808700000002,17606533
2017-03-09,207.0,209.399994,206.100006,208.5,200.917175,17423147
2017-03-10,209.699997,211.0,207.600006,207.699997,200.146255,9227073
2017-03-13,208.100006,208.580002,206.199997,207.199997,199.664444,12249472
2017-03-14,207.800003,209.100006,205.699997,207.199997,199.664444,8788577
2017-03-15,205.0,207.75,204.100006,205.899994,198.411728,11024042
2017-03-16,207.5,208.100006,204.800003,206.0,198.50808700000002,17479653
2017-03-17,206.300003,208.300003,205.720001,208.300003,200.724457,14153720
2017-03-20,208.600006,209.72000099999997,207.800003,209.100006,201.495361,6329962
2017-03-21,209.80000299999998,210.80000299999998,208.399994,208.699997,201.109894,18222487
2017-03-22,208.0,208.800003,207.199997,208.0,200.435349,9746302
2017-03-23,207.5,209.050003,206.199997,208.5,200.917175,13388529
2017-03-24,208.300003,210.11999500000002,207.5,209.600006,201.977173,7499489
2017-03-27,207.600006,210.81700099999998,207.600006,209.5,201.880798,11666325
2017-03-28,209.100006,210.600006,208.600006,210.0,202.36261000000002,9545207
2017-03-29,210.0,212.07200600000002,208.434998,210.30000299999998,202.651703,11022525
2017-03-30,210.0,211.69999700000002,209.699997,211.399994,203.7117,8371230
2017-03-31,211.0,221.755997,210.399994,218.899994,210.938919,23678406
2017-04-03,215.0,216.350006,212.100006,213.30000299999998,205.542603,21772597
2017-04-04,212.899994,214.891998,212.100006,213.5,205.735321,10608779
2017-04-05,213.899994,219.19999700000002,212.600006,217.19999700000002,209.30076599999998,14571598
2017-04-06,216.100006,218.30000299999998,214.53500400000001,216.69999700000002,208.818939,13944396
2017-04-07,214.100006,216.608002,211.979996,215.69999700000002,207.855316,13875898
2017-04-10,215.899994,217.972,214.69999700000002,217.19999700000002,209.30076599999998,10623024
2017-04-11,217.100006,219.149994,216.19999700000002,217.69999700000002,209.78257799999997,10471826
2017-04-12,216.600006,218.5,215.399994,217.0,209.108047,25001024
2017-04-13,217.399994,217.69999700000002,216.0,217.399994,209.493484,8216642
2017-04-18,217.399994,217.80000299999998,215.91700699999998,216.5,208.626221,12382766
2017-04-19,217.0,217.09599300000002,214.69999700000002,216.5,208.626221,11669796
2017-04-20,217.100006,217.899994,215.5,217.5,209.58985900000002,11804130
2017-04-21,217.19999700000002,219.350006,216.5,216.5,208.626221,13111963
2017-04-24,219.899994,220.0,218.19999700000002,219.19999700000002,211.228012,12957876
2017-04-25,219.80000299999998,219.899994,217.600006,219.600006,211.61347999999998,17704328
2017-04-26,219.69999700000002,220.149994,216.63999900000002,219.399994,211.420746,15138025
2017-04-27,209.80000299999998,219.186005,209.0,210.5,207.381485,13640377
2017-04-28,210.80000299999998,211.5,209.199997,210.0,206.888901,15707850
2017-05-02,210.399994,212.30000299999998,209.300003,211.5,208.366669,9392929
2017-05-03,209.0,211.399994,204.699997,207.800003,204.721481,17718872
2017-05-04,208.100006,209.300003,206.5,207.199997,204.130371,23634061
2017-05-05,208.0,208.600006,201.759995,201.800003,198.810379,23862600
2017-05-08,202.699997,204.75,193.419998,200.800003,197.825195,24130649
2017-05-09,202.199997,204.699997,200.5,200.800003,197.825195,17852337
2017-05-10,200.399994,201.699997,195.33999599999999,196.199997,193.293335,36750174
2017-05-11,196.199997,196.421005,188.899994,189.0,186.199997,33467742
2017-05-12,189.800003,198.561005,186.199997,192.199997,189.3526,21380685
2017-05-15,192.199997,192.908005,187.399994,192.5,189.648148,15228559
2017-05-16,192.5,193.5,190.600006,192.699997,189.84518400000002,19043877
2017-05-17,192.100006,202.904999,190.899994,191.300003,188.465927,17649104
2017-05-18,192.0,192.5,189.5,192.0,189.155563,13897680
2017-05-19,192.199997,196.722,192.199997,196.0,193.096298,31107481
2017-05-22,197.399994,198.600006,193.85699499999998,198.0,195.066666,14359222
2017-05-23,198.300003,198.899994,197.899994,198.199997,195.263702,12056881
2017-05-24,198.600006,208.246002,197.399994,199.5,196.544449,11494495
2017-05-25,200.800003,200.800003,198.5,199.0,196.051849,14778439
2017-05-26,199.699997,200.96000700000002,198.399994,200.199997,197.23407,6798039
2017-05-30,200.199997,200.300003,198.100006,198.899994,195.953339,15204337
2017-05-31,199.600006,199.600006,195.300003,195.699997,192.800735,21790631
2017-06-01,193.899994,195.899994,191.100006,191.600006,188.76148999999998,16590339
2017-06-02,192.0,193.399994,190.699997,191.399994,188.564438,10079903
2017-06-05,191.100006,192.699997,187.600006,188.300003,185.510376,11711095
2017-06-06,187.399994,187.608002,182.667007,183.5,180.781479,29977479
2017-06-07,184.0,187.0,183.399994,183.899994,181.175552,20034377
2017-06-08,184.600006,187.600006,184.0,186.199997,183.441483,19749753
2017-06-09,180.5,186.098007,178.5,184.0,181.274078,29689159
2017-06-12,184.699997,187.35699499999998,182.199997,182.399994,179.697769,13234536
2017-06-13,183.199997,185.699997,182.919998,185.300003,182.554825,11077369
2017-06-14,185.0,186.399994,184.800003,184.800003,182.062225,8112876
2017-06-15,183.100006,184.0,177.800003,179.100006,176.446671,20962699
2017-06-16,179.699997,179.899994,178.300003,178.800003,176.15112299999998,22364224
2017-06-19,180.5,179.96000700000002,177.199997,177.600006,174.968903,8988619
2017-06-20,178.0,179.457993,175.600006,175.800003,173.195557,7107492
2017-06-21,176.0,178.699997,175.5,178.5,175.85556,9123562
2017-06-22,178.5,178.199997,176.699997,176.899994,174.279251,2305099
2017-06-23,181.199997,183.0,177.513,182.800003,180.091858,2662934
2017-06-26,184.800003,185.800003,181.96499599999999,184.832993,182.094727,3425810
2017-06-27,182.300003,181.966995,180.425003,181.294998,178.609146,4285614
2017-06-28,180.699997,183.880005,179.679993,182.899994,180.190369,2100021
2017-06-29,183.300003,184.100006,182.389999,182.800003,180.091858,3399297
2017-06-30,182.399994,182.800003,181.199997,181.399994,178.71258500000002,8244568
2017-07-03,179.5,183.199997,179.100006,180.100006,177.43185400000002,12462156
2017-07-04,179.899994,181.300003,179.399994,180.899994,178.220001,7017920
2017-07-05,181.0,181.600006,180.0,181.5,178.811111,8967657
2017-07-06,181.199997,183.899994,181.199997,181.899994,179.205185,15679571
2017-07-07,181.5,181.899994,176.5,176.600006,173.983719,17598658
2017-07-10,176.699997,179.024994,176.580002,177.5,174.870377,8419909
2017-07-11,177.399994,177.800003,175.5,176.0,173.392593,9135684
2017-07-12,176.399994,177.837006,175.871994,177.399994,174.771851,11552256
2017-07-13,177.800003,178.600006,176.623001,177.300003,174.67334,12358173
2017-07-14,177.5,177.899994,174.399994,175.0,172.40741,21450282
2017-07-17,177.600006,181.600006,176.100006,177.300003,174.67334,14712176
2017-07-18,177.100006,177.300003,174.725006,175.699997,173.09703100000002,10263945
2017-07-19,176.0,177.300003,175.800003,176.800003,174.18074,17528622
2017-07-20,177.5,179.199997,176.699997,178.899994,176.24963400000001,15617205
2017-07-21,178.199997,179.0,176.600006,177.199997,174.574814,9643378
2017-07-24,177.0,178.48599199999998,175.0,175.5,172.900009,13515111
2017-07-25,175.600006,178.063995,175.5,175.899994,173.29406699999998,12864434
2017-07-26,180.0,183.800003,178.33999599999999,180.199997,177.530365,32448526
2017-07-27,180.0,181.345001,176.699997,177.399994,174.771851,32273008
2017-07-28,176.699997,180.199997,173.300003,173.699997,171.12666299999998,17365419
2017-07-31,173.199997,174.0,171.899994,173.0,170.437042,16696016
2017-08-01,173.5,174.100006,170.380005,171.5,168.959259,17416912
2017-08-02,171.300003,176.647995,170.899994,175.800003,173.195557,20730110
2017-08-03,175.699997,177.300003,174.100006,176.0,173.392593,13011114
2017-08-04,175.800003,176.600006,173.899994,175.5,172.900009,11292101
2017-08-07,175.800003,176.199997,173.800003,174.699997,172.11184699999998,7185306
2017-08-08,175.399994,176.300003,174.300003,175.0,172.40741,8871263
2017-08-09,174.399994,174.399994,170.5,171.5,168.959259,14005647
2017-08-10,171.800003,172.699997,168.5,169.199997,166.693329,16354201
2017-08-11,168.5,169.434006,166.600006,169.399994,166.890366,12716474
2017-08-14,169.0,170.199997,168.550003,169.100006,166.594818,9335355
2017-08-15,170.0,170.800003,169.399994,169.899994,167.38296499999998,7317303
2017-08-16,170.0,170.425003,169.399994,169.5,166.988892,8666531
2017-08-17,169.399994,170.199997,168.5,169.399994,166.890366,9929591
2017-08-18,168.699997,168.800003,166.399994,166.699997,164.230377,11846776
2017-08-21,166.5,168.100006,165.199997,166.899994,164.427399,7812057
2017-08-22,167.899994,168.5,165.300003,165.699997,163.245178,11454861
2017-08-23,165.100006,165.5,161.899994,162.600006,160.191116,19951352
2017-08-24,162.300003,164.399994,161.625,161.699997,159.304443,14668546
2017-08-25,162.100006,163.300003,160.5,160.899994,158.51629599999998,9879333
2017-08-29,160.899994,160.899994,152.399994,153.0,150.733337,36122422
2017-08-30,154.399994,160.860001,154.199997,156.899994,154.575546,48959031
2017-08-31,157.100006,159.082993,156.800003,158.600006,156.250381,17237107
2017-09-01,160.199997,160.800003,156.179993,156.699997,154.378525,14426246
2017-09-04,157.100006,157.615997,155.800003,156.399994,154.082962,7740611
2017-09-05,156.100006,158.399994,155.800003,156.199997,153.885925,10772541
2017-09-06,156.300003,159.847,156.300003,159.399994,157.038513,26388434
2017-09-07,159.5,162.5,158.5,162.0,159.600006,24355809
2017-09-08,160.899994,161.399994,159.199997,160.600006,158.220749,12719272
2017-09-11,161.899994,164.600006,160.399994,160.600006,158.220749,14376509
2017-09-12,160.600006,162.0,159.399994,161.100006,158.713348,10336520
2017-09-13,156.800003,160.123001,155.639999,158.300003,155.954819,28098574
2017-09-14,158.0,158.582001,155.600006,156.0,153.688889,14308533
2017-09-15,155.899994,159.0,155.600006,158.199997,155.856293,32244676
2017-09-18,158.300003,158.600006,156.5,157.600006,155.265198,10326295
2017-09-19,157.100006,159.0,157.100006,157.800003,155.462234,17391733
2017-09-20,158.100006,163.210999,156.899994,162.199997,159.797043,28111401
2017-09-21,162.300003,167.5,159.300003,166.899994,164.427399,24340911
2017-09-22,166.699997,169.899994,162.300003,166.300003,163.836304,25717640
2017-09-25,166.800003,170.62600700000002,165.5,168.699997,166.20074499999998,18469029
2017-09-26,168.300003,169.0,166.899994,169.0,166.496307,16170091
2017-09-27,169.399994,172.100006,168.347,170.100006,167.580017,19459317
2017-09-28,170.100006,170.800003,167.0,168.699997,166.20074499999998,10436774
2017-09-29,175.0,176.029999,171.5,174.699997,172.11184699999998,32277649
2017-10-02,175.100006,175.33999599999999,172.300003,173.300003,170.732605,19072335
2017-10-03,173.300003,175.399994,172.16000400000001,174.699997,172.11184699999998,17285134
2017-10-04,175.100006,176.824997,173.100006,176.699997,174.08223,21992458
2017-10-05,176.699997,179.199997,174.699997,178.699997,176.052597,17721328
2017-10-06,178.899994,180.462006,177.199997,177.699997,175.067413,17848084
2017-10-09,178.300003,179.800003,177.830002,177.899994,175.26443500000002,10441345
2017-10-10,177.0,178.800003,176.300003,176.300003,173.688156,12064434
2017-10-11,176.300003,177.399994,173.199997,173.699997,171.12666299999998,20729128
2017-10-12,174.300003,175.639999,173.5,174.600006,172.013336,26159927
2017-10-13,175.300003,175.300003,172.169998,172.600006,170.042969,21522029
2017-10-16,176.0,177.050003,173.800003,174.100006,171.52075200000002,13963579
2017-10-17,175.0,175.399994,172.559998,173.5,170.929626,10640308
2017-10-18,174.800003,178.699997,174.5,178.699997,176.052597,15566646
2017-10-19,178.300003,179.0,175.600006,176.399994,173.786667,12390210
2017-10-20,176.699997,177.199997,174.800003,174.899994,172.308884,9101590
2017-10-23,175.399994,175.800003,171.899994,171.899994,169.35333300000002,15285070
2017-10-24,171.899994,173.699997,171.699997,172.100006,169.550385,12180825
2017-10-25,171.5,171.848999,169.759995,170.100006,167.580017,13217491
2017-10-26,168.5,170.600006,167.5,168.300003,168.300003,12428070
2017-10-27,168.600006,170.199997,163.600006,164.0,164.0,25603067
2017-10-30,163.800003,166.300003,163.600006,165.699997,165.699997,19371823
2017-10-31,166.100006,166.61099199999998,163.949997,164.5,164.5,18619860
2017-11-01,164.800003,165.800003,160.600006,162.0,162.0,24406415
2017-11-02,161.199997,164.112,158.899994,160.800003,160.800003,20428036
2017-11-03,161.0,161.600006,159.800003,159.800003,159.800003,16001670
2017-11-06,159.800003,160.899994,157.399994,157.5,157.5,18694386
2017-11-07,158.0,160.78999299999998,157.0,158.300003,158.300003,18663402
2017-11-08,158.399994,161.800003,157.5,161.399994,161.399994,15985089
2017-11-09,160.800003,161.899994,153.899994,156.399994,156.399994,27102434
2017-11-10,156.800003,157.5,154.242004,156.800003,156.800003,14090806
2017-11-13,157.199997,158.300003,152.800003,154.0,154.0,20447408
2017-11-14,159.399994,160.399994,142.800003,150.0,150.0,78265583
2017-11-15,150.0,152.899994,147.399994,150.600006,150.600006,39198029
2017-11-16,151.5,152.0,150.0,150.300003,150.300003,17584102
2017-11-17,149.699997,150.753006,147.199997,150.5,150.5,26357756
2017-11-20,150.0,150.399994,148.0,148.600006,148.600006,12776663
2017-11-21,152.0,152.100006,146.5,146.899994,146.899994,28366654
2017-11-22,146.300003,151.5,145.5,148.800003,148.800003,23332572
2017-11-23,149.199997,153.699997,149.100006,152.399994,152.399994,20525749
2017-11-24,151.699997,152.899994,150.199997,150.399994,150.399994,12052995
2017-11-27,150.399994,152.800003,149.100006,151.199997,151.199997,21945760
2017-11-28,151.199997,155.100006,150.399994,155.0,155.0,17026660
2017-11-29,155.600006,159.600006,154.300003,158.399994,158.399994,30839776
2017-11-30,159.5,160.899994,157.199997,159.899994,159.899994,36465922
2017-12-01,160.399994,160.399994,157.899994,159.0,159.0,18714189
2017-12-04,161.0,161.600006,158.399994,161.0,161.0,16346013
2017-12-05,161.300003,161.899994,158.699997,158.699997,158.699997,20964222
2017-12-06,158.800003,160.899994,158.699997,158.899994,158.899994,12411819
2017-12-07,159.300003,161.100006,158.600006,158.899994,158.899994,17047927
2017-12-08,159.5,164.600006,159.100006,163.699997,163.699997,25724511
2017-12-11,164.5,165.899994,162.699997,165.600006,165.600006,20145687
2017-12-12,165.899994,166.199997,162.100006,164.399994,164.399994,17084948
2017-12-13,164.899994,165.817993,163.300003,165.272995,165.272995,11053040
2017-12-14,163.800003,166.899994,163.100006,166.300003,166.300003,17318031
2017-12-15,166.699997,167.100006,164.600006,165.699997,165.699997,19334535
2017-12-18,165.699997,167.100006,165.100006,165.300003,165.300003,11225014
2017-12-19,164.800003,165.899994,164.199997,165.300003,165.300003,14975911
2017-12-20,165.300003,166.0,163.5,165.0,165.0,12187270
2017-12-21,164.5,165.800003,164.199997,165.100006,165.100006,11054426
2017-12-22,164.899994,166.300003,164.899994,165.100006,165.100006,4969611
2017-12-27,165.100006,165.699997,162.699997,164.0,164.0,9801857
2017-12-28,164.199997,164.399994,162.600006,164.399994,164.399994,4189984
2017-12-29,164.399994,165.5,163.5,165.5,165.5,4744551
2018-01-02,165.5,168.100006,164.050003,167.800003,167.800003,15537901
2018-01-03,168.699997,170.899994,168.0,170.899994,170.899994,25898614
2018-01-04,171.0,171.0,168.300003,170.550003,170.550003,23982618
2018-01-05,170.350006,172.100006,169.600006,170.899994,170.899994,15376245
2018-01-08,171.050003,171.149994,169.149994,169.550003,169.550003,9748406
2018-01-09,170.550003,170.550003,169.350006,169.75,169.75,12254157
2018-01-10,169.850006,170.100006,167.199997,168.199997,168.199997,19248644
2018-01-11,168.449997,168.850006,166.850006,167.75,167.75,14766347
2018-01-12,168.0,169.199997,167.699997,168.0,168.0,19114390
2018-01-15,168.649994,172.75,168.649994,171.949997,171.949997,30330224
2018-01-16,171.699997,172.449997,168.699997,169.100006,169.100006,16232462
2018-01-17,169.399994,170.350006,164.899994,165.350006,165.350006,21972944
2018-01-18,166.0,166.550003,164.100006,165.399994,165.399994,11962169
2018-01-19,165.800003,166.300003,164.050003,164.949997,164.949997,10212979
2018-01-22,164.5,165.899994,164.100006,164.600006,164.600006,16615349
2018-01-23,165.0,165.350006,162.399994,164.149994,164.149994,14652825
2018-01-24,164.350006,168.949997,164.050003,168.0,168.0,24076151
2018-01-25,168.149994,171.449997,167.5,170.649994,170.649994,26370880
2018-01-26,171.149994,173.300003,169.600006,171.699997,171.699997,27162798
2018-01-29,171.300003,172.699997,170.350006,170.949997,170.949997,21358949
2018-01-30,170.449997,171.25,168.0,168.0,168.0,16116015
2018-01-31,167.75,169.0,166.0,167.0,167.0,16632212
2018-02-01,169.0,173.550003,167.449997,172.850006,172.850006,31588399
2018-02-02,172.449997,172.850006,168.850006,168.850006,168.850006,18961485
2018-02-05,167.350006,167.550003,163.800003,165.0,165.0,15811457
2018-02-06,160.850006,162.899994,158.0,160.699997,160.699997,20537851
2018-02-07,161.550003,167.949997,161.050003,167.449997,167.449997,18568507
2018-02-08,167.100006,169.25,164.75,165.0,165.0,16030747
2018-02-09,164.399994,165.600006,159.600006,160.0,160.0,25505919
2018-02-12,162.0,163.949997,161.050003,161.600006,161.600006,20524967
2018-02-13,161.399994,162.600006,159.449997,160.649994,160.649994,15543662
2018-02-14,161.899994,166.550003,161.899994,165.399994,165.399994,18069287
2018-02-15,166.350006,168.600006,165.800003,168.0,168.0,16917106
2018-02-16,169.699997,172.350006,169.100006,171.949997,171.949997,14079766
2018-02-19,171.550003,172.399994,170.449997,170.5,170.5,11069530
2018-02-20,171.699997,172.949997,170.0,171.350006,171.350006,12527898
2018-02-21,171.699997,173.149994,171.300003,172.25,172.25,14184283
2018-02-22,172.0,172.0,167.5,170.850006,170.850006,23793430
2018-02-23,170.949997,171.699997,169.0,170.550003,170.550003,17017345
2018-02-26,170.699997,172.800003,169.899994,171.449997,171.449997,12856137
2018-02-27,174.550003,176.199997,172.75,173.199997,173.199997,30482006
2018-02-28,165.850006,169.75,157.050003,160.0,160.0,71030230
2018-03-01,158.199997,160.25,154.100006,155.399994,155.399994,42540099
2018-03-02,154.25,155.550003,152.699997,153.899994,153.899994,28982370
2018-03-05,154.300003,155.199997,151.649994,155.0,155.0,44580127
2018-03-06,156.0,156.850006,153.5,153.600006,153.600006,20425110
2018-03-07,153.399994,153.800003,151.899994,151.949997,151.949997,29385078
2018-03-08,155.0,156.5,153.550003,153.850006,153.850006,18261128
2018-03-09,153.949997,154.600006,152.399994,153.199997,153.199997,19069511
