Date,Open,High,Low,Close,Adj Close,Volume
2015-01-02,3636.0,3636.0,3558.709961,3585.179932,3341.002441,182816.0
2015-01-05,3583.0600590000004,3627.530029,3557.649902,3585.179932,3341.002441,646801.0
2015-01-06,3579.8798829999996,3611.649902,3556.5900880000004,3568.23999,3325.216309,667862.0
2015-01-07,3583.0600590000004,3594.73999,3551.290039,3565.0600590000004,3322.253174,265109.0
2015-01-08,3594.709961,3680.669922,3590.469971,3659.290039,3410.065186,541560.0
2015-01-09,3650.820068,3750.350098,3647.649902,3712.23999,3459.408936,604367.0
2015-01-12,3731.290039,3744.0,3667.76001,3696.350098,3444.601074,543498.0
2015-01-13,3690.0,3729.179932,3667.5500490000004,3684.709961,3433.7539060000004,534567.0
2015-01-14,3639.179932,3639.179932,3579.8798829999996,3615.8798829999996,3369.6118159999996,729995.0
2015-01-15,3642.350098,3666.709961,3571.4099119999996,3666.709961,3416.979736,577158.0
2015-01-16,3644.469971,3660.350098,3593.649902,3654.0,3405.1354979999996,349833.0
2015-01-19,3663.530029,3730.23999,3644.469971,3718.5900880000004,3465.3264159999994,285000.0
2015-01-20,3737.649902,3745.0600590000004,3666.919922,3684.709961,3433.7539060000004,330460.0
2015-01-21,3698.469971,3739.76001,3650.820068,3739.76001,3485.054688,490393.0
2015-01-22,3741.8798829999996,3760.9399409999996,3682.5900880000004,3759.8798829999996,3503.803955,425803.0
2015-01-23,3772.5900880000004,3775.76001,3714.350098,3739.76001,3485.054688,447547.0
2015-01-26,3720.709961,3782.1201170000004,3683.649902,3778.9399409999996,3521.5661619999996,394611.0
2015-01-27,3789.530029,3801.179932,3682.5900880000004,3702.709961,3450.5280759999996,512531.0
2015-01-28,3589.4099119999996,3589.4099119999996,3428.469971,3584.1201170000004,3340.014893,1780426.0
2015-01-29,3551.290039,3578.820068,3456.0,3490.9399409999996,3253.181152,905904.0
2015-01-30,3499.4099119999996,3515.290039,3430.5900880000004,3452.820068,3217.657471,741474.0
2015-02-02,3469.76001,3510.209961,3431.649902,3463.4099119999996,3227.526123,407623.0
2015-02-03,3471.8798829999996,3503.649902,3409.4099119999996,3429.530029,3195.9536129999997,882317.0
2015-02-04,3447.530029,3450.709961,3373.4099119999996,3432.709961,3198.9169920000004,796336.0
2015-02-05,3418.9399409999996,3454.9399409999996,3402.0,3435.8798829999996,3201.870605,547572.0
2015-02-06,3423.179932,3497.290039,3423.179932,3483.530029,3246.275879,710828.0
2015-02-09,3486.709961,3489.8798829999996,3427.330078,3471.8798829999996,3235.418945,533835.0
2015-02-10,3478.23999,3508.9399409999996,3458.1201170000004,3508.9399409999996,3269.954834,732230.0
2015-02-11,3518.469971,3566.1201170000004,3498.350098,3561.8798829999996,3319.289307,682625.0
2015-02-12,3571.4099119999996,3611.649902,3542.820068,3600.0,3354.813232,949252.0
2015-02-13,3602.1201170000004,3659.290039,3602.1201170000004,3649.76001,3401.1843259999996,688778.0
2015-02-16,3636.0,3658.23999,3616.9399409999996,3641.290039,3393.29126,395716.0
2015-02-17,3642.350098,3673.0600590000004,3613.0200200000004,3648.709961,3400.2055659999996,410677.0
2015-02-18,3654.0,3679.4099119999996,3647.649902,3657.179932,3408.0988770000004,483666.0
2015-02-19,3663.530029,3663.530029,3610.5900880000004,3639.179932,3391.324707,489576.0
2015-02-20,3645.530029,3692.1201170000004,3638.1201170000004,3685.76001,3434.732178,490073.0
2015-02-23,3699.530029,3700.5900880000004,3652.9399409999996,3684.709961,3433.7539060000004,467582.0
2015-02-24,3703.76001,3703.76001,3656.1201170000004,3678.350098,3427.826904,331141.0
2015-02-25,3680.469971,3684.709961,3641.290039,3661.4099119999996,3412.040771,365708.0
2015-02-26,3655.0600590000004,3660.350098,3622.23999,3647.649902,3399.218018,400025.0
2015-02-27,3640.23999,3661.4099119999996,3598.9399409999996,3609.530029,3363.694336,475465.0
2015-03-02,3609.530029,3633.8798829999996,3591.530029,3604.23999,3358.764404,388347.0
2015-03-03,3597.8798829999996,3618.0,3554.469971,3556.5900880000004,3314.360107,308091.0
2015-03-04,3561.8798829999996,3593.649902,3547.0600590000004,3591.530029,3346.920166,407040.0
2015-03-05,3584.1201170000004,3604.23999,3575.649902,3589.4099119999996,3344.94458,395983.0
2015-03-06,3584.1201170000004,3603.179932,3572.469971,3586.23999,3341.990234,388646.0
2015-03-09,3573.530029,3574.330078,3533.290039,3556.5900880000004,3314.360107,375927.0
2015-03-10,3551.290039,3572.469971,3492.0,3492.0,3254.168701,469088.0
2015-03-11,3485.649902,3493.0600590000004,3430.209961,3444.350098,3209.76416,665001.0
2015-03-12,3453.8798829999996,3500.469971,3438.0,3471.8798829999996,3235.418945,522722.0
2015-03-13,3469.76001,3483.530029,3438.0,3441.179932,3206.810059,480259.0
2015-03-16,3454.9399409999996,3529.0600590000004,3454.9399409999996,3501.530029,3263.049805,654107.0
2015-03-17,3514.23999,3525.25,3488.820068,3510.0,3270.942871,592320.0
2015-03-18,3519.530029,3539.649902,3502.5900880000004,3534.350098,3293.634766,485221.0
2015-03-19,3547.0600590000004,3587.290039,3536.469971,3561.8798829999996,3319.289307,472168.0
2015-03-20,3555.530029,3594.709961,3531.179932,3588.350098,3343.956787,1093965.0
2015-03-23,3602.1201170000004,3608.469971,3546.0,3608.469971,3362.706543,594939.0
2015-03-24,3607.4099119999996,3629.4399409999996,3586.23999,3595.76001,3350.861816,450512.0
2015-03-25,3603.179932,3654.6899409999996,3590.580078,3626.469971,3379.4804689999996,582877.0
2015-03-26,3608.469971,3644.469971,3562.9399409999996,3573.530029,3330.145996,581965.0
2015-03-27,3578.820068,3598.9399409999996,3544.75,3557.649902,3315.347656,610897.0
2015-03-30,3597.8798829999996,3646.5900880000004,3564.0,3609.530029,3363.694336,477425.0
2015-03-31,3604.23999,3621.179932,3563.73999,3585.179932,3341.002441,591351.0
2015-04-01,3587.290039,3626.469971,3562.9399409999996,3586.23999,3341.990234,411589.0
2015-04-02,3573.530029,3606.350098,3556.5900880000004,3594.709961,3349.8833010000003,354749.0
2015-04-07,3594.709961,3681.530029,3594.709961,3667.76001,3417.9582520000004,426592.0
2015-04-08,3660.350098,3683.649902,3637.0600590000004,3643.4099119999996,3395.266846,379677.0
2015-04-09,3642.350098,3706.26001,3642.350098,3705.8798829999996,3453.4819340000004,323124.0
2015-04-10,3722.820068,3740.820068,3697.4099119999996,3736.5900880000004,3482.100586,332803.0
2015-04-13,3728.1201170000004,3753.530029,3717.9099119999996,3731.290039,3477.1613770000004,338419.0
2015-04-14,3718.5900880000004,3769.4099119999996,3713.290039,3727.0600590000004,3473.219727,497671.0
2015-04-15,3729.179932,3746.1201170000004,3703.76001,3712.23999,3459.408936,555612.0
2015-04-16,3730.23999,3730.23999,3618.0,3633.8798829999996,3386.3857420000004,463981.0
2015-04-17,3619.0600590000004,3665.649902,3616.9399409999996,3631.76001,3384.4101560000004,508400.0
2015-04-20,3638.1201170000004,3675.179932,3627.530029,3647.649902,3399.218018,263120.0
2015-04-21,3664.5900880000004,3711.179932,3651.8798829999996,3699.530029,3447.564697,352488.0
2015-04-22,3709.0600590000004,3726.0,3660.350098,3669.8798829999996,3419.9338380000004,491313.0
2015-04-23,3680.469971,3683.649902,3591.530029,3605.290039,3359.74292,343262.0
2015-04-24,3615.8798829999996,3627.530029,3597.209961,3612.709961,3366.657471,261648.0
2015-04-27,3614.820068,3652.9399409999996,3572.469971,3615.8798829999996,3369.6118159999996,461411.0
2015-04-28,3618.0,3620.1201170000004,3526.9399409999996,3548.1201170000004,3306.466797,383516.0
2015-04-29,3548.1201170000004,3562.9399409999996,3506.7700200000004,3507.8798829999996,3268.967041,309636.0
2015-04-30,3510.0,3548.1201170000004,3466.5900880000004,3541.76001,3300.539795,493027.0
2015-05-01,3559.76001,3565.0600590000004,3484.5900880000004,3513.179932,3273.9060059999997,300412.0
2015-05-05,3513.179932,3532.23999,3475.0600590000004,3475.0600590000004,3238.382568,616876.0
2015-05-06,3470.820068,3508.9399409999996,3446.469971,3475.0600590000004,3238.382568,384152.0
2015-05-07,3470.820068,3470.820068,3409.389893,3431.649902,3197.928711,586810.0
2015-05-08,3480.350098,3549.179932,3474.0,3549.179932,3307.454346,540177.0
2015-05-11,3547.0600590000004,3600.0,3539.649902,3576.709961,3333.109375,464153.0
2015-05-12,3559.76001,3561.8798829999996,3489.8798829999996,3534.350098,3293.634766,466585.0
2015-05-13,3538.5900880000004,3584.600098,3529.0600590000004,3541.76001,3300.539795,298302.0
2015-05-14,3540.709961,3589.4099119999996,3514.23999,3579.8798829999996,3336.063477,250804.0
2015-05-15,3590.469971,3618.0,3557.649902,3573.530029,3330.145996,382337.0
2015-05-18,3565.0600590000004,3603.179932,3550.23999,3557.649902,3315.347656,252503.0
2015-05-19,3556.5900880000004,3623.290039,3556.5900880000004,3615.8798829999996,3369.6118159999996,286477.0
2015-05-20,3622.23999,3642.350098,3596.820068,3634.9399409999996,3387.3732909999994,254134.0
2015-05-21,3656.1201170000004,3667.76001,3619.0600590000004,3659.290039,3410.065186,327430.0
2015-05-22,3676.23999,3701.649902,3649.76001,3679.4099119999996,3428.814697,321106.0
2015-05-26,3679.4099119999996,3703.5900880000004,3648.709961,3655.0600590000004,3406.1232909999994,315376.0
2015-05-27,3645.530029,3755.649902,3645.530029,3742.9399409999996,3488.0180659999996,387050.0
2015-05-28,3749.290039,3787.4099119999996,3742.9399409999996,3781.0600590000004,3523.5417479999996,291835.0
2015-05-29,3782.1201170000004,3789.530029,3686.820068,3704.820068,3452.4941409999997,459947.0
2015-06-01,3722.820068,3743.889893,3684.709961,3702.709961,3450.5280759999996,392726.0
2015-06-02,3728.1201170000004,3745.0600590000004,3676.23999,3690.0,3438.68335,365714.0
2015-06-03,3697.4099119999996,3769.4099119999996,3674.1201170000004,3722.820068,3469.268311,377522.0
2015-06-04,3601.0600590000004,3626.469971,3526.9399409999996,3526.9399409999996,3286.729248,843159.0
2015-06-05,3523.76001,3540.179932,3487.76001,3503.649902,3265.025146,462217.0
2015-06-08,3490.9399409999996,3490.9399409999996,3449.649902,3465.530029,3229.501709,378180.0
2015-06-09,3465.530029,3474.0,3421.0600590000004,3423.179932,3190.035889,353472.0
2015-06-10,3423.179932,3445.4099119999996,3388.23999,3438.0,3203.846436,586939.0
2015-06-11,3380.820068,3406.23999,3362.820068,3388.23999,3203.600586,477368.0
2015-06-12,3378.709961,3393.530029,3269.649902,3282.350098,3103.481201,1163316.0
2015-06-15,3265.409912,3278.1201170000004,3237.8798829999996,3252.709961,3075.456299,655102.0
2015-06-16,3231.530029,3251.649902,3196.590088,3248.469971,3071.44751,558648.0
2015-06-17,3250.590088,3262.23999,3224.1201170000004,3225.179932,3049.4267579999996,492916.0
2015-06-18,3219.8798829999996,3309.8798829999996,3206.1201170000004,3303.530029,3123.5073239999997,735036.0
2015-06-19,3299.290039,3312.0,3286.590088,3297.179932,3117.50293,841746.0
2015-06-22,3348.0,3385.0600590000004,3319.409912,3338.469971,3156.542969,792808.0
2015-06-23,3388.23999,3433.76001,3377.649902,3409.4099119999996,3223.6171879999997,839985.0
2015-06-24,3416.820068,3423.179932,3377.649902,3381.8798829999996,3197.587402,704290.0
2015-06-25,3370.23999,3388.23999,3336.350098,3340.590088,3158.547607,484459.0
2015-06-26,3315.179932,3332.1201170000004,3298.23999,3314.1201170000004,3133.519775,437207.0
2015-06-29,3229.409912,3283.409912,3220.939941,3254.820068,3077.45166,851124.0
2015-06-30,3232.590088,3273.8798829999996,3216.709961,3216.709961,3041.418457,614141.0
2015-07-01,3232.590088,3250.590088,3210.350098,3232.590088,3056.432861,506707.0
2015-07-02,3222.0,3229.409912,3178.590088,3179.649902,3006.377441,469229.0
2015-07-03,3182.820068,3182.820068,3159.530029,3169.060059,2996.36499,463906.0
2015-07-06,3154.23999,3182.820068,3152.1201170000004,3170.1201170000004,2997.3671879999997,462350.0
2015-07-07,3173.290039,3180.709961,3098.409912,3106.590088,2937.299072,426441.0
2015-07-08,3045.179932,3154.909912,3044.1201170000004,3134.1201170000004,2963.329102,565270.0
2015-07-09,3150.0,3186.0,3142.399902,3175.409912,3002.368652,476460.0
2015-07-10,3229.409912,3229.409912,3194.469971,3194.469971,3020.3901370000003,533936.0
2015-07-13,3215.649902,3232.209961,3197.649902,3229.409912,3053.426025,392169.0
2015-07-14,3223.060059,3223.060059,3164.820068,3171.179932,2998.369141,494662.0
2015-07-15,3165.8798829999996,3166.939941,3114.0,3135.179932,2964.331055,817358.0
2015-07-16,3137.290039,3174.350098,3131.699951,3150.0,2978.3435059999997,381666.0
2015-07-17,3159.530029,3165.8798829999996,3104.469971,3133.060059,2962.326416,475363.0
2015-07-20,3150.0,3174.350098,3139.939941,3162.709961,2990.36084,422716.0
2015-07-21,3162.709961,3251.649902,3148.679932,3189.179932,3015.388184,523982.0
2015-07-22,3122.469971,3156.350098,3056.820068,3070.590088,2903.260986,1186745.0
2015-07-23,3073.76001,3081.179932,3013.409912,3029.290039,2864.2114260000003,951773.0
2015-07-24,3022.939941,3053.649902,2937.709961,2941.409912,2781.120605,495054.0
2015-07-27,2927.649902,2940.560059,2884.23999,2906.469971,2748.084717,543359.0
2015-07-28,2918.1201170000004,3032.469971,2917.060059,3015.530029,2851.201172,842307.0
2015-07-29,3033.530029,3082.23999,3002.820068,3067.409912,2900.253906,1189329.0
2015-07-30,3076.939941,3088.590088,3047.290039,3061.060059,2894.2504879999997,574626.0
2015-07-31,3080.1201170000004,3090.709961,3050.169922,3086.469971,2918.275635,509355.0
2015-08-03,3070.590088,3085.669922,3042.0,3049.409912,2883.235107,553547.0
2015-08-04,3042.0,3088.790039,3037.76001,3083.290039,2915.269043,653776.0
2015-08-05,3084.350098,3137.290039,3078.0,3123.530029,2953.315918,582345.0
2015-08-06,3114.0,3120.350098,3085.409912,3107.649902,2938.30127,442377.0
2015-08-07,3105.530029,3114.0,3091.48999,3102.350098,2933.290039,371141.0
2015-08-10,3101.290039,3132.25,3085.409912,3132.0,2961.324463,376876.0
2015-08-11,3120.350098,3120.350098,3049.409912,3049.409912,2883.235107,479314.0
2015-08-12,3019.76001,3076.409912,2961.530029,2980.590088,2818.165527,453908.0
2015-08-13,3017.649902,3044.1201170000004,3007.060059,3014.469971,2850.198975,436649.0
2015-08-14,3020.820068,3026.1201170000004,2985.8798829999996,2995.409912,2832.177734,298546.0
2015-08-17,3011.290039,3011.290039,2960.469971,2973.179932,2811.15918,173153.0
2015-08-18,2976.350098,2976.350098,2935.060059,2963.649902,2802.148193,262372.0
2015-08-19,2956.23999,2956.23999,2871.530029,2871.530029,2715.048828,557645.0
2015-08-20,2849.290039,2882.1201170000004,2841.8798829999996,2849.290039,2694.020264,481983.0
2015-08-21,2812.23999,2895.8798829999996,2795.290039,2826.0,2671.9995120000003,641252.0
2015-08-24,2742.350098,2792.689941,2677.76001,2702.1201170000004,2554.870605,889306.0
2015-08-25,2742.350098,2854.590088,2732.820068,2838.709961,2684.016846,905242.0
2015-08-26,2810.1201170000004,2810.1201170000004,2724.350098,2724.350098,2575.888916,715823.0
2015-08-27,2790.0,2846.1201170000004,2767.76001,2832.350098,2678.003418,651040.0
2015-08-28,2845.060059,2864.1201170000004,2786.820068,2864.1201170000004,2708.04248,636317.0
2015-09-01,2864.1201170000004,2864.1201170000004,2769.8798829999996,2792.1201170000004,2639.966064,790691.0
2015-09-02,2797.409912,2849.290039,2772.0,2799.530029,2646.971924,630266.0
2015-09-03,2824.939941,2857.659912,2813.290039,2839.76001,2685.009766,380763.0
2015-09-04,2813.290039,2821.76001,2747.649902,2749.76001,2599.9145510000003,386450.0
2015-09-07,2774.1201170000004,2800.590088,2756.1201170000004,2786.820068,2634.954834,195538.0
2015-09-08,2793.179932,2867.290039,2788.090088,2854.590088,2699.0317379999997,575457.0
2015-09-09,2885.290039,2896.290039,2855.860107,2857.76001,2702.029053,771145.0
2015-09-10,2833.409912,2863.060059,2827.060059,2832.350098,2678.003418,405724.0
2015-09-11,2834.469971,2834.469971,2772.0,2787.8798829999996,2635.956787,359266.0
2015-09-14,2797.409912,2824.939941,2739.179932,2757.179932,2606.9296879999997,366415.0
2015-09-15,2756.1201170000004,2785.76001,2705.290039,2772.0,2620.942139,497085.0
2015-09-16,2792.1201170000004,2805.8798829999996,2758.23999,2784.709961,2632.959229,426618.0
2015-09-17,2790.0,2791.949951,2731.76001,2738.1201170000004,2588.908936,355422.0
2015-09-18,2730.709961,2730.709961,2660.820068,2695.76001,2548.857178,828408.0
2015-09-21,2687.290039,2701.060059,2655.530029,2670.350098,2524.831787,852193.0
2015-09-22,2668.23999,2670.23999,2439.530029,2454.350098,2320.602295,1972289.0
2015-09-23,2450.1201170000004,2564.469971,2346.649902,2517.8798829999996,2380.670166,3297309.0
2015-09-24,2518.939941,2583.530029,2499.8798829999996,2539.060059,2400.696045,1350810.0
2015-09-25,2602.590088,2707.409912,2589.8798829999996,2661.8798829999996,2516.8232420000004,1221384.0
2015-09-28,2651.290039,2656.02002,2550.709961,2557.060059,2417.715088,1233422.0
2015-09-29,2516.820068,2594.1201170000004,2516.820068,2551.76001,2412.704102,711986.0
2015-09-30,2603.649902,2622.709961,2582.469971,2592.0,2450.751465,911487.0
2015-10-01,2629.060059,2680.939941,2605.76001,2613.179932,2470.7771,978542.0
2015-10-02,2630.1201170000004,2639.649902,2561.290039,2605.76001,2463.761475,665039.0
2015-10-05,2664.0,2666.1201170000004,2614.23999,2657.649902,2512.82373,841759.0
2015-10-06,2674.590088,2702.1201170000004,2634.350098,2684.1201170000004,2537.851318,791708.0
2015-10-07,2688.350098,2730.709961,2678.820068,2719.060059,2570.886963,669191.0
2015-10-08,2713.76001,2759.290039,2702.1201170000004,2752.939941,2602.921143,539127.0
2015-10-09,2783.649902,2810.1201170000004,2774.1201170000004,2800.590088,2647.974365,517248.0
2015-10-12,2796.350098,2806.280029,2738.649902,2746.590088,2596.917236,321598.0
2015-10-13,2736.0,2736.0,2619.530029,2672.469971,2526.8359379999997,747676.0
2015-10-14,2639.649902,2652.350098,2602.590088,2622.709961,2479.787598,541569.0
2015-10-15,2647.060059,2666.1201170000004,2633.290039,2641.76001,2497.799805,456560.0
2015-10-16,2647.060059,2652.350098,2623.76001,2633.290039,2489.79126,488230.0
2015-10-19,2632.23999,2644.939941,2565.530029,2587.76001,2446.742432,491608.0
2015-10-20,2595.179932,2605.76001,2567.649902,2596.23999,2454.760254,441505.0
2015-10-21,2606.820068,2624.820068,2567.649902,2618.469971,2475.778809,440342.0
2015-10-22,2618.469971,2651.290039,2596.23999,2636.469971,2492.798096,757901.0
2015-10-23,2646.0,2762.469971,2631.179932,2738.1201170000004,2588.908936,1066248.0
2015-10-26,2726.469971,2741.290039,2707.409912,2720.1201170000004,2571.889404,369427.0
2015-10-27,2706.350098,2713.76001,2667.179932,2675.649902,2529.842773,351713.0
2015-10-28,2668.23999,2740.23999,2668.23999,2727.530029,2578.895752,472259.0
2015-10-29,2731.76001,2731.76001,2680.939941,2723.290039,2574.886963,476551.0
2015-10-30,2729.649902,2749.76001,2719.060059,2737.060059,2587.9064940000003,515797.0
2015-11-02,2711.649902,2761.409912,2700.949951,2757.179932,2606.9296879999997,338920.0
2015-11-03,2769.8798829999996,2787.8798829999996,2747.649902,2779.409912,2627.948486,303252.0
2015-11-04,2785.76001,2812.23999,2776.23999,2785.76001,2633.952148,469600.0
2015-11-05,2780.469971,2791.060059,2745.530029,2754.0,2603.92334,367909.0
2015-11-06,2756.1201170000004,2790.0,2748.709961,2770.939941,2619.939697,383384.0
2015-11-09,2767.76001,2792.1201170000004,2728.590088,2729.649902,2580.900146,337488.0
2015-11-10,2749.76001,2749.98999,2683.060059,2708.469971,2560.8745120000003,358288.0
2015-11-11,2716.939941,2724.350098,2682.0,2703.179932,2555.872803,348322.0
2015-11-12,2701.060059,2701.060059,2571.8798829999996,2594.1201170000004,2452.755859,487641.0
2015-11-13,2572.939941,2590.939941,2523.179932,2545.409912,2406.699951,856286.0
2015-11-16,2518.939941,2541.179932,2505.179932,2526.350098,2388.678955,519188.0
2015-11-17,2549.649902,2587.449951,2536.939941,2558.1201170000004,2418.717773,783501.0
2015-11-18,2548.590088,2614.23999,2512.590088,2601.530029,2459.762207,673956.0
2015-11-19,2747.649902,2870.469971,2730.709961,2852.469971,2697.0271,1883603.0
2015-11-20,2870.469971,2880.0,2832.350098,2864.1201170000004,2708.04248,893704.0
2015-11-23,2859.8798829999996,2932.939941,2831.290039,2916.0,2757.095215,820186.0
2015-11-24,2910.709961,2949.8798829999996,2885.290039,2942.469971,2782.122559,969359.0
2015-11-25,2961.530029,3026.1201170000004,2943.530029,3007.060059,2843.193115,648164.0
2015-11-26,3017.649902,3073.76001,3009.179932,3050.469971,2884.237061,488098.0
2015-11-27,3046.23999,3046.23999,2951.840088,2963.649902,2802.148193,562402.0
2015-11-30,2961.530029,3005.679932,2952.0,2996.469971,2833.1801760000003,722824.0
2015-12-01,3009.179932,3020.820068,2966.820068,2976.350098,2814.1564940000003,464827.0
2015-12-02,2992.23999,3030.350098,2978.469971,3008.1201170000004,2844.1953129999997,535447.0
2015-12-03,3011.290039,3028.23999,2853.530029,2867.290039,2711.0395510000003,1134033.0
2015-12-04,2874.709961,2894.820068,2839.76001,2865.179932,2709.044434,569750.0
2015-12-07,2859.8798829999996,2891.649902,2842.939941,2857.76001,2702.029053,539407.0
2015-12-08,2851.409912,2851.409912,2801.699951,2809.060059,2655.982666,814607.0
2015-12-09,2806.939941,2844.0,2769.8798829999996,2818.590088,2664.993652,509794.0
2015-12-10,2822.820068,2837.649902,2744.469971,2761.409912,2610.929443,506643.0
2015-12-11,2759.290039,2759.290039,2690.469971,2690.469971,2543.855225,635103.0
2015-12-14,2685.179932,2728.590088,2659.76001,2669.290039,2523.829346,484041.0
2015-12-15,2696.820068,2780.469971,2686.02002,2747.649902,2597.918945,1013348.0
2015-12-16,2742.350098,2796.350098,2733.409912,2775.179932,2623.948975,397098.0
2015-12-17,2824.939941,2844.0,2769.8798829999996,2769.8798829999996,2618.9377440000003,482685.0
2015-12-18,2760.350098,2788.939941,2747.649902,2773.060059,2621.94458,642225.0
2015-12-21,2774.1201170000004,2832.350098,2755.060059,2755.060059,2604.925537,371907.0
2015-12-22,2794.23999,2810.1201170000004,2754.0,2784.709961,2632.959229,439114.0
2015-12-23,2818.590088,2909.649902,2818.590088,2893.76001,2736.067139,401375.0
2015-12-24,2917.060059,2917.060059,2860.939941,2862.0,2706.037842,56835.0
2015-12-29,2862.0,2904.350098,2841.8798829999996,2891.649902,2734.072021,345267.0
2015-12-30,2890.590088,2890.590088,2851.409912,2852.469971,2697.0271,283126.0
2015-12-31,2857.76001,2857.76001,2813.290039,2813.290039,2659.982178,85327.0
2016-01-04,2813.290039,2813.290039,2738.1201170000004,2752.939941,2602.921143,452174.0
2016-01-05,2757.179932,2824.939941,2741.290039,2816.469971,2662.9892579999996,1247981.0
2016-01-06,2800.590088,2875.76001,2747.649902,2777.290039,2625.944092,680035.0
2016-01-07,2690.469971,2722.23999,2652.350098,2692.590088,2563.861084,532040.0
2016-01-08,2692.590088,2747.649902,2649.179932,2678.820068,2550.7495120000003,852387.0
2016-01-11,,,,,,
2016-01-12,,,,,,
2016-01-13,2566.0,2598.0,2560.0,2573.0,2449.988525,559975.0
2016-01-14,2532.0,2533.100098,2435.0,2494.0,2374.765625,780982.0
2016-01-15,2500.0,2507.0,2411.0,2414.0,2298.590332,781682.0
2016-01-18,2407.0,2429.0,2386.0,2394.0,2279.5463870000003,694265.0
2016-01-19,2432.0,2474.0,2395.97998,2445.0,2328.108154,653292.0
2016-01-20,2391.0,2400.0,2341.0,2362.0,2249.076172,583099.0
2016-01-21,2374.0,2408.0,2363.0,2399.0,2284.307373,629296.0
2016-01-22,2451.0,2482.0,2443.0,2447.0,2330.012451,480417.0
2016-01-25,2469.0,2469.0,2426.0,2439.0,2322.394775,459544.0
2016-01-26,2394.0,2464.0,2394.0,2457.0,2339.534424,728811.0
2016-01-27,2457.0,2476.0,2407.0,2461.0,2343.3432620000003,732788.0
2016-01-28,2460.0,2464.0,2385.0,2398.0,2283.35498,1004308.0
2016-01-29,2429.0,2465.0,2387.0,2465.0,2347.1521,963407.0
2016-02-01,2488.0,2494.0,2439.0,2463.0,2345.247559,719858.0
2016-02-02,2463.0,2463.0,2406.0,2428.0,2311.920654,944325.0
2016-02-03,2419.0,2472.0,2386.0,2407.0,2291.925049,1010232.0
2016-02-04,2446.0,2454.0,2304.0,2343.0,2230.9846190000003,1139136.0
2016-02-05,2338.0,2370.0,2311.0,2332.0,2220.510498,609488.0
2016-02-08,2344.0,2356.0,2264.0,2277.0,2168.139893,917369.0
2016-02-09,2280.0,2287.0,2221.0,2254.0,2146.239502,687385.0
2016-02-10,2276.0,2327.0,2243.0,2305.0,2194.80127,1071908.0
2016-02-11,2286.0,2293.0,2215.0,2230.0,2123.386719,915455.0
2016-02-12,2253.0,2281.0,2229.0,2248.0,2140.5263670000004,948850.0
2016-02-15,2289.0,2333.0,2289.0,2316.0,2205.275391,440514.0
2016-02-16,2338.0,2352.0,2312.0,2351.0,2238.602295,610897.0
2016-02-17,2359.0,2441.0,2354.0,2430.0,2313.825195,773765.0
2016-02-18,2440.0,2490.0,2420.0,2460.0,2342.3911129999997,828358.0
2016-02-19,2460.0,2479.0,2455.0,2476.0,2357.625977,505867.0
2016-02-22,2489.0,2536.0,2477.0,2525.0,2404.283447,374339.0
2016-02-23,2513.0,2514.0,2466.0,2483.0,2364.291504,647859.0
2016-02-24,2477.0,2477.0,2401.0,2426.0,2310.016602,531746.0
2016-02-25,2450.0,2485.0,2450.0,2472.0,2353.817139,342179.0
2016-02-26,2506.0,2542.0,2501.0,2524.0,2403.331299,533675.0
2016-02-29,2512.0,2558.0,2499.0,2557.0,2434.753418,693075.0
2016-03-01,2560.0,2600.0,2540.0,2600.0,2475.697754,582206.0
2016-03-02,2620.0,2622.0,2540.0,2564.0,2441.419189,523271.0
2016-03-03,2564.0,2589.0,2542.0,2567.0,2444.275391,392952.0
2016-03-04,2571.0,2613.0,2559.0,2613.0,2488.076172,773511.0
2016-03-07,2603.0,2619.0,2563.459961,2611.0,2486.171875,543928.0
2016-03-08,2591.0,2617.0,2566.0,2572.0,2449.036377,686859.0
2016-03-09,2577.0,2612.0,2556.0,2600.0,2475.697754,648459.0
2016-03-10,2607.0,2622.0,2520.0,2520.0,2399.522461,436128.0
2016-03-11,2553.0,2567.0,2526.0,2540.0,2418.566406,550146.0
2016-03-14,2543.0,2596.0,2536.0,2578.0,2454.7495120000003,346561.0
2016-03-15,2566.0,2571.0,2541.0,2541.0,2419.518555,566380.0
2016-03-16,2552.0,2575.0,2542.0,2544.0,2422.375,390298.0
2016-03-17,2564.0,2570.0,2529.0,2564.0,2441.419189,370858.0
2016-03-18,2558.0,2598.0,2548.449951,2598.0,2473.793457,803821.0
2016-03-21,2580.0,2631.0,2572.0,2599.0,2474.74585,395376.0
2016-03-22,2598.0,2682.0,2580.0,2676.0,2548.064453,548616.0
2016-03-23,2674.0,2706.0,2668.0,2705.0,2575.677979,469478.0
2016-03-24,2692.0,2715.0,2679.0,2689.0,2560.442627,520840.0
2016-03-29,2689.0,2714.0,2672.699951,2685.0,2556.634033,368139.0
2016-03-30,2715.0,2756.0,2711.209961,2732.0,2601.387207,509751.0
2016-03-31,2726.0,2752.149902,2704.0,2744.0,2612.813232,568155.0
2016-04-01,2712.0,2732.0,2692.0,2720.0,2589.960693,500845.0
2016-04-04,2714.0,2720.0,2680.0,2707.0,2577.582275,376696.0
2016-04-05,2687.0,2692.0,2662.0,2680.0,2551.873291,416427.0
2016-04-06,2691.0,2702.0,2645.399902,2672.0,2544.255371,488542.0
2016-04-07,2676.0,2696.0,2650.0,2659.0,2531.876709,319627.0
2016-04-08,2674.0,2720.0,2662.0,2720.0,2589.960693,328161.0
2016-04-11,2711.0,2752.0,2694.0,2743.0,2611.86084,452756.0
2016-04-12,2746.0,2757.0,2719.0,2757.0,2625.19165,444143.0
2016-04-13,2775.0,2825.0,2764.0,2825.0,2689.940918,533967.0
2016-04-14,2867.0,2908.0,2855.0,2867.0,2729.932861,786551.0
2016-04-15,2866.0,2873.76001,2832.0,2862.0,2725.171875,430833.0
2016-04-18,2836.0,2888.0,2822.300049,2886.0,2748.024414,420517.0
2016-04-19,2887.0,2936.0,2887.0,2906.0,2767.068359,555095.0
2016-04-20,2906.0,2936.0,2885.0,2899.0,2760.403076,444919.0
2016-04-21,2895.0,2944.0,2889.0,2939.0,2798.490723,386761.0
2016-04-22,2925.0,2932.0,2887.0,2895.0,2756.5939940000003,405518.0
2016-04-25,2901.0,2901.0,2860.0,2871.0,2733.741455,367488.0
2016-04-26,2874.0,2895.0,2848.0,2892.0,2753.737549,400105.0
2016-04-27,2881.0,2910.0,2866.0,2904.0,2765.1640629999997,327550.0
2016-04-28,2887.0,2912.0,2886.0,2900.0,2761.35498,465054.0
2016-04-29,2887.0,2904.0,2863.0,2887.0,2748.9765629999997,374332.0
2016-05-03,2887.0,2941.0,2880.0,2900.0,2761.35498,621348.0
2016-05-04,2891.0,2906.0,2873.0,2881.0,2743.263428,381870.0
2016-05-05,2889.0,2906.0,2840.0,2855.0,2718.506836,287351.0
2016-05-06,2839.0,2890.0,2830.0,2882.0,2744.215576,359051.0
2016-05-09,2907.0,2913.0,2847.0,2848.0,2711.841309,390198.0
2016-05-10,2871.0,2883.399902,2840.080078,2869.0,2731.837158,306589.0
2016-05-11,2869.0,2887.0,2855.0,2879.0,2741.359375,321354.0
2016-05-12,2871.0,2902.0,2849.0,2863.0,2726.124268,319514.0
2016-05-13,2856.0,2881.0,2834.0,2870.0,2732.7895510000003,335368.0
2016-05-16,2867.0,2895.0,2857.5,2892.0,2753.737549,144569.0
2016-05-17,2909.0,2923.0,2893.610107,2917.0,2777.54248,339750.0
2016-05-18,2911.0,2941.0,2898.0,2935.0,2794.681885,380638.0
2016-05-19,2913.0,2914.5,2879.0,2895.0,2756.5939940000003,422190.0
2016-05-20,2913.0,2927.0,2871.0,2875.0,2737.550781,600719.0
2016-05-23,2872.0,2905.0,2856.0,2871.0,2733.741455,488089.0
2016-05-24,2867.0,2876.0,2835.0,2858.0,2721.363037,798312.0
2016-05-25,2876.0,2876.0,2838.0,2841.0,2705.175781,380361.0
2016-05-26,2849.0,2882.0,2839.0,2876.0,2738.502686,479421.0
2016-05-27,2870.0,2884.0,2863.0,2883.0,2745.167969,269598.0
2016-05-31,2883.0,2906.0,2870.0,2884.0,2746.1201170000004,566073.0
2016-06-01,2878.0,2888.0,2819.0,2827.0,2691.845215,527273.0
2016-06-02,2826.0,3006.0,2826.0,2995.0,2851.813477,914254.0
2016-06-03,3000.0,3013.0,2912.300049,2942.0,2801.347168,660859.0
2016-06-06,2946.0,3068.0,2938.0,3062.0,2915.610352,737260.0
2016-06-07,3070.0,3107.469971,3064.0,3082.0,2934.654053,555607.0
2016-06-08,3069.0,3084.0,3054.0,3083.0,2935.606201,454562.0
2016-06-09,3027.0,3027.0,2968.0,2975.0,2881.368652,554370.0
2016-06-10,2970.0,2973.0,2920.0,2952.0,2859.092773,474452.0
2016-06-13,2933.0,2933.0,2890.0,2890.0,2799.043945,516949.0
2016-06-14,2872.0,2877.0,2828.0,2837.0,2747.711914,641330.0
2016-06-15,2844.0,2917.0,2833.0,2901.0,2809.69751,637821.0
2016-06-16,2870.0,2896.0,2845.0,2850.0,2760.302734,734825.0
2016-06-17,2870.0,2884.0,2841.0,2852.0,2762.239746,808131.0
2016-06-20,2909.0,2958.0,2895.389893,2933.0,2840.69043,427163.0
2016-06-21,2942.0,2949.0,2910.0,2932.0,2839.722168,780670.0
2016-06-22,2957.0,2990.0,2930.0,2963.0,2869.746582,771303.0
2016-06-23,2991.0,3031.0,2979.899902,2993.0,2898.802246,442401.0
2016-06-24,2964.0,2977.0,2823.0,2914.0,2822.2885739999997,814384.0
2016-06-27,2881.0,2921.0,2774.0,2779.0,2691.537354,725921.0
2016-06-28,2816.0,2843.0,2775.0,2788.0,2700.25415,800752.0
2016-06-29,2822.0,2835.0,2777.0,2816.0,2727.372803,964326.0
2016-06-30,2804.0,2812.0,2775.0,2801.0,2712.844971,1137403.0
2016-07-01,2821.0,2966.0,2809.0,2957.0,2863.935059,785210.0
2016-07-04,2980.0,3000.0,2917.0,2939.0,2846.501953,452201.0
2016-07-05,2932.0,2963.0,2889.0,2920.0,2828.099854,466508.0
2016-07-06,2908.0,2931.0,2861.0,2898.0,2806.792236,501968.0
2016-07-07,2923.0,2957.0,2915.0,2919.0,2827.131348,393759.0
2016-07-08,2906.0,2982.0,2906.0,2976.0,2882.337402,403964.0
2016-07-11,2997.0,3074.030029,2989.570068,3074.0,2977.253174,470132.0
2016-07-12,3069.0,3104.040039,3041.0,3064.0,2967.567627,487711.0
2016-07-13,3062.0,3114.0,3057.0,3088.0,2990.8122559999997,594983.0
2016-07-14,3117.0,3141.0,3103.0,3103.0,3005.340088,541680.0
2016-07-15,3110.0,3161.0,3088.0,3146.0,3046.986816,561229.0
2016-07-18,3141.0,3200.0,3115.709961,3169.0,3069.262939,521092.0
2016-07-19,3158.0,3173.0,3122.0,3147.0,3047.955322,557728.0
2016-07-20,3153.0,3212.0,3137.0,3175.0,3075.073975,681920.0
2016-07-21,3162.0,3227.0,3160.0,3213.0,3111.878174,526114.0
2016-07-22,3199.0,3243.0,3193.0,3220.0,3118.657959,430530.0
2016-07-25,3227.0,3241.0,3203.0,3220.0,3118.657959,521329.0
2016-07-26,3220.0,3249.0,3215.0,3228.0,3126.40625,525623.0
2016-07-27,3238.0,3251.0,3223.0,3243.0,3140.934082,435850.0
2016-07-28,3257.0,3282.0,3232.0,3242.0,3139.965576,615774.0
2016-07-29,3252.0,3279.0,3233.399902,3276.0,3172.8955079999996,585831.0
2016-08-01,3294.0,3298.800049,3245.0,3273.0,3169.989746,392915.0
2016-08-02,3243.0,3245.0,3154.0,3165.0,3065.388916,664215.0
2016-08-03,3171.0,3171.0,3110.0,3144.0,3045.049805,767457.0
2016-08-04,3151.0,3212.0,3139.0,3205.0,3104.1298829999996,682355.0
2016-08-05,3220.0,3282.0,3219.1201170000004,3274.0,3170.958496,427475.0
2016-08-08,3276.0,3301.149902,3255.689941,3260.0,3157.3989260000003,417531.0
2016-08-09,3263.0,3282.0,3253.0,3282.0,3178.706543,674598.0
2016-08-10,3259.0,3286.0,3257.0,3279.0,3175.80127,530674.0
2016-08-11,3288.0,3345.0,3271.0,3345.0,3239.723877,1123441.0
2016-08-12,3349.0,3361.0,3333.0,3359.0,3253.283203,262160.0
2016-08-15,3347.0,3367.0,3337.0,3363.0,3257.157471,353894.0
2016-08-16,3366.0,3390.0,3320.0,3349.0,3243.597656,398303.0
2016-08-17,3358.0,3358.0,3322.0,3345.0,3239.723877,297405.0
2016-08-18,3367.0,3373.0,3338.0,3359.0,3253.283203,348241.0
2016-08-19,3362.0,3362.0,3329.0,3339.0,3233.912598,289304.0
2016-08-22,3336.0,3350.0,3287.0,3319.0,3214.542236,287679.0
2016-08-23,3329.0,3341.100098,3315.0,3331.0,3226.1645510000003,256394.0
2016-08-24,3315.0,3340.0,3290.0,3318.0,3213.57373,353521.0
2016-08-25,3308.0,3318.0,3275.0,3293.0,3189.360352,402010.0
2016-08-26,3309.0,3317.0,3288.0,3305.0,3200.982666,350859.0
2016-08-30,3305.0,3345.149902,3301.0,3342.0,3236.818359,562955.0
2016-08-31,3332.0,3343.0,3317.0,3338.0,3232.944092,628179.0
2016-09-01,3336.0,3358.0,3291.0,3297.0,3193.2346190000003,508631.0
2016-09-02,3316.0,3324.0,3282.0,3314.0,3209.699463,610528.0
2016-09-05,3329.0,3342.0,3306.0,3315.0,3210.667969,287927.0
2016-09-06,3318.0,3324.0,3296.0,3302.0,3198.076904,388916.0
2016-09-07,3315.0,3315.0,3280.0,3292.0,3188.39209,670205.0
2016-09-08,3284.0,3329.0,3269.0,3272.0,3169.021484,446391.0
2016-09-09,3267.0,3282.0,3225.0,3238.0,3136.091309,344426.0
2016-09-12,3206.0,3215.0,3140.0,3170.0,3070.231445,534136.0
2016-09-13,3184.0,3194.0,3164.0,3170.0,3070.231445,404700.0
2016-09-14,3178.0,3220.0,3170.0,3201.0,3100.255859,417537.0
2016-09-15,3212.0,3246.0,3193.0,3239.0,3137.059814,283769.0
2016-09-16,3237.0,3254.0,3184.0,3190.0,3089.601807,670403.0
2016-09-19,3219.0,3237.0,3209.709961,3210.0,3108.972656,392088.0
2016-09-20,3215.0,3300.0,3208.0,3272.0,3169.021484,598200.0
2016-09-21,3293.0,3305.0,3271.0,3295.0,3191.2973629999997,493217.0
2016-09-22,3330.0,3348.0,3312.0,3331.0,3226.1645510000003,361369.0
2016-09-23,3325.0,3325.0,3272.0,3277.0,3173.864014,579089.0
2016-09-26,3267.0,3267.0,3208.0,3226.0,3124.4692379999997,672935.0
2016-09-27,3246.0,3248.0,3202.300049,3227.0,3125.4375,492749.0
2016-09-28,3238.0,3262.0,3235.0,3250.0,3147.7138670000004,1368086.0
2016-09-29,3280.0,3310.0,3269.0,3281.0,3177.738037,1071143.0
2016-09-30,3260.0,3295.0,3232.0,3294.0,3190.329102,1242429.0
2016-10-03,3286.0,3377.0,3286.0,3372.0,3265.874023,447582.0
2016-10-04,3388.0,3485.0,3384.0,3461.0,3352.072998,1083683.0
2016-10-05,3444.0,3469.0,3438.0,3464.0,3354.978516,664909.0
2016-10-06,3477.0,3477.0,3451.0,3451.0,3342.387939,502067.0
2016-10-07,3468.0,3504.0,3450.0600590000004,3476.0,3366.60083,827260.0
2016-10-10,3491.0,3527.0,3486.0,3500.0,3389.845703,539006.0
2016-10-11,3492.0,3538.0,3492.0,3524.0,3413.090332,647187.0
2016-10-12,3528.0,3534.0,3478.0,3484.0,3374.3488770000004,553556.0
2016-10-13,3480.0,3494.0,3467.0,3488.0,3378.2231450000004,520923.0
2016-10-14,3506.0,3568.0,3506.0,3540.0,3428.58667,713609.0
2016-10-17,3540.0,3541.0,3486.0,3489.0,3379.19165,674512.0
2016-10-18,3506.0,3516.0,3438.0,3456.0,3347.230469,570350.0
2016-10-19,3451.0,3501.0,3427.0,3501.0,3390.8142090000006,431886.0
2016-10-20,3511.0,3531.0,3468.0,3507.0,3396.625244,455923.0
2016-10-21,3491.0,3513.0,3419.0200200000004,3463.0,3354.01001,626051.0
2016-10-24,3476.0,3502.0,3438.0,3440.0,3331.7338870000003,464313.0
2016-10-25,3452.0,3482.0,3433.0,3450.0,3341.419189,507416.0
2016-10-26,3437.0,3470.0,3354.0,3366.0,3260.0629879999997,626469.0
2016-10-27,3352.0,3400.0,3342.0,3371.0,3264.905273,515387.0
2016-10-28,3362.0,3401.0,3327.0,3384.0,3277.496338,431789.0
2016-10-31,3368.0,3418.0,3358.0,3410.0,3302.677979,712915.0
2016-11-01,3421.0,3424.0,3365.0,3379.0,3272.653809,485380.0
2016-11-02,3366.0,3387.0,3352.0,3369.0,3262.9682620000003,429432.0
2016-11-03,3358.0,3366.0,3256.0,3265.0,3162.2416989999997,789679.0
2016-11-04,3227.0,3251.0,3188.0,3242.0,3139.965576,637337.0
2016-11-07,3277.0,3295.0,3248.0,3277.0,3173.864014,433347.0
2016-11-08,3275.0,3315.0,3271.0,3308.0,3203.888184,749696.0
2016-11-09,3226.0,3323.0,3200.0,3323.0,3218.41626,531859.0
2016-11-10,3346.0,3360.0,3278.0,3302.0,3198.076904,570423.0
2016-11-11,3299.0,3305.0,3226.0,3260.0,3157.3989260000003,399728.0
2016-11-14,3288.0,3329.0,3265.0,3265.0,3162.2416989999997,392438.0
2016-11-15,3275.0,3301.0,3270.0,3296.0,3192.2661129999997,681087.0
2016-11-16,3316.0,3497.0,3308.0,3335.0,3230.0385739999997,1388038.0
2016-11-17,3299.0,3395.0,3193.0,3227.0,3125.4375,2033881.0
2016-11-18,3244.0,3272.0,3241.0,3247.0,3144.808105,883383.0
2016-11-21,3266.0,3271.0,3209.0,3215.0,3113.815186,870053.0
2016-11-22,3236.0,3249.0,3212.0,3242.0,3139.965576,771802.0
2016-11-23,3261.0,3300.0,3224.0,3224.0,3122.531982,893657.0
2016-11-24,3207.0,3224.0,3171.0,3185.0,3104.4995120000003,681595.0
2016-11-25,3194.0,3194.0,3149.0,3160.0,3080.131348,618375.0
2016-11-28,3163.0,3177.0,3132.0,3146.0,3066.485352,767649.0
2016-11-29,3145.0,3162.0,3120.330078,3141.0,3061.611572,682115.0
2016-11-30,3127.0,3172.0,3122.0,3130.0,3050.889893,1007866.0
2016-12-01,3119.0,3144.0,3093.0,3104.0,3025.546875,612601.0
2016-12-02,3091.0,3094.0,3047.419922,3082.0,3004.102783,500493.0
2016-12-05,3085.0,3133.0,3061.909912,3093.0,3014.824951,905891.0
2016-12-06,3095.0,3099.419922,3004.0,3004.0,2928.074219,819030.0
2016-12-07,3018.0,3095.0,3015.0,3055.0,2977.7854,1009503.0
2016-12-08,3057.0,3067.719971,3026.0,3039.0,2962.189941,786476.0
2016-12-09,3049.0,3049.0,3021.0,3045.0,2968.038086,486368.0
2016-12-12,3041.0,3061.0,3005.0,3017.0,2940.74585,409396.0
2016-12-13,3026.0,3078.0,3007.0,3071.0,2993.381104,769572.0
2016-12-14,3071.0,3120.0,3065.0,3101.0,3022.622803,1037781.0
2016-12-15,3100.0,3108.0,3071.0,3082.0,3004.102783,870519.0
2016-12-16,3085.0,3105.0,3068.0,3071.0,2993.381104,884050.0
2016-12-19,3073.0,3124.0,3057.0,3102.0,3023.597412,431127.0
2016-12-20,3102.0,3180.0,3093.0,3110.0,3031.395264,562287.0
2016-12-21,3113.0,3139.0,3092.0,3129.0,3049.914795,687084.0
2016-12-22,3120.0,3193.0,3120.0,3171.0,3090.853516,633089.0
2016-12-23,3176.0,3197.0,3153.0,3153.0,3073.30835,171653.0
2016-12-28,3153.0,3178.0,3153.0,3173.0,3092.802734,399063.0
2016-12-29,3171.0,3196.0,3157.0,3178.0,3097.676514,229011.0
2016-12-30,3173.0,3182.0,3155.0,3182.0,3101.575439,216555.0
2017-01-03,3182.0,3205.0,3163.0,3186.0,3105.474365,706042.0
2017-01-04,3177.0,3179.0,3154.0,3176.0,3095.7270510000003,471410.0
2017-01-05,3177.0,3179.0,3132.0,3143.0,3063.561035,762623.0
2017-01-06,3134.0,3174.0,3133.0,3160.0,3080.131348,434636.0
2017-01-09,3161.0,3192.0,3151.540039,3188.0,3107.423828,371796.0
2017-01-10,3185.0,3204.0,3168.0,3193.0,3112.297607,369204.0
2017-01-11,3187.0,3216.0,3179.0,3210.0,3128.86792,338859.0
2017-01-12,3209.0,3220.639893,3189.0,3220.0,3138.61499,480556.0
2017-01-13,3220.0,3249.0,3214.0,3248.0,3165.907227,547504.0
2017-01-16,3258.0,3268.0,3227.0,3227.0,3145.4379879999997,461003.0
2017-01-17,3216.0,3221.0,3149.0,3150.0,3070.384277,912161.0
2017-01-18,3159.0,3177.0,3137.0,3176.0,3095.7270510000003,632627.0
2017-01-19,3174.0,3179.0,3142.0,3152.0,3072.33374,1002689.0
2017-01-20,3151.0,3164.0,3129.0,3142.0,3062.5864260000003,951811.0
2017-01-23,3128.0,3173.0,3118.0,3168.0,3087.9291989999997,1378934.0
2017-01-24,3186.0,3218.0,3171.0,3210.0,3128.86792,885569.0
2017-01-25,3226.0,3262.0,3206.0,3243.0,3161.033691,591533.0
2017-01-26,3248.0,3248.0,3204.0,3220.0,3138.61499,955911.0
2017-01-27,3228.0,3255.0,3215.0,3253.0,3170.7807620000003,755613.0
2017-01-30,3244.0,3269.0,3220.0,3249.0,3166.88208,1561391.0
2017-01-31,3250.0,3292.0,3234.070068,3251.0,3168.831299,1091399.0
2017-02-01,3255.0,3282.0,3247.0,3282.0,3199.047852,675356.0
2017-02-02,3293.0,3327.0,3228.0,3240.0,3158.1096190000003,1029354.0
2017-02-03,3262.0,3262.0,3180.0,3182.0,3101.575439,908930.0
2017-02-06,3177.0,3210.0,3158.0,3179.0,3098.6513670000004,621357.0
2017-02-07,3186.0,3212.0,3172.0,3180.0,3099.625977,810185.0
2017-02-08,3171.0,3191.0,3164.0,3186.0,3105.474365,825804.0
2017-02-09,3184.0,3208.0,3168.0,3190.0,3109.373047,347623.0
2017-02-10,3189.0,3200.0,3160.0,3170.0,3089.878662,631589.0
2017-02-13,3170.0,3171.0,3122.0,3154.0,3074.283203,828329.0
2017-02-14,3144.0,3152.0,3107.0,3115.0,3036.269043,738645.0
2017-02-15,3132.0,3135.860107,3086.0,3114.0,3035.293945,688488.0
2017-02-16,3114.0,3114.0,3048.0,3072.0,2994.355713,747015.0
2017-02-17,3075.0,3076.0,3035.0,3062.0,2984.608398,1131910.0
2017-02-20,3058.0,3072.0,3041.0,3062.0,2984.608398,521702.0
2017-02-21,3070.0,3070.0,3028.0,3052.0,2974.861084,1046604.0
2017-02-22,3054.0,3071.0,3037.0,3044.0,2967.063477,687090.0
2017-02-23,3045.0,3046.0,2995.0,2996.0,2920.276611,631008.0
2017-02-24,2989.0,3026.0,2960.810059,3013.0,2936.846924,1053151.0
2017-02-27,3034.0,3049.0,3013.0,3044.0,2967.063477,1094120.0
2017-02-28,3050.0,3077.0,3031.0,3064.0,2986.557861,852936.0
2017-03-01,3068.0,3097.0,3066.0,3086.0,3008.001953,675242.0
2017-03-02,3076.0,3105.0,3071.0,3085.0,3007.0271,477315.0
2017-03-03,3086.0,3086.0,3032.0,3056.0,2978.76001,834119.0
2017-03-06,3063.0,3063.0,3012.0,3019.0,2942.695068,481580.0
2017-03-07,3023.0,3023.0,2970.0,2977.0,2901.756836,866929.0
2017-03-08,2963.0,2981.0,2945.0,2966.0,2891.034912,589597.0
2017-03-09,2971.0,2980.0,2934.0,2948.0,2873.489746,921389.0
2017-03-10,2955.0,2956.0,2896.219971,2911.0,2837.424805,869216.0
2017-03-13,2921.0,2960.0,2906.0,2952.0,2877.388672,821741.0
2017-03-14,2960.0,2981.0,2949.0,2953.0,2878.363281,910192.0
2017-03-15,2963.0,2970.0,2952.0,2955.0,2880.3127440000003,663369.0
2017-03-16,2978.0,2990.0,2957.0,2964.0,2889.0854489999997,897860.0
2017-03-17,2964.0,3007.0,2961.26001,3007.0,2930.998535,1456086.0
2017-03-20,3000.0,3018.0,2985.0,3018.0,2941.720459,561821.0
2017-03-21,3029.0,3029.0,2993.0,3003.0,2927.099609,699778.0
2017-03-22,2986.0,2993.0,2947.0,2958.0,2883.236816,524517.0
2017-03-23,2958.0,2988.0,2949.0,2970.0,2894.933594,689069.0
2017-03-24,2947.0,2974.0,2900.0,2923.0,2849.121582,1179810.0
2017-03-27,2919.0,2949.0,2901.0,2942.0,2867.641357,789839.0
2017-03-28,2962.0,3009.0,2938.0,3008.0,2931.973389,914685.0
2017-03-29,3012.0,3041.0,3003.0,3022.0,2945.619629,720364.0
2017-03-30,3022.0,3079.0,3020.0,3056.0,2978.76001,797434.0
2017-03-31,3047.0,3090.0,3030.0,3080.0,3002.15332,1240065.0
2017-04-03,3082.0,3083.0,3046.0,3050.0,2972.911621,736918.0
2017-04-04,3050.0,3081.0,3047.0,3052.0,2974.861084,701623.0
2017-04-05,3046.0,3057.0,3003.0,3006.0,2930.023682,1158913.0
2017-04-06,3000.0,3010.0,2985.0,2996.0,2920.276611,1046810.0
2017-04-07,2983.0,3029.0,2980.0,3029.0,2952.4423829999996,754535.0
2017-04-10,3029.0,3031.800049,2969.0,2972.0,2896.883057,654301.0
2017-04-11,2966.0,3014.0,2958.0,2985.0,2909.554443,707614.0
2017-04-12,2985.0,3014.780029,2975.0,3013.0,2936.846924,747710.0
2017-04-13,3003.0,3016.0,3000.219971,3016.0,2939.770996,429536.0
2017-04-18,3016.0,3029.0,2901.0,2901.0,2827.677734,881657.0
2017-04-19,2899.0,2921.0,2881.0,2899.0,2825.728271,729882.0
2017-04-20,2895.0,2909.0,2869.600098,2901.0,2827.677734,814389.0
2017-04-21,2905.0,2919.0,2856.0,2856.0,2783.815186,549779.0
2017-04-24,2896.0,2938.0,2896.0,2928.0,2853.9951170000004,492906.0
2017-04-25,2931.0,2966.0,2927.0,2965.0,2890.060059,667268.0
2017-04-26,2959.0,2973.0,2940.439941,2950.0,2875.439209,639726.0
2017-04-27,2939.0,3000.219971,2934.0,3000.0,2924.175537,709112.0
2017-04-28,3006.0,3014.0,2979.0,2979.0,2903.706299,818653.0
2017-05-02,3004.0,3016.0,2967.0,3008.0,2931.973389,822521.0
2017-05-03,3015.0,3097.0,2995.25,3097.0,3018.7236329999996,904072.0
2017-05-04,3084.0,3097.0,3075.0,3087.0,3008.9765629999997,697282.0
2017-05-05,3090.0,3121.0,3082.0,3119.0,3040.167725,517082.0
2017-05-08,3123.0,3123.0,3086.0,3089.0,3010.926025,450044.0
2017-05-09,3099.0,3180.0,3079.0,3139.0,3059.662109,947945.0
2017-05-10,3139.0,3158.0,3126.0,3149.0,3069.409668,653651.0
2017-05-11,3148.0,3171.0,3128.0,3130.0,3050.889893,509326.0
2017-05-12,3140.0,3140.0,3105.0,3130.0,3050.889893,529085.0
2017-05-15,3129.0,3142.659912,3079.0,3118.0,3039.193115,652524.0
2017-05-16,3122.0,3151.0,3092.0,3143.0,3063.561035,478646.0
2017-05-17,3143.0,3149.0,3054.0,3084.0,3006.05249,916369.0
2017-05-18,3083.0,3083.0,3030.0,3080.0,3002.15332,746894.0
2017-05-19,3025.0,3045.0,2992.0,3045.0,2968.038086,1579948.0
2017-05-22,3047.0,3067.0,3028.0,3067.0,2989.481934,675306.0
2017-05-23,3064.0,3121.0,3053.0,3112.0,3033.344482,598172.0
2017-05-24,3113.0,3118.219971,3069.0,3087.0,3008.9765629999997,655507.0
2017-05-25,3099.0,3102.0,3058.0,3095.0,3016.77417,461484.0
2017-05-26,3093.0,3183.0,3089.0,3175.0,3094.752197,807096.0
2017-05-30,3175.0,3175.0,3131.0,3137.0,3057.712891,518395.0
2017-05-31,3139.0,3139.0,3100.0,3112.0,3033.344482,1221271.0
2017-06-01,3034.0,3125.0,3010.0,3091.0,3012.8754879999997,955978.0
2017-06-02,3101.0,3148.0,3068.0,3148.0,3068.434814,791693.0
2017-06-05,3137.0,3144.399902,3097.0,3129.0,3049.914795,483699.0
2017-06-06,3121.0,3128.0,3032.0,3039.0,2962.189941,678083.0
2017-06-07,3033.0,3039.780029,2978.0,2979.0,2903.706299,893307.0
2017-06-08,2932.0,2947.0,2901.0,2947.0,2926.0463870000003,606112.0
2017-06-09,2967.0,3018.0,2957.0,2984.0,2962.783203,614008.0
2017-06-12,2985.0,3053.0,2974.0,3045.0,3023.349609,708521.0
2017-06-13,3066.0,3103.0,3053.0,3076.0,3054.12915,653784.0
2017-06-14,3077.0,3107.0,3072.0,3078.0,3056.11499,778832.0
2017-06-15,3074.0,3082.0,2974.669922,2997.0,2975.690674,745344.0
2017-06-16,3009.0,3056.0,3002.0,3023.0,3001.505859,1578415.0
2017-06-19,3041.0,3067.0,3030.98999,3042.0,3020.37085,37365.0
2017-06-20,3046.0,3075.0,3038.0,3042.0,3020.37085,80238.0
2017-06-21,3033.0,3049.0,2995.340088,3002.0,2980.655273,168424.0
2017-06-22,3000.0,2999.0,2938.0,2938.0,2917.110352,61962.0
2017-06-23,2934.0,2950.0,2877.0,2941.0,2920.0888670000004,138955.0
2017-06-26,2948.0,2972.0,2922.0,2944.47998,2923.544189,186256.0
2017-06-27,2928.0,2933.0,2901.98999,2921.300049,2900.529053,43300.0
2017-06-28,2921.0,2940.0,2906.659912,2915.0,2894.2739260000003,39627.0
2017-06-29,2974.0,3005.0,2924.340088,2926.0,2905.195557,105456.0
2017-06-30,2926.0,2936.97998,2870.0,2871.0,2850.58667,216478.0
2017-07-03,2877.0,2914.0,2861.0,2895.0,2874.416016,414420.0
2017-07-04,2892.0,2907.0,2864.340088,2880.0,2859.522705,376348.0
2017-07-05,2884.0,2891.0,2826.0,2865.0,2844.629395,592731.0
2017-07-06,2870.0,2872.0,2794.0,2816.0,2795.977783,1158317.0
2017-07-07,2809.0,2816.0,2757.0,2784.0,2764.205322,917365.0
2017-07-10,2795.0,2799.0,2757.0,2775.0,2755.269287,635668.0
2017-07-11,2775.0,2785.0,2724.0,2774.0,2754.2763670000004,842918.0
2017-07-12,2788.0,2834.0,2768.0,2819.0,2798.956299,786177.0
2017-07-13,2824.0,2859.0,2813.0,2854.0,2833.70752,849084.0
2017-07-14,2866.0,2866.0,2833.0,2846.0,2825.764404,721409.0
2017-07-17,2853.0,2859.0,2840.0,2849.0,2828.743164,429498.0
2017-07-18,2853.0,2863.0,2833.01001,2851.0,2830.72876,670338.0
2017-07-19,2856.0,2889.889893,2849.0,2880.0,2859.522705,749566.0
2017-07-20,2886.0,2929.0,2886.0,2888.0,2867.46582,722116.0
2017-07-21,2888.0,2939.0,2866.0,2880.0,2859.522705,805279.0
2017-07-24,2878.0,2884.0,2844.0,2859.0,2838.6721190000003,879226.0
2017-07-25,2866.0,2904.330078,2842.0,2870.0,2849.59375,519692.0
2017-07-26,2932.0,2947.0,2848.0,2861.0,2840.657715,1069041.0
2017-07-27,2861.0,2908.0,2851.0,2903.0,2882.3591309999997,819580.0
2017-07-28,2890.0,2905.0,2793.0,2797.0,2777.112793,919551.0
2017-07-31,2810.0,2816.0,2760.0,2810.0,2790.0205079999996,1131803.0
2017-08-01,2829.0,2830.0,2759.669922,2764.0,2744.347412,909522.0
2017-08-02,2776.0,2790.330078,2737.0,2787.0,2767.183838,711511.0
2017-08-03,2787.0,2815.0,2769.0,2783.0,2763.212402,633805.0
2017-08-04,2775.0,2818.0,2765.0,2814.0,2793.991943,346738.0
2017-08-07,2817.0,2819.0,2790.0,2793.0,2773.141357,296809.0
2017-08-08,2789.0,2815.0,2785.0,2809.0,2789.027588,423171.0
2017-08-09,2797.0,2797.0,2751.0,2762.0,2742.361572,443042.0
2017-08-10,2763.0,2768.0,2732.0,2742.0,2722.503906,346165.0
2017-08-11,2721.0,2740.0,2702.0,2727.0,2707.610596,392978.0
2017-08-14,2740.0,2761.0,2729.0,2744.0,2724.489746,452864.0
2017-08-15,2741.0,2751.0,2717.0,2728.0,2708.603516,353471.0
2017-08-16,2743.0,2764.0,2722.0,2754.0,2734.418457,477059.0
2017-08-17,2810.0,2856.0,2793.5,2818.0,2797.963623,880703.0
2017-08-18,2808.0,2812.429932,2780.0,2781.0,2761.2265629999997,640014.0
2017-08-21,2772.0,2789.0,2764.0,2765.0,2745.340332,477291.0
2017-08-22,2777.0,2809.22998,2774.0,2809.0,2789.027588,361500.0
2017-08-23,2820.0,2828.0,2802.800049,2824.0,2803.920898,509590.0
2017-08-24,2829.0,2850.0,2806.540039,2833.0,2812.856934,1010400.0
2017-08-25,2840.0,2859.0,2809.0,2809.0,2789.027588,385299.0
2017-08-29,2809.0,2809.0,2768.0,2797.0,2777.112793,574629.0
2017-08-30,2808.0,2814.0,2754.0,2756.0,2736.404297,711287.0
2017-08-31,2762.0,2788.0,2753.0,2764.0,2744.347412,676680.0
2017-09-01,2682.0,2802.0,2677.679932,2783.0,2763.212402,524012.0
2017-09-04,2784.0,2848.0,2779.0,2833.0,2812.856934,499140.0
2017-09-05,2843.0,2857.0,2825.0,2836.0,2815.8354489999997,566675.0
2017-09-06,2830.0,2837.0,2797.0,2834.0,2813.849854,508884.0
2017-09-07,2840.0,2895.0,2834.0,2893.0,2872.4301760000003,553401.0
2017-09-08,2885.0,2906.0,2872.0,2905.0,2884.344971,490599.0
2017-09-11,2918.0,2922.0,2857.0,2864.0,2843.636475,557696.0
2017-09-12,2876.0,2915.0,2862.0,2908.0,2887.323486,564133.0
2017-09-13,2904.0,2904.0,2831.0,2833.0,2812.856934,733605.0
2017-09-14,2838.0,2851.0,2797.0,2820.0,2799.949219,900427.0
2017-09-15,2818.0,2842.0,2807.0,2835.0,2814.842529,1465214.0
2017-09-18,2856.0,2919.0,2847.5,2910.0,2889.309326,1181347.0
2017-09-19,2905.0,2996.0,2893.679932,2976.0,2954.840088,1212376.0
2017-09-20,2992.0,2994.0,2934.0,2958.0,2936.968018,930668.0
2017-09-21,3009.0,3390.3000490000004,2959.709961,3390.0,3365.8964840000003,5472685.0
2017-09-22,3378.0,3511.0,3353.0,3492.0,3467.171143,2437554.0
2017-09-25,3486.0,3510.0,3443.0,3451.0,3426.4628909999997,972078.0
2017-09-26,3453.0,3460.0,3392.0,3411.0,3386.7470700000003,862892.0
2017-09-27,3414.0,3436.0,3402.0,3414.0,3389.72583,1030342.0
2017-09-28,3407.0,3467.0,3402.0,3420.0,3395.6831049999996,895883.0
2017-09-29,3433.0,3443.0,3408.0,3420.0,3395.6831049999996,727624.0
2017-10-02,3427.0,3428.6899409999996,3403.0,3425.0,3400.647705,865275.0
2017-10-03,3426.0,3435.0,3407.0,3415.0,3390.71875,583436.0
2017-10-04,3414.0,3425.0,3405.0,3421.0,3396.676025,488696.0
2017-10-05,3417.0,3445.01001,3404.0,3406.0,3381.782715,580943.0
2017-10-06,3411.0,3438.0,3395.0,3406.0,3381.782715,869903.0
2017-10-09,3411.0,3420.0,3372.0,3384.0,3359.9392090000006,1081467.0
2017-10-10,3379.0,3385.0,3328.209961,3329.0,3305.330322,841809.0
2017-10-11,3341.0,3400.0,3323.0,3379.0,3354.974609,1056841.0
2017-10-12,3376.0,3416.0,3361.0,3408.0,3383.7685549999997,464426.0
2017-10-13,3416.0,3479.0,3383.0,3475.0,3450.292236,593824.0
2017-10-16,3492.0,3492.0,3449.0,3449.0,3424.477051,527078.0
2017-10-17,3458.0,3458.0,3374.0,3374.0,3350.010254,460836.0
2017-10-18,3390.0,3398.0,3363.0,3386.0,3361.9250490000004,308753.0
2017-10-19,3365.0,3403.149902,3360.0,3396.0,3371.85376,338504.0
2017-10-20,3401.0,3435.0,3395.0,3435.0,3410.5764159999994,413430.0
2017-10-23,3430.0,3471.0,3417.0,3471.0,3446.320557,379839.0
2017-10-24,3461.0,3465.0,3379.0,3388.0,3363.9106450000004,638581.0
2017-10-25,3393.0,3427.0,3377.0,3395.0,3370.86084,417363.0
2017-10-26,3402.0,3418.0,3388.219971,3400.0,3375.825439,542318.0
2017-10-27,3430.0,3430.0,3381.0,3390.0,3365.8964840000003,681819.0
2017-10-30,3399.0,3400.0,3104.0,3323.0,3299.372803,1098438.0
2017-10-31,3349.0,3412.0,3321.540039,3381.0,3356.960449,727242.0
2017-11-01,3397.0,3417.0,3336.0,3352.0,3328.166748,605575.0
2017-11-02,3352.0,3413.0,3334.0,3410.0,3385.7543950000004,536831.0
2017-11-03,3423.0,3511.0,3412.0,3503.0,3478.093018,701458.0
2017-11-06,3495.0,3504.0,3441.0,3467.0,3442.349121,511048.0
2017-11-07,3460.0,3467.5,3416.0,3452.0,3427.4555659999996,448559.0
2017-11-08,3458.0,3488.0,3443.0,3449.0,3424.477051,495182.0
2017-11-09,3449.0,3476.0,3394.0,3407.0,3382.775635,559290.0
2017-11-10,3415.0,3415.0,3348.0,3365.0,3341.074219,520035.0
2017-11-13,3388.0,3395.0,3302.0,3350.0,3326.180908,486179.0
2017-11-14,3352.0,3401.0,3326.0,3372.0,3348.024414,646558.0
2017-11-15,3366.0,3366.0,3247.0,3288.0,3264.621826,751845.0
2017-11-16,3307.0,3327.0,3287.0,3305.0,3281.500977,704591.0
2017-11-17,3305.0,3309.0,3261.0,3261.0,3237.813721,716502.0
2017-11-20,3252.0,3294.0,3241.0,3270.0,3246.7497559999997,573126.0
2017-11-21,3270.0,3270.0,3124.0,3158.0,3135.546143,1284608.0
2017-11-22,3150.0,3165.0,3122.0,3141.0,3118.6669920000004,932003.0
2017-11-23,3133.0,3133.0,3054.0,3068.0,3046.186035,738433.0
2017-11-24,3072.0,3122.0,3037.0,3083.0,3061.079346,567112.0
2017-11-27,3089.0,3089.0,3009.0,3019.0,2997.534424,869320.0
2017-11-28,3025.0,3086.0,2995.0,3086.0,3064.058105,930595.0
2017-11-29,3086.0,3092.0,3052.0,3059.0,3037.25,927681.0
2017-11-30,3040.0,3071.0,2989.0,3031.0,3031.0,999561.0
2017-12-01,3029.0,3029.0,2963.0,2968.0,2968.0,829991.0
2017-12-04,3005.0,3006.0,2960.0,2994.0,2994.0,1196313.0
2017-12-05,3009.0,3028.0,2968.0,3000.0,3000.0,651533.0
2017-12-06,2990.0,3006.0,2960.0,2995.0,2995.0,820691.0
2017-12-07,3009.0,3009.0,2981.0,2995.0,2995.0,880730.0
2017-12-08,2993.0,3021.0,2974.0,3012.0,3012.0,881095.0
2017-12-11,3020.0,3142.0,3020.0,3060.0,3060.0,964541.0
2017-12-12,3074.0,3082.0,3044.0,3061.0,3061.0,890991.0
2017-12-13,3055.0,3055.0,3022.0,3036.0,3036.0,851255.0
2017-12-14,3043.0,3052.0,3011.0,3018.0,3018.0,605363.0
2017-12-15,3017.0,3039.0,3002.0,3039.0,3039.0,1177222.0
2017-12-18,3052.0,3087.0,3040.0,3056.0,3056.0,516055.0
2017-12-19,3051.0,3083.0,3051.0,3079.0,3079.0,624999.0
2017-12-20,3074.0,3075.0,3039.0,3074.0,3074.0,750720.0
2017-12-21,3072.0,3083.0,3047.0,3070.0,3070.0,344390.0
2017-12-22,3062.0,3075.0,3058.0,3071.0,3071.0,177473.0
2017-12-27,3071.0,3135.0,3015.0,3084.0,3084.0,421628.0
2017-12-28,3096.0,3102.0,3068.0,3091.0,3091.0,276257.0
2017-12-29,3100.0,3100.0,3064.0,3075.0,3075.0,150508.0
2018-01-02,3075.0,3093.0,3043.0,3068.0,3068.0,349346.0
2018-01-03,3082.0,3141.0,3070.0,3117.0,3117.0,477789.0
2018-01-04,3133.0,3168.0,3115.0,3166.0,3166.0,674299.0
2018-01-05,3174.0,3199.0,3169.0,3199.0,3199.0,590983.0
2018-01-08,3195.0,3201.0,3170.0,3186.0,3186.0,491893.0
2018-01-09,3196.0,3259.0,3182.0,3220.0,3220.0,853568.0
2018-01-10,3221.0,3224.0,3117.0,3132.0,3132.0,1021314.0
2018-01-11,3130.0,3132.0,3087.0,3102.0,3102.0,492026.0
2018-01-12,3111.0,3178.0,3102.0,3164.0,3164.0,611327.0
2018-01-15,3250.0,3257.0,3194.0,3209.0,3209.0,888899.0
2018-01-16,3227.0,3307.0,3203.0,3300.0,3300.0,2362652.0
2018-01-17,3308.0,3308.0,3207.0,3222.0,3222.0,649490.0
2018-01-18,3229.0,3277.0,3203.0,3255.0,3255.0,721591.0
2018-01-19,3265.0,3299.0,3234.0,3252.0,3252.0,1130314.0
2018-01-22,3253.0,3253.0,3214.0,3240.0,3240.0,501302.0
2018-01-23,3253.0,3292.0,3241.0,3245.0,3245.0,822910.0
2018-01-24,3239.0,3242.0,3191.0,3220.0,3220.0,749078.0
2018-01-25,3203.0,3238.0,3170.0,3225.0,3225.0,1142042.0
2018-01-26,3231.0,3305.0,3216.0,3294.0,3294.0,702780.0
2018-01-29,3296.0,3356.0,3295.0,3334.0,3334.0,1285530.0
2018-01-30,3324.0,3346.0,3308.0,3308.0,3308.0,840015.0
2018-01-31,3321.0,3467.0,3314.0,3460.0,3460.0,3285186.0
2018-02-01,3475.0,3498.0,3378.0,3434.0,3434.0,1932049.0
2018-02-02,3428.0,3428.0,3334.0,3336.0,3336.0,739507.0
2018-02-05,3306.0,3345.0,3277.0,3319.0,3319.0,983087.0
2018-02-06,3220.0,3262.0,3195.0,3241.0,3241.0,2795051.0
2018-02-07,3259.0,3332.0,3206.0,3310.0,3310.0,952100.0
2018-02-08,3282.0,3310.0,3241.0,3251.0,3251.0,878621.0
2018-02-09,3239.0,3241.0,3043.0,3110.0,3110.0,2290472.0
2018-02-12,3155.0,3158.0,3090.0,3109.0,3109.0,1132032.0
2018-02-13,3104.0,3131.0,3082.0,3110.0,3110.0,1165613.0
2018-02-14,3142.0,3142.0,3083.0,3104.0,3104.0,1984597.0
2018-02-15,3116.0,3232.0,3116.0,3206.0,3206.0,1603925.0
2018-02-16,3220.0,3279.0,3214.0,3226.0,3226.0,659863.0
2018-02-19,3237.0,3238.0,3140.0,3154.0,3154.0,492198.0
2018-02-20,3162.0,3195.0,3153.0,3171.0,3171.0,639564.0
2018-02-21,3172.0,3222.0,3162.0,3210.0,3210.0,461348.0
2018-02-22,3185.0,3204.0,3167.0,3185.0,3185.0,367980.0
2018-02-23,3175.0,3183.0,3151.0,3160.0,3160.0,333640.0
2018-02-26,3186.0,3198.0,3135.0,3152.0,3152.0,422225.0
2018-02-27,3160.0,3188.0,3095.0,3155.0,3155.0,1081138.0
2018-02-28,3138.0,3169.0,3125.0,3135.0,3135.0,534815.0
2018-03-01,3159.0,3169.0,3068.0,3089.0,3089.0,659484.0
2018-03-02,3063.0,3077.0,3017.0,3030.0,3030.0,549681.0
2018-03-05,3027.0,3080.0,3027.0,3067.0,3067.0,676934.0
2018-03-06,3110.0,3153.0,3082.0,3082.0,3082.0,649890.0
2018-03-07,3080.0,3151.0,3047.0,3140.0,3140.0,477794.0
2018-03-08,3147.0,3209.0,3147.0,3200.0,3200.0,752431.0
2018-03-09,3202.0,3263.0,3192.0,3250.0,3250.0,831605.0
