Date,Open,High,Low,Close,Adj Close,Volume
2015-01-02,249.899994,249.899994,244.399994,246.0,209.277267,6813760
2015-01-05,245.80000299999998,248.600006,241.80000299999998,242.600006,206.384827,13178634
2015-01-06,242.30000299999998,242.80000299999998,237.600006,238.600006,202.981949,16265843
2015-01-07,240.600006,242.600006,239.30000299999998,241.100006,205.108734,11137326
2015-01-08,242.80000299999998,245.600006,242.30000299999998,244.80000299999998,208.256393,11679356
2015-01-09,244.100006,246.5,242.30000299999998,244.100006,207.660919,8834931
2015-01-12,244.899994,247.100006,243.100006,244.69999700000002,208.17134099999998,6081429
2015-01-13,244.0,247.80000299999998,243.5,246.899994,210.042923,12280676
2015-01-14,243.69999700000002,245.5,240.5,243.0,206.725113,10644848
2015-01-15,247.0,248.80000299999998,240.19999700000002,248.100006,211.063812,16611288
2015-01-16,247.399994,250.5,246.30000299999998,250.399994,213.02043199999997,14774065
2015-01-19,250.5,254.69999700000002,250.0,253.80000299999998,215.91290299999997,9155743
2015-01-20,254.899994,256.100006,252.600006,255.69999700000002,217.529251,13482130
2015-01-21,256.700012,258.899994,255.5,258.700012,220.081436,12121947
2015-01-22,258.799988,261.5,255.0,261.0,222.038071,15783166
2015-01-23,262.399994,267.100006,261.799988,265.899994,226.206604,20057886
2015-01-26,265.100006,268.399994,263.600006,266.200012,226.461838,8887547
2015-01-27,266.799988,267.799988,262.600006,264.600006,225.100693,10626855
2015-01-28,266.299988,269.700012,265.0,269.299988,229.099075,12715838
2015-01-29,268.700012,269.600006,265.225006,269.200012,229.01400800000002,10052388
2015-01-30,269.899994,270.5,267.899994,267.899994,227.90805099999997,11581620
2015-02-02,269.100006,269.100006,264.825012,267.399994,227.48269700000003,8671706
2015-02-03,267.299988,272.135986,265.5,271.299988,230.80049100000002,9773413
2015-02-04,271.0,273.007996,265.100006,270.5,230.11993399999997,12515002
2015-02-05,268.700012,269.600006,266.799988,268.100006,228.078217,6736561
2015-02-06,267.299988,269.700012,266.600006,268.899994,228.758789,6093933
2015-02-09,267.899994,267.899994,264.700012,267.299988,227.397614,6976407
2015-02-10,267.600006,272.100006,265.899994,270.600006,230.205002,10751087
2015-02-11,270.899994,271.799988,267.799988,271.0,230.545303,10024279
2015-02-12,270.100006,273.208008,269.299988,270.100006,229.779617,8768381
2015-02-13,270.899994,271.299988,268.200012,270.0,229.69456499999998,6780337
2015-02-16,269.299988,270.0,268.399994,269.5,229.26922599999997,4116993
2015-02-17,268.799988,271.0,267.399994,270.899994,230.46022000000002,6391043
2015-02-18,271.200012,272.0,269.700012,271.0,230.545303,8677060
2015-02-19,271.600006,273.799988,270.399994,272.799988,232.076538,6613461
2015-02-20,273.700012,275.341003,272.0,273.299988,232.501938,7906720
2015-02-23,274.799988,276.100006,274.600006,275.700012,234.54368599999998,6356011
2015-02-24,276.399994,277.265015,274.899994,277.100006,235.73469500000002,8581413
2015-02-25,277.299988,279.5,276.174988,277.700012,236.24513199999998,7078759
2015-02-26,276.600006,277.700012,275.600006,277.700012,236.24513199999998,5956475
2015-02-27,278.100006,280.5,275.799988,279.5,237.776413,8389409
2015-03-02,279.0,281.200012,278.399994,280.200012,238.37191800000002,11089322
2015-03-03,280.299988,281.799988,277.299988,278.200012,236.670471,7926180
2015-03-04,278.299988,278.700012,264.738007,270.299988,229.949768,23694088
2015-03-05,274.600006,279.200012,271.700012,277.799988,236.3302,15381162
2015-03-06,278.200012,281.790009,277.200012,280.600006,238.71218900000002,10735984
2015-03-09,280.0,284.899994,278.700012,283.899994,241.519577,14584487
2015-03-10,283.399994,286.028015,282.799988,282.899994,240.668869,19881349
2015-03-11,283.399994,284.700012,281.200012,283.299988,241.009125,12214521
2015-03-12,283.0,287.200012,279.700012,285.299988,242.71061699999998,17388907
2015-03-13,285.299988,287.56201200000004,283.994995,285.799988,243.135956,8861448
2015-03-16,286.799988,292.399994,286.799988,290.899994,247.47465499999998,16748685
2015-03-17,291.700012,292.5,286.799988,287.799988,244.837402,12257089
2015-03-18,287.5,291.899994,286.899994,291.600006,248.070129,11448329
2015-03-19,291.200012,294.600006,291.100006,292.899994,249.176071,12731826
2015-03-20,293.299988,293.899994,286.299988,293.299988,249.51638799999998,18767050
2015-03-23,292.299988,293.5,290.346008,292.799988,249.09098799999998,9428309
2015-03-24,291.5,296.015015,291.5,294.399994,250.452148,9267170
2015-03-25,294.799988,295.360992,290.899994,291.0,247.55969199999998,12074611
2015-03-26,289.0,289.61499,281.799988,284.100006,241.68977400000003,25057508
2015-03-27,284.0,285.200012,280.899994,280.899994,238.967392,14764813
2015-03-30,284.299988,285.200012,281.97000099999997,283.0,240.753937,10612440
2015-03-31,283.0,283.100006,276.399994,278.600006,237.010742,15431905
2015-04-01,278.299988,282.0,277.0,280.5,238.62713599999998,13822569
2015-04-02,281.399994,281.700012,279.100006,281.200012,239.222626,9710634
2015-04-07,281.200012,285.200012,281.200012,283.100006,240.839035,12145865
2015-04-08,282.5,285.200012,281.200012,283.0,240.753937,11780133
2015-04-09,285.100006,286.399994,283.660004,285.299988,242.71061699999998,10254627
2015-04-10,286.0,287.700012,285.26001,287.200012,244.326996,8364951
2015-04-13,287.200012,287.700012,283.799988,285.100006,242.540482,12219542
2015-04-14,284.5,286.600006,282.5,282.899994,240.668869,12924637
2015-04-15,283.700012,284.200012,281.299988,282.299988,240.158417,15575486
2015-04-16,283.899994,283.899994,279.100006,281.700012,239.64801,12794093
2015-04-17,282.100006,283.899994,277.200012,278.100006,236.585419,18535649
2015-04-20,278.899994,280.059998,277.700012,279.0,237.351059,10798892
2015-04-21,280.899994,282.600006,277.899994,279.0,237.351059,12677193
2015-04-22,280.399994,280.77999900000003,275.399994,277.200012,235.81977799999999,20383121
2015-04-23,268.799988,279.112,264.931,265.100006,232.53047200000003,26844173
2015-04-24,265.700012,265.700012,261.200012,263.399994,231.03930699999998,18482304
2015-04-27,263.399994,265.700012,259.821014,263.600006,231.214767,13608062
2015-04-28,263.299988,263.299988,257.0,258.899994,227.092194,16413327
2015-04-29,259.899994,261.420013,256.899994,258.0,226.302765,13057140
2015-04-30,258.0,262.5,255.5,260.0,228.057037,15261674
2015-05-01,260.200012,260.200012,255.80000299999998,257.299988,225.68875099999997,8448611
2015-05-05,257.299988,262.100006,257.299988,257.299988,225.68875099999997,16374205
2015-05-06,257.399994,262.369995,257.399994,259.100006,227.267624,17946408
2015-05-07,259.299988,263.100006,256.600006,262.0,229.811325,20609569
2015-05-08,269.100006,274.0,265.799988,269.0,235.95132400000003,24239447
2015-05-11,269.600006,270.600006,267.600006,268.5,235.512756,10883685
2015-05-12,267.100006,268.100006,262.100006,263.399994,231.03930699999998,13528122
2015-05-13,264.0,265.286011,262.875,264.100006,231.653336,7477291
2015-05-14,264.700012,266.299988,262.299988,265.100006,232.53047200000003,6998884
2015-05-15,266.299988,268.299988,264.799988,266.100006,233.407608,7953877
2015-05-18,266.799988,268.299988,264.0,266.0,233.319885,6677468
2015-05-19,267.899994,270.100006,267.5,270.0,236.82844500000002,8801354
2015-05-20,270.899994,271.200012,266.899994,268.799988,235.775894,8617006
2015-05-21,268.100006,269.899994,267.5,269.5,236.38989300000003,9022220
2015-05-22,270.899994,271.0,269.0,269.299988,236.214462,11110276
2015-05-26,269.299988,271.200012,267.0,267.5,234.63562000000002,9300368
2015-05-27,268.200012,270.399994,265.799988,269.600006,236.4776,13104609
2015-05-28,269.700012,270.299988,267.071991,268.600006,235.600479,9924037
2015-05-29,268.399994,270.600006,265.5,265.799988,233.14447,14455907
2015-06-01,266.0,267.100006,262.299988,262.399994,230.16217000000003,15219629
2015-06-02,263.399994,263.700012,259.700012,262.799988,230.51301600000002,13270680
2015-06-03,262.200012,271.152008,261.299988,264.899994,232.355042,11316536
2015-06-04,264.100006,268.299988,261.200012,266.5,233.75845299999997,19870333
2015-06-05,265.100006,266.0,263.5,264.0,231.56562799999998,11153093
2015-06-08,264.200012,265.299988,262.600006,262.600006,230.33763100000002,7895285
2015-06-09,263.0,263.399994,259.0,260.0,228.057037,8619013
2015-06-10,260.299988,264.799988,258.700012,263.899994,231.477921,15491238
2015-06-11,263.5,267.135986,262.5,266.0,233.319885,14445843
2015-06-12,265.899994,266.600006,262.399994,263.899994,231.477921,9019347
2015-06-15,262.299988,263.019989,259.799988,260.799988,228.758759,7728228
2015-06-16,259.0,260.0,256.399994,258.200012,226.47819500000003,13259745
2015-06-17,258.5,260.0,254.399994,255.0,223.671341,11965139
2015-06-18,253.899994,256.5,251.899994,255.69999700000002,224.28532400000003,13965255
2015-06-19,255.5,257.255005,254.19999700000002,254.30000299999998,223.05732700000002,18105763
2015-06-22,257.0,258.5,255.75,258.399994,226.65361000000001,14432471
2015-06-23,259.899994,261.0,259.0,259.299988,227.443039,8432191
2015-06-24,259.600006,262.0,259.200012,260.200012,228.232468,10707302
2015-06-25,259.299988,261.299988,258.200012,258.299988,226.565887,11089629
2015-06-26,257.100006,258.200012,254.99000499999997,255.30000299999998,223.934494,13046773
2015-06-29,249.399994,255.399994,249.30000299999998,251.399994,220.513626,17274314
2015-06-30,250.100006,252.19999700000002,248.399994,248.899994,218.32074,12813781
2015-07-01,250.0,254.70399500000002,250.0,253.19999700000002,222.09246800000003,10095523
2015-07-02,252.69999700000002,253.30000299999998,250.30000299999998,250.5,219.72419700000003,8739075
2015-07-03,250.600006,252.80000299999998,250.0,250.0,219.285614,5907363
2015-07-06,247.899994,250.36999500000002,247.0,248.80000299999998,218.23304700000003,9246492
2015-07-07,249.0,249.80000299999998,244.88499500000003,244.899994,214.81219500000003,9975331
2015-07-08,244.80000299999998,248.399994,243.600006,248.19999700000002,217.70675699999998,9636375
2015-07-09,249.0,257.545013,248.80000299999998,257.200012,225.601044,18029779
2015-07-10,260.5,265.463989,259.799988,263.600006,231.214767,18014144
2015-07-13,265.899994,268.200012,264.5,267.200012,234.372467,9872311
2015-07-14,267.700012,268.399994,265.02999900000003,268.100006,235.16191099999998,9765512
2015-07-15,268.399994,271.600006,267.600006,269.200012,236.12675499999997,13655564
2015-07-16,270.0,272.700012,269.399994,271.600006,238.231903,9862011
2015-07-17,272.600006,272.799988,270.700012,272.399994,238.933624,7706405
2015-07-20,273.100006,274.100006,270.899994,272.5,239.02133199999997,6118549
2015-07-21,273.100006,274.0,270.399994,271.100006,237.79335,9033998
2015-07-22,270.0,270.399994,265.799988,266.399994,233.670746,20824148
2015-07-23,268.299988,269.100006,263.600006,264.399994,231.916473,13369151
2015-07-24,264.399994,264.399994,261.399994,262.100006,229.89906299999998,13075316
2015-07-27,261.100006,261.799988,256.700012,257.5,225.86418199999997,13776977
2015-07-28,258.600006,259.799988,257.399994,258.700012,226.91676299999997,9680934
2015-07-29,259.299988,259.899994,257.200012,258.899994,227.092194,12058760
2015-07-30,259.5,260.799988,258.200012,260.100006,228.14476000000002,11630214
2015-07-31,261.299988,261.299988,258.200012,260.700012,228.671036,13478355
2015-08-03,259.600006,260.859985,258.660004,259.799988,227.88159199999998,9922904
2015-08-04,259.0,264.299988,257.872009,263.399994,231.03930699999998,12355164
2015-08-05,270.0,276.0,264.399994,270.700012,237.44250499999998,32831637
2015-08-06,271.700012,277.5,271.149994,275.399994,241.565033,20091508
2015-08-07,276.100006,276.799988,274.100006,274.299988,240.600174,12920717
2015-08-10,275.700012,277.200012,272.399994,276.299988,242.354446,12647868
2015-08-11,276.100006,276.5,272.299988,273.799988,240.161621,13981424
2015-08-12,272.399994,272.399994,268.899994,270.600006,237.35478199999997,29898249
2015-08-13,270.899994,273.100006,269.700012,270.399994,240.242264,19803709
2015-08-14,271.799988,271.799988,266.799988,267.600006,237.75456200000002,11383201
2015-08-17,269.600006,269.859985,264.5,266.600006,236.866104,8978481
2015-08-18,266.299988,266.799988,263.200012,264.600006,235.08917200000002,16133281
2015-08-19,263.600006,265.5,261.5,261.5,232.334885,12813455
2015-08-20,259.600006,262.299988,258.200012,259.0,230.11372400000002,13889278
2015-08-21,255.30000299999998,258.700012,253.399994,253.399994,225.13828999999998,18465907
2015-08-24,246.399994,248.899994,237.5,244.399994,217.142044,29737089
2015-08-25,248.19999700000002,255.899994,247.55200200000002,253.69999700000002,225.404846,28604224
2015-08-26,252.19999700000002,254.149994,248.0,248.0,220.340546,19151647
2015-08-27,253.5,255.17999300000002,251.36000099999998,254.19999700000002,225.849075,17082858
2015-08-28,253.80000299999998,254.30000299999998,250.69999700000002,252.69999700000002,224.51635699999997,18570600
2015-09-01,252.69999700000002,252.69999700000002,245.5,246.69999700000002,219.185532,16648258
2015-09-02,246.69999700000002,250.100006,245.479996,249.0,221.229004,12408702
2015-09-03,251.0,254.19999700000002,250.80000299999998,252.80000299999998,224.60520899999997,16228036
2015-09-04,250.600006,251.056,246.964005,247.19999700000002,219.62976099999997,18944391
2015-09-07,249.30000299999998,251.30000299999998,247.899994,250.600006,222.65057400000003,11534718
2015-09-08,251.0,256.299988,250.80000299999998,253.19999700000002,224.960587,12053902
2015-09-09,257.700012,259.799988,256.5,256.5,227.892548,17647384
2015-09-10,254.899994,256.100006,252.86999500000002,254.69999700000002,226.29328900000002,16337835
2015-09-11,255.19999700000002,256.0,251.63999900000002,253.0,224.78291299999998,13358917
2015-09-14,254.399994,255.30000299999998,251.0,251.69999700000002,223.627884,8910915
2015-09-15,249.0,252.5,246.19999700000002,251.399994,223.361343,29069367
2015-09-16,252.899994,253.899994,251.19999700000002,251.5,223.450211,18413613
2015-09-17,251.899994,252.19999700000002,249.80000299999998,250.0,222.11749300000002,14403205
2015-09-18,249.0,249.69999700000002,244.30000299999998,245.399994,218.03053300000002,21352376
2015-09-21,244.30000299999998,249.399994,244.30000299999998,248.0,220.340546,14575430
2015-09-22,248.30000299999998,248.5,238.80000299999998,238.80000299999998,212.16662599999998,17271815
2015-09-23,241.0,244.19999700000002,240.80000299999998,242.600006,215.54281600000002,19605254
2015-09-24,242.69999700000002,243.19999700000002,237.69999700000002,238.399994,211.81123399999998,16585014
2015-09-25,242.5,245.184998,242.0,244.600006,217.319763,10538398
2015-09-28,244.0,244.100006,237.80000299999998,238.30000299999998,211.72239700000003,11153163
2015-09-29,236.19999700000002,236.80000299999998,230.399994,230.399994,204.70349099999999,21629477
2015-09-30,234.30000299999998,239.399994,233.69999700000002,238.100006,211.54469300000002,21818084
2015-10-01,238.899994,240.19999700000002,236.399994,236.600006,210.212006,16812039
2015-10-02,239.0,248.19999700000002,238.69999700000002,242.69999700000002,215.63166800000002,22574352
2015-10-05,247.0,251.19999700000002,246.0,250.5,222.56170699999998,16174803
2015-10-06,250.80000299999998,251.399994,246.899994,247.0,219.452087,12982178
2015-10-07,249.399994,254.0,248.100006,251.19999700000002,223.18364,15542122
2015-10-08,251.399994,252.899994,250.17999300000002,251.899994,223.805588,8930224
2015-10-09,253.5,255.399994,250.63000499999998,250.69999700000002,222.73942599999998,14363571
2015-10-12,251.0,252.5,249.92900099999997,251.100006,223.09480299999998,7976882
2015-10-13,251.600006,252.100006,246.16000400000001,247.399994,219.80746499999998,9225695
2015-10-14,245.30000299999998,246.0,243.0,243.100006,215.98706099999998,10540086
2015-10-15,245.600006,247.100006,243.600006,245.80000299999998,218.385925,9203850
2015-10-16,247.600006,250.669006,246.960007,248.69999700000002,220.962479,11569348
2015-10-19,248.69999700000002,252.30000299999998,248.149994,249.399994,221.584396,8287944
2015-10-20,248.899994,251.19999700000002,248.5,249.80000299999998,221.93978900000002,8112401
2015-10-21,250.80000299999998,253.899994,250.19999700000002,252.0,223.89442400000001,10992246
2015-10-22,252.0,255.80000299999998,251.19999700000002,254.399994,226.02674900000002,14195565
2015-10-23,255.69999700000002,258.600006,254.5,256.5,227.892548,10510605
2015-10-26,255.80000299999998,258.700012,255.539993,256.700012,228.07025099999998,8991597
2015-10-27,256.100006,259.700012,255.19999700000002,258.700012,229.847183,13123220
2015-10-28,259.600006,263.700012,258.700012,262.600006,233.31221000000002,15834212
2015-10-29,263.299988,264.600006,261.600006,263.200012,233.845306,10343490
2015-10-30,264.0,264.200012,260.330994,261.600006,232.42373700000002,10328627
2015-11-02,260.899994,263.799988,260.179993,262.600006,233.31221000000002,7353732
2015-11-03,264.100006,264.100006,261.299988,262.200012,232.95681800000003,8310197
2015-11-04,264.0,269.100006,263.600006,267.600006,237.75456200000002,21272619
2015-11-05,269.0,269.899994,266.600006,268.5,238.554184,17024253
2015-11-06,268.700012,270.200012,266.899994,268.200012,238.287659,10214592
2015-11-09,268.799988,270.200012,266.799988,266.899994,237.132629,8858000
2015-11-10,269.0,269.299988,263.799988,265.299988,235.71106,11523469
2015-11-11,265.399994,268.399994,264.700012,268.0,238.10994,8165669
2015-11-12,268.299988,270.399994,262.5,264.399994,234.91145299999997,10709245
2015-11-13,263.0,263.5,260.700012,261.799988,232.601425,13544374
2015-11-16,260.399994,262.799988,259.700012,262.600006,233.31221000000002,8710735
2015-11-17,265.5,268.399994,264.799988,267.600006,237.75456200000002,11799626
2015-11-18,267.200012,268.100006,264.899994,266.299988,236.599548,6808580
2015-11-19,268.299988,270.130005,268.0,268.299988,238.37648,8617515
2015-11-20,269.600006,270.040009,266.700012,269.299988,239.26495400000002,10234896
2015-11-23,267.899994,268.899994,266.700012,268.0,238.10994,5612255
2015-11-24,266.700012,268.399994,265.5,268.0,238.10994,12267867
2015-11-25,269.200012,272.0,268.700012,271.899994,241.57498199999998,12961469
2015-11-26,272.600006,272.600006,269.630005,271.399994,241.13075299999997,8306496
2015-11-27,269.799988,274.02999900000003,269.100006,272.799988,242.374588,7376536
2015-11-30,272.799988,272.899994,269.399994,271.5,241.219589,13118176
2015-12-01,273.200012,274.899994,272.600006,274.899994,244.240402,13885722
2015-12-02,275.399994,275.399994,271.929993,272.700012,242.285767,7785180
2015-12-03,271.600006,273.100006,266.0,267.100006,237.31031800000002,18491009
2015-12-04,266.5,271.042999,265.299988,267.299988,237.48800699999998,10858143
2015-12-07,269.0,270.600006,267.600006,268.399994,238.465347,10445014
2015-12-08,267.600006,268.299988,263.963989,265.399994,235.799927,9332873
2015-12-09,264.700012,266.200012,262.899994,263.600006,234.200684,11927667
2015-12-10,262.100006,264.200012,259.799988,263.200012,233.845306,10248545
2015-12-11,262.399994,264.100006,257.799988,258.299988,229.491776,16301636
2015-12-14,258.799988,261.100006,252.5,253.19999700000002,224.960587,16269503
2015-12-15,256.0,261.899994,255.80000299999998,260.200012,231.17990099999997,14031517
2015-12-16,261.799988,263.100006,259.200012,262.0,232.779129,18782229
2015-12-17,267.0,268.399994,263.399994,263.399994,234.022995,15392285
2015-12-18,261.299988,264.899994,261.299988,261.799988,232.601425,13773394
2015-12-21,261.0,265.799988,260.700012,263.200012,233.845306,12854758
2015-12-22,265.600006,265.700012,261.299988,263.399994,234.022995,11380909
2015-12-23,265.600006,269.200012,265.02999900000003,267.799988,237.93226600000003,12233568
2015-12-24,269.200012,270.600006,268.399994,269.299988,239.26495400000002,2887891
2015-12-29,269.299988,272.015015,267.675995,272.0,241.66383399999998,6022357
2015-12-30,272.0,272.0,267.899994,269.600006,239.53150899999997,8065147
2015-12-31,269.600006,270.910004,267.600006,267.799988,237.93226600000003,2614647
2016-01-04,267.799988,267.799988,257.600006,259.100006,230.202591,16944351
2016-01-05,260.899994,262.0,256.460999,261.600006,232.42373700000002,13163572
2016-01-06,263.200012,263.5,254.100006,256.299988,227.714844,10970670
2016-01-07,251.0,251.399994,245.07200600000002,247.399994,219.80746499999998,21018463
2016-01-08,247.30000299999998,252.5,246.0,246.0,218.563614,12428502
2016-01-11,244.69999700000002,248.768997,244.30000299999998,244.80000299999998,217.497452,11779164
2016-01-12,244.5,248.399994,243.899994,245.69999700000002,218.29705800000002,15594270
2016-01-13,248.19999700000002,250.5,246.80000299999998,247.600006,219.98518399999998,9906656
2016-01-14,244.899994,246.399994,240.600006,245.19999700000002,217.852829,16432355
2016-01-15,244.69999700000002,245.899994,236.80000299999998,239.100006,212.433167,16113060
2016-01-18,238.19999700000002,242.0,237.69999700000002,239.0,212.344315,8274684
2016-01-19,243.0,247.854996,239.289993,244.5,217.230896,11233746
2016-01-20,240.399994,240.399994,232.10299700000002,233.69999700000002,207.63543700000002,19850066
2016-01-21,234.600006,238.80000299999998,232.52200299999998,235.899994,209.590057,17229945
2016-01-22,239.80000299999998,240.30000299999998,237.30000299999998,238.0,211.45584100000002,12655363
2016-01-25,240.30000299999998,240.80000299999998,233.80000299999998,234.69999700000002,208.52388,9355797
2016-01-26,231.0,236.899994,228.5,235.399994,209.14581299999998,15916396
2016-01-27,235.0,237.399994,232.80000299999998,237.399994,210.92274500000002,12331808
2016-01-28,237.69999700000002,239.19999700000002,233.399994,234.30000299999998,208.168518,16497622
2016-01-29,237.30000299999998,243.5,236.30000299999998,243.5,216.342438,16023622
2016-02-01,245.399994,245.69999700000002,235.643997,240.100006,213.32164,16097284
2016-02-02,239.399994,240.100006,222.5,224.0,199.017273,37795037
2016-02-03,223.0,224.598007,216.80000299999998,218.0,193.686462,37703417
2016-02-04,220.0,222.69999700000002,213.69999700000002,216.19999700000002,192.087204,29442487
2016-02-05,215.5,217.19999700000002,211.899994,211.899994,188.266785,32133384
2016-02-08,213.399994,214.899994,201.800003,203.0,180.35939,29758211
2016-02-09,206.0,212.19999700000002,199.5,202.399994,179.826309,39516714
2016-02-10,206.300003,213.0,200.699997,209.699997,186.312149,31048804
2016-02-11,208.0,208.0,199.5,199.5,177.249771,33342989
2016-02-12,201.399994,207.699997,201.0,207.699997,184.535233,20986298
2016-02-15,210.80000299999998,216.600006,210.80000299999998,212.100006,188.44448899999998,14073117
2016-02-16,214.5,214.951004,209.80000299999998,211.69999700000002,188.089081,11631529
2016-02-17,212.30000299999998,227.600006,211.600006,226.600006,201.327301,27727807
2016-02-18,227.19999700000002,228.30000299999998,221.80000299999998,223.30000299999998,198.39534,14961192
2016-02-19,222.899994,224.899994,219.30000299999998,222.0,197.240341,11947224
2016-02-22,224.5,225.899994,222.19999700000002,225.19999700000002,200.083435,6768429
2016-02-23,223.69999700000002,225.0,218.80000299999998,218.80000299999998,194.39721699999998,13098881
2016-02-24,218.19999700000002,218.623001,212.399994,213.80000299999998,189.95488,14983963
2016-02-25,217.0,221.399994,215.899994,219.69999700000002,195.196854,12619335
2016-02-26,221.600006,226.5,221.5,226.100006,200.883072,11806929
2016-02-29,224.100006,228.600006,223.5,227.0,201.682678,16016668
2016-03-01,227.600006,236.899994,225.80000299999998,236.30000299999998,209.94545,20279672
2016-03-02,238.19999700000002,240.5,234.11999500000002,236.600006,210.212006,14986062
2016-03-03,236.19999700000002,238.80000299999998,234.600006,235.899994,209.590057,10321145
2016-03-04,235.19999700000002,239.69999700000002,233.5,239.5,212.788559,13020282
2016-03-07,237.69999700000002,240.309998,235.899994,237.399994,210.92274500000002,7707154
2016-03-08,235.5,236.0,232.020004,233.80000299999998,207.724289,14106003
2016-03-09,235.0,236.80000299999998,233.102005,234.600006,208.435043,12221400
2016-03-10,234.600006,244.899994,232.80000299999998,234.899994,208.701599,33671705
2016-03-11,238.69999700000002,242.69999700000002,237.5,242.100006,215.098602,17933215
2016-03-14,242.399994,247.69999700000002,241.69999700000002,243.600006,216.43129,20606693
2016-03-15,236.0,240.100006,227.600006,228.100006,202.66000400000001,45881064
2016-03-16,230.0,235.30000299999998,229.399994,234.80000299999998,208.61274699999998,26647063
2016-03-17,236.30000299999998,238.44299300000003,233.19999700000002,238.30000299999998,211.72239700000003,21182982
2016-03-18,239.0,241.69999700000002,236.5,241.19999700000002,214.29895,31409101
2016-03-21,240.5,241.600006,238.399994,240.69999700000002,213.85472099999998,14958698
2016-03-22,237.899994,239.100006,235.0,239.100006,212.433167,13155268
2016-03-23,239.19999700000002,239.69999700000002,237.19999700000002,239.19999700000002,212.522018,11236429
2016-03-24,237.899994,237.979004,230.600006,231.100006,205.325424,18441814
2016-03-29,231.100006,236.0,230.875,232.600006,206.65811200000002,12079650
2016-03-30,233.30000299999998,235.57299799999998,231.899994,235.399994,209.14581299999998,16894259
2016-03-31,235.0,236.69999700000002,231.30000299999998,235.19999700000002,208.96813999999998,17336499
2016-04-01,230.80000299999998,232.38000499999998,229.600006,231.100006,205.325424,18455935
2016-04-04,230.600006,234.30000299999998,230.33999599999999,231.69999700000002,205.85849,9061224
2016-04-05,236.0,236.0,227.19999700000002,229.100006,203.548477,15806052
2016-04-06,228.899994,232.69999700000002,228.899994,232.5,206.569275,12567205
2016-04-07,233.80000299999998,233.80000299999998,225.100006,227.5,202.12690700000002,18735375
2016-04-08,229.0,235.19999700000002,228.30000299999998,233.80000299999998,207.724289,15015547
2016-04-11,232.69999700000002,236.30000299999998,230.649994,234.19999700000002,208.079651,10011923
2016-04-12,234.0,238.19999700000002,232.30000299999998,237.80000299999998,211.27816800000002,15028166
2016-04-13,240.0,245.50999500000003,239.30000299999998,243.80000299999998,216.60897799999998,19975522
2016-04-14,244.600006,245.600006,241.899994,242.80000299999998,215.72052000000002,14503248
2016-04-15,242.69999700000002,243.30000299999998,237.5,239.100006,212.433167,16510381
2016-04-18,237.0,240.899994,235.100006,240.19999700000002,213.41047700000001,12370814
2016-04-19,240.69999700000002,244.30000299999998,240.600006,243.69999700000002,216.52012599999998,14027188
2016-04-20,243.5,246.19999700000002,241.600006,245.399994,218.03053300000002,14718667
2016-04-21,246.100006,246.899994,244.903,246.600006,219.09671,10621565
2016-04-22,245.69999700000002,247.100006,243.981003,244.600006,217.319763,9514974
2016-04-25,245.0,246.100006,241.5,243.100006,215.98706099999998,12613563
2016-04-26,243.399994,245.0,240.399994,240.69999700000002,213.85472099999998,15706197
2016-04-27,240.100006,248.798004,236.19999700000002,237.69999700000002,211.18930099999997,19069791
2016-04-28,227.30000299999998,227.399994,223.19999700000002,227.19999700000002,210.679306,19441554
2016-04-29,224.899994,226.100006,222.600006,223.100006,206.877426,15430066
2016-05-03,223.100006,224.69999700000002,219.30000299999998,219.30000299999998,203.35376000000002,16414083
2016-05-04,218.5,220.02999900000003,216.0,219.0,203.07556200000002,15886967
2016-05-05,219.600006,221.5,217.69999700000002,217.80000299999998,201.96281399999998,11201993
2016-05-06,217.0,220.17700200000002,214.69999700000002,215.80000299999998,200.108246,15990251
2016-05-09,217.399994,219.899994,216.5,218.30000299999998,202.426468,10060013
2016-05-10,220.0,220.69999700000002,217.69999700000002,218.19999700000002,202.33373999999998,10440962
2016-05-11,217.399994,218.19999700000002,215.30000299999998,217.0,201.220993,8435545
2016-05-12,214.5,217.19999700000002,212.399994,214.100006,198.531876,10044684
2016-05-13,212.899994,215.42999300000002,209.199997,215.399994,199.737335,13412800
2016-05-16,214.100006,217.30000299999998,212.5,216.80000299999998,201.035538,8396466
2016-05-17,218.5,220.899994,217.5,220.19999700000002,204.188309,18673743
2016-05-18,219.30000299999998,223.399994,217.0,223.399994,207.155624,14667244
2016-05-19,222.399994,224.035995,220.30000299999998,220.600006,204.559235,15028259
2016-05-20,223.600006,234.67999300000002,223.0,225.399994,209.010178,12096427
2016-05-23,226.5,227.600006,223.600006,225.0,208.639267,12313331
2016-05-24,224.5,237.19999700000002,223.5,236.5,219.30307000000002,19242053
2016-05-25,238.399994,241.229996,238.0,239.5,222.084915,15552747
2016-05-26,240.100006,240.100006,236.80000299999998,238.600006,221.250366,13755757
2016-05-27,239.0,240.80000299999998,238.600006,240.0,222.548569,9448643
2016-05-31,240.0,241.399994,238.899994,239.399994,221.992188,17652622
2016-06-01,239.30000299999998,239.30000299999998,233.100006,235.80000299999998,218.65396099999998,15956501
2016-06-02,236.100006,237.69999700000002,234.80000299999998,235.69999700000002,218.56121800000003,14874052
2016-06-03,237.5,238.337006,230.600006,232.80000299999998,215.872116,12143733
2016-06-06,233.0,236.399994,232.19999700000002,235.100006,218.00486800000002,10698177
2016-06-07,236.19999700000002,237.69999700000002,232.899994,233.30000299999998,216.335754,12025570
2016-06-08,231.899994,234.399994,230.600006,234.19999700000002,217.170319,13506080
2016-06-09,233.30000299999998,234.0,230.19999700000002,230.5,213.73934900000003,14676995
2016-06-10,229.600006,230.16000400000001,221.399994,222.5,206.32106000000002,17463114
2016-06-13,218.899994,220.600006,217.897995,218.100006,202.24101299999998,13106500
2016-06-14,215.30000299999998,217.5,211.80000299999998,212.19999700000002,196.77002,17043569
2016-06-15,214.19999700000002,216.100006,213.059998,214.399994,198.810043,14023388
2016-06-16,211.899994,213.399994,208.699997,211.30000299999998,195.935471,14357046
2016-06-17,214.5,218.600006,214.30000299999998,215.399994,199.737335,15697561
2016-06-20,223.0,227.085007,222.0,226.19999700000002,209.752029,18001905
2016-06-21,227.30000299999998,231.100006,224.330002,229.80000299999998,213.09024,17179324
2016-06-22,232.5,237.0,230.0,233.600006,216.61393700000002,16709230
2016-06-23,236.30000299999998,239.80000299999998,233.5,236.399994,219.210327,19018925
2016-06-24,171.199997,203.380005,166.600006,188.5,174.793365,84548783
2016-06-27,185.600006,187.300003,160.5,165.0,153.002136,67865119
2016-06-28,177.0,181.699997,173.100006,178.0,165.056839,53349672
2016-06-29,178.899994,189.0,178.5,188.699997,174.978806,48575109
2016-06-30,187.699997,191.300003,185.850006,190.699997,176.833374,41546822
2016-07-01,193.399994,194.5,185.899994,191.199997,177.297028,32718771
2016-07-04,192.300003,192.300003,185.300003,187.0,173.40242,16084732
2016-07-05,183.600006,183.600006,173.300003,173.699997,161.069534,38744427
2016-07-06,172.199997,172.548004,165.899994,167.0,154.85672,46069495
2016-07-07,166.0,173.100006,165.899994,171.399994,158.936768,25637999
2016-07-08,172.300003,178.66000400000001,169.600006,177.0,164.12956200000002,21893340
2016-07-11,178.399994,183.858994,174.899994,183.600006,170.249649,26970219
2016-07-12,184.0,190.5,183.800003,188.899994,175.164261,21419952
2016-07-13,188.0,190.399994,161.945007,185.800003,172.28968799999998,26310835
2016-07-14,187.899994,192.199997,186.544998,190.0,176.184296,17155343
2016-07-15,189.0,192.300003,185.899994,188.600006,174.886093,23470551
2016-07-18,187.0,193.16000400000001,187.0,191.199997,177.297028,19207860
2016-07-19,191.300003,193.272995,189.199997,191.399994,177.482483,16600770
2016-07-20,192.399994,198.511993,190.600006,197.300003,182.953476,23390800
2016-07-21,198.300003,199.600006,195.800003,196.0,181.748001,36268399
2016-07-22,195.600006,196.830002,193.899994,195.399994,181.19162,13104544
2016-07-25,195.300003,200.100006,194.399994,199.399994,184.900757,19360656
2016-07-26,199.899994,201.899994,197.899994,199.300003,184.808044,13501342
2016-07-27,199.0,205.149994,199.0,203.800003,188.980835,18320795
2016-07-28,204.5,205.100006,200.600006,200.600006,186.013519,18901307
2016-07-29,202.5,206.300003,200.800003,205.699997,190.742661,19545212
2016-08-01,208.0,209.199997,204.0,205.899994,190.928116,18343931
2016-08-02,205.0,207.242996,200.800003,205.300003,190.37176499999998,18980807
2016-08-03,205.300003,207.0,202.5,205.399994,190.464462,16820234
2016-08-04,206.199997,212.899994,205.600006,209.0,193.802704,33708436
2016-08-05,208.800003,214.167999,208.600006,213.5,197.975494,14518435
2016-08-08,214.0,219.600006,212.80299399999998,218.100006,202.24101299999998,16180250
2016-08-09,210.0,212.690994,203.5,206.0,191.020859,64429924
2016-08-10,205.0,213.36500499999997,203.932007,212.80000299999998,197.326401,28786068
2016-08-11,214.0,215.0,201.399994,213.19999700000002,197.697311,22964759
2016-08-12,213.30000299999998,215.332001,212.30000299999998,213.0,197.511841,15042401
2016-08-15,214.100006,216.576996,212.30000299999998,215.600006,199.922806,11306889
2016-08-16,214.600006,216.001999,211.69999700000002,211.69999700000002,196.306366,17912797
2016-08-17,211.899994,213.96699500000003,210.223007,210.600006,195.28637700000002,16691569
2016-08-18,208.699997,209.901993,206.899994,208.300003,196.89328,11943620
2016-08-19,209.0,209.0,204.0,205.899994,194.624695,13959848
2016-08-22,206.300003,209.550995,204.899994,206.800003,195.475418,11616679
2016-08-23,208.300003,211.600006,207.300003,210.0,198.50018300000002,13984056
2016-08-24,209.80000299999998,212.059998,207.531998,210.399994,198.87828100000002,12399001
2016-08-25,209.5,210.399994,206.5,207.199997,195.85351599999998,12126925
2016-08-26,207.699997,208.292007,206.100006,207.300003,195.94804399999998,10176544
2016-08-30,207.300003,209.80000299999998,206.199997,208.800003,197.365891,12458976
2016-08-31,208.100006,212.100006,207.699997,210.30000299999998,198.78376799999998,14401248
2016-09-01,211.19999700000002,215.07099900000003,209.199997,210.899994,199.350891,17061155
2016-09-02,212.19999700000002,217.399994,209.100006,216.399994,204.549713,24638100
2016-09-05,217.5,219.0,214.5,215.600006,203.793533,12844771
2016-09-06,215.69999700000002,216.850006,213.600006,214.30000299999998,202.56471299999998,12882766
2016-09-07,215.5,215.600006,212.36000099999998,214.19999700000002,202.47018400000002,19838012
2016-09-08,213.80000299999998,217.82499700000002,212.19999700000002,217.0,205.116852,16324816
2016-09-09,216.0,218.80000299999998,215.100006,215.69999700000002,203.888031,14735475
2016-09-12,211.100006,213.19999700000002,208.300003,209.899994,198.405655,14510456
2016-09-13,210.80000299999998,211.423996,207.399994,207.399994,196.04255700000002,10876794
2016-09-14,209.0,211.80000299999998,208.199997,208.899994,197.460419,13093193
2016-09-15,208.0,211.69999700000002,207.699997,211.19999700000002,199.634476,13593066
2016-09-16,211.100006,211.399994,208.5,208.5,197.082321,22761015
2016-09-19,211.100006,213.100006,210.100006,212.80000299999998,201.146851,11951454
2016-09-20,213.30000299999998,216.539993,212.100006,214.69999700000002,202.942795,17118499
2016-09-21,217.5,223.30000299999998,216.86999500000002,222.600006,210.410202,26498873
2016-09-22,224.69999700000002,226.69999700000002,223.80000299999998,224.19999700000002,211.922577,22072743
2016-09-23,224.100006,224.559998,222.38000499999998,224.0,211.733521,17179463
2016-09-26,222.19999700000002,223.354996,217.69999700000002,218.600006,206.629242,16746885
2016-09-27,221.30000299999998,221.684006,214.565002,216.19999700000002,204.360657,16082032
2016-09-28,215.69999700000002,220.399994,215.600006,219.0,207.007324,15279456
2016-09-29,221.69999700000002,221.899994,218.30000299999998,218.80000299999998,206.818283,12971706
2016-09-30,215.0,219.30000299999998,210.69999700000002,218.69999700000002,206.72377,26444791
2016-10-03,217.600006,218.600006,215.399994,216.600006,204.73877,18635957
2016-10-04,217.399994,221.899994,216.5,220.5,208.425201,33664782
2016-10-05,220.5,223.69999700000002,218.399994,222.100006,209.93757599999998,14672543
2016-10-06,222.100006,224.600006,220.955002,221.600006,209.464966,13272966
2016-10-07,222.30000299999998,225.03500400000001,219.19999700000002,221.399994,209.275909,30670267
2016-10-10,221.899994,223.419998,217.30000299999998,218.100006,206.15661599999999,22841235
2016-10-11,216.80000299999998,218.80000299999998,214.5,214.69999700000002,202.942795,20414389
2016-10-12,214.100006,217.5,214.100006,217.0,205.116852,29306848
2016-10-13,215.80000299999998,216.399994,210.0,211.19999700000002,199.634476,20975704
2016-10-14,211.600006,213.26400800000002,210.5,210.80000299999998,199.256378,16086669
2016-10-17,209.300003,211.100006,204.800003,205.699997,194.435654,22949639
2016-10-18,206.399994,210.80000299999998,205.600006,210.0,198.50018300000002,20007788
2016-10-19,209.100006,211.100006,206.699997,208.100006,196.704239,14132587
2016-10-20,208.600006,211.100006,207.820007,210.899994,199.350891,12829697
2016-10-21,209.80000299999998,211.5,208.949997,209.300003,197.838516,13001333
2016-10-24,210.5,212.100006,210.0,210.0,198.50018300000002,8472090
2016-10-25,211.30000299999998,211.69999700000002,208.399994,208.600006,197.176849,16935928
2016-10-26,207.899994,209.899994,206.300003,209.600006,198.12208600000002,11997452
2016-10-27,209.100006,210.100006,205.970001,210.100006,198.59471100000002,16436478
2016-10-28,209.0,212.100006,208.371994,211.80000299999998,200.20161399999998,16111412
2016-10-31,211.19999700000002,211.669998,208.300003,209.399994,197.933044,15636878
2016-11-01,210.30000299999998,211.0,207.600006,209.5,198.027557,12190378
2016-11-02,207.800003,209.899994,206.25,207.600006,196.23161299999998,14192702
2016-11-03,207.100006,215.80000299999998,206.300003,213.600006,201.903046,35578513
2016-11-04,212.30000299999998,212.337006,207.199997,207.699997,196.326126,20029181
2016-11-07,211.0,213.30000299999998,208.279999,212.80000299999998,201.146851,19138602
2016-11-08,212.0,214.399994,208.429993,212.899994,201.24136399999998,17842005
2016-11-09,206.100006,221.899994,204.080002,221.69999700000002,209.559479,39325884
2016-11-10,224.5,233.899994,224.5,232.80000299999998,220.05163599999997,49892271
2016-11-11,231.600006,235.69999700000002,228.266006,229.899994,217.31044,25099681
2016-11-14,231.600006,239.483994,231.128006,234.69999700000002,221.84758,29771366
2016-11-15,235.19999700000002,235.69999700000002,231.5,235.19999700000002,222.320206,21598289
2016-11-16,235.899994,236.30000299999998,230.899994,232.100006,219.389984,17678092
2016-11-17,231.600006,235.136002,230.0,233.5,220.71330299999997,14506761
2016-11-18,235.30000299999998,236.19999700000002,230.80000299999998,232.69999700000002,219.957108,12517633
2016-11-21,231.80000299999998,233.80000299999998,228.30000299999998,229.899994,217.31044,11860842
2016-11-22,231.80000299999998,235.5,230.100006,235.0,222.13116499999998,19319174
2016-11-23,235.19999700000002,237.600006,232.899994,234.69999700000002,221.84758,15408577
2016-11-24,236.100006,237.001007,234.5,236.80000299999998,223.832596,9850979
2016-11-25,237.399994,238.100006,236.19999700000002,237.899994,224.87234500000002,11683135
2016-11-28,237.0,238.5,234.19999700000002,236.899994,223.92710899999997,13822380
2016-11-29,237.30000299999998,238.899994,235.30000299999998,238.899994,225.81758100000002,12464333
2016-11-30,237.80000299999998,239.093002,235.19999700000002,235.80000299999998,222.88736,23022874
2016-12-01,239.100006,242.30000299999998,236.315002,242.30000299999998,229.03141800000003,24142091
2016-12-02,240.80000299999998,243.850006,239.5,242.5,229.220444,17624656
2016-12-05,241.0,247.66400099999998,240.46899399999998,241.69999700000002,228.46424900000002,21802062
2016-12-06,238.0,241.600006,233.0,237.0,224.021637,30094839
2016-12-07,239.0,245.30000299999998,238.899994,244.399994,231.01640299999997,32049124
2016-12-08,244.30000299999998,246.30000299999998,240.600006,245.399994,231.96163900000002,24998490
2016-12-09,246.0,246.0,241.74099700000002,243.80000299999998,230.449265,17841733
2016-12-12,243.69999700000002,243.899994,238.80000299999998,239.399994,226.290192,12249803
2016-12-13,240.100006,241.899994,238.69999700000002,239.899994,226.76281699999998,18769427
2016-12-14,239.30000299999998,240.69999700000002,237.19999700000002,238.100006,225.061401,12435377
2016-12-15,239.30000299999998,243.30000299999998,237.5,242.899994,229.598541,21312936
2016-12-16,243.399994,243.503006,239.600006,242.69999700000002,229.40948500000002,18658330
2016-12-19,244.19999700000002,244.52900699999998,240.399994,240.600006,227.4245,14042343
2016-12-20,241.0,244.80000299999998,239.5,243.80000299999998,230.449265,14210145
2016-12-21,243.80000299999998,246.0,242.899994,245.5,232.056168,13225373
2016-12-22,243.69999700000002,246.600006,243.69999700000002,246.19999700000002,232.71783399999998,10563572
2016-12-23,246.69999700000002,248.30000299999998,245.19999700000002,247.0,233.47402999999997,5391866
2016-12-28,247.0,247.600006,244.399994,246.100006,232.62332200000003,7290705
2016-12-29,244.399994,248.69999700000002,244.399994,248.69999700000002,235.080917,6792666
2016-12-30,248.5,248.5,245.0,247.600006,234.04116800000003,5937411
2017-01-03,247.600006,251.100006,247.600006,249.0,235.36450200000002,15077668
2017-01-04,249.30000299999998,252.19999700000002,248.80000299999998,252.19999700000002,238.389267,14391239
2017-01-05,251.600006,252.108002,246.100006,247.399994,233.852127,14486260
2017-01-06,246.600006,249.649994,245.899994,249.600006,235.931656,13498874
2017-01-09,249.600006,250.399994,245.399994,248.80000299999998,235.175446,11568808
2017-01-10,248.5,249.399994,244.600006,248.399994,234.797363,17825075
2017-01-11,248.19999700000002,249.0,244.850998,246.600006,233.09593199999998,14826735
2017-01-12,246.69999700000002,247.100006,244.19999700000002,246.0,232.528778,11187124
2017-01-13,247.19999700000002,249.0,245.292999,248.69999700000002,235.080917,9562808
2017-01-16,247.899994,248.02999900000003,244.19999700000002,246.0,232.528778,13542104
2017-01-17,245.100006,247.149002,242.899994,244.899994,231.48901400000003,11930053
2017-01-18,245.30000299999998,245.55499300000002,240.80000299999998,242.399994,229.125931,14346798
2017-01-19,242.30000299999998,243.80000299999998,239.100006,241.0,227.80259700000002,12844625
2017-01-20,241.30000299999998,242.19999700000002,238.5,238.5,225.439484,12119573
2017-01-23,237.19999700000002,239.36999500000002,235.30000299999998,238.19999700000002,225.15592999999998,8913623
2017-01-24,239.5,240.600006,236.69999700000002,239.69999700000002,226.57377599999998,12025389
2017-01-25,238.600006,242.5,238.600006,241.399994,228.180679,11961000
2017-01-26,242.399994,245.0,242.100006,243.30000299999998,229.976654,13364639
2017-01-27,244.399994,244.69999700000002,242.100006,243.80000299999998,230.449265,11284401
2017-01-30,242.100006,242.419998,238.899994,239.80000299999998,226.668304,17627634
2017-01-31,238.69999700000002,239.5,234.399994,234.899994,222.036636,23208526
2017-02-01,236.19999700000002,237.5,233.5,235.600006,222.69830299999998,17513279
2017-02-02,234.600006,236.04600499999998,232.80000299999998,232.80000299999998,220.05163599999997,14620604
2017-02-03,233.5,238.649994,231.600006,238.100006,225.061401,14235182
2017-02-06,237.5,239.399994,235.30000299999998,235.69999700000002,222.79281600000002,11911723
2017-02-07,236.100006,241.399994,235.19999700000002,239.0,225.912109,14317354
2017-02-08,238.69999700000002,240.600006,237.07400499999997,238.19999700000002,225.15592999999998,10251538
2017-02-09,239.600006,242.600006,238.5,241.80000299999998,228.558777,9882045
2017-02-10,242.19999700000002,244.496994,242.16400099999998,243.0,229.693069,10583018
2017-02-13,244.0,244.5,241.80000299999998,243.5,230.16567999999998,9351128
2017-02-14,243.5,244.399994,241.05000299999998,243.899994,230.543777,8623034
2017-02-15,245.0,247.899994,244.19999700000002,246.899994,233.37948599999999,17120648
2017-02-16,246.399994,247.19999700000002,244.30000299999998,245.600006,232.15069599999998,11348027
2017-02-17,247.100006,248.100006,242.30000299999998,244.0,230.638306,12834701
2017-02-20,244.69999700000002,246.80000299999998,244.600006,245.69999700000002,232.245209,6750469
2017-02-21,246.19999700000002,247.319,243.899994,244.19999700000002,230.82736200000002,8381314
2017-02-22,244.899994,246.600006,243.5,245.19999700000002,231.772598,11060690
2017-02-23,245.19999700000002,247.44999700000002,244.0,246.30000299999998,232.81236299999998,15386049
2017-02-24,245.69999700000002,248.19999700000002,245.30000299999998,247.19999700000002,233.663071,17185582
2017-02-27,248.399994,248.410995,246.5,247.100006,233.568558,11426909
2017-02-28,248.0,248.69999700000002,246.30000299999998,248.30000299999998,234.70283500000002,15527980
2017-03-01,249.399994,252.399994,248.69999700000002,251.69999700000002,237.91664100000003,17969072
2017-03-02,250.80000299999998,253.100006,250.69999700000002,252.0,238.200211,14342343
2017-03-03,251.5,254.69999700000002,250.30000299999998,254.100006,240.18522599999997,11469474
2017-03-06,253.80000299999998,256.600006,253.100006,255.19999700000002,241.22497599999997,13689684
2017-03-07,255.0,255.24099700000002,252.66400099999998,254.19999700000002,240.279739,19263692
2017-03-08,254.19999700000002,257.100006,247.30000299999998,248.80000299999998,235.175446,27720596
2017-03-09,249.30000299999998,255.71600299999997,248.100006,250.30000299999998,236.593323,24396752
2017-03-10,251.100006,253.0,248.0,248.80000299999998,235.175446,20894959
2017-03-13,249.600006,251.32200600000002,247.30000299999998,249.399994,235.742599,15807891
2017-03-14,250.0,250.399994,244.826004,246.399994,232.90687599999998,18711383
2017-03-15,246.30000299999998,250.093002,246.30000299999998,249.30000299999998,235.648087,17200367
2017-03-16,251.19999700000002,251.19999700000002,247.69999700000002,248.80000299999998,235.175446,13734712
2017-03-17,249.100006,251.848007,249.0,249.899994,236.21521,21271957
2017-03-20,250.0,251.80000299999998,249.600006,250.69999700000002,236.97140499999998,8232133
2017-03-21,251.19999700000002,253.80000299999998,249.899994,251.5,237.7276,11453037
2017-03-22,250.899994,252.19999700000002,248.80000299999998,250.899994,237.160446,15968839
2017-03-23,251.399994,251.399994,248.600006,249.19999700000002,235.55354300000002,10856493
2017-03-24,249.0,249.59199500000003,246.80000299999998,248.5,234.89189100000002,8819537
2017-03-27,248.0,248.0,244.30000299999998,247.399994,233.852127,10327615
2017-03-28,248.399994,249.121994,245.399994,247.5,233.946655,11706426
2017-03-29,248.0,249.08799700000003,244.80000299999998,246.0,232.528778,14221404
2017-03-30,245.30000299999998,247.100006,243.100006,247.0,233.47402999999997,11544270
2017-03-31,246.69999700000002,248.5,245.5,247.30000299999998,233.75759900000003,15122477
2017-04-03,247.30000299999998,248.19999700000002,244.47399900000002,245.0,231.583542,11280383
2017-04-04,245.399994,247.30000299999998,244.75,245.80000299999998,232.339737,9920601
2017-04-05,246.5,246.5,244.19999700000002,245.19999700000002,231.772598,13345076
2017-04-06,243.899994,245.899994,241.645996,245.600006,232.15069599999998,12681845
2017-04-07,245.30000299999998,246.40400699999998,243.600006,246.30000299999998,232.81236299999998,14415074
2017-04-10,246.0,247.30700699999997,245.399994,246.399994,232.90687599999998,7827032
2017-04-11,245.80000299999998,248.100006,245.36000099999998,247.30000299999998,233.75759900000003,15616488
2017-04-12,248.30000299999998,249.92799399999998,247.173996,249.600006,235.931656,17089610
2017-04-13,250.0,253.92999300000002,249.100006,251.600006,237.82214399999998,25160232
2017-04-18,251.600006,254.83999599999999,247.69999700000002,249.30000299999998,235.648087,23159232
2017-04-19,249.399994,254.5,249.399994,251.69999700000002,237.91664100000003,21800215
2017-04-20,250.5,253.69999700000002,250.5,253.100006,239.23998999999998,16925905
2017-04-21,254.0,256.200012,253.69999700000002,254.5,240.56332400000002,15851750
2017-04-24,259.700012,261.600006,257.399994,260.5,246.234756,27444250
2017-04-25,260.299988,262.06100499999997,259.700012,261.200012,246.896423,18418786
2017-04-26,261.600006,261.899994,258.899994,261.100006,246.80189500000003,19573151
2017-04-27,247.0,258.809998,245.964005,246.899994,243.01251200000002,28349233
2017-04-28,246.899994,248.100006,246.0,246.100006,242.22512799999998,15795553
2017-05-02,247.100006,251.30000299999998,246.5,250.80000299999998,246.85112,25389375
2017-05-03,251.100006,251.100006,248.626999,250.0,246.06370499999997,11733448
2017-05-04,250.30000299999998,251.899994,248.42700200000002,250.69999700000002,246.75268599999998,15299747
2017-05-05,251.100006,251.80000299999998,249.399994,250.80000299999998,246.85112,15041272
2017-05-08,250.899994,261.350006,250.36500499999997,251.399994,247.44166600000003,13679880
2017-05-09,252.30000299999998,253.19999700000002,251.5,253.100006,249.114899,12455991
2017-05-10,252.899994,257.02600099999995,252.80000299999998,255.600006,251.575546,13603783
2017-05-11,255.69999700000002,256.399994,253.0,254.69999700000002,250.68969700000002,14556223
2017-05-12,255.399994,256.5,254.19999700000002,255.30000299999998,251.280258,14849296
2017-05-15,256.0,257.846008,255.5,256.700012,252.658234,15134575
2017-05-16,256.600006,257.700012,255.992004,257.200012,253.15036,11717953
2017-05-17,256.299988,256.899994,251.80000299999998,252.19999700000002,248.229065,18981557
2017-05-18,252.80000299999998,253.899994,246.69999700000002,250.899994,246.94953900000002,24590628
2017-05-19,248.80000299999998,252.42599500000003,244.30000299999998,249.100006,245.177887,33581052
2017-05-22,250.399994,251.19999700000002,248.899994,250.30000299999998,246.358994,12942281
2017-05-23,250.0,253.399994,249.899994,252.80000299999998,248.81962599999997,16015467
2017-05-24,253.19999700000002,253.600006,251.600006,252.19999700000002,248.229065,14204680
2017-05-25,253.100006,254.19999700000002,251.80000299999998,252.100006,248.13064599999998,6193407
2017-05-26,251.80000299999998,252.5,249.47399900000002,250.30000299999998,246.358994,11035073
2017-05-30,250.30000299999998,252.19999700000002,248.100006,251.5,247.540085,13498794
2017-05-31,252.5,254.0,251.0,251.80000299999998,247.835373,21481987
2017-06-01,252.0,255.69999700000002,251.19999700000002,255.0,250.98498500000002,18815380
2017-06-02,257.399994,258.0,253.57000699999998,254.69999700000002,250.68969700000002,12672510
2017-06-05,254.5,255.100006,252.69999700000002,253.899994,249.902298,10019724
2017-06-06,253.30000299999998,253.600006,250.19999700000002,251.0,247.047958,12380161
2017-06-07,250.69999700000002,256.0,250.69999700000002,254.0,250.00073199999997,16674426
2017-06-08,255.30000299999998,256.399994,254.362,255.19999700000002,251.18183900000002,17433942
2017-06-09,252.899994,258.877991,249.80000299999998,258.200012,254.134613,21487107
2017-06-12,257.200012,257.899994,255.0,257.399994,253.347183,15079544
2017-06-13,258.700012,261.200012,257.673004,258.399994,254.331451,25136278
2017-06-14,259.0,261.100006,258.299988,258.299988,254.233017,16622226
2017-06-15,258.700012,259.200012,253.399994,257.5,253.44561800000002,16481797
2017-06-16,257.799988,260.299988,257.299988,259.399994,255.315704,24303485
2017-06-19,260.700012,261.960999,260.152008,260.600006,256.496826,2862037
2017-06-20,261.5,263.399994,261.100006,261.399994,257.28421000000003,3493067
2017-06-21,261.899994,261.20901499999997,258.0,260.100006,256.0047,3030838
2017-06-22,260.600006,260.600006,255.92599500000003,257.100006,253.05192599999998,6722911
2017-06-23,256.899994,257.899994,254.97399900000002,257.399994,253.347183,1205751
2017-06-26,257.799988,262.02600099999995,256.806,260.85101299999997,256.743866,3011166
2017-06-27,260.100006,261.841003,257.700012,258.532013,254.46138,1332438
2017-06-28,259.0,260.5,256.799988,259.200012,255.11886600000003,1281829
2017-06-29,260.0,262.93600499999997,258.0,258.600006,254.528305,1227795
2017-06-30,258.600006,260.127991,257.100006,258.299988,254.233017,1348663
2017-07-03,255.69999700000002,263.5,254.899002,263.100006,258.95745800000003,16753660
2017-07-04,262.399994,263.600006,261.299988,261.899994,257.776337,8119760
2017-07-05,262.5,264.100006,260.399994,263.899994,259.744843,13893446
2017-07-06,264.5,267.200012,263.200012,266.5,262.303925,15701332
2017-07-07,266.899994,267.117004,265.200012,267.100006,262.89447,9893991
2017-07-10,268.0,268.200012,261.200012,264.100006,259.941711,20304105
2017-07-11,264.100006,265.200012,257.825989,259.600006,255.512558,21985293
2017-07-12,260.5,261.399994,257.799988,257.799988,253.740891,45207538
2017-07-13,258.200012,260.399994,257.600006,259.5,255.41412400000002,22537091
2017-07-14,260.0,261.200012,258.299988,259.399994,255.315704,16588436
2017-07-17,259.799988,260.299988,257.803009,258.399994,254.331451,10773924
2017-07-18,257.600006,258.600006,255.651993,257.600006,253.544052,14946567
2017-07-19,258.399994,259.799988,256.899994,259.5,255.41412400000002,13426976
2017-07-20,259.299988,263.700012,258.799988,262.899994,258.76059,15887801
2017-07-21,263.0,265.5,262.200012,263.700012,259.548004,17071409
2017-07-24,263.0,263.399994,259.47000099999997,261.299988,257.185791,18585249
2017-07-25,262.399994,265.399994,261.5,263.0,258.85900899999996,16728012
2017-07-26,262.700012,266.700012,262.200012,265.200012,261.024384,12046464
2017-07-27,265.0,267.899994,264.200012,266.799988,262.599182,12309483
2017-07-28,264.600006,266.200012,262.799988,265.100006,260.925964,11294214
2017-07-31,264.299988,269.0,263.600006,268.399994,264.173981,13049461
2017-08-01,269.5,270.5,267.899994,269.0,264.76455699999997,9817840
2017-08-02,269.399994,271.52999900000003,267.200012,270.5,266.240936,12465997
2017-08-03,270.0,274.149994,268.799988,273.100006,268.799988,20467158
2017-08-04,273.0,274.109985,270.600006,272.5,268.20944199999997,16976771
2017-08-07,272.5,276.799988,272.5,275.100006,270.768524,16066340
2017-08-08,274.299988,277.0,272.700012,276.0,271.654327,14318112
2017-08-09,279.799988,279.899994,268.0,272.0,267.71731600000004,22755534
2017-08-10,272.700012,276.299988,267.700012,272.200012,267.91418500000003,21960279
2017-08-11,271.299988,271.299988,266.799988,269.0,264.76455699999997,17500624
2017-08-14,269.899994,272.700012,268.880005,271.200012,266.929932,11088284
2017-08-15,272.5,274.299988,270.200012,270.700012,266.43780499999997,10053761
2017-08-16,271.200012,274.200012,270.799988,273.100006,268.799988,13046565
2017-08-17,269.0,269.799988,266.600006,267.700012,267.700012,13257027
2017-08-18,265.700012,266.799988,262.5,266.799988,266.799988,13296696
2017-08-21,264.299988,267.0,263.799988,264.299988,264.299988,9732691
2017-08-22,265.399994,267.700012,263.200012,264.200012,264.200012,12847759
2017-08-23,264.600006,265.0,261.799988,263.200012,263.200012,18096796
2017-08-24,264.0,266.391998,263.5,264.700012,264.700012,13607588
2017-08-25,264.899994,265.700012,262.899994,263.200012,263.200012,13318114
2017-08-29,263.200012,263.200012,257.299988,259.100006,259.100006,19272007
2017-08-30,260.299988,262.200012,258.799988,259.299988,259.299988,10296295
2017-08-31,260.399994,262.0,259.700012,260.200012,260.200012,16342229
2017-09-01,260.399994,261.149994,259.5,259.899994,259.899994,8867369
2017-09-04,259.100006,260.200012,257.700012,258.0,258.0,9277834
2017-09-05,257.899994,258.600006,255.16000400000001,255.69999700000002,255.69999700000002,10602008
2017-09-06,254.69999700000002,254.899994,252.5,254.30000299999998,254.30000299999998,11745604
2017-09-07,256.299988,256.399994,252.899994,253.399994,253.399994,11941345
2017-09-08,253.5,254.57000699999998,252.399994,254.0,254.0,9571025
2017-09-11,255.69999700000002,259.299988,255.19999700000002,257.100006,257.100006,12993437
2017-09-12,258.299988,259.100006,256.299988,258.200012,258.200012,9504838
2017-09-13,257.5,258.5,255.899994,255.899994,255.899994,16004536
2017-09-14,255.5,256.0,253.399994,254.0,254.0,14521492
2017-09-15,254.0,254.0,249.92999300000002,251.5,251.5,22892923
2017-09-18,253.399994,254.600006,251.460007,254.5,254.5,12255392
2017-09-19,254.0,256.299988,254.0,256.200012,256.200012,12225788
2017-09-20,256.899994,257.5,255.69999700000002,256.600006,256.600006,20185957
2017-09-21,257.200012,258.899994,257.200012,258.899994,258.899994,16134029
2017-09-22,257.799988,259.799988,256.200012,259.5,259.5,11070860
2017-09-25,258.799988,258.825012,255.80000299999998,256.5,256.5,11251577
2017-09-26,256.5,256.899994,254.600006,255.600006,255.600006,9259212
2017-09-27,255.399994,259.700012,255.399994,259.299988,259.299988,17342778
2017-09-28,260.600006,260.600006,257.200012,258.600006,258.600006,10948114
2017-09-29,259.399994,261.5,258.975006,259.899994,259.899994,12514790
2017-10-02,259.5,262.829987,259.34899900000005,262.700012,262.700012,16211369
2017-10-03,263.0,263.0,260.950012,261.700012,261.700012,14510122
2017-10-04,262.100006,262.299988,259.47000099999997,261.5,261.5,14612962
2017-10-05,262.0,262.983002,260.600006,261.799988,261.799988,10261573
2017-10-06,261.799988,263.329987,261.5,262.799988,262.799988,13705402
2017-10-09,262.700012,262.799988,261.5,262.299988,262.299988,9609100
2017-10-10,261.399994,263.899994,261.399994,262.700012,262.700012,8445347
2017-10-11,263.700012,263.899994,262.100006,263.399994,263.399994,10371405
2017-10-12,264.0,265.200012,263.100006,264.600006,264.600006,12694175
2017-10-13,264.0,267.399994,263.799988,266.299988,266.299988,12279195
2017-10-16,267.399994,267.399994,264.799988,265.5,265.5,11528685
2017-10-17,266.200012,266.200012,264.100006,264.399994,264.399994,9373235
2017-10-18,265.899994,268.100006,265.200012,266.600006,266.600006,13628349
2017-10-19,267.0,267.399994,264.899994,266.299988,266.299988,10249457
2017-10-20,267.0,269.194,266.600006,268.600006,268.600006,16012623
2017-10-23,269.0,269.388,267.100006,268.100006,268.100006,9595452
2017-10-24,267.700012,268.899994,267.200012,268.399994,268.399994,8970600
2017-10-25,268.600006,268.600006,265.600006,266.899994,266.899994,9547316
2017-10-26,267.299988,271.899994,265.899994,270.399994,270.399994,17848879
2017-10-27,271.899994,272.399994,267.399994,268.5,268.5,15756427
2017-10-30,268.700012,269.200012,266.5,267.799988,267.799988,12094946
2017-10-31,266.700012,268.339996,265.299988,267.0,267.0,15386469
2017-11-01,267.399994,269.899994,267.399994,269.0,269.0,15172852
2017-11-02,271.5,273.399994,269.700012,271.899994,271.899994,18401430
2017-11-03,272.600006,275.149994,271.700012,272.799988,272.799988,11285390
2017-11-06,273.5,274.200012,270.200012,271.0,271.0,11944205
2017-11-07,270.600006,272.399994,268.5,269.600006,269.600006,10718698
2017-11-08,269.299988,269.399994,266.600006,268.0,268.0,13638910
2017-11-09,267.5,269.100006,265.27999900000003,265.700012,265.700012,12174805
2017-11-10,266.200012,267.200012,263.5,265.100006,265.100006,11537475
2017-11-13,266.0,266.399994,262.399994,264.200012,264.200012,11741591
2017-11-14,264.200012,266.549988,263.799988,266.100006,266.100006,20458222
2017-11-15,265.600006,266.899994,263.420013,265.799988,265.799988,13767627
2017-11-16,266.600006,268.899994,265.399994,267.799988,267.799988,10890605
2017-11-17,267.600006,271.0,267.600006,268.899994,268.899994,12357274
2017-11-20,266.700012,268.299988,266.600006,267.0,267.0,8849387
2017-11-21,267.100006,268.899994,266.399994,267.0,267.0,10668008
2017-11-22,266.899994,267.799988,264.700012,265.399994,265.399994,12663204
2017-11-23,265.0,266.200012,264.200012,265.899994,265.899994,8803347
2017-11-24,266.0,267.399994,265.399994,266.0,266.0,6592873
2017-11-27,266.0,268.899994,265.200012,265.600006,265.600006,11833615
2017-11-28,262.299988,267.0,262.299988,266.200012,266.200012,15479776
2017-11-29,268.200012,270.5,267.299988,268.399994,268.399994,23374340
2017-11-30,267.899994,271.200012,266.799988,267.200012,267.200012,23531723
2017-12-01,266.5,266.5,262.100006,263.0,263.0,18090049
2017-12-04,265.299988,265.700012,262.799988,263.399994,263.399994,11501117
2017-12-05,263.899994,265.100006,262.399994,264.0,264.0,13069376
2017-12-06,264.0,264.0,260.899994,261.700012,261.700012,15116080
2017-12-07,263.700012,264.299988,259.0,259.899994,259.899994,22154120
2017-12-08,260.100006,265.600006,259.5,263.799988,263.799988,22240590
2017-12-11,264.600006,266.700012,264.399994,264.700012,264.700012,13154701
2017-12-12,264.600006,266.399994,263.899994,265.899994,265.899994,18936153
2017-12-13,266.299988,267.399994,263.730011,266.01800499999996,266.01800499999996,16745794
2017-12-14,265.899994,268.5,265.5,266.0,266.0,13405563
2017-12-15,266.0,268.200012,264.5,268.200012,268.200012,26623706
2017-12-18,268.399994,271.0,268.399994,270.0,270.0,15247530
2017-12-19,269.899994,271.700012,269.799988,270.5,270.5,16207039
2017-12-20,271.100006,271.100006,267.899994,269.0,269.0,15538258
2017-12-21,268.299988,271.299988,267.600006,270.0,270.0,13063866
2017-12-22,269.399994,271.399994,268.600006,270.700012,270.700012,7267740
2017-12-27,270.700012,271.299988,268.799988,270.200012,270.200012,7892021
2017-12-28,270.799988,272.100006,270.799988,271.0,271.0,7086724
2017-12-29,270.799988,275.299988,270.5,273.299988,273.299988,9147884
2018-01-02,273.299988,276.100006,269.0,270.200012,270.200012,24042410
2018-01-03,271.299988,271.299988,267.600006,269.399994,269.399994,14581576
2018-01-04,271.399994,272.100006,269.899994,270.0,270.0,18928555
2018-01-05,271.0,272.899994,269.899994,271.700012,271.700012,16559545
2018-01-08,271.700012,273.5,270.100006,271.0,271.0,13383764
2018-01-09,271.600006,271.600006,269.299988,271.100006,271.100006,20302450
2018-01-10,270.899994,274.899994,270.700012,272.899994,272.899994,21376747
2018-01-11,272.799988,273.5,271.399994,272.299988,272.299988,15841328
2018-01-12,273.100006,275.200012,272.200012,274.700012,274.700012,19503725
2018-01-15,273.899994,275.299988,273.600006,274.299988,274.299988,10662198
2018-01-16,274.899994,276.799988,273.399994,275.100006,275.100006,14192002
2018-01-17,275.700012,277.0,274.0,276.5,276.5,16268751
2018-01-18,277.399994,278.200012,276.100006,277.399994,277.399994,13731460
2018-01-19,278.0,278.299988,275.299988,276.200012,276.200012,16324337
2018-01-22,275.100006,277.0,273.600006,274.799988,274.799988,21574718
2018-01-23,275.5,276.100006,273.399994,274.799988,274.799988,20355515
2018-01-24,274.299988,275.299988,273.5,274.100006,274.100006,19245999
2018-01-25,273.200012,274.0,271.0,272.0,272.0,15012783
2018-01-26,272.5,275.399994,272.0,275.200012,275.200012,17426191
2018-01-29,276.100006,277.600006,275.100006,276.299988,276.299988,22017308
2018-01-30,275.299988,275.299988,271.600006,272.5,272.5,18727147
2018-01-31,273.700012,273.700012,269.600006,270.600006,270.600006,22383202
2018-02-01,271.5,275.5,269.0,270.399994,270.399994,17475807
2018-02-02,270.600006,270.700012,268.700012,268.799988,268.799988,14396774
2018-02-05,267.700012,267.700012,263.5,264.700012,264.700012,22538028
2018-02-06,256.0,259.200012,251.399994,254.0,254.0,45448722
2018-02-07,256.299988,260.0,253.69999700000002,258.399994,258.399994,28755456
2018-02-08,256.899994,259.299988,254.399994,254.69999700000002,254.69999700000002,24508717
2018-02-09,253.899994,254.399994,248.80000299999998,249.5,249.5,28610438
2018-02-12,252.5,255.399994,251.899994,252.80000299999998,252.80000299999998,20914539
2018-02-13,252.600006,254.80000299999998,252.19999700000002,253.80000299999998,253.80000299999998,15788340
2018-02-14,255.5,256.200012,251.30000299999998,252.600006,252.600006,20250785
2018-02-15,253.80000299999998,255.600006,251.80000299999998,252.899994,252.899994,18465020
2018-02-16,254.399994,256.899994,253.399994,256.799988,256.799988,21774823
2018-02-19,257.5,257.700012,253.899994,255.0,255.0,17647257
2018-02-20,255.5,257.700012,254.5,257.0,257.0,14640436
2018-02-21,257.200012,261.5,256.200012,260.600006,260.600006,20166758
2018-02-22,259.600006,261.299988,257.5,260.200012,260.200012,19361761
2018-02-23,261.200012,261.5,258.200012,259.299988,259.299988,10169400
2018-02-26,260.100006,263.299988,259.899994,262.299988,262.299988,22022813
2018-02-27,264.100006,265.100006,262.299988,263.399994,263.399994,13969088
2018-02-28,262.799988,265.299988,262.600006,262.600006,262.600006,21407802
2018-03-01,262.100006,262.600006,260.299988,260.5,260.5,17106494
2018-03-02,258.0,259.899994,253.399994,253.399994,253.399994,32304493
2018-03-05,253.19999700000002,256.799988,252.600006,256.5,256.5,28559078
2018-03-06,258.299988,262.0,257.799988,257.799988,257.799988,21200140
2018-03-07,261.200012,262.0,257.299988,260.299988,260.299988,33767289
2018-03-08,261.299988,265.700012,260.0,264.200012,264.200012,29986424
2018-03-09,264.399994,264.700012,260.299988,262.5,262.5,25288891
