Date,Open,High,Low,Close,Adj Close,Volume
2015-01-02,2243.0,2243.0,2191.0,2224.0,2143.762451,278969
2015-01-05,2212.0,2254.0,2199.0,2204.0,2124.4838870000003,560234
2015-01-06,2204.0,2210.0,2166.0,2174.0,2095.566406,474107
2015-01-07,2183.0,2207.0,2176.0,2190.0,2110.9892579999996,571133
2015-01-08,2210.0,2222.0,2202.0,2216.0,2136.051025,548731
2015-01-09,2210.0,2241.0,2206.0,2215.0,2135.087646,460842
2015-01-12,2219.0,2243.25,2188.0,2193.0,2113.881104,439886
2015-01-13,2190.0,2259.0,2188.0,2258.0,2176.535889,536705
2015-01-14,2240.0,2242.0,2193.0,2212.0,2132.1953129999997,514581
2015-01-15,2226.0,2255.0,2169.0,2255.0,2173.644043,797614
2015-01-16,2244.0,2262.0,2190.0,2255.0,2173.644043,3540715
2015-01-19,2251.0,2287.0,2238.0,2284.0,2201.5979,459861
2015-01-20,2290.0,2321.0,2276.0,2319.0,2235.334961,594942
2015-01-21,2319.0,2341.0,2312.0,2341.0,2256.54126,419006
2015-01-22,2340.0,2385.0,2323.0,2380.0,2294.134521,659498
2015-01-23,2386.0,2404.0,2361.0,2374.0,2288.35083,525684
2015-01-26,2348.0,2416.0,2338.209961,2405.0,2318.232666,367004
2015-01-27,2405.0,2411.0,2342.0,2353.0,2268.108643,513804
2015-01-28,2370.0,2384.0,2326.0,2384.0,2297.98999,439575
2015-01-29,2374.0,2418.0,2347.0,2411.0,2324.015625,653651
2015-01-30,2411.0,2419.0,2358.0,2365.0,2279.675781,556374
2015-02-02,2367.0,2378.0,2310.0,2342.0,2257.505615,673284
2015-02-03,2344.0,2393.0,2344.0,2383.0,2297.026123,586921
2015-02-04,2380.0,2384.0,2345.0,2382.0,2296.0620120000003,542741
2015-02-05,2363.0,2384.0,2340.0,2361.0,2275.8198239999997,240502
2015-02-06,2354.0,2362.0,2330.0,2356.0,2271.0002440000003,413013
2015-02-09,2347.0,2354.0,2326.0,2334.0,2249.794189,456581
2015-02-10,2341.0,2390.0,2338.6201170000004,2387.0,2300.881836,462590
2015-02-11,2383.0,2394.0,2361.0,2378.0,2292.206543,542152
2015-02-12,2370.0,2419.0,2369.669922,2414.0,2326.907715,650666
2015-02-13,2415.0,2436.0,2389.0,2400.0,2313.412842,409285
2015-02-16,2388.0,2402.0,2369.0,2392.0,2305.701416,429297
2015-02-17,2361.0,2423.0,2361.0,2422.0,2334.619141,683045
2015-02-18,2429.0,2439.0,2422.0,2435.0,2347.149902,938787
2015-02-19,2437.0,2458.0,2425.0,2454.0,2365.4646,354522
2015-02-20,2451.0,2466.0,2434.0,2461.0,2372.212158,380361
2015-02-23,2474.0,2511.0,2474.0,2506.0,2415.588135,428401
2015-02-24,2499.0,2521.0,2485.0,2514.0,2423.300049,562460
2015-02-25,2511.0,2553.0,2498.0,2508.0,2417.516602,342938
2015-02-26,2500.0,2509.0,2488.0,2501.0,2410.768799,396738
2015-02-27,2497.0,2508.0,2462.0,2480.0,2390.526611,604385
2015-03-02,2470.0,2504.0,2444.0,2450.0,2361.6088870000003,585763
2015-03-03,2451.0,2463.0,2403.0,2405.0,2318.232666,566054
2015-03-04,2423.0,2433.0,2384.0,2400.0,2313.412842,703218
2015-03-05,2364.0,2417.0,2364.0,2403.0,2316.3046879999997,1035106
2015-03-06,2412.0,2444.0,2394.199951,2435.0,2347.149902,858261
2015-03-09,2431.0,2462.0,2423.0,2454.0,2365.4646,776449
2015-03-10,2455.0,2483.0,2435.0,2435.0,2347.149902,903060
2015-03-11,2442.0,2471.0,2441.0,2468.0,2378.959717,430296
2015-03-12,2477.0,2497.26001,2467.0,2490.0,2400.165527,438227
2015-03-13,2491.0,2504.0,2477.0,2490.0,2400.165527,452458
2015-03-16,2500.0,2547.0,2496.0,2540.0,2448.362061,384774
2015-03-17,2553.0,2565.0,2500.0,2510.0,2419.444336,522846
2015-03-18,2510.0,2538.0,2499.0,2534.0,2442.578125,646363
2015-03-19,2545.0,2568.0,2527.0,2568.0,2475.3515629999997,463975
2015-03-20,2580.0,2584.0,2566.0,2583.0,2489.810547,738647
2015-03-23,2581.0,2581.0,2557.0,2565.0,2472.459961,351258
2015-03-24,2565.0,2584.0,2552.0,2575.0,2482.099121,350906
2015-03-25,2576.0,2595.0,2535.0,2538.0,2446.434082,505309
2015-03-26,2310.0,2401.75,2263.0,2395.0,2308.5932620000003,8178406
2015-03-27,2411.0,2452.0,2384.0,2413.0,2325.943848,2385338
2015-03-30,2444.0,2476.0,2414.199951,2476.0,2386.670898,5137035
2015-03-31,2478.0,2502.0,2437.0,2459.0,2370.283936,2351422
2015-04-01,2469.0,2501.0,2442.0,2447.0,2358.717285,1459835
2015-04-02,2441.0,2484.0,2434.0,2484.0,2394.38208,860736
2015-04-07,2484.0,2536.0,2476.0,2525.0,2433.903076,5671857
2015-04-08,2540.0,2582.0,2522.0,2550.0,2458.001221,1668518
2015-04-09,2593.0,2594.0,2564.0,2581.0,2487.882568,1065266
2015-04-10,2591.0,2610.0,2550.0,2585.0,2491.738037,1037049
2015-04-13,2590.0,2601.0,2567.0,2573.0,2480.1713870000003,596320
2015-04-14,2564.0,2572.0,2516.0,2530.0,2438.722656,771916
2015-04-15,2529.0,2536.0,2509.0,2520.0,2429.083252,618909
2015-04-16,2540.0,2541.0,2491.0,2531.0,2439.686523,741276
2015-04-17,2531.0,2549.0,2485.919922,2491.0,2401.1298829999996,1026103
2015-04-20,2500.0,2526.0,2486.0,2498.0,2407.876953,382664
2015-04-21,2518.0,2558.0,2512.0,2552.0,2459.9291989999997,655203
2015-04-22,2572.0,2577.0,2508.0,2545.0,2453.181152,855477
2015-04-23,2548.0,2560.0,2534.0,2553.0,2460.892578,1215051
2015-04-24,2550.0,2565.0,2533.0,2555.0,2462.821045,720646
2015-04-27,2551.0,2595.0,2535.0,2595.0,2501.377686,753840
2015-04-28,2595.0,2602.0,2552.0,2571.0,2478.243652,889668
2015-04-29,2580.0,2623.0,2543.0,2544.0,2452.217529,901609
2015-04-30,2542.0,2554.0,2518.0,2549.0,2457.037109,1249083
2015-05-01,2565.0,2566.0,2523.0,2523.0,2431.975342,390014
2015-05-05,2523.0,2552.0,2477.0,2477.0,2387.63501,1289191
2015-05-06,2471.0,2486.0,2432.0,2436.0,2348.11377,1387063
2015-05-07,2431.0,2432.0,2390.0,2406.0,2331.447021,2013182
2015-05-08,2485.0,2559.0,2447.0,2553.0,2473.891846,1815161
2015-05-11,2564.0,2569.0,2535.0,2537.0,2458.387695,614181
2015-05-12,2527.0,2536.0,2443.0,2480.0,2403.154053,1386996
2015-05-13,2486.0,2514.0,2456.0,2460.0,2383.7734379999997,817794
2015-05-14,2450.0,2477.0,2438.0,2465.0,2388.618408,704227
2015-05-15,2480.0,2515.0,2453.0,2462.0,2385.71167,693970
2015-05-18,2470.0,2491.0,2426.0,2461.0,2384.742432,696168
2015-05-19,2478.0,2503.0,2467.0,2475.0,2398.309082,1000237
2015-05-20,2483.0,2502.0,2465.0,2469.0,2392.4951170000004,986703
2015-05-21,2459.0,2470.0,2402.0,2435.0,2359.54834,962605
2015-05-22,2447.0,2470.0,2445.0,2459.0,2382.804443,653619
2015-05-26,2459.0,2474.0,2443.0,2444.0,2368.269531,690320
2015-05-27,2452.0,2485.0,2439.0,2482.0,2405.092041,725129
2015-05-28,2481.0,2501.0,2469.0,2489.0,2411.875,422955
2015-05-29,2485.0,2501.0,2443.0,2457.0,2380.8666989999997,775954
2015-06-01,2466.0,2486.0,2454.0,2466.0,2389.587646,437698
2015-06-02,2480.0,2482.0,2439.0,2456.0,2379.897705,422491
2015-06-03,2463.0,2497.0,2456.0,2485.0,2407.999268,715452
2015-06-04,2476.0,2489.0,2446.0,2448.0,2372.1455079999996,537672
2015-06-05,2433.0,2433.0,2389.0,2391.0,2316.911865,563130
2015-06-08,2391.0,2403.0,2359.0,2359.0,2285.903564,782729
2015-06-09,2361.0,2371.0,2315.0,2346.0,2273.306152,753816
2015-06-10,2346.0,2382.0,2330.0,2380.0,2306.25293,1161320
2015-06-11,2368.0,2423.0,2368.0,2407.0,2332.41626,722819
2015-06-12,2399.0,2411.0,2371.080078,2376.0,2302.376465,562769
2015-06-15,2362.0,2362.0,2328.0,2331.0,2258.770996,541267
2015-06-16,2326.0,2355.0,2302.0,2347.0,2274.275146,858826
2015-06-17,2352.0,2353.0,2302.0,2309.0,2237.4526370000003,2254315
2015-06-18,2311.0,2352.0,2289.0,2350.0,2277.182373,1069094
2015-06-19,2350.0,2409.0,2319.0,2404.0,2329.508789,1308945
2015-06-22,2435.0,2457.0,2422.0,2455.0,2378.928711,1525112
2015-06-23,2457.0,2469.0,2442.0,2466.0,2389.587646,1195345
2015-06-24,2469.0,2475.0,2436.0,2451.0,2375.05249,536888
2015-06-25,2434.0,2466.0,2425.0,2451.0,2375.05249,506425
2015-06-26,2448.0,2460.0,2427.0,2452.0,2376.021484,657874
2015-06-29,2382.0,2423.0,2352.320068,2400.0,2325.633057,998327
2015-06-30,2392.0,2408.0,2367.0,2370.0,2296.5625,1434605
2015-07-01,2393.0,2423.0,2374.0,2416.0,2341.137207,1299803
2015-07-02,2417.0,2438.0,2411.0,2427.0,2351.7963870000003,750603
2015-07-03,2420.0,2449.0,2418.0,2426.0,2350.827148,719948
2015-07-06,2403.0,2420.0,2387.0,2410.0,2335.322998,612844
2015-07-07,2426.0,2434.0,2376.0,2379.0,2305.283691,802950
2015-07-08,2389.0,2414.0,2365.0,2404.0,2329.508789,932226
2015-07-09,2410.0,2471.0,2410.0,2462.0,2385.71167,505955
2015-07-10,2515.0,2553.0,2507.0,2546.0,2467.1088870000003,749781
2015-07-13,2569.0,2586.0,2555.919922,2585.0,2504.900635,710161
2015-07-14,2586.0,2602.26001,2570.0,2602.0,2521.373535,512878
2015-07-15,2600.0,2644.0,2581.0,2641.0,2559.164795,811736
2015-07-16,2648.0,2685.0,2645.0,2672.0,2589.204834,924658
2015-07-17,2674.0,2703.0,2666.0,2699.0,2615.36792,710686
2015-07-20,2693.0,2725.0,2679.0,2685.0,2601.802002,720809
2015-07-21,2690.0,2692.0,2650.0,2655.0,2572.731445,571892
2015-07-22,2645.0,2649.0,2620.0,2637.0,2555.2890629999997,663034
2015-07-23,2658.0,2667.0,2614.0,2617.0,2535.908691,1004110
2015-07-24,2610.0,2629.0,2603.0,2604.0,2523.311768,654890
2015-07-27,2598.0,2603.0,2537.0,2537.0,2458.387695,690684
2015-07-28,2554.0,2582.0,2533.0,2579.0,2499.086182,651646
2015-07-29,2595.0,2601.0,2569.0,2573.0,2493.272217,493112
2015-07-30,2579.0,2601.0,2565.0,2592.0,2511.683594,824639
2015-07-31,2600.0,2617.0,2578.0,2611.0,2530.094482,660879
2015-08-03,2601.0,2616.0,2577.0,2581.0,2501.02417,835775
2015-08-04,2565.0,2583.0,2551.0,2578.0,2498.117432,782133
2015-08-05,2621.0,2653.0,2578.0,2620.0,2538.815674,1408049
2015-08-06,2620.0,2628.0,2583.0,2583.0,2502.962402,1279371
2015-08-07,2589.0,2592.0,2553.0,2566.0,2486.489014,750818
2015-08-10,2585.0,2601.0,2564.0,2594.0,2513.621582,935666
2015-08-11,2584.0,2596.0,2573.0,2586.0,2505.869385,857462
2015-08-12,2570.0,2570.0,2509.0,2523.0,2444.821289,979176
2015-08-13,2555.0,2616.0,2555.0,2611.0,2530.094482,1126754
2015-08-14,2623.0,2645.719971,2617.0,2634.0,2552.38208,1029279
2015-08-17,2641.0,2650.0,2596.0,2618.0,2536.877686,485065
2015-08-18,2618.0,2625.0,2602.0,2606.0,2525.2497559999997,521589
2015-08-19,2600.0,2625.0,2584.0,2595.0,2514.590576,661443
2015-08-20,2582.0,2588.0,2545.0,2552.0,2472.922607,655660
2015-08-21,2510.0,2532.0,2463.0,2463.0,2386.680664,889171
2015-08-24,2381.0,2407.0,2303.0,2371.0,2297.5314940000003,1266688
2015-08-25,2404.0,2547.0,2396.0,2536.0,2457.418701,1517395
2015-08-26,2503.0,2529.0,2459.0,2462.0,2385.71167,891351
2015-08-27,2550.0,2550.0,2494.0,2512.0,2444.887207,1160542
2015-08-28,2509.0,2520.0,2485.0,2520.0,2452.673584,606863
2015-09-01,2520.0,2520.0,2430.0,2452.0,2386.490234,871368
2015-09-02,2456.0,2480.0,2442.0,2457.0,2391.356689,865591
2015-09-03,2479.0,2519.0,2477.0,2502.0,2435.154541,731896
2015-09-04,2470.0,2474.0,2426.0,2431.0,2366.051514,655703
2015-09-07,2452.0,2468.0,2444.0,2456.0,2390.3833010000003,479731
2015-09-08,2469.0,2535.0,2469.0,2493.0,2426.39502,613756
2015-09-09,2542.0,2559.689941,2509.0,2514.0,2446.833984,500199
2015-09-10,2486.0,2534.0,2485.0,2523.0,2455.5932620000003,571003
2015-09-11,2530.0,2530.0,2487.0,2498.0,2431.26123,560908
2015-09-14,2508.0,2534.0,2467.48999,2480.0,2413.7421879999997,601093
2015-09-15,2481.0,2485.0,2450.0,2471.0,2404.982422,922318
2015-09-16,2486.0,2501.0,2419.0,2425.0,2360.21167,1202637
2015-09-17,2428.0,2459.0,2411.0,2455.0,2389.409912,1459020
2015-09-18,2446.0,2453.0,2379.0,2392.0,2328.0935059999997,1354613
2015-09-21,2376.0,2467.0,2376.0,2444.0,2378.704102,779954
2015-09-22,2421.0,2440.0,2350.0,2350.0,2287.215088,1079505
2015-09-23,2344.0,2409.0,2335.0,2395.0,2331.013184,755173
2015-09-24,2385.0,2406.0,2370.0,2384.0,2320.306885,782491
2015-09-25,2435.0,2470.0,2425.0,2462.0,2396.223389,634226
2015-09-28,2451.0,2467.0,2405.0,2406.0,2341.7192379999997,626847
2015-09-29,2373.0,2402.0,2361.0,2363.0,2299.868164,495744
2015-09-30,2418.0,2424.0,2406.0,2419.0,2354.37207,627062
2015-10-01,2462.0,2515.0,2449.0,2507.0,2440.020996,1209170
2015-10-02,2521.0,2545.0,2498.0,2528.0,2460.459717,742469
2015-10-05,2580.0,2580.0,2538.0,2548.0,2479.925537,1088258
2015-10-06,2551.0,2573.0,2535.0,2554.0,2485.7651370000003,691119
2015-10-07,2558.0,2565.0,2463.0,2471.0,2404.982422,963442
2015-10-08,2473.0,2475.0,2439.0,2451.0,2385.516846,833222
2015-10-09,2461.0,2461.0,2421.0,2423.0,2358.2651370000003,978374
2015-10-12,2426.0,2434.0,2399.0,2415.0,2350.47876,429714
2015-10-13,2410.0,2413.0,2365.0,2387.0,2323.2270510000003,1585546
2015-10-14,2373.0,2387.0,2359.0,2375.0,2311.547607,462941
2015-10-15,2386.0,2487.0,2381.0,2475.0,2408.875732,984050
2015-10-16,2483.0,2491.0,2457.0,2458.0,2392.330078,519962
2015-10-19,2450.0,2478.0,2448.0,2462.0,2396.223389,323303
2015-10-20,2470.0,2479.0,2444.0,2456.0,2390.3833010000003,464140
2015-10-21,2458.0,2458.0,2435.0,2437.0,2371.8911129999997,462990
2015-10-22,2450.0,2498.0,2434.0,2495.0,2428.341309,905120
2015-10-23,2501.0,2582.0,2501.0,2547.0,2478.952148,780751
2015-10-26,2535.0,2559.0,2524.0,2530.0,2462.4064940000003,620779
2015-10-27,2533.0,2558.0,2513.0,2538.0,2470.192627,550240
2015-10-28,2533.0,2568.0,2533.0,2559.0,2490.631592,340464
2015-10-29,2563.0,2573.0,2545.0,2561.0,2492.578125,356027
2015-10-30,2568.0,2571.0,2529.0,2545.0,2477.005615,448441
2015-11-02,2533.0,2567.0,2520.0,2558.0,2489.658447,384369
2015-11-03,2565.0,2565.0,2530.0,2546.0,2477.979004,334020
2015-11-04,2547.0,2562.0,2514.0,2515.0,2447.807129,400011
2015-11-05,2534.0,2561.22998,2513.0,2560.0,2491.604736,769484
2015-11-06,2564.0,2604.0,2559.0,2597.0,2527.616211,674331
2015-11-09,2599.0,2616.0,2582.0,2583.0,2513.990234,627782
2015-11-10,2590.0,2604.0,2536.0,2540.0,2472.13916,569993
2015-11-11,2539.0,2555.0,2519.0,2542.0,2474.085693,543979
2015-11-12,2550.0,2577.0,2525.0,2535.0,2467.2729489999997,574140
2015-11-13,2530.0,2533.47998,2480.0,2491.0,2424.4482420000004,543954
2015-11-16,2479.0,2497.0,2463.0,2497.0,2430.287842,420095
2015-11-17,2528.0,2551.0,2520.0,2550.0,2481.872314,354627
2015-11-18,2542.0,2560.0,2537.0,2552.0,2483.818359,514208
2015-11-19,2574.0,2596.0,2564.0,2585.0,2515.936768,582351
2015-11-20,2596.0,2608.0,2570.0,2602.0,2532.48291,624796
2015-11-23,2581.0,2603.0,2575.0,2600.0,2530.536377,399419
2015-11-24,2589.0,2593.0,2545.0,2576.0,2507.17749,782992
2015-11-25,2587.0,2621.0,2586.0,2614.0,2544.162109,391946
2015-11-26,2622.0,2642.0,2615.0,2635.0,2564.6010739999997,192666
2015-11-27,2624.0,2652.0,2605.0,2645.0,2574.33374,310471
2015-11-30,2636.0,2651.0,2623.0,2650.0,2579.200439,569587
2015-12-01,2657.0,2667.0,2634.0,2654.0,2583.0935059999997,574413
2015-12-02,2665.0,2676.0,2654.0,2656.0,2585.040283,574162
2015-12-03,2657.0,2666.0,2603.0,2604.0,2534.429443,694226
2015-12-04,2595.0,2617.0,2578.0,2615.0,2545.135498,492126
2015-12-07,2633.0,2675.0,2633.0,2646.0,2575.307373,474974
2015-12-08,2643.0,2647.0,2581.0,2596.0,2526.643066,536061
2015-12-09,2616.0,2617.040039,2576.0,2581.0,2512.043701,446908
2015-12-10,2574.0,2583.0,2545.639893,2574.0,2505.230957,412687
2015-12-11,2560.0,2563.0,2491.0,2493.0,2426.39502,783074
2015-12-14,2496.0,2544.0,2481.0,2486.0,2419.582031,601460
2015-12-15,2504.0,2605.0,2504.0,2603.0,2533.456055,948464
2015-12-16,2604.0,2644.0,2598.0,2642.0,2571.4140629999997,979127
2015-12-17,2697.0,2716.0,2683.0,2709.0,2636.624268,640727
2015-12-18,2694.0,2721.0,2691.949951,2698.0,2625.917969,985668
2015-12-21,2695.0,2737.0,2676.0,2676.0,2604.505859,377417
2015-12-22,2705.0,2705.0,2664.0,2681.0,2609.37207,227799
2015-12-23,2697.0,2723.0,2674.0,2709.0,2636.624268,324653
2015-12-24,2724.0,2726.0,2699.0,2702.0,2629.811035,28311
2015-12-29,2702.0,2786.0,2702.0,2780.0,2705.7270510000003,415678
2015-12-30,2769.0,2776.0,2743.0,2750.0,2676.528809,360485
2015-12-31,2753.0,2768.0,2736.0,2744.0,2670.688965,235640
2016-01-04,2744.0,2744.0,2633.0,2645.0,2574.33374,688924
2016-01-05,2691.0,2705.0,2616.0,2628.0,2557.78833,894309
2016-01-06,2618.0,2631.0,2537.0,2554.0,2485.7651370000003,1444639
2016-01-07,2503.0,2516.0,2480.0,2512.0,2444.887207,1284605
2016-01-08,2523.0,2594.0,2523.0,2530.0,2462.4064940000003,1138292
2016-01-11,2530.0,2561.0,2495.0,2534.0,2466.299561,714138
2016-01-12,2551.0,2605.0,2537.0,2584.0,2514.9638670000004,720655
2016-01-13,2600.0,2610.5,2523.0,2539.0,2471.165771,1272966
2016-01-14,2504.0,2505.800049,2452.0,2494.0,2427.368164,839648
2016-01-15,2485.0,2512.0,2396.199951,2404.0,2339.772705,1194841
2016-01-18,2406.0,2450.0,2396.0,2436.0,2370.917969,633910
2016-01-19,2480.0,2508.0,2463.290039,2473.0,2406.9291989999997,836990
2016-01-20,2425.0,2430.0,2336.0,2355.0,2292.081787,1179746
2016-01-21,2358.0,2401.0,2350.0,2397.0,2332.959961,1068063
2016-01-22,2456.0,2467.0,2442.0,2462.0,2396.223389,708339
2016-01-25,2487.0,2487.0,2452.0,2458.0,2392.330078,669224
2016-01-26,2413.0,2433.0,2413.0,2425.0,2360.21167,910867
2016-01-27,2427.0,2447.0,2424.0,2444.0,2378.704102,1125914
2016-01-28,2443.0,2464.0,2400.0,2411.0,2346.585693,659773
2016-01-29,2448.0,2474.0,2439.0,2474.0,2407.902588,972780
2016-02-01,2483.0,2493.0,2437.0,2461.0,2395.2497559999997,928201
2016-02-02,2454.0,2463.0,2413.0,2413.0,2348.532471,526770
2016-02-03,2412.0,2432.0,2359.0,2372.0,2308.627686,731722
2016-02-04,2422.0,2422.0,2334.0,2369.0,2305.7080079999996,927866
2016-02-05,2378.0,2387.0,2315.0,2319.0,2257.043701,806520
2016-02-08,2329.0,2337.0,2174.0,2197.0,2138.302979,1890601
2016-02-09,2197.0,2203.0,2083.0,2123.0,2066.280029,2315849
2016-02-10,2150.0,2200.0,2131.0,2179.0,2120.783936,1579972
2016-02-11,2147.0,2210.0,2134.0,2149.0,2091.5854489999997,1871743
2016-02-12,2185.0,2295.0,2163.0,2287.0,2225.898682,1903031
2016-02-15,2342.0,2374.0,2331.77002,2332.0,2269.696289,1238996
2016-02-16,2357.0,2367.0,2325.0,2340.0,2277.482422,934035
2016-02-17,2350.0,2383.0,2343.0,2375.0,2311.547607,926000
2016-02-18,2384.0,2384.0,2335.0,2341.0,2278.456055,797368
2016-02-19,2347.0,2352.0,2295.0,2314.0,2252.177002,1007114
2016-02-22,2351.0,2352.0,2307.0,2313.0,2251.203857,651251
2016-02-23,2299.0,2780.0,2271.0,2630.0,2559.7346190000003,6616695
2016-02-24,2630.0,2669.0,2500.0,2532.0,2464.353027,3482982
2016-02-25,2550.0,2642.0,2528.0,2634.0,2563.62793,1306425
2016-02-26,2657.0,2824.0,2622.1298829999996,2817.0,2741.73877,2031100
2016-02-29,2777.0,2780.0,2671.0,2678.0,2606.452393,1563961
2016-03-01,2800.0,2918.0,2775.0,2870.0,2793.32251,3748492
2016-03-02,2803.0,2885.0,2799.0,2867.0,2790.403076,1358484
2016-03-03,2859.0,2935.0,2846.0,2893.0,2815.708252,741673
2016-03-04,2896.0,2923.0,2819.0,2853.0,2776.776855,1007904
2016-03-07,2868.0,2871.0,2777.0,2836.0,2760.230957,1088315
2016-03-08,2802.0,2853.0,2785.0,2832.0,2756.337646,730204
2016-03-09,2849.0,2872.0,2814.0,2833.0,2757.311279,557642
2016-03-10,2834.0,2930.0,2826.0,2842.0,2766.070557,1107879
2016-03-11,2876.0,2892.0,2841.0,2869.0,2792.349365,426607
2016-03-14,2876.0,2915.0,2872.0,2900.0,2822.520996,774253
2016-03-15,2889.0,2919.0,2835.169922,2906.0,2828.36084,331874
2016-03-16,2926.0,2960.0,2869.0,2870.0,2793.32251,631178
2016-03-17,2878.0,2912.0,2850.0,2890.0,2812.78833,1341776
2016-03-18,2880.0,2920.0,2862.0,2892.0,2814.7348629999997,1215175
2016-03-21,2876.0,2886.0,2803.0,2823.0,2747.5783690000003,747373
2016-03-22,2800.0,2862.0,2759.0,2860.0,2783.5896,824277
2016-03-23,2816.0,2897.590088,2810.0,2820.0,2744.658447,860474
2016-03-24,2792.0,2858.0,2792.0,2832.0,2756.337646,335477
2016-03-29,2832.0,2863.0,2824.0,2833.0,2757.311279,351451
2016-03-30,2848.0,2871.0,2809.0,2820.0,2744.658447,543819
2016-03-31,2816.0,2851.0,2798.0,2820.0,2744.658447,640477
2016-04-01,2802.0,2840.0,2797.0,2827.0,2751.471436,606956
2016-04-04,2814.0,2854.0,2789.800049,2790.0,2715.459961,644294
2016-04-05,2800.0,2822.0,2765.0,2818.0,2742.711914,580581
2016-04-06,2840.0,2861.0,2809.0,2850.0,2773.856934,540949
2016-04-07,2849.0,2875.0,2791.0,2810.0,2734.925537,332528
2016-04-08,2825.0,2849.850098,2809.98999,2828.0,2752.44458,336708
2016-04-11,2816.0,2822.0,2793.0,2793.0,2718.3798829999996,430996
2016-04-12,2801.0,2835.0,2774.0,2790.0,2715.459961,334543
2016-04-13,2804.0,2810.0,2756.0,2808.0,2732.979004,478438
2016-04-14,2821.0,2821.030029,2775.0,2798.0,2723.246094,362771
2016-04-15,2806.0,2814.0,2773.0,2797.0,2722.2729489999997,484030
2016-04-18,2798.0,2809.0,2759.0,2790.0,2715.459961,272221
2016-04-19,2784.0,2798.0,2753.0,2760.0,2686.261475,868501
2016-04-20,2750.0,2787.0,2750.0,2772.0,2697.940674,435654
2016-04-21,2775.0,2784.0,2745.0,2745.0,2671.662354,553818
2016-04-22,2744.0,2749.0,2709.0,2719.0,2646.356934,506339
2016-04-25,2725.0,2746.0,2709.0,2743.0,2669.715576,393002
2016-04-26,2756.0,2781.0,2734.0,2759.0,2685.288086,479104
2016-04-27,2754.0,2784.0,2746.0,2765.0,2691.128174,346644
2016-04-28,2720.0,2755.600098,2689.0,2747.0,2673.6088870000003,478307
2016-04-29,2725.0,2750.0,2708.0,2713.0,2640.517334,432775
2016-05-03,2713.0,2725.0,2689.0,2689.0,2617.158447,544540
2016-05-04,2682.0,2702.0,2422.0,2576.0,2507.17749,4109200
2016-05-05,2566.0,2614.0,2515.0,2614.0,2569.2966309999997,2066933
2016-05-06,2600.0,2608.0,2563.0,2596.0,2551.6044920000004,695620
2016-05-09,2621.0,2627.0,2563.0,2585.0,2540.792725,546274
2016-05-10,2596.0,2596.0,2554.0,2571.0,2527.031982,648093
2016-05-11,2581.0,2596.0,2560.0,2578.0,2533.912109,697424
2016-05-12,2561.0,2604.0,2552.0,2574.0,2529.980469,554155
2016-05-13,2573.0,2585.0,2564.0,2585.0,2540.792725,316538
2016-05-16,2563.0,2596.0,2557.0,2593.0,2548.6557620000003,300548
2016-05-17,2595.0,2610.0,2561.0,2584.0,2539.80957,418421
2016-05-18,2585.0,2607.0,2555.0,2604.0,2559.467773,653480
2016-05-19,2584.0,2603.0,2572.0,2572.0,2528.014648,504138
2016-05-20,2583.0,2629.0,2583.0,2598.0,2553.5703129999997,596239
2016-05-23,2610.0,2621.0,2597.0,2599.0,2554.553223,319473
2016-05-24,2588.0,2677.0,2583.0,2677.0,2631.2192379999997,545218
2016-05-25,2706.0,2740.0,2698.0,2713.0,2666.603271,785421
2016-05-26,2703.0,2726.0,2703.0,2725.0,2678.3984379999997,363053
2016-05-27,2708.0,2731.0,2701.0,2724.0,2677.415527,197405
2016-05-31,2724.0,2745.0,2717.0,2735.0,2688.227295,708950
2016-06-01,2724.0,2731.0,2677.0,2698.0,2651.860107,1393314
2016-06-02,2686.0,2719.0,2684.0,2700.0,2653.825928,604083
2016-06-03,2709.0,2722.0,2646.0,2661.0,2615.49292,447538
2016-06-06,2660.0,2680.0,2655.0,2655.0,2609.595703,622316
2016-06-07,2668.0,2682.0,2646.0,2653.0,2607.629639,348358
2016-06-08,2643.0,2649.0,2620.0,2636.0,2590.92041,437845
2016-06-09,2621.0,2651.0,2615.0,2634.0,2588.954346,454747
2016-06-10,2621.0,2622.0,2550.3701170000004,2564.0,2520.151611,391991
2016-06-13,2554.0,2565.0,2511.0,2516.0,2472.972656,420429
2016-06-14,2496.0,2516.0,2462.0,2462.0,2419.895996,606206
2016-06-15,2467.0,2477.0,2451.0,2452.0,2410.067139,1352500
2016-06-16,2423.0,2430.0,2385.0,2392.0,2351.093018,714276
2016-06-17,2400.0,2457.0,2393.0,2455.0,2413.0158690000003,1304436
2016-06-20,2504.0,2602.0,2504.0,2595.0,2550.621582,759503
2016-06-21,2606.0,2627.0,2580.0,2619.0,2574.211182,738923
2016-06-22,2622.0,2680.0,2607.0,2654.0,2608.612549,1018713
2016-06-23,2681.0,2747.0,2642.0,2735.0,2688.227295,1516279
2016-06-24,2325.0,2509.0,2259.0,2500.0,2457.246094,2131985
2016-06-27,2490.0,2493.0,2274.0,2289.0,2249.8544920000004,1670516
2016-06-28,2357.0,2447.0,2357.0,2414.0,2372.716797,565316
2016-06-29,2460.0,2492.0,2420.0,2492.0,2449.383057,616651
2016-06-30,2463.0,2538.0,2447.0,2531.0,2487.716064,674969
2016-07-01,2558.0,2574.0,2499.0,2523.0,2479.853027,3576866
2016-07-04,2545.0,2545.0,2474.0,2493.0,2450.365723,351326
2016-07-05,2515.0,2534.0,2426.0,2440.0,2398.271973,718620
2016-07-06,2422.0,2451.0,2409.0,2413.0,2371.7341309999997,584767
2016-07-07,2442.0,2556.0,2438.0,2519.0,2475.9213870000003,607631
2016-07-08,2526.0,2593.0,2509.0,2571.0,2527.031982,388933
2016-07-11,2597.0,2656.0,2564.0,2635.0,2589.9375,649127
2016-07-12,2624.0,2672.0,2609.0,2640.0,2594.851807,833039
2016-07-13,2617.0,2646.0,2572.0,2586.0,2541.775391,612515
2016-07-14,2611.0,2655.0,2602.600098,2638.0,2592.88623,844211
2016-07-15,2619.0,2694.0,2619.0,2654.0,2608.612549,1448733
2016-07-18,2640.0,2700.439941,2640.0,2689.0,2643.013916,342504
2016-07-19,2674.0,2721.0,2652.0,2721.0,2674.466553,642597
2016-07-20,2709.0,2764.0,2709.0,2752.0,2704.936523,634222
2016-07-21,2662.0,2783.0,2662.0,2734.0,2687.244629,531905
2016-07-22,2721.0,2759.0,2705.0,2739.0,2692.15918,223597
2016-07-25,2730.0,2748.0,2690.0,2732.0,2685.278564,339322
2016-07-26,2749.0,2749.0,2610.0,2717.0,2670.535156,241518
2016-07-27,2726.0,2750.0,2726.0,2749.0,2701.987793,218511
2016-07-28,2749.0,2771.0,2740.0,2748.0,2701.005127,396046
2016-07-29,2739.0,2784.0,2736.0,2775.0,2727.542969,417589
2016-08-01,2786.0,2825.0,2736.0,2740.0,2693.141846,586136
2016-08-02,2724.0,2750.0,2711.0,2746.0,2699.039307,423185
2016-08-03,2730.0,2742.199951,2713.0,2724.0,2677.415527,721011
2016-08-04,2724.0,2782.0,2723.0,2779.0,2731.474854,374462
2016-08-05,2769.0,2785.0,2753.3701170000004,2779.0,2731.474854,420529
2016-08-08,2774.0,2798.0,2766.0,2775.0,2727.542969,215109
2016-08-09,2782.0,2832.0,2774.25,2819.0,2770.790771,420157
2016-08-10,2794.0,2849.0,2793.0,2847.0,2798.311768,519666
2016-08-11,2852.0,2878.0,2826.0,2876.0,2826.815918,412073
2016-08-12,2856.0,2886.0,2856.0,2876.0,2826.815918,232241
2016-08-15,2895.0,2895.0,2855.0,2871.0,2821.9013670000004,276874
2016-08-16,2860.0,2894.0,2849.0,2881.0,2831.730469,311687
2016-08-17,2900.0,2900.0,2797.0,2797.0,2749.1669920000004,350899
2016-08-18,2852.0,2882.0,2805.0,2870.0,2820.918701,248872
2016-08-19,2833.0,2899.360107,2829.0,2889.0,2839.59375,464311
2016-08-22,2874.0,2903.0,2865.0,2887.0,2837.62793,406009
2016-08-23,2916.0,2916.0,2858.0,2880.0,2830.747803,263785
2016-08-24,2864.0,2878.0,2810.0,2822.0,2773.739502,281421
2016-08-25,2783.0,2810.0,2749.0,2801.0,2764.855469,276927
2016-08-26,2780.0,2789.0,2766.0,2780.0,2744.126465,127274
2016-08-30,2780.0,2813.0,2762.0,2799.0,2762.881592,190303
2016-08-31,2758.0,2784.0,2740.0,2755.0,2719.449219,385430
2016-09-01,2739.0,2797.0,2735.909912,2750.0,2714.513916,213153
2016-09-02,2770.0,2782.0,2734.0,2767.0,2731.294434,654449
2016-09-05,2801.0,2801.0,2745.0,2745.0,2709.5783690000003,157919
2016-09-06,2739.0,2748.0,2725.0,2739.0,2703.655518,432985
2016-09-07,2755.0,2766.0,2730.0,2744.0,2708.591309,262967
2016-09-08,2702.0,2754.0,2702.0,2736.0,2700.694336,643156
2016-09-09,2721.0,2730.0,2698.0,2699.0,2664.171875,246494
2016-09-12,2653.0,2680.0,2649.0,2663.0,2628.636475,790228
2016-09-13,2670.0,2717.0,2654.0,2697.0,2662.197754,369910
2016-09-14,2715.0,2729.0,2657.0,2698.0,2663.18457,919591
2016-09-15,2701.0,2731.0,2664.0,2728.0,2692.797607,332669
2016-09-16,2739.0,2746.0,2712.0,2735.0,2699.707275,747325
2016-09-19,2713.0,2780.0,2713.0,2780.0,2744.126465,336773
2016-09-20,2754.0,2821.360107,2754.0,2797.0,2760.907227,328090
2016-09-21,2814.0,2849.0,2777.600098,2829.0,2792.494385,242231
2016-09-22,2834.0,2856.0,2823.0,2853.0,2816.184814,238356
2016-09-23,2839.0,2846.0,2818.0,2829.0,2792.494385,230084
2016-09-26,2830.0,2848.0,2766.0,2844.0,2807.300781,441725
2016-09-27,2880.0,2880.0,2780.0,2800.0,2763.868408,355556
2016-09-28,2802.0,2837.0,2757.0,2801.0,2764.855469,578907
2016-09-29,2722.0,2839.0,2722.0,2833.0,2796.442871,420266
2016-09-30,2789.0,2807.0,2751.0,2800.0,2763.868408,524054
2016-10-03,2791.0,2886.0,2746.0,2880.0,2842.8364260000003,307433
2016-10-04,2850.0,2944.0,2846.0,2922.0,2884.294189,1291241
2016-10-05,2910.0,2916.0,2846.0,2846.0,2809.275146,403144
2016-10-06,2844.0,2865.0,2831.0,2831.0,2794.4685059999997,266036
2016-10-07,2846.0,2846.0,2799.0,2800.0,2763.868408,565120
2016-10-10,2812.0,2837.0,2797.0,2816.0,2779.662109,524138
2016-10-11,2806.0,2843.0,2806.0,2829.0,2792.494385,296294
2016-10-12,2821.0,2836.0,2795.0,2795.0,2758.933105,623584
2016-10-13,2803.0,2835.0,2770.0,2827.0,2790.52002,534051
2016-10-14,2800.0,2856.0,2800.0,2843.0,2806.313721,1058624
2016-10-17,2868.0,2876.5,2799.0,2812.0,2775.7138670000004,663718
2016-10-18,2817.0,2880.0,2806.0,2812.0,2775.7138670000004,790188
2016-10-19,2814.0,2815.0,2788.0,2813.0,2776.700928,401024
2016-10-20,2802.0,2870.0,2802.0,2842.0,2805.326416,425316
2016-10-21,2811.0,2865.0,2811.0,2865.0,2828.029785,1260955
2016-10-24,2886.0,2927.0,2867.0,2871.0,2833.952393,311723
2016-10-25,2884.0,2903.0,2854.0,2890.0,2852.707275,221784
2016-10-26,2871.0,2892.0,2847.0,2868.0,2830.990967,269616
2016-10-27,2810.0,2889.0,2808.0,2850.0,2813.223389,532300
2016-10-28,2806.0,2846.0,2806.0,2832.0,2795.455811,351724
2016-10-31,2815.0,2822.0,2800.0,2810.0,2773.739502,685858
2016-11-01,2826.0,2828.0,2800.0,2815.0,2778.675049,244578
2016-11-02,2792.0,2801.0,2775.0,2788.0,2752.0234379999997,798735
2016-11-03,2758.0,2801.0,2743.0,2743.0,2707.604004,312840
2016-11-04,2714.0,2730.0,2693.0,2707.0,2672.068604,353848
2016-11-07,2735.0,2769.0,2713.100098,2763.0,2727.345947,433617
2016-11-08,2742.0,2780.0,2731.0,2733.0,2697.733154,264492
2016-11-09,2650.0,2789.0,2650.0,2789.0,2753.010498,332906
2016-11-10,2794.0,2931.0,2783.0,2863.0,2826.055664,474670
2016-11-11,2884.0,2903.47998,2791.0,2802.0,2765.842773,680178
2016-11-14,2846.0,2853.0,2813.0,2813.0,2776.700928,274515
2016-11-15,2840.0,2853.0,2826.080078,2841.0,2804.339355,369630
2016-11-16,2836.0,2857.0,2820.0,2829.0,2792.494385,316217
2016-11-17,2837.0,2863.0,2821.0,2863.0,2826.055664,227280
2016-11-18,2871.0,2892.320068,2830.699951,2876.0,2838.887695,223377
2016-11-21,2876.0,2885.0,2818.0,2830.0,2793.481445,433545
2016-11-22,2870.0,2871.0,2840.0,2847.0,2810.261963,221112
2016-11-23,2836.0,2856.0,2827.0,2840.0,2803.352539,319582
2016-11-24,2853.0,2857.810059,2823.0,2840.0,2803.352539,129013
2016-11-25,2853.0,2853.0,2802.0,2827.0,2790.52002,227860
2016-11-28,2800.0,2815.0,2770.0,2788.0,2752.0234379999997,315816
2016-11-29,2798.0,2798.0,2761.0,2776.0,2740.178223,393154
2016-11-30,2819.0,2819.0,2747.179932,2748.0,2712.5395510000003,973390
2016-12-01,2726.0,2740.159912,2665.0,2684.0,2649.365479,549962
2016-12-02,2659.0,2691.47998,2643.0,2671.0,2636.532959,468790
2016-12-05,2671.0,2683.0,2643.0,2656.0,2621.726807,377488
2016-12-06,2653.0,2653.0,2611.0,2621.0,2587.178467,336536
2016-12-07,2631.0,2687.0,2623.0,2687.0,2652.32666,743978
2016-12-08,2703.0,2769.0,2633.169922,2759.0,2723.397461,2243178
2016-12-09,2763.0,2812.0,2751.0,2774.0,2738.204102,739560
2016-12-12,2761.0,2765.0,2700.0,2701.0,2666.145996,521187
2016-12-13,2725.0,2755.0,2677.0,2744.0,2708.591309,326837
2016-12-14,2725.0,2745.0,2701.0,2719.0,2683.9135739999997,1495835
2016-12-15,2737.0,2773.0,2714.0,2767.0,2731.294434,540466
2016-12-16,2795.0,2809.0,2776.0,2802.0,2765.842773,1487303
2016-12-19,2822.0,2840.0,2789.0,2789.0,2753.010498,351611
2016-12-20,2792.0,2812.0,2765.0,2812.0,2775.7138670000004,363858
2016-12-21,2808.0,2816.0,2799.0,2812.0,2775.7138670000004,263681
2016-12-22,2807.0,2829.0,2800.0,2829.0,2792.494385,226949
2016-12-23,2821.0,2870.0,2811.0,2844.0,2807.300781,155363
2016-12-28,2844.0,2898.0,2841.0,2858.0,2821.1201170000004,245485
2016-12-29,2839.0,2864.0,2838.0,2855.0,2818.158691,148840
2016-12-30,2859.0,2914.0,2807.0,2914.0,2876.397705,218989
2017-01-03,2914.0,2928.72998,2890.0,2900.0,2862.578125,613820
2017-01-04,2914.0,2923.0,2877.0,2915.0,2877.384521,496180
2017-01-05,2924.0,3390.9399409999996,2889.0,2909.0,2871.461914,363157
2017-01-06,2922.0,2934.0,2899.0,2924.0,2886.268311,184580
2017-01-09,2915.0,2938.0,2914.0,2926.0,2888.2426760000003,270870
2017-01-10,2916.0,2960.0,2912.0,2953.0,2914.894287,371453
2017-01-11,2939.0,2950.0,2920.0,2935.0,2897.126465,290481
2017-01-12,2942.0,2942.0,2912.0,2934.0,2896.139404,246824
2017-01-13,2949.0,2950.0,2922.0,2933.0,2895.152344,617687
2017-01-16,2935.0,2955.0,2918.100098,2946.0,2907.9846190000003,439034
2017-01-17,2933.0,2973.800049,2933.0,2946.0,2907.9846190000003,936152
2017-01-18,2937.0,2966.0,2937.0,2953.0,2914.894287,400658
2017-01-19,2950.0,3015.0,2945.0,3010.0,2971.158691,409933
2017-01-20,3015.0,3072.0,2985.0,3049.0,3009.655518,956336
2017-01-23,3038.0,3097.0,3019.0,3097.0,3057.0361329999996,896842
2017-01-24,3117.0,3138.0,3067.0,3074.0,3034.332764,587819
2017-01-25,3081.0,3116.0,3077.0,3080.0,3040.255371,898585
2017-01-26,3118.0,3129.0,3057.0,3065.0,3025.448975,1044369
2017-01-27,3079.0,3123.0,3071.0,3100.0,3059.997314,828967
2017-01-30,3076.0,3150.0,3076.0,3108.0,3067.894043,463188
2017-01-31,3128.0,3185.0,3107.0,3171.0,3130.081299,2678252
2017-02-01,3197.0,3204.0,3174.0,3197.0,3155.745605,545811
2017-02-02,3198.0,3205.0,3145.0,3187.0,3145.8745120000003,672115
2017-02-03,3200.0,3216.800049,3183.0,3199.0,3157.719727,310763
2017-02-06,3191.0,3199.0,3149.0,3159.0,3118.23584,362857
2017-02-07,3179.0,3187.0,3139.0,3139.0,3098.493896,694261
2017-02-08,3129.0,3163.909912,3065.0,3084.0,3044.2036129999997,521834
2017-02-09,3082.0,3094.0,3067.389893,3084.0,3044.2036129999997,353156
2017-02-10,3087.0,3109.0,3067.0,3071.0,3031.371338,1086770
2017-02-13,3059.0,3115.0,3059.0,3110.0,3069.868408,358667
2017-02-14,3116.0,3138.0,3095.0,3117.0,3076.778076,639307
2017-02-15,3142.0,3146.0,3114.0,3117.0,3076.778076,254312
2017-02-16,3108.0,3147.0,3108.0,3119.0,3078.751953,307093
2017-02-17,3113.0,3131.0,3104.0,3130.0,3089.610352,541431
2017-02-20,3127.0,3164.0,3127.0,3133.0,3092.571533,293607
2017-02-21,3139.0,3140.0,3109.0,3112.0,3071.842285,1309162
2017-02-22,3109.0,3146.0,3099.0,3114.0,3073.81665,729069
2017-02-23,3131.0,3136.0,3102.0,3125.0,3084.674561,973808
2017-02-24,3117.0,3133.0,3112.840088,3125.0,3084.674561,548000
2017-02-27,3070.0,3126.0,2964.439941,3090.0,3050.126465,1084189
2017-02-28,3118.0,3119.0,3050.0,3078.0,3038.28125,772874
2017-03-01,3096.0,3156.0,3077.0,3141.0,3100.4682620000003,828137
2017-03-02,3148.0,3160.0,3109.0,3143.0,3102.442627,714748
2017-03-03,3198.0,3198.0,3052.0,3116.0,3075.791016,640673
2017-03-06,3088.0,3116.0,3088.0,3104.0,3063.9458010000003,332819
2017-03-07,3110.0,3115.0,3077.0,3082.0,3042.229736,494523
2017-03-08,3072.0,3081.0,3060.0,3071.0,3031.371338,635059
2017-03-09,3090.0,3111.0,3068.0,3081.0,3041.242432,587075
2017-03-10,3088.0,3106.0,3060.0,3060.0,3020.513428,2013220
2017-03-13,3071.0,3078.0,3056.0,3056.0,3016.565186,297298
2017-03-14,3063.0,3067.0,3042.639893,3044.0,3004.719971,313042
2017-03-15,3041.0,3083.0,3041.0,3065.0,3025.448975,1288311
2017-03-16,3072.0,3092.0,3061.0,3070.0,3030.384521,384465
2017-03-17,3069.0,3076.0,3034.0,3070.0,3030.384521,533218
2017-03-20,3073.0,3108.0,3055.0,3098.0,3058.0229489999997,249655
2017-03-21,3104.0,3124.0,3061.0,3065.0,3025.448975,443605
2017-03-22,3042.0,3045.0,2997.0,3018.0,2979.05542,749732
2017-03-23,3013.0,3049.0,3001.0,3033.0,2993.861816,618713
2017-03-24,3019.0,3034.0,3001.0,3016.0,2977.081299,364817
2017-03-27,3008.0,3038.0,2995.0,3014.0,2975.107178,575730
2017-03-28,3030.0,3030.0,2997.0,3024.0,2984.978027,392220
2017-03-29,3044.0,3139.73999,3001.0,3106.0,3065.919922,1027685
2017-03-30,3151.0,3167.0,3067.0,3133.0,3092.571533,1481749
2017-03-31,3140.0,3197.0,3110.0,3171.0,3130.081299,1148662
2017-04-03,3179.0,3220.0,3152.0,3191.0,3149.8232420000004,1252160
2017-04-04,3200.0,3212.0,3173.800049,3206.0,3164.629395,1128903
2017-04-05,3206.0,3234.0,3196.0,3199.0,3157.719727,1390084
2017-04-06,3174.0,3202.26001,3160.0,3202.0,3160.681152,489590
2017-04-07,3205.0,3236.0,3185.0,3236.0,3194.242432,579027
2017-04-10,3220.0,3243.0,3203.0,3227.0,3185.358398,379503
2017-04-11,3236.0,3270.0,3217.0,3235.0,3193.255127,566171
2017-04-12,3239.0,3253.0,3213.0,3220.0,3178.44873,459787
2017-04-13,3225.0,3237.0,3196.0,3225.0,3183.384521,600078
2017-04-18,3225.0,3236.0,3185.0,3195.0,3153.771484,1063411
2017-04-19,3195.0,3211.0,3165.0,3172.0,3131.068115,1095806
2017-04-20,3177.0,3197.0,3164.0,3188.0,3146.861816,920156
2017-04-21,3180.0,3233.399902,3178.0,3212.0,3170.552246,1402430
2017-04-24,3251.0,3319.0,3251.0,3317.0,3274.197021,665332
2017-04-25,3314.0,3334.0,3293.0,3307.0,3264.326172,3198865
2017-04-26,3317.0,3349.0,3305.0,3348.0,3304.796875,878047
2017-04-27,3329.0,3401.0,3329.0,3391.0,3347.2421879999997,653897
2017-04-28,3387.0,3400.0,3305.5,3383.0,3339.345459,996716
2017-05-02,3316.0,3403.0,3316.0,3388.0,3344.2810059999997,884406
2017-05-03,3382.0,3388.6999509999996,3338.0,3350.0,3306.77124,772673
2017-05-04,3326.0,3364.0,3326.0,3357.0,3344.832764,946561
2017-05-05,3349.0,3390.0,3337.0,3390.0,3377.713135,1628261
2017-05-08,3392.0,3407.1201170000004,3381.0,3391.0,3378.709473,719719
2017-05-09,3385.0,3422.0,3367.0,3386.0,3373.727539,1554781
2017-05-10,3381.0,3441.0,3375.0,3412.0,3399.633301,1384893
2017-05-11,3413.0,3437.0,3381.0,3431.0,3418.564453,684199
2017-05-12,3427.0,3459.0,3426.0,3454.0,3441.4812009999996,1207300
2017-05-15,3451.0,3489.0,3451.0,3477.0,3464.397705,931584
2017-05-16,3474.0,3493.0,3470.0,3478.0,3465.3942869999996,706454
2017-05-17,3468.0,3477.0,3427.0,3427.0,3414.579102,789193
2017-05-18,3426.0,3454.0,3404.0,3432.0,3419.561035,1237916
2017-05-19,3452.0,3471.0,3441.0,3460.0,3447.459473,644001
2017-05-22,3479.0,3479.0,3439.0,3439.0,3426.5356450000004,472512
2017-05-23,3445.0,3452.0,3410.0,3410.0,3397.640625,724707
2017-05-24,3420.0,3429.4799799999996,3407.899902,3423.0,3410.593506,895236
2017-05-25,3440.0,3445.0,3394.899902,3400.0,3387.6770020000004,837756
2017-05-26,3406.0,3409.0,3369.0,3391.0,3378.709473,889972
2017-05-30,3391.0,3442.0,3375.0,3442.0,3429.524658,712466
2017-05-31,3459.0,3471.0,3417.0,3425.0,3412.586182,643120
2017-06-01,3435.0,3468.0,3431.0,3442.0,3429.524658,1385054
2017-06-02,3469.0,3486.0,3460.0,3483.0,3470.375977,451070
2017-06-05,3484.0,3501.0,3444.969971,3499.0,3486.318115,512197
2017-06-06,3487.0,3494.0,3439.0,3439.0,3426.5356450000004,574858
2017-06-07,3429.0,3489.0,3423.0,3463.0,3450.448486,545177
2017-06-08,3471.0,3477.0,3441.0,3443.0,3430.520996,581364
2017-06-09,3437.0,3471.0,3437.0,3454.0,3441.4812009999996,752525
2017-06-12,3438.0,3460.0,3398.0,3399.0,3386.68042,666217
2017-06-13,3403.0,3597.0,3403.0,3582.0,3569.0173340000006,1576485
2017-06-14,3593.0,3667.1899409999996,3520.219971,3632.0,3618.835938,2539000
2017-06-15,3623.0,3667.0,3611.0,3655.0,3641.752686,1162922
2017-06-16,3683.0,3711.0,3661.0,3711.0,3697.5498049999997,2080143
2017-06-19,3726.0,3761.0,3729.0,3752.0,3738.4011229999996,505716
2017-06-20,3764.0,3779.0,3757.7700200000004,3759.0,3745.375732,203053
2017-06-21,3755.0,3767.0,3737.0,3760.0,3746.3720700000003,97709
2017-06-22,3776.0,3766.0,3747.26001,3753.0,3739.397461,246995
2017-06-23,3754.0,3760.0,3735.5600590000004,3753.0,3739.397461,150554
2017-06-26,3774.0,3785.0,3750.0,3760.6201170000004,3746.98999,32160
2017-06-27,3759.0,3759.0,3700.0,3708.26001,3694.81958,588696
2017-06-28,3726.0,3752.0,3719.26001,3730.0,3716.480957,18339
2017-06-29,3742.0,3766.649902,3613.0,3625.0,3611.861328,222738
2017-06-30,3608.0,3648.0,3576.0,3646.0,3632.7854,386879
2017-07-03,3630.0,3658.0,3621.0,3625.0,3611.861328,957386
2017-07-04,3621.0,3628.0,3605.0,3605.0,3591.9338380000004,557590
2017-07-05,3610.0,3725.0,3591.0,3692.0,3678.618652,774007
2017-07-06,3696.0,3724.0,3667.0,3721.0,3707.513428,811569
2017-07-07,3730.0,3745.0,3704.0,3733.0,3719.469971,503066
2017-07-10,3744.0,3759.0,3730.0,3731.0,3717.477295,425254
2017-07-11,3731.0,3737.0,3685.0,3686.0,3672.640381,608622
2017-07-12,3692.0,3731.0,3690.0,3716.0,3702.531494,544232
2017-07-13,3726.0,3727.0,3694.0,3702.0,3688.582275,704235
2017-07-14,3709.0,3709.0,3676.0,3682.0,3668.654785,973603
2017-07-17,3673.0,3701.0,3663.0,3694.0,3680.611328,327273
2017-07-18,3693.0,3701.0,3666.0,3680.0,3666.6621090000003,424740
2017-07-19,3682.0,3718.0,3656.0,3714.0,3700.538818,383643
2017-07-20,3724.0,3773.0,3713.0,3771.0,3757.332275,640638
2017-07-21,3761.0,3809.0,3761.0,3786.0,3772.277832,907498
2017-07-24,3772.0,3788.0,3727.0,3736.0,3722.4589840000003,1046561
2017-07-25,3753.0,3803.0,3725.0,3752.0,3738.4011229999996,430124
2017-07-26,3750.0,3795.0,3749.0,3793.0,3779.2524409999996,458328
2017-07-27,3780.0,3835.0,3774.0,3825.0,3811.136475,782561
2017-07-28,3800.0,3801.0,3745.0,3761.0,3747.368408,533189
2017-07-31,3725.0,3781.0,3711.0,3748.0,3734.415527,779216
2017-08-01,3759.0,3793.0,3747.0,3787.0,3773.27417,659680
2017-08-02,3784.0,3806.0,3739.0,3769.0,3755.3396,590043
2017-08-03,3753.0,3897.0,3753.0,3880.0,3865.937256,1067170
2017-08-04,3903.0,3932.0,3853.0,3892.0,3877.8937990000004,624905
2017-08-07,3889.0,3907.0,3871.0,3879.0,3864.940918,314888
2017-08-08,3915.0,3915.0,3857.0,3859.0,3845.0131840000004,410961
2017-08-09,3833.0,3869.25,3816.0,3856.0,3842.02417,439861
2017-08-10,3863.0,3863.0,3804.0,3819.0,3805.158203,486343
2017-08-11,3812.0,3812.0,3760.0,3799.0,3785.2307130000004,488424
2017-08-14,3808.0,3859.0,3808.0,3848.0,3834.053223,1039141
2017-08-15,3859.0,3877.0,3847.0,3858.0,3844.016846,373172
2017-08-16,3881.0,3931.0,3881.0,3915.0,3900.810303,533721
2017-08-17,3923.0,3966.0,3898.0,3950.0,3935.68335,561012
2017-08-18,3929.0,3946.0,3889.0,3944.0,3929.705322,485914
2017-08-21,3920.0,3954.0,3920.0,3948.0,3933.6906740000004,555000
2017-08-22,3960.0,3988.0,3945.8000490000004,3983.0,3968.563965,343161
2017-08-23,3980.0,3986.0,3961.0,3973.0,3958.600098,270343
2017-08-24,3962.0,3999.0,3962.0,3972.0,3972.0,451925
2017-08-25,3976.0,4005.0,3972.0,3976.0,3976.0,385101
2017-08-29,3976.0,3976.0,3936.0,3950.0,3950.0,434610
2017-08-30,3956.0,4001.0,3940.0,3944.0,3944.0,847864
2017-08-31,3947.0,3958.0,3940.0,3950.0,3950.0,1525588
2017-09-01,4068.0,4069.0,3933.0,3949.0,3949.0,600890
2017-09-04,3917.0,3957.0,3915.0,3925.0,3925.0,241813
2017-09-05,3912.0,3939.0,3878.0,3886.0,3886.0,401762
2017-09-06,3884.0,3884.0,3851.0,3855.0,3855.0,680736
2017-09-07,3866.0,3873.0,3835.0,3846.0,3846.0,530901
2017-09-08,3830.0,3858.0,3830.0,3858.0,3858.0,412802
2017-09-11,3860.0,3900.0,3858.0,3894.0,3894.0,538671
2017-09-12,3914.0,3922.0,3881.0,3893.0,3893.0,1802864
2017-09-13,3906.0,3906.0,3853.0,3859.0,3859.0,755297
2017-09-14,3865.0,3874.0,3839.0,3857.0,3857.0,718993
2017-09-15,3852.0,3865.0,3787.0,3816.0,3816.0,1026403
2017-09-18,3838.0,3853.0,3822.0,3839.0,3839.0,510228
2017-09-19,3828.0,3834.0,3822.0,3827.0,3827.0,759911
2017-09-20,3829.0,3832.0,3801.0,3801.0,3801.0,361898
2017-09-21,3800.0,3814.0,3781.0,3781.0,3781.0,498926
2017-09-22,3768.0,3795.0,3756.0,3787.0,3787.0,425667
2017-09-25,3766.0,3783.0,3745.0,3745.0,3745.0,455371
2017-09-26,3753.0,3769.0,3738.3798829999996,3745.0,3745.0,483704
2017-09-27,3751.0,3768.0,3746.0,3767.0,3767.0,539100
2017-09-28,3764.0,3779.110107,3740.9399409999996,3779.0,3779.0,376627
2017-09-29,3787.0,3836.0,3779.0,3830.0,3830.0,440859
2017-10-02,3838.0,3890.9799799999996,3818.0,3890.0,3890.0,797873
2017-10-03,3876.0,3880.9499509999996,3837.149902,3875.0,3875.0,766146
2017-10-04,3876.0,3883.0,3863.0,3874.0,3874.0,408544
2017-10-05,3888.0,3919.0,3869.0,3917.0,3917.0,450781
2017-10-06,3931.0,3974.0,3928.5,3954.0,3954.0,456732
2017-10-09,3943.0,3972.0,3871.5900880000004,3925.0,3925.0,440246
2017-10-10,3915.0,3932.0,3903.0,3922.0,3922.0,315653
2017-10-11,3924.0,3927.0,3904.0,3921.0,3921.0,514920
2017-10-12,3911.0,3949.0,3910.0,3931.0,3931.0,881863
2017-10-13,3925.0,3934.0,3893.0,3922.0,3922.0,744303
2017-10-16,3910.0,3935.0,3871.5900880000004,3915.0,3915.0,628885
2017-10-17,3911.0,3931.0,3889.0,3899.0,3899.0,646084
2017-10-18,3908.0,3923.0,3891.0,3920.0,3920.0,699955
2017-10-19,3905.0,3916.0,3842.0,3878.0,3878.0,1113674
2017-10-20,3894.0,3898.0,3841.0,3849.0,3849.0,969876
2017-10-23,3850.0,3884.0,3841.0,3845.0,3845.0,587998
2017-10-24,3837.0,3859.0,3826.0,3826.0,3826.0,682318
2017-10-25,3839.0,3839.0,3771.5,3780.0,3780.0,750293
2017-10-26,3790.0,3813.0,3780.0,3790.0,3790.0,641458
2017-10-27,3800.0,3833.0,3790.3100590000004,3794.0,3794.0,401803
2017-10-30,3785.0,3789.0,3757.0,3760.0,3760.0,504790
2017-10-31,3753.0,3784.0,3753.0,3761.0,3761.0,372888
2017-11-01,3765.0,3776.0,3733.0,3747.0,3747.0,1702005
2017-11-02,3741.0,3771.0,3733.0,3750.0,3750.0,1550906
2017-11-03,3762.0,3762.0,3739.0,3744.0,3744.0,572352
2017-11-06,3734.0,3786.0,3733.0,3769.0,3769.0,513002
2017-11-07,3779.0,3790.679932,3755.0,3773.0,3773.0,888861
2017-11-08,3774.0,3774.0,3732.0,3770.0,3770.0,615451
2017-11-09,3761.0,3784.0,3728.0,3733.0,3733.0,522373
2017-11-10,3743.0,3759.0,3720.0,3720.0,3720.0,801338
2017-11-13,3760.0,3762.0,3678.0,3690.0,3690.0,433566
2017-11-14,3698.0,3736.0,3690.0,3721.0,3721.0,758906
2017-11-15,3722.0,3752.0,3703.0,3738.0,3738.0,828489
2017-11-16,3762.0,3784.0,3749.0,3784.0,3784.0,378383
2017-11-17,3776.0,3881.0,3776.0,3846.0,3846.0,982712
2017-11-20,3807.0,3831.0,3799.0,3804.0,3804.0,396883
2017-11-21,3794.0,3820.0,3790.0,3810.0,3810.0,497570
2017-11-22,3806.0,3828.0,3797.0,3803.0,3803.0,3341436
2017-11-23,3806.0,3810.0,3774.0,3785.0,3785.0,429661
2017-11-24,3779.0,3792.0,3776.0,3776.0,3776.0,228951
2017-11-27,3785.0,3809.0,3753.0,3770.0,3770.0,541424
2017-11-28,3780.0,3800.0,3757.0,3800.0,3800.0,510870
2017-11-29,3737.0,3878.0,3710.0,3805.0,3805.0,1396568
2017-11-30,3791.0,3791.0,3740.0,3779.0,3779.0,1007243
2017-12-01,3750.0,3886.0,3735.0,3783.0,3783.0,819516
2017-12-04,3807.0,3846.0,3783.0,3787.0,3787.0,1498658
2017-12-05,3805.0,3828.0,3770.0,3801.0,3801.0,781029
2017-12-06,3789.0,3798.0,3759.0,3769.0,3769.0,607523
2017-12-07,3767.0,3810.0,3764.0,3786.0,3786.0,883593
2017-12-08,3778.0,3803.0,3772.0,3790.0,3790.0,959224
2017-12-11,3789.0,3848.0,3789.0,3833.0,3833.0,938570
2017-12-12,3844.0,3854.0,3821.0,3843.0,3843.0,1212588
2017-12-13,3848.0,3860.0,3831.0,3851.149902,3851.149902,842843
2017-12-14,3826.0,3849.0,3794.0,3799.0,3799.0,1207880
2017-12-15,3805.0,3810.0,3767.0,3780.0,3780.0,1180950
2017-12-18,3785.0,3808.0,3783.0,3790.0,3790.0,553080
2017-12-19,3782.0,3810.0,3776.0,3788.0,3788.0,850268
2017-12-20,3795.0,3805.0,3734.0,3750.0,3750.0,542394
2017-12-21,3743.0,3743.0,3699.0,3740.0,3740.0,679139
2017-12-22,3720.0,3740.0,3711.0,3738.0,3738.0,247310
2017-12-27,3738.0,3760.0,3722.0,3746.0,3746.0,516260
2017-12-28,3757.0,3767.0,3738.0,3748.0,3748.0,336641
2017-12-29,3750.0,3797.0,3748.0,3793.0,3793.0,230211
2018-01-02,3793.0,3802.0,3741.0,3742.0,3742.0,497857
2018-01-03,3758.0,3758.0,3734.0,3749.0,3749.0,1009997
2018-01-04,3756.0,3762.0,3732.0,3749.0,3749.0,669448
2018-01-05,3762.0,3766.0,3735.0,3758.0,3758.0,2225274
2018-01-08,3761.0,3762.0,3733.0,3744.0,3744.0,930995
2018-01-09,3753.0,3757.0,3719.0,3719.0,3719.0,1035866
2018-01-10,3711.0,3742.0,3699.0,3700.0,3700.0,1955527
2018-01-11,3676.0,3685.0,3612.0,3649.0,3649.0,1393681
2018-01-12,3648.0,3706.0,3631.0,3700.0,3700.0,1674254
2018-01-15,3707.0,3707.0,3672.0,3675.0,3675.0,1032939
2018-01-16,3682.0,3712.0,3682.0,3699.0,3699.0,1322314
2018-01-17,3680.0,3715.0,3669.0,3689.0,3689.0,1272976
2018-01-18,3701.0,3710.0,3689.0,3695.0,3695.0,1607451
2018-01-19,3695.0,3754.0,3691.0,3751.0,3751.0,4260311
2018-01-22,3736.0,3749.0,3706.0,3719.0,3719.0,1226841
2018-01-23,3739.0,3800.0,3731.0,3799.0,3799.0,1081253
2018-01-24,3805.0,4045.0,3800.0,3988.0,3988.0,2949328
2018-01-25,4020.0,4020.0,3923.0,3932.0,3932.0,1542647
2018-01-26,3952.0,4047.0,3942.0,4024.0,4024.0,2707810
2018-01-29,4035.0,4076.0,4006.0,4025.0,4025.0,1443655
2018-01-30,4018.0,4034.0,3979.0,3989.0,3989.0,1712692
2018-01-31,4021.0,4032.0,3923.0,3927.0,3927.0,1199107
2018-02-01,3944.0,4013.0,3944.0,3995.0,3995.0,4316612
2018-02-02,3993.0,4021.0,3961.0,4016.0,4016.0,3305927
2018-02-05,3980.0,3983.0,3932.0,3955.0,3955.0,1488483
2018-02-06,3917.0,3970.0,3866.0,3912.0,3912.0,2170301
2018-02-07,3935.0,4054.0,3894.0,4043.0,4043.0,1365530
2018-02-08,4034.0,4065.0,3918.0,3918.0,3918.0,1021241
2018-02-09,3894.0,3924.0,3851.0,3863.0,3863.0,1144823
2018-02-12,3919.0,3955.0,3914.0,3934.0,3934.0,1238609
2018-02-13,3930.0,3962.0,3909.0,3930.0,3930.0,708638
2018-02-14,3959.0,3994.0,3913.0,3972.0,3972.0,1135434
2018-02-15,3984.0,4068.0,3984.0,4022.0,4022.0,1985630
2018-02-16,4044.0,4090.0,4042.0,4050.0,4050.0,922407
2018-02-19,4052.0,4066.0,3965.0,3975.0,3975.0,655825
2018-02-20,3995.0,4024.0,3979.0,4005.0,4005.0,534904
2018-02-21,3979.0,4080.0,3952.0,4069.0,4069.0,922010
2018-02-22,4053.0,4085.0,4020.0,4085.0,4085.0,677900
2018-02-23,4092.0,4092.0,4040.0,4056.0,4056.0,550007
2018-02-26,4091.0,4101.0,4052.0,4084.0,4084.0,656134
2018-02-27,4087.0,4111.0,4052.0,4054.0,4054.0,519743
2018-02-28,4044.0,4080.0,4009.0,4028.0,4028.0,860977
2018-03-01,4026.0,4064.0,3942.0,3942.0,3942.0,1011418
2018-03-02,3863.0,3941.0,3797.0,3837.0,3837.0,1421730
2018-03-05,3840.0,3904.0,3837.0,3881.0,3881.0,910901
2018-03-06,3839.0,4002.0,3832.0,3877.0,3877.0,1065038
2018-03-07,3875.0,3956.0,3848.0,3922.0,3922.0,943226
2018-03-08,3919.0,3950.0,3888.0,3921.0,3921.0,822264
2018-03-09,3929.0,3952.0,3897.0,3936.0,3936.0,487429
