Date,Open,High,Low,Close,Adj Close,Volume
2015-01-02,25.57,25.6,25.559998999999998,25.57,25.292692000000002,1800
2015-01-05,25.549999,25.559998999999998,25.450001,25.469998999999998,25.193775,8800
2015-01-06,25.4,25.48,25.389999,25.440001000000002,25.164103,8500
2015-01-07,25.459999,25.540001,25.459999,25.540001,25.263018,13600
2015-01-08,25.610001,25.610001,25.6,25.6,25.322367,1800
2015-01-09,25.58,25.620001000000002,25.57,25.58,25.302584,3300
2015-01-12,25.540001,25.66,25.540001,25.66,25.381716,2800
2015-01-13,25.5,25.59,25.5,25.59,25.312475,1200
2015-01-14,25.59,25.639999,25.559998999999998,25.559998999999998,25.282799,6600
2015-01-15,25.57,25.57,25.52,25.52,25.243235000000002,1100
2015-01-16,25.49,25.540001,25.450001,25.540001,25.263018,6000
2015-01-20,25.540001,25.549999,25.5,25.5,25.223451999999998,1900
2015-01-21,25.6,25.6,25.52,25.52,25.243235000000002,1000
2015-01-22,25.58,25.6,25.52,25.6,25.322367,50100
2015-01-23,25.59,25.610001,25.530001000000002,25.559998999999998,25.282799,1500
2015-01-26,25.879998999999998,25.879998999999998,25.58,25.6,25.322367,1600
2015-01-27,25.6,25.639999,25.58,25.58,25.302584,800
2015-01-28,25.610001,25.610001,25.59,25.59,25.312475,300
2015-01-29,25.610001,25.610001,25.530001000000002,25.530001000000002,25.253126,44500
2015-01-30,25.57,25.57,25.57,25.57,25.292692000000002,400
2015-02-02,25.58,25.610001,25.469998999999998,25.57,25.292692000000002,16600
2015-02-03,25.68,25.690001000000002,25.620001000000002,25.690001000000002,25.41139,3400
2015-02-04,25.59,25.65,25.59,25.6,25.322367,2100
2015-02-05,25.6,25.68,25.59,25.68,25.401498999999998,37300
2015-02-06,25.629998999999998,25.629998999999998,25.530001000000002,25.530001000000002,25.253126,5400
2015-02-09,25.530001000000002,25.530001000000002,25.440001000000002,25.440001000000002,25.164103,3400
2015-02-10,25.42,25.459999,25.42,25.43,25.154211,500
2015-02-11,25.4,25.43,25.379998999999998,25.379998999999998,25.104751999999998,2400
2015-02-12,25.4,25.49,25.4,25.49,25.213558,3200
2015-02-13,25.57,25.57,25.530001000000002,25.530001000000002,25.253126,1300
2015-02-17,25.49,25.559998999999998,25.48,25.48,25.203667000000003,6300
2015-02-18,25.5,25.6,25.5,25.559998999999998,25.282799,5200
2015-02-19,25.530001000000002,25.530001000000002,25.530001000000002,25.530001000000002,25.253126,400
2015-02-20,25.540001,25.559998999999998,25.540001,25.549999,25.272907,800
2015-02-23,25.5,25.549999,25.5,25.549999,25.272907,800
2015-02-24,25.59,25.639999,25.59,25.610001,25.332258,3200
2015-02-25,25.65,25.67,25.620001000000002,25.639999,25.361932999999997,13100
2015-02-26,25.629998999999998,25.67,25.469998999999998,25.469998999999998,25.193775,6100
2015-02-27,25.68,25.68,25.49,25.559998999999998,25.282799,38100
2015-03-02,25.49,25.639999,25.440001000000002,25.530001000000002,25.253126,3100
2015-03-03,25.530001000000002,25.57,25.469998999999998,25.48,25.203667000000003,10200
2015-03-04,25.42,25.450001,25.32,25.450001,25.173994,3700
2015-03-05,25.459999,25.5,25.32,25.450001,25.173994,23800
2015-03-06,25.34,25.35,25.25,25.26,24.986053,8400
2015-03-09,25.0,25.34,25.0,25.280001000000002,25.005836,8000
2015-03-10,25.280001000000002,25.290001,25.190001000000002,25.190001000000002,24.916813,56700
2015-03-11,25.35,25.35,25.200001,25.25,24.976162,2900
2015-03-12,25.25,25.389999,25.25,25.25,24.976162,9800
2015-03-13,25.200001,25.25,25.190001000000002,25.25,24.976162,1500
2015-03-16,25.26,25.26,25.23,25.23,24.956379000000002,1100
2015-03-17,25.190001000000002,25.389999,25.190001000000002,25.389999,25.114643,5900
2015-03-18,25.370001000000002,25.370001000000002,25.25,25.25,24.976162,1300
2015-03-19,25.52,25.52,25.4,25.459999,25.183884,1500
2015-03-20,25.549999,25.559998999999998,25.549999,25.559998999999998,25.282799,1200
2015-03-23,25.5,25.620001000000002,25.49,25.620001000000002,25.34215,4100
2015-03-24,25.5,25.610001,25.5,25.610001,25.332258,5700
2015-03-25,25.610001,25.610001,25.52,25.549999,25.272907,1400
2015-03-26,25.48,25.48,25.450001,25.48,25.203667000000003,700
2015-03-27,25.379998999999998,25.49,25.379998999999998,25.4,25.124535,1800
2015-03-30,25.4,25.4,25.4,25.4,25.124535,0
2015-03-31,25.43,25.610001,25.43,25.49,25.213558,1600
2015-04-01,25.66,25.67,25.58,25.59,25.312475,4700
2015-04-02,25.76,25.76,25.639999,25.65,25.371824,3300
2015-04-06,25.76,25.85,25.719998999999998,25.719998999999998,25.441065,5800
2015-04-07,25.67,25.809998999999998,25.67,25.709999,25.431173,37900
2015-04-08,25.68,25.92,25.6,25.84,25.559763,6900
2015-04-09,25.780001000000002,25.92,25.780001000000002,25.82,25.53998,8700
2015-04-10,25.91,25.91,25.809998999999998,25.809998999999998,25.530088,1500
2015-04-13,25.780001000000002,25.9,25.780001000000002,25.85,25.569656,6700
2015-04-14,26.290001,26.290001,25.83,25.85,25.569656,9400
2015-04-15,25.790001,25.92,25.790001,25.82,25.53998,4800
2015-04-16,25.91,25.969998999999998,25.83,25.969998999999998,25.688353,41200
2015-04-17,25.84,25.84,25.75,25.790001,25.510307,3100
2015-04-20,25.799999,25.799999,25.73,25.790001,25.510307,2100
2015-04-21,25.799999,25.799999,25.75,25.75,25.470739000000002,1600
2015-04-22,25.790001,25.82,25.780001000000002,25.780001000000002,25.500416,3500
2015-04-23,25.74,25.74,25.74,25.74,25.460848000000002,1200
2015-04-24,25.690001000000002,25.73,25.690001000000002,25.73,25.450956,2000
2015-04-27,25.799999,25.799999,25.790001,25.790001,25.510307,1600
2015-04-28,25.85,25.85,25.84,25.84,25.559763,500
2015-04-29,25.75,25.75,25.73,25.73,25.450956,500
2015-04-30,25.73,25.74,25.73,25.74,25.460848000000002,700
2015-05-01,25.57,25.65,25.57,25.59,25.312475,2100
2015-05-04,25.68,25.709999,25.68,25.709999,25.431173,3100
2015-05-05,25.559998999999998,25.559998999999998,25.559998999999998,25.559998999999998,25.282799,1000
2015-05-06,25.549999,25.549999,25.49,25.49,25.213558,600
2015-05-07,25.51,25.52,25.51,25.52,25.243235000000002,1900
2015-05-08,25.66,25.690001000000002,25.66,25.690001000000002,25.41139,300
2015-05-11,25.6,25.6,25.59,25.59,25.312475,2400
2015-05-12,25.59,25.59,25.59,25.59,25.312475,0
2015-05-13,25.549999,25.549999,25.52,25.540001,25.263018,800
2015-05-14,25.629998999999998,25.68,25.620001000000002,25.68,25.401498999999998,3000
2015-05-15,25.68,25.68,25.68,25.68,25.401498999999998,0
2015-05-18,25.700001,25.700001,25.610001,25.610001,25.332258,4700
2015-05-19,25.67,25.709999,25.65,25.65,25.371824,22600
2015-05-20,25.66,25.66,25.66,25.66,25.381716,600
2015-05-21,25.700001,25.700001,25.65,25.700001,25.421282,3600
2015-05-22,25.74,25.74,25.700001,25.74,25.460848000000002,1600
2015-05-26,25.65,25.690001000000002,25.65,25.690001000000002,25.41139,31600
2015-05-27,25.700001,25.719998999999998,25.68,25.700001,25.421282,45300
2015-05-28,25.700001,25.700001,25.700001,25.700001,25.421282,0
2015-05-29,25.68,25.68,25.65,25.65,25.371824,3800
2015-06-01,25.68,25.68,25.610001,25.639999,25.361932999999997,3100
2015-06-02,25.57,25.57,25.559998999999998,25.57,25.292692000000002,1100
2015-06-03,25.58,25.59,25.530001000000002,25.58,25.302584,2400
2015-06-04,25.610001,25.610001,25.52,25.52,25.243235000000002,700
2015-06-05,25.52,25.52,25.52,25.52,25.243235000000002,0
2015-06-08,25.459999,25.469998999999998,25.43,25.43,25.154211,3300
2015-06-09,25.33,25.33,25.290001,25.32,25.045403,600
2015-06-10,25.379998999999998,25.4,25.379998999999998,25.4,25.124535,3400
2015-06-11,25.35,25.440001000000002,25.35,25.42,25.144318,24000
2015-06-12,25.4,25.4,25.4,25.4,25.124535,1500
2015-06-15,25.450001,25.450001,25.35,25.35,25.075077,3800
2015-06-16,25.32,25.32,25.309998999999998,25.309998999999998,25.035511,300
2015-06-17,25.299999,25.33,25.299999,25.33,25.055294,500
2015-06-18,25.42,25.42,25.370001000000002,25.370001000000002,25.094862,2200
2015-06-19,25.4,25.440001000000002,25.4,25.43,25.154211,12600
2015-06-22,25.48,25.48,25.440001000000002,25.450001,25.173994,1600
2015-06-23,24.950001,25.58,24.950001,25.41,25.134426,58400
2015-06-24,25.469998999999998,25.469998999999998,25.469998999999998,25.469998999999998,25.193775,200
2015-06-25,25.469998999999998,25.469998999999998,25.42,25.440001000000002,25.164103,5100
2015-06-26,25.35,25.360001,25.280001000000002,25.32,25.045403,8900
2015-06-29,25.24,25.26,25.24,25.26,24.986053,1100
2015-06-30,25.34,25.34,25.27,25.27,24.995945000000003,1600
2015-07-01,25.27,25.27,25.27,25.27,24.995945000000003,0
2015-07-02,25.35,25.49,25.23,25.280001000000002,25.005836,9100
2015-07-06,25.25,25.25,25.200001,25.200001,24.926704,1800
2015-07-07,25.07,25.07,25.049999,25.049999,24.77833,500
2015-07-08,24.91,24.940001000000002,24.91,24.92,24.649739999999998,2400
2015-07-09,25.059998999999998,25.059998999999998,25.0,25.0,24.728873999999998,4300
2015-07-10,25.0,25.129998999999998,25.0,25.1,24.827789000000003,3000
2015-07-13,25.1,25.1,25.1,25.1,24.827789000000003,600
2015-07-14,25.02,25.110001,25.02,25.07,24.798115,4800
2015-07-15,25.08,25.08,25.030001000000002,25.040001,24.76844,1000
2015-07-16,25.07,25.1,25.07,25.1,24.827789000000003,2000
2015-07-17,25.15,25.15,25.15,25.15,24.877247,400
2015-07-20,25.110001,25.17,25.040001,25.09,24.817898,1900
2015-07-21,25.09,25.129998999999998,25.09,25.129998999999998,24.857461999999998,1900
2015-07-22,25.08,25.120001000000002,25.08,25.110001,24.837681,2400
2015-07-23,25.290001,25.290001,25.1,25.17,24.897029999999997,44700
2015-07-24,25.09,25.120001000000002,25.040001,25.040001,24.76844,3900
2015-07-27,25.0,25.0,25.0,25.0,24.728873999999998,400
2015-07-28,25.0,25.01,24.950001,24.99,24.718981,2400
2015-07-29,25.1,25.1,24.950001,25.030001000000002,24.758549,10300
2015-07-30,24.93,24.98,24.93,24.98,24.709089000000002,2900
2015-07-31,25.08,25.08,25.030001000000002,25.030001000000002,24.758549,1400
2015-08-03,25.030001000000002,25.030001000000002,24.969998999999998,24.98,24.709089000000002,1100
2015-08-04,25.01,25.01,24.92,24.92,24.649739999999998,2300
2015-08-05,24.91,24.959999,24.91,24.93,24.659634,800
2015-08-06,24.870001000000002,24.969998999999998,24.870001000000002,24.91,24.639848999999998,2000
2015-08-07,24.950001,24.950001,24.940001000000002,24.950001,24.679417,500
2015-08-10,25.02,25.02,25.01,25.01,24.738766000000002,1600
2015-08-11,25.01,25.01,24.959999,24.959999,24.689306,2700
2015-08-12,24.91,24.950001,24.91,24.91,24.639848999999998,2000
2015-08-13,24.870001000000002,24.879998999999998,24.860001,24.879998999999998,24.610174,4800
2015-08-14,24.91,24.91,24.91,24.91,24.639848999999998,300
2015-08-17,24.879998999999998,24.889999,24.879998999999998,24.879998999999998,24.610174,600
2015-08-18,24.77,24.780001000000002,24.76,24.76,24.491476000000002,700
2015-08-19,24.709999,24.790001,24.709999,24.790001,24.521152,1400
2015-08-20,25.43,25.43,24.67,24.67,24.402452,500
2015-08-21,24.65,24.66,24.59,24.6,24.333212,1500
2015-08-24,24.65,24.65,24.41,24.41,24.145270999999997,2800
2015-08-25,24.35,24.719998999999998,24.299999,24.389999,24.125488,19900
2015-08-26,24.389999,24.48,24.389999,24.48,24.214512,700
2015-08-27,24.57,24.65,24.57,24.65,24.382669,8000
2015-08-28,24.57,24.629998999999998,24.57,24.629998999999998,24.362885000000002,500
2015-08-31,24.65,24.65,24.559998999999998,24.559998999999998,24.293644,1100
2015-09-01,24.51,24.540001,24.5,24.51,24.244188,4400
2015-09-02,24.5,24.540001,24.49,24.49,24.224403,1600
2015-09-03,24.48,24.57,24.48,24.530001000000002,24.263970999999998,5700
2015-09-04,24.459999,24.52,24.459999,24.459999,24.194729000000002,1200
2015-09-08,24.559998999999998,24.610001,24.549999,24.559998999999998,24.293644,2500
2015-09-09,24.65,24.65,24.65,24.65,24.382669,200
2015-09-10,24.68,24.68,24.620001000000002,24.65,24.382669,4000
2015-09-11,24.700001,24.700001,24.639999,24.639999,24.372778,500
2015-09-14,24.66,24.66,24.66,24.66,24.392560999999997,900
2015-09-15,24.65,24.65,24.57,24.57,24.303537,2100
2015-09-16,24.67,24.68,24.66,24.66,24.392560999999997,1000
2015-09-17,24.66,24.68,24.610001,24.68,24.412344,900
2015-09-18,24.75,24.75,24.75,24.75,24.481585,600
2015-09-21,24.66,24.700001,24.65,24.700001,24.432126999999998,1200
2015-09-22,24.639999,24.639999,24.59,24.59,24.323320000000002,3500
2015-09-23,24.530001000000002,24.559998999999998,24.530001000000002,24.559998999999998,24.293644,700
2015-09-24,24.48,24.530001000000002,24.450001,24.530001000000002,24.263970999999998,2400
2015-09-25,24.48,24.48,24.48,24.48,24.214512,200
2015-09-28,24.43,24.43,24.43,24.43,24.165056,100
2015-09-29,24.389999,24.389999,24.33,24.34,24.076031,1800
2015-09-30,24.389999,24.459999,24.389999,24.440001000000002,24.174948,3300
2015-10-01,24.379998999999998,24.52,24.379998999999998,24.440001000000002,24.174948,1100
2015-10-02,24.48,24.610001,24.48,24.610001,24.343103,5400
2015-10-05,24.690001000000002,24.690001000000002,24.59,24.639999,24.372778,3200
2015-10-06,24.559998999999998,24.65,24.559998999999998,24.65,24.382669,3700
2015-10-07,24.57,24.82,24.57,24.809998999999998,24.540934,1400
2015-10-08,24.790001,24.790001,24.790001,24.790001,24.521152,200
2015-10-09,24.879998999999998,24.889999,24.84,24.84,24.570608,7700
2015-10-12,24.860001,24.860001,24.85,24.85,24.5805,1100
2015-10-13,24.83,24.83,24.790001,24.799999,24.531042000000003,1400
2015-10-14,24.889999,24.9,24.860001,24.889999,24.620066,17200
2015-10-15,24.940001000000002,25.02,24.940001000000002,25.02,24.748657,1800
2015-10-16,24.969998999999998,25.0,24.969998999999998,25.0,24.728873999999998,900
2015-10-19,24.9,24.93,24.889999,24.889999,24.620066,600
2015-10-20,24.879998999999998,24.92,24.870001000000002,24.879998999999998,24.610174,3200
2015-10-21,24.91,24.91,24.9,24.9,24.629957,900
2015-10-22,24.34,24.959999,24.34,24.959999,24.689306,700
2015-10-23,24.959999,24.959999,24.9,24.940001000000002,24.669525,1000
2015-10-26,24.92,24.93,24.91,24.93,24.659634,3400
2015-10-27,24.93,24.93,24.879998999999998,24.92,24.649739999999998,900
2015-10-28,24.940001000000002,24.940001000000002,24.82,24.83,24.560717,1200
2015-10-29,24.74,24.77,24.74,24.77,24.501368,46000
2015-10-30,24.83,24.83,24.77,24.77,24.501368,5700
2015-11-02,24.83,24.84,24.799999,24.799999,24.531042000000003,2100
2015-11-03,24.799999,24.799999,24.799999,24.799999,24.531042000000003,0
2015-11-04,24.809998999999998,24.84,24.809998999999998,24.84,24.570608,900
2015-11-05,24.83,24.83,24.83,24.83,24.560717,1000
2015-11-06,24.709999,24.75,24.709999,24.75,24.481585,600
2015-11-09,24.74,24.74,24.690001000000002,24.690001000000002,24.422235,600
2015-11-10,24.690001000000002,24.75,24.690001000000002,24.75,24.481585,1600
2015-11-11,24.74,24.76,24.709999,24.73,24.461802,5300
2015-11-12,24.790001,24.790001,24.74,24.74,24.471693,900
2015-11-13,24.629998999999998,24.66,24.629998999999998,24.66,24.392560999999997,1900
2015-11-16,24.24,24.860001,23.530001000000002,24.860001,24.590393,3200
2015-11-17,24.700001,24.75,24.700001,24.719998999999998,24.45191,3200
2015-11-18,24.76,24.77,24.709999,24.77,24.501368,5900
2015-11-19,24.83,24.83,24.790001,24.809998999999998,24.540934,5600
2015-11-20,24.809998999999998,24.860001,24.809998999999998,24.860001,24.590393,6200
2015-11-23,24.76,24.85,24.709999,24.780001000000002,24.511259,6700
2015-11-24,24.83,24.83,24.790001,24.790001,24.521152,2400
2015-11-25,24.790001,24.85,24.790001,24.83,24.560717,5200
2015-11-27,24.82,24.82,24.809998999999998,24.809998999999998,24.540934,500
2015-11-30,24.77,24.82,24.77,24.77,24.501368,1500
2015-12-01,24.85,24.889999,24.85,24.889999,24.620066,4600
2015-12-02,24.83,24.879998999999998,24.809998999999998,24.82,24.550825,4500
2015-12-03,24.77,24.77,24.77,24.77,24.501368,200
2015-12-04,24.74,24.77,24.74,24.77,24.501368,2200
2015-12-07,24.73,24.74,24.73,24.73,24.461802,5800
2015-12-08,24.57,24.700001,24.57,24.620001000000002,24.352995,12600
2015-12-09,24.67,24.67,24.58,24.629998999999998,24.362885000000002,4100
2015-12-10,24.58,24.58,24.52,24.52,24.25408,1500
2015-12-11,24.450001,24.450001,24.450001,24.450001,24.184839,500
2015-12-14,24.35,24.370001000000002,24.35,24.370001000000002,24.105707000000002,500
2015-12-15,24.43,24.49,24.43,24.440001000000002,24.174948,1300
2015-12-16,24.469998999999998,24.51,24.459999,24.51,24.244188,3400
2015-12-17,24.49,24.49,24.469998999999998,24.48,24.214512,6000
2015-12-18,24.51,24.57,24.51,24.57,24.303537,900
2015-12-21,24.6,24.6,24.58,24.58,24.313429,3500
2015-12-22,24.57,24.6,24.559998999999998,24.559998999999998,24.293644,800
2015-12-23,24.58,24.620001000000002,24.58,24.620001000000002,24.352995,7300
2015-12-24,24.629998999999998,24.629998999999998,24.57,24.6,24.333212,5100
2015-12-28,24.6,24.6,24.59,24.59,24.323320000000002,500
2015-12-29,24.25,24.459999,24.25,24.34,24.34,13500
2015-12-30,24.27,24.280001000000002,24.26,24.27,24.27,6600
2015-12-31,24.35,24.35,24.299999,24.35,24.35,9400
2016-01-04,24.17,24.190001000000002,24.16,24.190001000000002,24.190001000000002,3800
2016-01-05,24.16,24.219998999999998,24.16,24.16,24.16,2600
2016-01-06,24.1,24.17,24.1,24.129998999999998,24.129998999999998,9200
2016-01-07,24.02,24.09,24.0,24.0,24.0,3500
2016-01-08,24.02,24.049999,23.99,24.030001000000002,24.030001000000002,6000
2016-01-11,23.959999,23.959999,23.92,23.959999,23.959999,12500
2016-01-12,23.959999,24.0,23.959999,23.959999,23.959999,9600
2016-01-13,23.98,23.98,23.950001,23.950001,23.950001,400
2016-01-14,23.92,24.01,23.92,23.940001000000002,23.940001000000002,3600
2016-01-15,23.940001000000002,23.940001000000002,23.940001000000002,23.940001000000002,23.940001000000002,0
2016-01-19,23.73,23.93,23.73,23.93,23.93,1800
2016-01-20,23.889999,23.889999,23.74,23.85,23.85,5700
2016-01-21,23.85,23.85,23.85,23.85,23.85,0
2016-01-22,23.889999,23.889999,23.889999,23.889999,23.889999,1600
2016-01-25,23.84,23.9,23.84,23.860001,23.860001,2900
2016-01-26,23.92,23.92,23.860001,23.91,23.91,3100
2016-01-27,23.85,23.85,23.85,23.85,23.85,500
2016-01-28,23.93,23.950001,23.93,23.940001000000002,23.940001000000002,400
2016-01-29,24.120001000000002,24.120001000000002,23.99,24.049999,24.049999,2500
2016-02-01,23.959999,23.969998999999998,23.959999,23.969998999999998,23.969998999999998,2600
2016-02-02,24.01,24.01,23.889999,23.91,23.91,10300
2016-02-03,23.92,23.93,23.860001,23.92,23.92,6400
2016-02-04,23.98,23.98,23.98,23.98,23.98,300
2016-02-05,23.9,23.9,23.85,23.85,23.85,300
2016-02-08,23.799999,23.85,23.790001,23.799999,23.799999,1500
2016-02-09,23.84,23.84,23.809998999999998,23.809998999999998,23.809998999999998,400
2016-02-10,23.860001,23.91,23.860001,23.91,23.91,500
2016-02-11,23.82,23.84,23.82,23.82,23.82,1100
2016-02-12,23.809998999999998,23.809998999999998,23.799999,23.799999,23.799999,500
2016-02-16,24.040001,24.040001,23.870001000000002,23.870001000000002,23.870001000000002,3100
2016-02-17,23.969998999999998,24.0,23.93,24.0,24.0,4500
2016-02-18,24.07,24.07,23.99,24.0,24.0,2100
2016-02-19,23.959999,24.040001,23.959999,24.040001,24.040001,1000
2016-02-22,24.030001000000002,24.07,24.030001000000002,24.07,24.07,1000
2016-02-23,24.08,24.08,24.02,24.02,24.02,4600
2016-02-24,24.02,24.02,24.02,24.02,24.02,500
2016-02-25,24.049999,24.049999,24.049999,24.049999,24.049999,400
2016-02-26,24.030001000000002,24.030001000000002,24.01,24.01,24.01,3400
2016-02-29,24.09,24.09,24.040001,24.040001,24.040001,600
2016-03-01,24.129998999999998,24.139999,24.08,24.139999,24.139999,2500
2016-03-02,24.09,24.15,24.09,24.110001,24.110001,6300
2016-03-03,24.200001,24.200001,24.120001000000002,24.200001,24.200001,3900
2016-03-04,24.219998999999998,24.27,24.209999,24.209999,24.209999,2100
2016-03-07,24.219998999999998,24.25,24.219998999999998,24.24,24.24,1300
2016-03-08,24.25,24.25,24.24,24.24,24.24,500
2016-03-09,24.18,24.219998999999998,24.16,24.219998999999998,24.219998999999998,6000
2016-03-10,24.18,24.18,24.18,24.18,24.18,400
2016-03-11,24.32,24.35,24.32,24.35,24.35,500
2016-03-14,24.34,24.370001000000002,24.309998999999998,24.35,24.35,3200
2016-03-15,24.26,24.27,24.26,24.27,24.27,2700
2016-03-16,24.190001000000002,24.440001000000002,24.190001000000002,24.440001000000002,24.440001000000002,1600
2016-03-17,24.469998999999998,24.540001,24.469998999999998,24.540001,24.540001,2100
2016-03-18,24.610001,24.610001,24.610001,24.610001,24.610001,200
2016-03-21,24.540001,24.540001,24.540001,24.540001,24.540001,300
2016-03-22,24.540001,24.540001,24.540001,24.540001,24.540001,0
2016-03-23,24.459999,24.459999,24.440001000000002,24.450001,24.450001,3300
2016-03-24,24.450001,24.450001,24.450001,24.450001,24.450001,0
2016-03-28,24.25,24.450001,24.25,24.450001,24.450001,1000
2016-03-29,24.57,24.57,24.540001,24.57,24.57,700
2016-03-30,24.57,24.57,24.57,24.57,24.57,0
2016-03-31,24.73,24.790001,24.73,24.73,24.73,900
2016-04-01,24.73,24.73,24.709999,24.709999,24.709999,400
2016-04-04,24.73,24.73,24.719998999999998,24.719998999999998,24.719998999999998,400
2016-04-05,24.700001,24.700001,24.59,24.59,24.59,1000
2016-04-06,24.610001,24.610001,24.610001,24.610001,24.610001,300
2016-04-07,24.66,24.66,24.59,24.59,24.59,500
2016-04-08,24.690001000000002,24.690001000000002,24.65,24.65,24.65,1300
2016-04-11,24.67,24.67,24.67,24.67,24.67,700
2016-04-12,24.66,24.709999,24.65,24.700001,24.700001,3300
2016-04-13,24.809998999999998,24.809998999999998,24.809998999999998,24.809998999999998,24.809998999999998,400
2016-04-14,24.57,24.82,24.57,24.77,24.77,4100
2016-04-15,24.82,24.83,24.82,24.83,24.83,700
2016-04-18,24.809998999999998,24.82,24.74,24.74,24.74,1700
2016-04-19,24.9,24.92,24.85,24.91,24.91,4000
2016-04-20,24.83,24.83,24.83,24.83,24.83,300
2016-04-21,24.76,24.780001000000002,24.76,24.77,24.77,2200
2016-04-22,24.77,24.82,24.77,24.82,24.82,1300
2016-04-25,24.719998999999998,24.76,24.67,24.67,24.67,1700
2016-04-26,24.639999,24.719998999999998,24.639999,24.719998999999998,24.719998999999998,1400
2016-04-27,24.610001,24.83,24.610001,24.799999,24.799999,2400
2016-04-28,24.799999,24.799999,24.799999,24.799999,24.799999,0
2016-04-29,24.799999,24.799999,24.799999,24.799999,24.799999,0
2016-05-02,24.629998999999998,24.690001000000002,24.620001000000002,24.67,24.67,1600
2016-05-03,24.639999,24.65,24.57,24.59,24.59,3400
2016-05-04,24.549999,24.549999,24.48,24.48,24.48,600
2016-05-05,24.48,24.49,24.48,24.48,24.48,1000
2016-05-06,24.48,24.48,24.48,24.48,24.48,0
2016-05-09,24.440001000000002,24.440001000000002,24.43,24.43,24.43,400
2016-05-10,24.5,24.5,24.5,24.5,24.5,100
2016-05-11,24.5,24.5,24.5,24.5,24.5,0
2016-05-12,24.440001000000002,24.469998999999998,24.440001000000002,24.469998999999998,24.469998999999998,1600
2016-05-13,24.450001,24.450001,24.42,24.43,24.43,3700
2016-05-16,24.700001,24.700001,24.700001,24.700001,24.700001,400
2016-05-17,24.459999,24.459999,24.459999,24.459999,24.459999,300
2016-05-18,24.33,24.35,24.26,24.26,24.26,4000
2016-05-19,24.1,24.27,24.1,24.27,24.27,600
2016-05-20,24.33,24.389999,24.309998999999998,24.32,24.32,2900
2016-05-23,24.41,24.41,24.32,24.32,24.32,1500
2016-05-24,24.49,24.49,24.41,24.440001000000002,24.440001000000002,1300
2016-05-25,24.51,24.51,24.43,24.440001000000002,24.440001000000002,3200
2016-05-26,24.549999,24.57,24.530001000000002,24.57,24.57,800
2016-05-27,24.51,24.58,24.459999,24.459999,24.459999,2100
2016-05-31,24.540001,24.540001,24.52,24.52,24.52,700
2016-06-01,24.51,24.51,24.51,24.51,24.51,400
2016-06-02,24.57,24.57,24.540001,24.540001,24.540001,600
2016-06-03,24.540001,24.540001,24.540001,24.540001,24.540001,0
2016-06-06,24.76,24.76,24.690001000000002,24.690001000000002,24.690001000000002,900
2016-06-07,24.84,24.84,24.76,24.76,24.76,1400
2016-06-08,24.84,24.85,24.780001000000002,24.85,24.85,900
2016-06-09,24.690001000000002,24.82,24.690001000000002,24.75,24.75,1600
2016-06-10,24.610001,24.610001,24.610001,24.610001,24.610001,300
2016-06-13,24.549999,24.639999,24.51,24.51,24.51,500
2016-06-14,24.48,24.48,24.48,24.48,24.48,1200
2016-06-15,24.6,24.6,24.530001000000002,24.530001000000002,24.530001000000002,900
2016-06-16,24.5,24.5,24.5,24.5,24.5,300
2016-06-17,24.540001,24.540001,24.540001,24.540001,24.540001,300
2016-06-20,24.67,24.67,24.67,24.67,24.67,100
2016-06-21,24.6,24.690001000000002,24.59,24.6,24.6,2500
2016-06-22,24.719998999999998,24.719998999999998,24.709999,24.709999,24.709999,300
2016-06-23,24.790001,24.790001,24.790001,24.790001,24.790001,300
2016-06-24,24.790001,24.790001,24.790001,24.790001,24.790001,0
2016-06-27,24.48,24.48,24.290001,24.32,24.32,1700
2016-06-28,24.48,24.51,24.48,24.51,24.51,1700
2016-06-29,24.610001,24.610001,24.610001,24.610001,24.610001,500
2016-06-30,24.73,24.73,24.73,24.73,24.73,800
2016-07-01,24.75,24.780001000000002,24.75,24.780001000000002,24.780001000000002,700
2016-07-05,24.700001,24.700001,24.66,24.66,24.66,600
2016-07-06,24.700001,24.700001,24.700001,24.700001,24.700001,300
2016-07-07,24.700001,24.700001,24.700001,24.700001,24.700001,0
2016-07-08,24.790001,24.790001,24.76,24.76,24.76,20800
2016-07-11,24.76,24.76,24.76,24.76,24.76,100
2016-07-12,24.76,24.76,24.76,24.76,24.76,200
2016-07-13,24.879998999999998,24.9,24.879998999999998,24.9,24.9,2600
2016-07-14,24.99,24.99,24.92,24.92,24.92,300
2016-07-15,24.950001,24.950001,24.73,24.73,24.73,1000
2016-07-18,24.98,24.99,24.98,24.99,24.99,300
2016-07-19,24.91,24.91,24.83,24.83,24.83,1000
2016-07-20,24.889999,24.93,24.860001,24.860001,24.860001,1700
2016-07-21,24.790001,24.950001,24.790001,24.870001000000002,24.870001000000002,1500
2016-07-22,24.860001,24.950001,24.860001,24.950001,24.950001,17300
2016-07-25,24.83,24.870001000000002,24.82,24.82,24.82,900
2016-07-26,24.9,24.93,24.84,24.93,24.93,800
2016-07-27,24.969998999999998,24.969998999999998,24.959999,24.959999,24.959999,900
2016-07-28,24.98,24.98,24.98,24.98,24.98,400
2016-07-29,25.02,25.02,24.93,24.940001000000002,24.940001000000002,500
2016-08-01,24.950001,24.950001,24.940001000000002,24.940001000000002,24.940001000000002,600
2016-08-02,24.85,24.85,24.85,24.85,24.85,1200
2016-08-03,24.85,24.85,24.85,24.85,24.85,400
2016-08-04,24.99,25.01,24.92,24.92,24.92,800
2016-08-05,24.92,25.0,24.91,24.969998999999998,24.969998999999998,200500
2016-08-08,24.969998999999998,24.969998999999998,24.969998999999998,24.969998999999998,24.969998999999998,0
2016-08-09,25.040001,25.049999,25.040001,25.049999,25.049999,1300
2016-08-10,25.08,25.08,25.08,25.08,25.08,1900
2016-08-11,25.08,25.08,25.08,25.08,25.08,0
2016-08-12,25.15,25.16,25.120001000000002,25.15,25.15,2100
2016-08-15,25.15,25.15,25.15,25.15,25.15,0
2016-08-16,25.15,25.15,25.15,25.15,25.15,0
2016-08-17,25.15,25.15,25.15,25.15,25.15,0
2016-08-18,25.16,25.200001,25.16,25.200001,25.200001,300
2016-08-19,25.1,25.1,25.1,25.1,25.1,700
2016-08-22,25.1,25.1,25.1,25.1,25.1,0
2016-08-23,25.1,25.1,25.1,25.1,25.1,0
2016-08-24,25.16,25.16,25.16,25.16,25.16,300
2016-08-25,25.120001000000002,25.120001000000002,25.049999,25.049999,25.049999,1000
2016-08-26,25.049999,25.110001,25.049999,25.110001,25.110001,400
2016-08-29,25.02,25.08,25.02,25.08,25.08,400
2016-08-30,25.08,25.08,25.059998999999998,25.07,25.07,800
2016-08-31,24.959999,25.1,24.959999,25.1,25.1,600
2016-09-01,25.1,25.1,25.1,25.1,25.1,0
2016-09-02,25.1,25.1,25.1,25.1,25.1,100
2016-09-06,25.26,25.26,25.26,25.26,25.26,200
2016-09-07,25.26,25.26,25.26,25.26,25.26,100
2016-09-08,25.299999,25.299999,25.25,25.25,25.25,1600
2016-09-09,25.219998999999998,25.219998999999998,25.1,25.1,25.1,1500
2016-09-12,25.1,25.1,25.1,25.1,25.1,0
2016-09-13,24.969998999999998,24.969998999999998,24.969998999999998,24.969998999999998,24.969998999999998,100
2016-09-14,25.030001000000002,25.030001000000002,25.030001000000002,25.030001000000002,25.030001000000002,100
2016-09-15,25.030001000000002,25.030001000000002,25.030001000000002,25.030001000000002,25.030001000000002,0
2016-09-16,25.040001,25.07,25.030001000000002,25.040001,25.040001,2400
2016-09-19,25.040001,25.040001,25.040001,25.040001,25.040001,0
2016-09-20,25.040001,25.040001,25.040001,25.040001,25.040001,0
2016-09-21,25.15,25.15,25.15,25.15,25.15,400
2016-09-22,25.15,25.15,25.15,25.15,25.15,0
2016-09-23,25.15,25.15,25.15,25.15,25.15,0
2016-09-26,25.15,25.15,25.15,25.15,25.15,100
2016-09-27,25.200001,25.200001,25.200001,25.200001,25.200001,400
2016-09-28,25.24,25.24,25.24,25.24,25.24,500
2016-09-29,25.139999,25.24,25.139999,25.24,25.24,900
2016-09-30,25.209999,25.23,25.209999,25.23,25.23,500
2016-10-03,25.23,25.23,25.23,25.23,25.23,0
2016-10-04,25.23,25.23,25.23,25.23,25.23,0
2016-10-05,25.23,25.23,25.23,25.23,25.23,0
2016-10-06,25.26,25.26,25.26,25.26,25.26,51500
2016-10-07,25.200001,25.23,25.17,25.23,25.23,2100
2016-10-10,25.25,25.25,25.23,25.23,25.23,500
2016-10-11,25.190001000000002,25.190001000000002,25.110001,25.110001,25.110001,1600
2016-10-12,25.110001,25.110001,25.110001,25.110001,25.110001,0
2016-10-13,25.139999,25.139999,25.059998999999998,25.059998999999998,25.059998999999998,10100
2016-10-14,25.1,25.139999,25.07,25.07,25.07,2200
2016-10-17,25.040001,25.08,25.040001,25.07,25.07,1200
2016-10-18,25.18,25.190001000000002,25.18,25.190001000000002,25.190001000000002,2600
2016-10-19,25.190001000000002,25.219998999999998,25.040001,25.18,25.18,800
2016-10-20,25.190001000000002,25.190001000000002,25.18,25.18,25.18,300
2016-10-21,25.23,25.23,25.23,25.23,25.23,300
2016-10-24,25.200001,25.23,25.15,25.23,25.23,1000
2016-10-25,25.18,25.190001000000002,25.15,25.190001000000002,25.190001000000002,1500
2016-10-26,25.780001000000002,25.780001000000002,25.120001000000002,25.77,25.77,1600
2016-10-27,25.17,25.17,25.17,25.17,25.17,100
2016-10-28,25.120001000000002,25.120001000000002,25.040001,25.040001,25.040001,1200
2016-10-31,25.110001,25.110001,24.85,24.85,24.85,400
2016-11-01,25.059998999999998,25.059998999999998,25.01,25.049999,25.049999,57900
2016-11-02,25.049999,25.09,24.969998999999998,24.99,24.99,1400
2016-11-03,25.08,25.08,25.049999,25.059998999999998,25.059998999999998,900
2016-11-04,24.98,24.99,24.91,24.91,24.91,1300
2016-11-07,25.09,25.1,25.059998999999998,25.059998999999998,25.059998999999998,600
2016-11-08,25.120001000000002,25.120001000000002,25.120001000000002,25.120001000000002,25.120001000000002,300
2016-11-09,24.93,25.0,24.870001000000002,24.950001,24.950001,2700
2016-11-10,24.77,24.77,24.719998999999998,24.73,24.73,2700
2016-11-11,24.73,24.73,24.73,24.73,24.73,0
2016-11-14,24.73,24.73,24.73,24.73,24.73,0
2016-11-15,24.65,24.77,24.65,24.76,24.76,2200
2016-11-16,24.67,24.67,24.67,24.67,24.67,600
2016-11-17,24.629998999999998,24.629998999999998,24.58,24.59,24.59,51200
2016-11-18,24.58,24.6,24.58,24.58,24.58,7200
2016-11-21,24.620001000000002,24.620001000000002,24.620001000000002,24.620001000000002,24.620001000000002,400
2016-11-22,24.68,24.68,24.65,24.65,24.65,500
2016-11-23,24.559998999999998,24.58,24.549999,24.58,24.58,7500
2016-11-25,24.469998999999998,24.6,24.469998999999998,24.58,24.58,2000
2016-11-28,24.58,24.58,24.58,24.58,24.58,0
2016-11-29,24.610001,24.610001,24.610001,24.610001,24.610001,300
2016-11-30,24.610001,24.610001,24.610001,24.610001,24.610001,0
2016-12-01,24.57,24.57,24.530001000000002,24.530001000000002,24.530001000000002,600
2016-12-02,24.58,24.58,24.530001000000002,24.530001000000002,24.530001000000002,3600
2016-12-05,24.52,24.559998999999998,24.5,24.530001000000002,24.530001000000002,3200
2016-12-06,24.559998999999998,24.620001000000002,24.559998999999998,24.59,24.59,1900
2016-12-07,24.690001000000002,24.73,24.690001000000002,24.73,24.73,300
2016-12-08,24.73,24.73,24.73,24.73,24.73,0
2016-12-09,24.65,24.65,24.65,24.65,24.65,800
2016-12-12,25.76,25.76,25.76,25.76,25.76,2400
2016-12-13,24.809998999999998,24.809998999999998,24.610001,24.629998999999998,24.629998999999998,31800
2016-12-14,24.610001,24.629998999999998,24.58,24.58,24.58,1400
2016-12-15,24.58,24.58,24.58,24.58,24.58,0
2016-12-16,24.52,24.52,24.49,24.49,24.49,3000
2016-12-19,22.129998999999998,24.5,22.129998999999998,24.5,24.5,500
2016-12-20,24.48,24.48,24.48,24.48,24.48,200
2016-12-21,24.5,24.530001000000002,24.5,24.530001000000002,24.530001000000002,700
2016-12-22,24.459999,24.5,24.450001,24.5,24.5,2500
2016-12-23,24.5,24.5,24.5,24.5,24.5,0
2016-12-27,24.48,24.48,24.469998999999998,24.469998999999998,24.469998999999998,1000
2016-12-28,24.4,24.49,24.4,24.49,24.49,3200
2016-12-29,24.6,24.6,24.57,24.57,24.57,1000
2016-12-30,24.57,24.610001,24.57,24.610001,24.610001,41300
2017-01-03,24.610001,24.610001,24.610001,24.610001,24.610001,0
2017-01-04,24.690001000000002,24.690001000000002,24.67,24.690001000000002,24.690001000000002,1400
2017-01-05,24.75,24.77,24.73,24.74,24.74,31800
2017-01-06,24.68,24.68,24.68,24.68,24.68,26400
2017-01-09,24.690001000000002,24.690001000000002,24.690001000000002,24.690001000000002,24.690001000000002,400
2017-01-10,24.719998999999998,24.75,24.719998999999998,24.73,24.73,4100
2017-01-11,24.73,24.809998999999998,24.73,24.780001000000002,24.780001000000002,5800
2017-01-12,24.809998999999998,24.82,24.780001000000002,24.790001,24.790001,3600
2017-01-13,24.77,24.799999,24.77,24.799999,24.799999,3400
2017-01-17,24.82,24.83,24.82,24.83,24.83,3100
2017-01-18,24.809998999999998,24.809998999999998,24.809998999999998,24.809998999999998,24.809998999999998,300
2017-01-19,24.74,24.75,24.74,24.75,24.75,600
2017-01-20,24.780001000000002,24.780001000000002,24.76,24.76,24.76,600
2017-01-23,24.82,24.85,24.809998999999998,24.85,24.85,5500
2017-01-24,24.85,24.85,24.85,24.85,24.85,0
2017-01-25,24.809998999999998,24.879998999999998,24.809998999999998,24.879998999999998,24.879998999999998,1200
2017-01-26,24.860001,24.879998999999998,24.860001,24.879998999999998,24.879998999999998,500
2017-01-27,24.879998999999998,24.879998999999998,24.879998999999998,24.879998999999998,24.879998999999998,0
2017-01-30,24.860001,24.860001,24.860001,24.860001,24.860001,600
2017-01-31,24.879998999999998,24.879998999999998,24.84,24.870001000000002,24.870001000000002,6400
2017-02-01,24.85,24.91,24.84,24.91,24.91,2700
2017-02-02,24.91,24.91,24.91,24.91,24.91,0
2017-02-03,24.969998999999998,24.98,24.940001000000002,24.950001,24.950001,4200
2017-02-06,25.0,25.0,24.959999,24.98,24.98,1100
2017-02-07,24.959999,24.959999,24.959999,24.959999,24.959999,1000
2017-02-08,24.959999,24.959999,24.959999,24.959999,24.959999,0
2017-02-09,24.959999,24.959999,24.959999,24.959999,24.959999,0
2017-02-10,24.959999,24.959999,24.959999,24.959999,24.959999,0
2017-02-13,25.110001,25.110001,25.110001,25.110001,25.110001,400
2017-02-14,25.110001,25.110001,25.110001,25.110001,25.110001,100
2017-02-15,25.110001,25.110001,25.110001,25.110001,25.110001,1100
2017-02-16,25.09,25.16,25.09,25.15,25.15,36200
2017-02-17,25.15,25.15,25.15,25.15,25.15,0
2017-02-21,25.209999,25.209999,25.190001000000002,25.200001,25.200001,1300
2017-02-22,25.27,25.27,25.200001,25.200001,25.200001,4100
2017-02-23,25.24,25.27,25.24,25.26,25.26,300
2017-02-24,25.24,25.25,25.209999,25.209999,25.209999,1000
2017-02-27,25.219998999999998,25.25,25.18,25.18,25.18,13100
2017-02-28,25.16,25.17,25.16,25.17,25.17,600
2017-03-01,25.17,25.18,25.17,25.18,25.18,1100
2017-03-02,25.07,25.1,25.07,25.08,25.08,700
2017-03-03,25.120001000000002,25.120001000000002,25.09,25.110001,25.110001,6100
2017-03-06,25.09,25.09,25.09,25.09,25.09,100
2017-03-07,25.129998999999998,25.129998999999998,25.1,25.1,25.1,3800
2017-03-08,25.09,25.09,25.09,25.09,25.09,100
2017-03-09,25.09,25.09,25.09,25.09,25.09,0
2017-03-10,25.040001,25.07,25.040001,25.07,25.07,700
2017-03-13,25.120001000000002,25.120001000000002,25.120001000000002,25.120001000000002,25.120001000000002,500
2017-03-14,25.120001000000002,25.120001000000002,25.120001000000002,25.120001000000002,25.120001000000002,0
2017-03-15,25.139999,25.24,25.120001000000002,25.24,25.24,2100
2017-03-16,25.290001,25.290001,25.25,25.25,25.25,5500
2017-03-17,25.27,25.27,25.27,25.27,25.27,100
2017-03-20,25.120001000000002,25.309998999999998,25.120001000000002,25.309998999999998,25.309998999999998,2300
2017-03-21,25.35,25.35,25.299999,25.299999,25.299999,900
2017-03-22,25.26,25.280001000000002,25.26,25.280001000000002,25.280001000000002,400
2017-03-23,25.33,25.33,25.309998999999998,25.32,25.32,1800
2017-03-24,25.32,25.32,25.32,25.32,25.32,0
2017-03-27,25.290001,25.309998999999998,25.280001000000002,25.290001,25.290001,6600
2017-03-28,25.309998999999998,25.33,25.309998999999998,25.32,25.32,500
2017-03-29,25.309998999999998,25.309998999999998,25.309998999999998,25.309998999999998,25.309998999999998,400
2017-03-30,25.34,25.34,25.34,25.34,25.34,600
2017-03-31,25.280001000000002,25.33,25.280001000000002,25.33,25.33,2700
2017-04-03,25.33,25.360001,25.33,25.360001,25.360001,400
2017-04-04,25.370001000000002,25.370001000000002,25.370001000000002,25.370001000000002,25.370001000000002,600
2017-04-05,25.370001000000002,25.370001000000002,25.370001000000002,25.370001000000002,25.370001000000002,0
2017-04-06,25.370001000000002,25.370001000000002,25.370001000000002,25.370001000000002,25.370001000000002,0
2017-04-07,25.27,25.27,25.27,25.27,25.27,100
2017-04-10,25.27,25.27,25.27,25.27,25.27,0
2017-04-11,25.27,25.27,25.27,25.27,25.27,0
2017-04-12,25.290001,25.290001,25.290001,25.290001,25.290001,200
2017-04-13,25.26,25.26,25.26,25.26,25.26,200
2017-04-17,25.26,25.26,25.26,25.26,25.26,0
2017-04-18,25.26,25.26,25.26,25.26,25.26,0
2017-04-19,25.26,25.26,25.26,25.26,25.26,0
2017-04-20,25.26,25.299999,25.26,25.299999,25.299999,300
2017-04-21,25.299999,25.299999,25.26,25.27,25.27,1000
2017-04-24,25.27,25.27,25.27,25.27,25.27,0
2017-04-25,25.4,25.4,25.4,25.4,25.4,500
2017-04-26,25.42,25.42,25.42,25.42,25.42,700
2017-04-27,25.4,25.4,25.4,25.4,25.4,100
2017-04-28,25.42,25.43,25.4,25.43,25.43,700
2017-05-01,25.43,25.440001000000002,25.43,25.440001000000002,25.440001000000002,600
2017-05-02,25.42,25.42,25.42,25.42,25.42,300
2017-05-03,25.42,25.42,25.42,25.42,25.42,0
2017-05-04,25.41,25.41,25.379998999999998,25.41,25.41,1400
2017-05-05,25.459999,25.459999,25.459999,25.459999,25.459999,200
2017-05-08,25.42,25.42,25.42,25.42,25.42,1300
2017-05-09,25.450001,25.459999,25.450001,25.459999,25.459999,1200
2017-05-10,25.389999,25.459999,25.389999,25.459999,25.459999,1100
2017-05-11,25.5,25.5,25.5,25.5,25.5,200
2017-05-12,25.51,25.549999,25.51,25.549999,25.549999,1200
2017-05-15,25.549999,25.549999,25.549999,25.549999,25.549999,300
2017-05-16,25.549999,25.549999,25.549999,25.549999,25.549999,0
2017-05-17,25.52,25.530001000000002,25.52,25.530001000000002,25.530001000000002,500
2017-05-18,25.48,25.48,25.469998999999998,25.469998999999998,25.469998999999998,900
2017-05-19,25.6,25.6,25.6,25.6,25.6,500
2017-05-22,25.6,25.6,25.57,25.6,25.6,1100
2017-05-23,25.610001,25.610001,25.610001,25.610001,25.610001,300
2017-05-24,25.610001,25.610001,25.610001,25.610001,25.610001,0
2017-05-25,25.610001,25.610001,25.610001,25.610001,25.610001,0
2017-05-26,25.65,25.65,25.65,25.65,25.65,200
2017-05-30,25.629998999999998,25.629998999999998,25.629998999999998,25.629998999999998,25.629998999999998,200
2017-05-31,25.629998999999998,25.629998999999998,25.629998999999998,25.629998999999998,25.629998999999998,200
2017-06-01,25.700001,25.700001,25.700001,25.700001,25.700001,200
2017-06-02,25.709999,25.77,25.709999,25.77,25.77,600
2017-06-05,25.799999,25.799999,25.799999,25.799999,25.799999,200
2017-06-06,25.799999,25.799999,25.799999,25.799999,25.799999,0
2017-06-07,25.75,25.75,25.709999,25.709999,25.709999,2100
2017-06-08,25.709999,25.709999,25.709999,25.709999,25.709999,0
2017-06-09,25.780001000000002,25.790001,25.75,25.780001000000002,25.780001000000002,5400
2017-06-12,25.780001000000002,25.780001000000002,25.780001000000002,25.780001000000002,25.780001000000002,0
2017-06-13,25.780001000000002,25.780001000000002,25.780001000000002,25.780001000000002,25.780001000000002,0
2017-06-14,25.76,25.76,25.73,25.73,25.73,3300
2017-06-15,25.73,25.73,25.73,25.73,25.73,0
2017-06-16,25.77,25.77,25.700001,25.74,25.74,1500
2017-06-19,25.74,25.74,25.74,25.74,25.74,0
2017-06-20,25.77,25.77,25.77,25.77,25.77,200
2017-06-21,25.73,25.73,25.73,25.73,25.73,200
2017-06-22,25.73,25.73,25.73,25.73,25.73,0
2017-06-23,25.98,25.98,25.76,25.76,25.76,4400
2017-06-26,25.85,25.85,25.799999,25.799999,25.799999,1200
2017-06-27,25.73,25.73,25.73,25.73,25.73,200
2017-06-28,25.73,25.73,25.73,25.73,25.73,300
2017-06-29,25.690001000000002,25.690001000000002,25.690001000000002,25.690001000000002,25.690001000000002,200
2017-06-30,25.799999,25.799999,25.799999,25.799999,25.799999,500
2017-07-03,25.799999,25.799999,25.799999,25.799999,25.799999,0
2017-07-05,25.85,25.85,25.85,25.85,25.85,600
2017-07-06,25.68,25.68,25.68,25.68,25.68,29200
2017-07-07,25.68,25.68,25.68,25.68,25.68,0
2017-07-10,25.68,25.68,25.68,25.68,25.68,0
2017-07-11,25.700001,25.709999,25.68,25.709999,25.709999,1400
2017-07-12,25.85,25.85,25.82,25.84,25.84,1500
2017-07-13,25.790001,25.809998999999998,25.790001,25.809998999999998,25.809998999999998,500
2017-07-14,25.879998999999998,25.879998999999998,25.879998999999998,25.879998999999998,25.879998999999998,200
2017-07-17,25.860001,25.879998999999998,25.85,25.85,25.85,600
2017-07-18,25.85,25.91,25.85,25.91,25.91,400
2017-07-19,25.959999,25.969998999999998,25.940001000000002,25.969998999999998,25.969998999999998,1400
2017-07-20,25.969998999999998,25.969998999999998,25.969998999999998,25.969998999999998,25.969998999999998,0
2017-07-21,25.91,25.91,25.879998999999998,25.9,25.9,18200
2017-07-24,25.889999,25.92,25.889999,25.92,25.92,1300
2017-07-25,25.92,25.92,25.92,25.92,25.92,0
2017-07-26,25.92,25.92,25.92,25.92,25.92,0
2017-07-27,25.91,25.91,25.91,25.91,25.91,100
2017-07-28,25.93,25.93,25.93,25.93,25.93,300
2017-07-31,25.93,25.93,25.93,25.93,25.93,0
2017-08-01,25.93,25.93,25.93,25.93,25.93,100
2017-08-02,25.93,25.93,25.93,25.93,25.93,100
2017-08-03,26.030001000000002,26.030001000000002,25.98,25.98,25.98,600
2017-08-04,25.98,25.98,25.98,25.98,25.98,0
2017-08-07,25.98,25.98,25.98,25.98,25.98,0
2017-08-08,25.950001,25.98,25.950001,25.98,25.98,1400
2017-08-09,25.98,25.98,25.98,25.98,25.98,400
2017-08-10,26.01,26.01,25.879998999999998,25.879998999999998,25.879998999999998,2300
2017-08-11,25.879998999999998,25.879998999999998,25.879998999999998,25.879998999999998,25.879998999999998,0
2017-08-14,25.940001000000002,25.940001000000002,25.940001000000002,25.940001000000002,25.940001000000002,300
2017-08-15,25.92,25.92,25.9,25.9,25.9,1000
2017-08-16,25.950001,25.959999,25.940001000000002,25.959999,25.959999,7200
2017-08-17,25.9,25.9,25.9,25.9,25.9,700
2017-08-18,25.92,25.92,25.92,25.92,25.92,3000
2017-08-21,25.889999,25.889999,25.889999,25.889999,25.889999,300
2017-08-22,25.940001000000002,25.940001000000002,25.940001000000002,25.940001000000002,25.940001000000002,400
2017-08-23,25.9,25.969998999999998,25.9,25.950001,25.950001,2200
2017-08-24,25.92,25.99,25.92,25.99,25.99,1000
2017-08-25,25.99,25.99,25.99,25.99,25.99,0
2017-08-28,25.940001000000002,25.950001,25.940001000000002,25.950001,25.950001,1000
2017-08-29,25.860001,25.940001000000002,25.860001,25.940001000000002,25.940001000000002,1400
2017-08-30,25.950001,26.01,25.93,25.969998999999998,25.969998999999998,11300
2017-08-31,25.969998999999998,25.969998999999998,25.969998999999998,25.969998999999998,25.969998999999998,0
2017-09-01,26.059998999999998,26.07,26.049999,26.059998999999998,26.059998999999998,900
2017-09-05,26.059998999999998,26.059998999999998,26.059998999999998,26.059998999999998,26.059998999999998,0
2017-09-06,26.059998999999998,26.059998999999998,26.030001000000002,26.030001000000002,26.030001000000002,600
2017-09-07,25.969998999999998,26.1,25.969998999999998,26.059998999999998,26.059998999999998,1900
2017-09-08,26.0,26.049999,26.0,26.049999,26.049999,1700
2017-09-11,26.049999,26.09,26.049999,26.09,26.09,1600
2017-09-12,26.139999,26.139999,26.139999,26.139999,26.139999,300
2017-09-13,26.15,26.15,26.15,26.15,26.15,100
2017-09-14,26.120001000000002,26.120001000000002,26.120001000000002,26.120001000000002,26.120001000000002,2600
2017-09-15,26.120001000000002,26.120001000000002,26.120001000000002,26.120001000000002,26.120001000000002,0
2017-09-18,26.15,26.17,26.15,26.15,26.15,4000
2017-09-19,26.190001000000002,26.190001000000002,26.190001000000002,26.190001000000002,26.190001000000002,200
2017-09-20,26.17,26.17,26.17,26.17,26.17,400
2017-09-21,26.17,26.17,26.17,26.17,26.17,300
2017-09-22,26.17,26.17,26.17,26.17,26.17,0
2017-09-25,26.17,26.17,26.17,26.17,26.17,0
2017-09-26,26.139999,26.139999,26.139999,26.139999,26.139999,400
2017-09-27,26.139999,26.139999,26.139999,26.139999,26.139999,0
2017-09-28,26.15,26.15,26.15,26.15,26.15,400
2017-09-29,26.15,26.15,26.15,26.15,26.15,0
2017-10-02,26.15,26.15,26.15,26.15,26.15,0
2017-10-03,26.280001000000002,26.280001000000002,26.280001000000002,26.280001000000002,26.280001000000002,300
2017-10-04,26.280001000000002,26.280001000000002,26.280001000000002,26.280001000000002,26.280001000000002,0
2017-10-05,26.280001000000002,26.280001000000002,26.280001000000002,26.280001000000002,26.280001000000002,0
2017-10-06,26.280001000000002,26.280001000000002,26.280001000000002,26.280001000000002,26.280001000000002,0
2017-10-09,26.32,26.32,26.32,26.32,26.32,300
2017-10-10,26.34,26.34,26.34,26.34,26.34,100
2017-10-11,26.35,26.35,26.35,26.35,26.35,200
2017-10-12,26.35,26.35,26.35,26.35,26.35,0
2017-10-13,26.35,26.35,26.35,26.35,26.35,0
2017-10-16,26.469998999999998,26.469998999999998,26.469998999999998,26.469998999999998,26.469998999999998,200
2017-10-17,26.469998999999998,26.469998999999998,26.469998999999998,26.469998999999998,26.469998999999998,0
2017-10-18,26.450001,26.450001,26.4,26.4,26.4,3000
2017-10-19,26.34,26.41,26.34,26.41,26.41,3300
2017-10-20,26.43,26.43,26.43,26.43,26.43,2600
2017-10-23,26.370001000000002,26.370001000000002,26.370001000000002,26.370001000000002,26.370001000000002,200
2017-10-24,26.370001000000002,26.370001000000002,26.370001000000002,26.370001000000002,26.370001000000002,0
2017-10-25,26.360001,26.360001,26.299999,26.299999,26.299999,500
2017-10-26,26.370001000000002,26.370001000000002,26.34,26.370001000000002,26.370001000000002,1000
2017-10-27,26.370001000000002,26.370001000000002,26.370001000000002,26.370001000000002,26.370001000000002,0
2017-10-30,26.440001000000002,26.440001000000002,26.440001000000002,26.440001000000002,26.440001000000002,400
2017-10-31,26.440001000000002,26.440001000000002,26.440001000000002,26.440001000000002,26.440001000000002,300
2017-11-01,26.5,26.5,26.459999,26.459999,26.459999,1000
2017-11-02,26.41,26.52,26.41,26.52,26.52,500
2017-11-03,26.469998999999998,26.48,26.469998999999998,26.48,26.48,6500
2017-11-06,26.49,26.549999,26.49,26.549999,26.549999,300
2017-11-07,26.5,26.540001,26.49,26.540001,26.540001,1100
2017-11-08,26.48,26.57,26.48,26.57,26.57,2700
2017-11-09,26.48,26.48,26.43,26.43,26.43,1000
2017-11-10,26.43,26.43,26.43,26.43,26.43,0
2017-11-13,26.43,26.43,26.43,26.43,26.43,200
2017-11-14,26.389999,26.389999,26.35,26.379998999999998,26.379998999999998,700
2017-11-15,26.290001,26.290001,26.290001,26.290001,26.290001,200
2017-11-16,26.379998999999998,26.41,26.379998999999998,26.379998999999998,26.379998999999998,700
2017-11-17,26.379998999999998,26.379998999999998,26.379998999999998,26.379998999999998,26.379998999999998,0
2017-11-20,26.379998999999998,26.42,26.379998999999998,26.42,26.42,4900
2017-11-21,26.5,26.5,26.5,26.5,26.5,500
2017-11-22,26.51,26.51,26.51,26.51,26.51,200
2017-11-24,26.51,26.51,26.51,26.51,26.51,0
2017-11-27,26.469998999999998,26.469998999999998,26.4,26.459999,26.459999,1600
2017-11-28,26.41,26.5,26.41,26.48,26.48,1200
2017-11-29,26.450001,26.450001,26.42,26.42,26.42,700
2017-11-30,26.48,26.48,26.48,26.48,26.48,200
2017-12-01,26.370001000000002,26.370001000000002,26.370001000000002,26.370001000000002,26.370001000000002,100
2017-12-04,26.41,26.41,26.41,26.41,26.41,600
2017-12-05,26.51,26.51,26.43,26.43,26.43,300
2017-12-06,26.309998999999998,26.309998999999998,26.309998999999998,26.309998999999998,26.309998999999998,100
2017-12-07,26.35,26.35,26.35,26.35,26.35,200
2017-12-08,26.35,26.389999,26.35,26.389999,26.389999,1300
2017-12-11,26.469998999999998,26.469998999999998,26.469998999999998,26.469998999999998,26.469998999999998,300
2017-12-12,26.48,26.48,26.48,26.48,26.48,100
2017-12-13,26.35,26.440001000000002,26.35,26.440001000000002,26.440001000000002,900
2017-12-14,26.6,26.6,26.5,26.5,26.5,300
2017-12-15,26.58,26.58,26.58,26.58,26.58,400
2017-12-18,26.530001000000002,26.530001000000002,26.51,26.51,26.51,300
2017-12-19,26.51,26.51,26.51,26.51,26.51,0
2017-12-20,26.51,26.51,26.51,26.51,26.51,0
2017-12-21,26.530001000000002,26.559998999999998,26.530001000000002,26.549999,26.549999,900
2017-12-22,26.52,26.57,26.52,26.52,26.52,6700
2017-12-26,26.549999,26.549999,26.549999,26.549999,26.549999,200
2017-12-27,26.620001000000002,26.620001000000002,26.549999,26.549999,26.549999,400
2017-12-28,26.549999,26.549999,26.549999,26.549999,26.549999,0
2017-12-29,26.549999,26.549999,26.549999,26.549999,26.549999,0
2018-01-02,26.700001,26.700001,26.700001,26.700001,26.700001,3600
2018-01-03,26.700001,26.700001,26.700001,26.700001,26.700001,0
2018-01-04,26.870001000000002,26.870001000000002,26.84,26.84,26.84,700
2018-01-05,26.790001,26.879998999999998,26.790001,26.879998999999998,26.879998999999998,2100
2018-01-08,26.85,26.93,26.85,26.93,26.93,2700
2018-01-09,26.860001,26.9,26.860001,26.9,26.9,200
2018-01-10,26.9,26.9,26.9,26.9,26.9,0
2018-01-11,26.9,26.9,26.9,26.9,26.9,0
2018-01-12,26.950001,26.99,26.950001,26.99,26.99,600
2018-01-16,27.0,27.0,26.950001,26.950001,26.950001,2500
2018-01-17,26.790001,27.030001000000002,26.790001,27.02,27.02,7300
2018-01-18,27.02,27.02,27.02,27.02,27.02,0
2018-01-19,26.99,27.0,26.99,27.0,27.0,2900
2018-01-22,27.07,27.09,27.040001,27.09,27.09,2000
2018-01-23,27.17,27.17,27.139999,27.16,27.16,1000
2018-01-24,27.129998999999998,27.129998999999998,27.129998999999998,27.129998999999998,27.129998999999998,200
2018-01-25,27.129998999999998,27.129998999999998,27.129998999999998,27.129998999999998,27.129998999999998,0
2018-01-26,27.200001,27.200001,27.200001,27.200001,27.200001,800
2018-01-29,27.200001,27.200001,27.200001,27.200001,27.200001,0
2018-01-30,27.200001,27.200001,27.200001,27.200001,27.200001,0
2018-01-31,27.08,27.08,26.99,27.02,27.02,1700
2018-02-01,27.01,27.01,27.01,27.01,27.01,900
2018-02-02,27.01,27.01,27.01,27.01,27.01,0
2018-02-05,27.059998999999998,27.059998999999998,26.51,26.51,26.51,3500
2018-02-06,26.450001,26.549999,26.379998999999998,26.51,26.51,21700
2018-02-07,26.51,26.51,26.51,26.51,26.51,0
2018-02-08,26.219998999999998,26.25,26.17,26.200001,26.200001,5300
2018-02-09,26.110001,26.15,26.110001,26.15,26.15,700
2018-02-12,26.299999,26.32,26.299999,26.32,26.32,2000
2018-02-13,26.25,26.25,26.25,26.25,26.25,400
2018-02-14,26.360001,26.360001,26.360001,26.360001,26.360001,200
2018-02-15,26.49,26.49,26.49,26.49,26.49,100
2018-02-16,26.49,26.49,26.49,26.49,26.49,0
2018-02-20,26.48,26.48,26.48,26.48,26.48,300
2018-02-21,26.6,26.6,26.6,26.6,26.6,500
2018-02-22,26.6,26.6,26.6,26.6,26.6,0
2018-02-23,26.559998999999998,26.559998999999998,26.530001000000002,26.549999,26.549999,2400
2018-02-26,26.549999,26.549999,26.549999,26.549999,26.549999,0
2018-02-27,26.549999,26.549999,26.549999,26.549999,26.549999,0
2018-02-28,26.459999,26.49,26.459999,26.49,26.49,400
2018-03-01,26.719998999999998,26.719998999999998,26.719998999999998,26.719998999999998,26.719998999999998,300
2018-03-02,26.719998999999998,26.719998999999998,26.719998999999998,26.719998999999998,26.719998999999998,0
