Date,Open,High,Low,Close,Adj Close,Volume
2015-01-02,24.685184,24.842592,23.944445,24.185184,21.397442,894300
2015-01-05,24.129629,24.185184,23.814816,24.083334,21.307333,667100
2015-01-06,24.129629,24.314816,23.583334,23.925926,21.168072,876400
2015-01-07,24.092592,25.712963000000002,24.055555,25.25926,22.347717000000003,1893700
2015-01-08,25.435184,25.731482,25.129629,25.555555,22.609858,1269500
2015-01-09,25.611110999999998,25.907408,25.379629,25.50926,22.568901,789900
2015-01-12,25.675926,26.277779,25.305555,26.027779000000002,23.027651000000002,1307300
2015-01-13,26.481482,26.925926,24.194445,25.046297,22.159304000000002,2532700
2015-01-14,24.768518,25.388889000000002,24.138889000000002,24.768518,21.913538,1499900
2015-01-15,24.981482,25.25926,22.666666,23.037036999999998,20.381645000000002,2872400
2015-01-16,22.981482,23.453703,22.287036999999998,23.351851999999997,20.660168,1669900
2015-01-20,23.296297,23.453703,22.435184,22.796297,20.16865,1174300
2015-01-21,22.796297,23.407408,22.75926,23.037036999999998,20.381645000000002,781900
2015-01-22,23.166666,23.379629,22.907408,23.064816,20.406219,767100
2015-01-23,23.046297,23.333334,22.768518,23.027779000000002,20.373447,766900
2015-01-26,23.351851999999997,23.5,22.851851999999997,23.138889000000002,20.471754,1594400
2015-01-27,22.953703,23.24074,22.777779000000002,23.166666,20.496328,1080100
2015-01-28,23.175926,23.703703,22.101851999999997,22.611110999999998,20.004804999999998,2528600
2015-01-29,22.342592,23.5,22.342592,23.277779000000002,20.594632999999998,2101900
2015-01-30,23.203703,23.287036999999998,22.814816,23.148148000000003,20.479944,1276300
2015-02-02,23.111110999999998,23.537036999999998,22.898148000000003,23.453703,20.75028,1381800
2015-02-03,23.518518,24.268518,23.425926,24.120371,21.340103,1049500
2015-02-04,23.898148000000003,24.481482,23.851851999999997,24.268518,21.471173999999998,1378000
2015-02-05,24.287036999999998,24.620371,24.0,24.231482,21.438406,700100
2015-02-06,24.212963000000002,24.824074,24.129629,24.777779000000002,21.921732000000002,918600
2015-02-09,24.592592,24.777779000000002,24.481482,24.657408,22.020964000000003,973900
2015-02-10,24.833334,25.222220999999998,24.49074,24.916666,22.252501000000002,861800
2015-02-11,25.277779000000002,25.388889000000002,24.703703,24.888889000000002,22.227694,772300
2015-02-12,25.037036999999998,25.703703,24.861110999999998,25.574074,22.839617,750700
2015-02-13,25.435184,25.722220999999998,25.203703,25.351851999999997,22.641157,717300
2015-02-17,25.25926,25.629629,25.092592,25.611110999999998,22.872694,729900
2015-02-18,25.611110999999998,25.75,25.333334,25.712963000000002,22.963654000000002,1086200
2015-02-19,25.638889000000002,25.638889000000002,25.24074,25.416666,22.699038,974800
2015-02-20,25.435184,25.481482,25.046297,25.222220999999998,22.525385,913200
2015-02-23,25.212963000000002,25.24074,24.601851999999997,24.861110999999998,22.202887,637000
2015-02-24,25.203703,25.981482,25.101851999999997,25.833334,23.071157,1181200
2015-02-25,25.870371,25.935184,25.148148000000003,25.314816,22.608078,975500
2015-02-26,25.314816,25.314816,24.648148000000003,24.944445,22.277310999999997,1050900
2015-02-27,24.916666,25.314816,24.888889000000002,25.166666,22.475770999999998,857100
2015-03-02,25.157408,25.481482,24.925926,25.111110999999998,22.426159,663300
2015-03-03,25.0,25.0,24.398148000000003,24.462963000000002,21.847307,873100
2015-03-04,24.351851999999997,24.916666,24.212963000000002,24.879629,22.219421,667400
2015-03-05,24.962963000000002,25.055555,24.712963000000002,25.0,22.326923,632600
2015-03-06,24.75,24.796297,24.342592,24.462963000000002,21.847307,853100
2015-03-09,24.592592,24.703703,24.324074,24.370371,21.764616,427400
2015-03-10,24.25,24.370371,24.046297,24.148148000000003,21.566153,448400
2015-03-11,24.203703,24.648148000000003,23.99074,24.416666,21.80596,520100
2015-03-12,24.481482,24.824074,24.481482,24.675926,22.037504000000002,311500
2015-03-13,24.574074,24.75926,24.314816,24.574074,21.946539,445600
2015-03-16,24.611110999999998,24.925926,24.314816,24.453703,21.839037,570600
2015-03-17,24.296297,24.5,24.074074,24.351851999999997,21.748077,512600
2015-03-18,24.351851999999997,25.101851999999997,24.120371,25.046297,22.368269,742200
2015-03-19,25.101851999999997,25.453703,24.50926,24.75,22.103659,814200
2015-03-20,25.018518,25.638889000000002,24.851851999999997,25.537036999999998,22.806542999999998,1306500
2015-03-23,25.537036999999998,25.842592,25.314816,25.314816,22.608078,739300
2015-03-24,25.324074,26.064816,25.027779000000002,25.712963000000002,22.963654000000002,529100
2015-03-25,25.712963000000002,26.027779000000002,25.462963000000002,25.564816,22.831348000000002,511700
2015-03-26,25.379629,25.657408,25.101851999999997,25.314816,22.608078,492900
2015-03-27,25.333334,25.99074,25.296297,25.712963000000002,22.963654000000002,634100
2015-03-30,25.796297,26.388889000000002,25.796297,26.259259999999998,23.451539999999998,524300
2015-03-31,26.185184,26.805555,26.018518,26.388889000000002,23.567307999999997,818700
2015-04-01,26.425926,26.490740000000002,25.972220999999998,26.138889000000002,23.344038,674900
2015-04-02,26.148148000000003,26.666665999999996,26.037036999999998,26.555555,23.716154,606600
2015-04-06,26.472221,26.814815999999997,26.175926,26.370371000000002,23.550774,751800
2015-04-07,26.370371000000002,26.370371000000002,26.064816,26.092592,23.302694,496800
2015-04-08,26.074074,26.5,26.074074,26.435184000000003,23.608652,421600
2015-04-09,26.351852,26.351852,25.648148000000003,26.092592,23.302694,607100
2015-04-10,26.111110999999998,26.240740000000002,25.675926,26.064816,23.277885,391000
2015-04-13,26.046297,26.166666,25.842592,26.046297,23.261347,393900
2015-04-14,26.111110999999998,26.388889000000002,25.648148000000003,26.305555,23.492884,500000
2015-04-15,26.361110999999998,26.777779,26.194445,26.629628999999998,23.782308999999998,703300
2015-04-16,26.546296999999996,26.611110999999998,25.953703,26.166666,23.368848999999997,558800
2015-04-17,25.935184,26.055555,25.537036999999998,25.861110999999998,23.095959,603100
2015-04-20,25.981482,26.129629,25.592592,25.925926,23.153847,478300
2015-04-21,26.00926,26.314815999999997,25.879629,26.083334,23.294424,551600
2015-04-22,26.037036999999998,26.120371,25.527779000000002,25.75,22.996729000000002,583800
2015-04-23,25.527779000000002,25.546297,24.685184,25.00926,22.335194,2068100
2015-04-24,25.0,25.555555,24.703703,25.49074,22.76519,883500
2015-04-27,25.583334,25.675926,25.222220999999998,25.407408,22.690769,661500
2015-04-28,25.388889000000002,25.972220999999998,25.277779000000002,25.74074,22.988462,680600
2015-04-29,25.703703,25.712963000000002,25.129629,25.296297,22.591539,617100
2015-04-30,25.203703,25.333334,24.796297,24.851851999999997,22.194618,898300
2015-05-01,25.0,25.25926,24.768518,25.037036999999998,22.360001,531500
2015-05-04,25.120371,25.638889000000002,24.907408,25.120371,22.434423000000002,779300
2015-05-05,25.601851999999997,25.694445,24.555555,24.870371,22.211151,1128500
2015-05-06,24.962963000000002,25.370371,24.574074,25.361110999999998,22.649424,1049300
2015-05-07,25.314816,26.046297,25.231482,25.898148000000003,23.12904,1023900
2015-05-08,26.212963000000002,26.5,26.083334,26.092592,23.302694,829500
2015-05-11,25.916666,26.092592,25.675926,25.75926,23.210917000000002,599100
2015-05-12,25.518518,25.75,25.138889000000002,25.629629,23.09411,573200
2015-05-13,25.638889000000002,26.00926,25.583334,25.611110999999998,23.077423,525400
2015-05-14,25.777779000000002,26.203703,25.620371,26.046297,23.469559,754400
2015-05-15,25.796297,26.277779,25.49074,25.972220999999998,23.402809,726000
2015-05-18,26.037036999999998,26.5,25.842592,26.342592,23.736538,1060600
2015-05-19,26.509259999999998,26.953703000000004,26.398148,26.564815999999997,23.936781,921100
2015-05-20,26.564815999999997,26.675926,26.129629,26.490740000000002,23.870028,813200
2015-05-21,26.490740000000002,26.611110999999998,26.268518,26.388889000000002,23.778257,513200
2015-05-22,26.324074,26.416665999999996,26.101851999999997,26.277779,23.678141,508600
2015-05-26,26.240740000000002,26.333334000000004,25.898148000000003,26.00926,23.436186,374500
2015-05-27,25.962963000000002,26.027779000000002,25.611110999999998,26.018518,23.444526999999997,536700
2015-05-28,25.925926,26.546296999999996,25.925926,26.25,23.653107000000002,701600
2015-05-29,26.203703,26.296296999999996,25.787036999999998,25.888889000000002,23.327723000000002,517500
2015-06-01,26.00926,26.203703,25.814816,25.972220999999998,23.402809,435200
2015-06-02,25.898148000000003,26.101851999999997,25.74074,25.851851999999997,23.294352,370000
2015-06-03,25.870371,26.296296999999996,25.611110999999998,26.027779000000002,23.452873,445500
2015-06-04,25.944445,26.148148000000003,25.731482,25.787036999999998,23.235947,591900
2015-06-05,25.685184,26.018518,25.472220999999998,25.99074,23.419497,718200
2015-06-08,25.981482,26.148148000000003,25.879629,26.018518,23.444526999999997,636400
2015-06-09,26.00926,26.185184,25.666666,25.981482,23.411156,533200
2015-06-10,26.046297,26.435184000000003,26.018518,26.324074,23.719858,678600
2015-06-11,26.462963000000002,26.842592,26.388889000000002,26.462963000000002,23.845005,821200
2015-06-12,26.305555,26.712963000000002,26.240740000000002,26.611110999999998,23.978497,594300
2015-06-15,27.657408,27.657408,26.675926,27.203703000000004,24.512463,1851900
2015-06-16,27.203703000000004,27.425926,26.990740000000002,27.157408,24.470745,729400
2015-06-17,27.166665999999996,27.314815999999997,26.944445,27.259259999999998,24.562525,555100
2015-06-18,27.296296999999996,27.777779,27.296296999999996,27.490740000000002,24.771105,966000
2015-06-19,27.620371000000002,28.175926,27.5,27.851852,25.096491,1475300
2015-06-22,28.0,28.185184000000003,27.833334000000004,28.064815999999997,25.288385,669600
2015-06-23,28.064815999999997,28.435184000000003,27.944445,28.129628999999998,25.346785999999998,575400
2015-06-24,28.472221,28.870371000000002,28.342592,28.379628999999998,25.572056,770300
2015-06-25,28.555555,28.916665999999996,28.407408,28.509259999999998,25.688864000000002,994700
2015-06-26,28.629628999999998,28.824074,28.379628999999998,28.527779,25.705545,1029500
2015-06-29,28.379628999999998,28.703703000000004,27.805555,27.916665999999996,25.154894,960400
2015-06-30,28.240740000000002,28.518518,27.583334000000004,27.75,25.004715,925900
2015-07-01,28.009259999999998,28.037036999999998,27.407408,28.018518,25.246672,890700
2015-07-02,28.046296999999996,28.333334000000004,27.583334000000004,27.75,25.004715,864400
2015-07-06,27.583334000000004,28.212963000000002,27.398148,27.731482,24.988028,988800
2015-07-07,27.685184000000003,28.148148,27.398148,28.101852,25.32176,879100
2015-07-08,27.861110999999998,28.324074,27.787036999999998,27.944445,25.179924,1032900
2015-07-09,28.296296999999996,28.462963000000002,28.120371000000002,28.259259999999998,25.463598,826600
2015-07-10,28.425926,28.833334000000004,28.277779,28.75,25.905785,872900
2015-07-13,28.851852,28.916665999999996,28.324074,28.546296999999996,25.722233,723900
2015-07-14,28.509259999999998,28.731482,28.314815999999997,28.648148,25.814007,553300
2015-07-15,28.685184000000003,28.694445,28.064815999999997,28.277779,25.480284,830100
2015-07-16,28.342592,28.342592,27.916665999999996,28.046296999999996,25.271701999999998,763600
2015-07-17,28.148148,28.314815999999997,27.574074,27.777779,25.029747,820200
2015-07-20,27.796296999999996,27.888889000000002,27.25,27.583334000000004,24.854538,591500
2015-07-21,27.629628999999998,27.944445,27.268518,27.5,24.779449,473300
2015-07-22,27.416665999999996,28.148148,27.324074,27.879628999999998,25.121520999999998,935600
2015-07-23,28.027779,28.074074,27.231482,27.425926,24.712702,577900
2015-07-24,27.425926,27.555555,26.509259999999998,26.787036999999998,24.137017999999998,1156200
2015-07-27,26.629628999999998,26.935184000000003,26.481482,26.796296999999996,24.145359,531100
2015-07-28,26.888889000000002,27.157408,26.611110999999998,26.981482,24.312227,528200
2015-07-29,26.972221,27.453703000000004,26.712963000000002,27.370371000000002,24.66264,660600
2015-07-30,27.268518,27.490740000000002,27.083334000000004,27.379628999999998,24.670984,636800
2015-07-31,27.490740000000002,27.916665999999996,27.222221,27.648148,24.912941,690600
2015-08-03,27.370371000000002,27.416665999999996,26.851852,27.259259999999998,24.769904999999998,855300
2015-08-04,27.240740000000002,27.259259999999998,26.351852,26.75,24.307154,939700
2015-08-05,26.842592,26.842592,26.083334,26.259259999999998,23.861227,887800
2015-08-06,26.425926,26.601852,26.0,26.305555,23.903294,1135200
2015-08-07,26.212963000000002,26.564815999999997,26.148148000000003,26.481482,24.063157999999998,718400
2015-08-10,26.611110999999998,27.185184000000003,26.592592,27.046296999999996,24.576393,1099100
2015-08-11,27.027779,27.342592,26.907408,27.296296999999996,24.803556,711300
2015-08-12,27.25,27.398148,26.722221,27.333334000000004,24.837219,570800
2015-08-13,27.370371000000002,27.916665999999996,27.268518,27.666665999999996,25.140107999999998,731500
2015-08-14,27.611110999999998,27.629628999999998,27.277779,27.564815999999997,25.04756,723200
2015-08-17,27.472221,28.138889000000002,27.351852,27.944445,25.392521,904900
2015-08-18,28.194445,28.842592,28.157408,28.712963000000002,26.090857,1148800
2015-08-19,28.564815999999997,28.898148,28.342592,28.768518,26.141338,575700
2015-08-20,28.472221,28.740740000000002,28.018518,28.037036999999998,25.476658,607200
2015-08-21,27.666665999999996,27.898148,27.305555,27.416665999999996,24.912939,694300
2015-08-24,25.731482,26.555555,22.24074,25.888889000000002,23.524679000000003,1314100
2015-08-25,26.194445,26.555555,25.24074,25.268518,22.960966,1487600
2015-08-26,25.935184,26.046297,25.120371,25.962963000000002,23.59199,949900
2015-08-27,26.240740000000002,26.574074,25.703703,26.416665999999996,24.004259,915100
2015-08-28,26.425926,26.722221,25.99074,26.175926,23.785507,755400
2015-08-31,26.074074,26.75,26.0,26.379628999999998,23.970602,709600
2015-09-01,25.861110999999998,26.25,25.370371,25.481482,23.154478,564100
2015-09-02,25.731482,26.388889000000002,25.481482,26.0,23.625643,546000
2015-09-03,26.25,26.814815999999997,26.203703,26.574074,24.147295,708600
2015-09-04,26.222221,26.666665999999996,26.129629,26.268518,23.86964,866700
2015-09-08,26.675926,27.009259999999998,26.592592,26.925926,24.467010000000002,892400
2015-09-09,27.157408,27.203703000000004,26.370371000000002,26.574074,24.147295,438300
2015-09-10,26.231482,26.425926,25.666666,26.194445,23.802332,805600
2015-09-11,26.185184,26.740740000000002,26.166666,26.648148,24.214605,589400
2015-09-14,26.666665999999996,26.712963000000002,26.305555,26.453703000000004,24.037914,443100
2015-09-15,26.537036999999998,26.685184000000003,26.370371000000002,26.574074,24.147295,495100
2015-09-16,26.601852,26.777779,26.370371000000002,26.740740000000002,24.298737,450800
2015-09-17,26.675926,27.518518,26.675926,26.925926,24.467010000000002,687400
2015-09-18,26.361110999999998,26.935184000000003,26.361110999999998,26.620371000000002,24.189362,1326000
2015-09-21,26.833334000000004,27.083334000000004,26.064816,26.203703,23.810745,574700
2015-09-22,25.907408,25.944445,25.101851999999997,25.407408,23.08717,619500
2015-09-23,25.462963000000002,25.861110999999998,25.277779000000002,25.324074,23.011446,585100
2015-09-24,25.064816,25.537036999999998,24.777779000000002,25.481482,23.154478,664800
2015-09-25,25.75926,26.111110999999998,25.574074,25.75,23.398476000000002,613000
2015-09-28,25.638889000000002,25.75,24.157408,24.462963000000002,22.22897,759600
2015-09-29,24.555555,24.712963000000002,23.916666,24.111110999999998,21.909254,905700
2015-09-30,24.416666,24.453703,23.962963000000002,24.24074,22.027042,733200
2015-10-01,24.287036999999998,24.592592,24.074074,24.435184,22.203727999999998,985100
2015-10-02,24.101851999999997,24.305555,23.824074,24.287036999999998,22.069111,865800
2015-10-05,24.546297,25.379629,24.296297,25.324074,23.011446,668000
2015-10-06,25.296297,25.50926,24.953703,25.120371,22.826344,793600
2015-10-07,25.24074,26.018518,25.194445,26.0,23.625643,848800
2015-10-08,25.981482,26.175926,25.777779000000002,26.046297,23.667710999999997,821000
2015-10-09,26.120371,26.129629,25.546297,25.666666,23.322751999999998,637100
2015-10-12,25.694445,25.731482,25.277779000000002,25.638889000000002,23.29751,567900
2015-10-13,25.907408,26.75,25.407408,26.00926,23.63406,1319800
2015-10-14,26.0,26.092592,24.944445,25.203703,22.902065,834300
2015-10-15,25.324074,25.574074,24.972220999999998,25.49074,23.162891000000002,662800
2015-10-16,25.537036999999998,25.870371,25.185184,25.842592,23.482611,581300
2015-10-19,25.75,26.296296999999996,25.675926,26.018518,23.642471,735500
2015-10-20,26.00926,26.703703000000004,25.888889000000002,26.620371000000002,24.189362,488100
2015-10-21,26.722221,26.787036999999998,26.212963000000002,26.25,23.852814000000002,647500
2015-10-22,26.157408,26.157408,25.481482,25.796297,23.440544,655100
2015-10-23,25.879629,26.129629,25.277779000000002,25.703703,23.356403,751600
2015-10-26,25.703703,26.046297,25.222220999999998,25.564816,23.2302,1070800
2015-10-27,24.879629,24.925926,23.833334,24.138889000000002,21.934494,1745500
2015-10-28,24.0,24.379629,23.75,24.305555,22.085938,1358100
2015-10-29,24.046297,24.101851999999997,23.398148000000003,23.935184,21.74939,1099400
2015-10-30,23.861110999999998,24.314816,23.620371,24.064816,21.867182,719000
2015-11-02,23.842592,24.157408,23.768518,24.092592,22.105051,609400
2015-11-03,24.0,24.305555,23.694445,24.064816,22.079565,394700
2015-11-04,24.092592,24.453703,23.870371,23.925926,21.952135000000002,713000
2015-11-05,23.953703,23.953703,23.287036999999998,23.777779000000002,21.81621,1217200
2015-11-06,23.648148000000003,23.703703,23.222220999999998,23.620371,21.671789,988600
2015-11-09,23.666666,23.666666,22.787036999999998,23.203703,21.28949,1044400
2015-11-10,23.25926,24.074074,23.25926,23.907408,21.935143,791100
2015-11-11,23.935184,24.462963000000002,23.879629,24.194445,22.1985,728800
2015-11-12,23.925926,23.925926,23.370371,23.398148000000003,21.467897,477300
2015-11-13,23.398148000000003,23.712963000000002,23.148148000000003,23.157408,21.247013,687700
2015-11-16,23.101851999999997,23.805555,23.083334,23.777779000000002,21.81621,467600
2015-11-17,23.888889000000002,24.175926,23.74074,23.833334,21.867179999999998,716800
2015-11-18,23.768518,24.25926,23.74074,24.231482,22.232485,565200
2015-11-19,24.212963000000002,24.555555,24.203703,24.398148000000003,22.385399,518100
2015-11-20,24.527779000000002,24.675926,24.388889000000002,24.50926,22.487347,527300
2015-11-23,24.50926,24.703703,24.268518,24.287036999999998,22.283457000000002,926600
2015-11-24,24.185184,24.648148000000003,24.175926,24.620371,22.589291,477500
2015-11-25,24.620371,24.861110999999998,24.564816,24.796297,22.750704000000002,430900
2015-11-27,24.768518,24.898148000000003,24.648148000000003,24.75,22.708226999999997,249000
2015-11-30,24.74074,24.814816,24.25,24.287036999999998,22.283457000000002,758600
2015-12-01,24.444445,24.972220999999998,24.351851999999997,24.888889000000002,22.835657,564600
2015-12-02,24.879629,24.972220999999998,23.972220999999998,24.222220999999998,22.223988000000002,694400
2015-12-03,24.314816,24.398148000000003,23.703703,23.888889000000002,21.91815,849700
2015-12-04,24.018518,24.425926,23.731482,24.296297,22.291954,539500
2015-12-07,24.203703,24.222220999999998,23.777779000000002,24.027779000000002,22.045583999999998,601800
2015-12-08,23.592592,23.814816,23.324074,23.546297,21.603821,1144900
2015-12-09,23.379629,23.564816,22.685184,22.99074,21.094099,1005900
2015-12-10,23.0,23.462963000000002,22.888889000000002,23.296297,21.374447,885900
2015-12-11,23.055555,23.166666,22.870371,23.083334,21.179052,859700
2015-12-14,23.055555,23.120371,22.546297,22.777779000000002,20.898705,1002500
2015-12-15,22.925926,23.370371,22.731482,23.314816,21.391439000000002,1164000
2015-12-16,23.370371,23.888889000000002,23.314816,23.787036999999998,21.824701,1058700
2015-12-17,23.861110999999998,23.879629,22.888889000000002,23.037036999999998,21.13658,886200
2015-12-18,22.953703,23.138889000000002,22.555555,23.120371,21.213032000000002,4583100
2015-12-21,23.268518,23.638889000000002,23.129629,23.416666,21.484888,823700
2015-12-22,23.453703,23.814816,23.129629,23.777779000000002,21.81621,839300
2015-12-23,23.842592,23.944445,23.592592,23.870371,21.901161,539900
2015-12-24,23.861110999999998,24.222220999999998,23.861110999999998,24.018518,22.037088,281900
2015-12-28,23.935184,24.00926,23.527779000000002,23.879629,21.909657,375300
2015-12-29,24.064816,24.138889000000002,23.629629,24.0,22.0201,492200
2015-12-30,24.00926,24.148148000000003,23.787036999999998,23.814816,21.850191,343400
2015-12-31,23.768518,23.962963000000002,23.629629,23.638889000000002,21.688776,399800
2016-01-04,23.379629,23.379629,22.620371,22.888889000000002,21.00065,1000000
2016-01-05,22.888889000000002,23.148148000000003,22.685184,23.018518,21.119583,903500
2016-01-06,22.74074,22.972220999999998,22.277779000000002,22.462963000000002,20.609859,684600
2016-01-07,21.870371,22.370371,21.5,21.648148000000003,19.862263000000002,1496700
2016-01-08,21.805555,21.824074,20.694445,20.768518,19.055198999999998,926100
2016-01-11,20.898148000000003,21.166666,20.796297,21.046297,19.310062,691700
2016-01-12,21.212963000000002,21.435184,20.583334,21.129629,19.38652,538800
2016-01-13,21.129629,21.629629,20.453703,20.592592,18.893784,1086500
2016-01-14,20.666666,20.675926,19.944445,20.25926,18.587951999999998,975100
2016-01-15,19.648148000000003,20.24074,19.481482,20.092592,18.435036,734700
2016-01-19,20.314816,20.370371,19.425926,19.648148000000003,18.027256,952100
2016-01-20,18.962963000000002,19.25,18.166666,19.0,17.432579,2147700
2016-01-21,19.037036999999998,19.592592,18.935184,19.129629,17.551514,1528600
2016-01-22,19.407408,20.037036999999998,19.361110999999998,19.805555,18.171677,1579800
2016-01-25,19.777779000000002,19.777779000000002,19.018518,19.101851999999997,17.52603,609400
2016-01-26,19.268518,19.898148000000003,18.879629,19.777779000000002,18.146191,699000
2016-01-27,19.768518,19.879629,19.407408,19.49074,17.882832999999998,709900
2016-01-28,19.75926,20.018518,19.370371,19.435184,17.831861,846400
2016-01-29,19.546297,20.157408,19.481482,20.148148000000003,18.486007999999998,1278800
2016-02-01,19.981482,20.379629,19.805555,20.083334,18.426542,1449000
2016-02-02,19.833334,19.888889000000002,19.092592,19.166666,17.585495,1148700
2016-02-03,19.620371,20.231482,18.712963000000002,19.194445,17.610982999999997,2342700
2016-02-04,19.148148000000003,20.25926,19.148148000000003,19.99074,18.341585000000002,1506300
2016-02-05,19.879629,20.129629,19.546297,19.75,18.120707,1243900
2016-02-08,19.231482,19.472220999999998,18.574074,18.74074,17.398623999999998,1087000
2016-02-09,18.481482,18.694445,18.083334,18.305555,16.994608,1124800
2016-02-10,18.518518,18.962963000000002,18.25926,18.601851999999997,17.269686,717200
2016-02-11,18.342592,18.518518,17.851851999999997,18.101851999999997,16.80549,817800
2016-02-12,18.342592,18.935184,18.305555,18.888889000000002,17.536165,523400
2016-02-16,19.092592,19.370371,18.861110999999998,19.333334,17.948782,512200
2016-02-17,19.49074,19.814816,19.314816,19.49074,18.094915,439600
2016-02-18,19.518518,19.518518,19.037036999999998,19.324074,17.940185999999997,541200
2016-02-19,19.277779000000002,19.5,19.101851999999997,19.138889000000002,17.768263,342100
2016-02-22,19.333334,19.712963000000002,19.324074,19.666666,18.258242000000003,472000
2016-02-23,19.722220999999998,19.898148000000003,19.379629,19.833334,18.412973,348200
2016-02-24,19.685184,20.203703,19.333334,20.175926,18.731033,845900
2016-02-25,20.148148000000003,20.462963000000002,20.055555,20.351851999999997,18.89436,476600
2016-02-26,20.462963000000002,20.629629,20.101851999999997,20.25926,18.808395,473300
2016-02-29,20.296297,20.777779000000002,20.25926,20.472220999999998,19.006109,649800
2016-03-01,20.611110999999998,21.092592,20.49074,21.083334,19.573454,459800
2016-03-02,21.074074,21.314816,20.972220999999998,21.231482,19.710993,638900
2016-03-03,21.287036999999998,21.888889000000002,21.129629,21.75926,20.200975,1031400
2016-03-04,21.731482,21.796297,21.370371,21.768518,20.209570000000003,683400
2016-03-07,21.583334,22.194445,21.583334,22.166666,20.579206,581600
2016-03-08,22.046297,22.129629,21.518518,21.638889000000002,20.089226,504500
2016-03-09,21.787036999999998,22.0,21.518518,21.99074,20.415876,364600
2016-03-10,22.101851999999997,22.138889000000002,21.425926,21.787036999999998,20.226763000000002,533400
2016-03-11,21.953703,22.472220999999998,21.898148000000003,22.462963000000002,20.854282,452700
2016-03-14,22.342592,22.425926,21.944445,22.138889000000002,20.553417,396300
2016-03-15,21.99074,22.018518,21.805555,21.898148000000003,20.329916,339600
2016-03-16,21.777779000000002,22.287036999999998,21.685184,22.222220999999998,20.630781,322300
2016-03-17,22.175926,22.675926,22.037036999999998,22.638889000000002,21.017609,551800
2016-03-18,22.74074,23.074074,22.537036999999998,22.611110999999998,20.991819,1090700
2016-03-21,22.648148000000003,22.675926,22.203703,22.370371,20.768320000000003,395500
2016-03-22,22.212963000000002,22.462963000000002,22.120371,22.148148000000003,20.562012,429100
2016-03-23,22.101851999999997,22.185184,21.666666,21.675926,20.12361,350900
2016-03-24,21.796297,22.055555,21.453703,22.027779000000002,20.450262,433200
2016-03-28,22.120371,22.435184,21.842592,22.305555,20.708145000000002,339900
2016-03-29,22.351851999999997,23.027779000000002,22.324074,23.027779000000002,21.378647,650100
2016-03-30,23.148148000000003,23.287036999999998,22.814816,22.879629,21.241107999999997,423800
2016-03-31,22.842592,23.324074,22.620371,23.203703,21.541973000000002,905400
2016-04-01,22.962963000000002,23.203703,22.861110999999998,22.99074,21.344259,443400
2016-04-04,22.99074,22.99074,22.379629,22.592592,20.974629999999998,407800
2016-04-05,22.370371,22.962963000000002,22.175926,22.694445,21.069185,452300
2016-04-06,22.722220999999998,23.333334,22.666666,23.25926,21.593554,464500
2016-04-07,23.185184,23.453703,22.953703,23.111110999999998,21.456013000000002,482000
2016-04-08,23.388889000000002,23.453703,23.037036999999998,23.138889000000002,21.4818,282700
2016-04-11,23.342592,23.518518,23.194445,23.287036999999998,21.619336999999998,260300
2016-04-12,23.287036999999998,23.5,23.194445,23.453703,21.774069,221200
2016-04-13,23.601851999999997,24.037036999999998,23.49074,23.953703,22.238264,357500
2016-04-14,23.925926,23.981482,23.666666,23.712963000000002,22.014763000000002,281900
2016-04-15,23.648148000000003,23.861110999999998,23.546297,23.833334,22.126516,272800
2016-04-18,23.638889000000002,23.898148000000003,23.638889000000002,23.879629,22.169491,271500
2016-04-19,23.768518,24.175926,23.361110999999998,23.601851999999997,21.91161,474000
2016-04-20,23.564816,24.064816,23.416666,23.824074,22.117914000000003,473100
2016-04-21,23.907408,24.148148000000003,23.796297,23.962963000000002,22.246859,491400
2016-04-22,23.953703,24.148148000000003,23.537036999999998,23.722220999999998,22.023359,316500
2016-04-25,23.703703,23.787036999999998,23.287036999999998,23.50926,21.825649,372600
2016-04-26,23.537036999999998,23.833334,23.453703,23.833334,22.126516,450900
2016-04-27,23.935184,24.046297,23.666666,23.935184,22.221073,268700
2016-04-28,23.703703,23.796297,22.898148000000003,22.953703,21.309877,627700
2016-04-29,22.953703,23.055555,22.574074,22.787036999999998,21.155148,466800
2016-05-02,22.925926,23.333334,22.74074,23.305555,21.63653,497300
2016-05-03,23.120371,23.166666,22.601851999999997,22.787036999999998,21.155148,392600
2016-05-04,22.518518,22.99074,22.407408,22.601851999999997,20.983223000000002,589000
2016-05-05,22.222220999999998,22.518518,21.675926,21.879629,20.312723000000002,1203200
2016-05-06,21.888889000000002,22.111110999999998,21.111110999999998,21.351851999999997,19.822741,1060500
2016-05-09,21.157408,21.629629,21.148148000000003,21.398148000000003,20.083451999999998,685500
2016-05-10,21.527779000000002,21.527779000000002,21.222220999999998,21.324074,20.013929,633000
2016-05-11,21.24074,21.398148000000003,20.916666,20.916666,19.631554,464400
2016-05-12,21.074074,21.24074,20.685184,20.694445,19.422985,766400
2016-05-13,20.675926,21.101851999999997,20.638889000000002,20.777779000000002,19.5012,534900
2016-05-16,20.75926,21.055555,20.638889000000002,20.694445,19.422985,423900
2016-05-17,20.74074,21.175926,20.537036999999998,20.648148000000003,19.37953,452600
2016-05-18,20.648148000000003,20.787036999999998,20.203703,20.296297,19.049295,335800
2016-05-19,20.166666,20.333334,19.944445,20.231482,18.988466,405000
2016-05-20,20.333334,20.694445,20.305555,20.694445,19.422985,521100
2016-05-23,20.703703,20.768518,20.416666,20.472220999999998,19.214417,549000
2016-05-24,20.842592,21.648148000000003,20.777779000000002,21.388889000000002,20.074764000000002,936100
2016-05-25,21.5,21.657408,21.351851999999997,21.416666,20.100832,588600
2016-05-26,21.444445,21.666666,21.268518,21.416666,20.100832,546200
2016-05-27,21.435184,21.722220999999998,21.314816,21.601851999999997,20.274641,724800
2016-05-31,21.592592,21.722220999999998,21.398148000000003,21.518518,20.196424,7200800
2016-06-01,21.388889000000002,21.851851999999997,21.333334,21.777779000000002,20.43976,748200
2016-06-02,21.694445,21.898148000000003,21.564816,21.861110999999998,20.517973,479600
2016-06-03,21.879629,21.916666,21.416666,21.824074,20.483207999999998,466600
2016-06-06,21.916666,21.99074,21.731482,21.861110999999998,20.517973,401100
2016-06-07,21.870371,22.546297,21.75,22.370371,20.995943,708500
2016-06-08,22.444445,22.898148000000003,22.444445,22.712963000000002,21.317486,504900
2016-06-09,22.527779000000002,22.768518,22.444445,22.731482,21.334866,403800
2016-06-10,22.453703,22.611110999999998,22.175926,22.185184,20.822134,465800
2016-06-13,22.111110999999998,22.222220999999998,21.648148000000003,21.648148000000003,20.318089999999998,301300
2016-06-14,21.537036999999998,21.75926,21.148148000000003,21.305555,19.996548,453200
2016-06-15,21.407408,21.75,21.222220999999998,21.546297,20.2225,354700
2016-06-16,21.416666,21.648148000000003,21.24074,21.638889000000002,20.309401,531500
2016-06-17,21.712963000000002,22.111110999999998,21.50926,21.953703,20.604874,1156800
2016-06-20,22.25,22.675926,22.166666,22.175926,20.813444,713000
2016-06-21,22.435184,22.453703,21.814816,22.074074,20.717852,417000
2016-06-22,22.055555,22.370371,21.916666,21.935184,20.587492,340100
2016-06-23,22.101851999999997,22.453703,21.99074,22.453703,21.074154,405900
2016-06-24,21.481482,22.027779000000002,21.453703,21.814816,20.474518,844200
2016-06-27,21.472220999999998,21.564816,20.842592,21.0,19.709764,790500
2016-06-28,21.25926,21.787036999999998,21.185184,21.694445,20.361546,600900
2016-06-29,21.962963000000002,22.305555,21.787036999999998,22.222220999999998,20.856895,530600
2016-06-30,22.25,22.546297,22.00926,22.537036999999998,21.152369,481500
2016-07-01,22.564816,22.99074,22.564816,22.824074,21.421770000000002,506300
2016-07-05,22.796297,22.925926,22.296297,22.546297,21.161057999999997,451800
2016-07-06,22.416666,23.175926,22.342592,23.138889000000002,21.717241,787800
2016-07-07,23.120371,23.444445,23.083334,23.305555,21.873667,613300
2016-07-08,23.518518,24.148148000000003,23.518518,24.129629,22.647114000000002,780100
2016-07-11,24.277779000000002,24.425926,24.083334,24.287036999999998,22.794849,641800
2016-07-12,24.425926,24.712963000000002,24.314816,24.444445,22.942585,902900
2016-07-13,24.564816,24.648148000000003,24.287036999999998,24.342592,22.846992,678000
2016-07-14,24.629629,24.629629,24.25,24.287036999999998,22.794849,555700
2016-07-15,24.425926,24.50926,24.194445,24.481482,22.977345,663900
2016-07-18,24.462963000000002,24.583334,24.287036999999998,24.564816,23.055559,297100
2016-07-19,24.583334,24.675926,24.425926,24.518518,23.01211,228400
2016-07-20,24.537036999999998,24.74074,24.425926,24.675926,23.159845,316400
2016-07-21,25.00926,25.018518,24.648148000000003,24.898148000000003,23.368412,415300
2016-07-22,24.944445,25.055555,24.648148000000003,24.981482,23.446629,335300
2016-07-25,24.972220999999998,25.148148000000003,24.833334,25.037036999999998,23.49877,387600
2016-07-26,25.074074,25.222220999999998,24.953703,25.185184,23.637815,546500
2016-07-27,25.268518,25.546297,25.148148000000003,25.287036999999998,23.73341,464700
2016-07-28,25.305555,25.407408,25.101851999999997,25.129629,23.585672,358800
2016-07-29,25.148148000000003,25.148148000000003,24.287036999999998,24.370371,22.873064000000003,521000
2016-08-01,24.314816,24.537036999999998,24.157408,24.370371,22.873064000000003,602200
2016-08-02,24.351851999999997,24.388889000000002,23.833334,23.925926,22.455925,383400
2016-08-03,24.74074,25.222220999999998,24.222220999999998,24.25,22.760085999999998,937500
2016-08-04,24.24074,24.342592,23.555555,23.685184,22.229973,713600
2016-08-05,23.814816,24.064816,23.814816,23.870371,22.403783999999998,669500
2016-08-08,23.435184,23.564816,22.935184,23.185184,21.973782,746900
2016-08-09,23.25,23.370371,23.111110999999998,23.333334,22.114191,393600
2016-08-10,23.379629,23.379629,23.018518,23.092592,21.886028,278300
2016-08-11,23.194445,23.388889000000002,23.037036999999998,23.324074,22.105413000000002,344700
2016-08-12,23.305555,23.342592,22.833334,23.018518,21.815825,356100
2016-08-15,23.129629,23.537036999999998,23.092592,23.462963000000002,22.237045000000002,412000
2016-08-16,23.370371,23.407408,23.203703,23.361110999999998,22.140516,237000
2016-08-17,23.305555,23.324074,22.972220999999998,23.25926,22.043986999999998,427700
2016-08-18,23.296297,23.564816,23.148148000000003,23.564816,22.333578,438800
2016-08-19,23.444445,23.666666,23.324074,23.666666,22.430107,372400
2016-08-22,23.666666,23.685184,23.416666,23.675926,22.438881,355400
2016-08-23,23.870371,24.546297,23.75,24.435184,23.15847,373700
2016-08-24,24.370371,24.370371,24.0,24.129629,22.868881,305700
2016-08-25,24.074074,24.351851999999997,23.953703,24.203703,22.939083,277900
2016-08-26,24.212963000000002,24.342592,23.685184,23.870371,22.623169,230300
2016-08-29,23.981482,24.185184,23.888889000000002,23.925926,22.675821,202300
2016-08-30,23.935184,24.324074,23.861110999999998,24.277779000000002,23.009291,283200
2016-08-31,24.24074,24.333334,23.814816,24.175926,22.912758,643800
2016-09-01,24.24074,24.314816,23.648148000000003,23.833334,22.588068,287900
2016-09-02,23.981482,24.296297,23.814816,23.953703,22.702147,264000
2016-09-06,24.037036999999998,24.129629,23.851851999999997,24.120371,22.860106,254400
2016-09-07,24.064816,24.777779000000002,24.064816,24.768518,23.474386,422700
2016-09-08,24.666666,24.842592,24.657408,24.675926,23.386633,391300
2016-09-09,24.453703,24.453703,23.416666,23.574074,22.342354,501400
2016-09-12,23.416666,24.185184,23.287036999999998,24.083334,22.825004999999997,561300
2016-09-13,23.851851999999997,24.027779000000002,23.175926,23.296297,22.07909,376200
2016-09-14,23.287036999999998,23.49074,23.037036999999998,23.231482,22.01766,348400
2016-09-15,23.314816,23.361110999999998,23.120371,23.231482,22.01766,277800
2016-09-16,23.027779000000002,23.055555,22.675926,22.777779000000002,21.587664,675900
2016-09-19,22.935184,23.49074,22.935184,23.083334,21.877251,277900
2016-09-20,23.129629,23.129629,22.620371,22.675926,21.491131,262300
2016-09-21,22.861110999999998,23.129629,22.648148000000003,23.083334,21.877251,326700
2016-09-22,23.324074,23.824074,23.120371,23.546297,22.316027,402000
2016-09-23,23.472220999999998,23.685184,23.361110999999998,23.564816,22.333578,238600
2016-09-26,23.388889000000002,23.666666,23.361110999999998,23.555555,22.324802,235000
2016-09-27,23.50926,23.981482,23.425926,23.861110999999998,22.614391,307600
2016-09-28,23.861110999999998,24.296297,23.796297,24.287036999999998,23.018064000000003,269200
2016-09-29,24.194445,24.342592,23.879629,24.018518,22.763576999999998,323200
2016-09-30,24.25926,24.25926,23.888889000000002,23.888889000000002,22.640722,539000
2016-10-03,23.74074,23.833334,23.49074,23.555555,22.324802,387900
2016-10-04,23.546297,23.712963000000002,23.083334,23.185184,21.973782,663300
2016-10-05,23.342592,23.601851999999997,23.222220999999998,23.305555,22.087866,906000
2016-10-06,23.24074,23.296297,22.953703,23.203703,21.991332999999997,543800
2016-10-07,23.231482,23.444445,22.787036999999998,22.796297,21.605210999999997,394100
2016-10-10,22.953703,23.231482,22.916666,22.953703,21.754398000000002,261500
2016-10-11,22.925926,22.925926,22.453703,22.592592,21.412151,248100
2016-10-12,22.638889000000002,22.703703,22.537036999999998,22.564816,21.385828,210300
2016-10-13,22.314816,22.361110999999998,22.120371,22.185184,21.026031,309300
2016-10-14,22.370371,22.592592,22.25,22.324074,21.157660999999997,343000
2016-10-17,22.333334,22.537036999999998,22.314816,22.342592,21.175213,174300
2016-10-18,22.629629,22.666666,22.472220999999998,22.564816,21.385828,162300
2016-10-19,22.638889000000002,22.962963000000002,22.444445,22.703703,21.517457999999998,397800
2016-10-20,22.555555,22.555555,22.222220999999998,22.379629,21.210316,223500
2016-10-21,22.166666,22.5,22.074074,22.472220999999998,21.298071,233600
2016-10-24,22.675926,22.861110999999998,22.611110999999998,22.842592,21.64909,324500
2016-10-25,22.638889000000002,22.638889000000002,21.981482,22.00926,20.859299,306500
2016-10-26,21.935184,22.138889000000002,21.814816,22.0,20.850521,272500
2016-10-27,22.111110999999998,22.175926,21.231482,21.314816,20.201138,243300
2016-10-28,21.333334,21.620371,21.25926,21.518518,20.394197,397900
2016-10-31,21.611110999999998,22.0,21.555555,21.953703,20.806644,578200
2016-11-01,21.527779000000002,21.888889000000002,20.657408,20.879629,19.788689,1080200
2016-11-02,20.666666,21.287036999999998,20.666666,21.157408,20.051956,614100
2016-11-03,21.231482,21.49074,21.083334,21.287036999999998,20.174812,363400
2016-11-04,21.333334,22.074074,21.24074,21.583334,20.455627,517900
2016-11-07,21.787036999999998,21.916666,21.537036999999998,21.694445,20.783838,465800
2016-11-08,21.435184,21.712963000000002,21.138889000000002,21.555555,20.650778,323700
2016-11-09,21.203703,22.148148000000003,21.120371,22.046297,21.12092,662300
2016-11-10,22.203703,23.027779000000002,21.981482,22.972220999999998,22.00798,794800
2016-11-11,22.953703,23.5,22.953703,23.351851999999997,22.371677,613000
2016-11-14,23.583334,23.907408,23.194445,23.75,22.753113,823800
2016-11-15,23.666666,23.99074,23.101851999999997,23.972220999999998,22.966007,643900
2016-11-16,23.74074,24.083334,23.629629,23.907408,22.903913,858200
2016-11-17,23.907408,24.731482,23.907408,24.25,23.232126,777000
2016-11-18,24.25,24.462963000000002,24.129629,24.388889000000002,23.365185,381700
2016-11-21,24.583334,24.768518,24.25926,24.388889000000002,23.365185,424100
2016-11-22,24.472220999999998,24.574074,24.287036999999998,24.472220999999998,23.445019,304500
2016-11-23,24.527779000000002,24.879629,24.407408,24.694445,23.657917,366200
2016-11-25,24.75926,25.064816,24.472220999999998,24.916666,23.870808,141500
2016-11-28,24.879629,25.027779000000002,24.555555,24.916666,23.870808,404500
2016-11-29,24.962963000000002,25.268518,24.796297,25.231482,24.172411,499600
2016-11-30,25.314816,25.342592,24.685184,24.888889000000002,23.8442,565700
2016-12-01,25.037036999999998,25.148148000000003,24.462963000000002,24.620371,23.58695,353300
2016-12-02,23.833334,24.314816,23.518518,23.564816,22.575703,360700
2016-12-05,23.75926,23.981482,23.601851999999997,23.75,22.753113,373800
2016-12-06,24.074074,24.314816,23.75926,24.25,23.232126,504700
2016-12-07,24.203703,25.0,24.037036999999998,24.898148000000003,23.853067000000003,428200
2016-12-08,24.842592,25.537036999999998,24.842592,25.50926,24.438528,413000
2016-12-09,25.527779000000002,25.527779000000002,24.898148000000003,25.120371,24.065962,681700
2016-12-12,24.944445,25.185184,24.712963000000002,24.851851999999997,23.808718,458600
2016-12-13,25.037036999999998,25.175926,24.629629,24.787036999999998,23.74662,239900
2016-12-14,24.75,24.953703,24.203703,24.277779000000002,23.258739000000002,344400
2016-12-15,24.379629,24.99074,23.731482,23.907408,22.903913,582900
2016-12-16,23.99074,24.666666,23.851851999999997,24.518518,23.489376,1157100
2016-12-19,24.824074,25.018518,24.398148000000003,24.555555,23.524855,366100
2016-12-20,24.611110999999998,24.75926,24.462963000000002,24.564816,23.533726,192000
2016-12-21,24.453703,24.814816,24.425926,24.657408,23.622435,224100
2016-12-22,24.666666,24.777779000000002,24.194445,24.25926,23.240995,187300
2016-12-23,24.314816,24.342592,24.157408,24.24074,23.223251,198300
2016-12-27,24.333334,24.537036999999998,24.222220999999998,24.25926,23.240995,280800
2016-12-28,24.333334,24.388889000000002,23.953703,24.064816,23.054714,211000
2016-12-29,24.083334,24.453703,24.027779000000002,24.074074,23.063581,258200
2016-12-30,24.138889000000002,24.138889000000002,23.675926,23.75926,22.761983999999998,242000
2017-01-03,24.046297,24.185184,23.657408,24.111110999999998,23.099068,739300
2017-01-04,24.231482,24.777779000000002,24.194445,24.703703,23.666784,326200
2017-01-05,24.537036999999998,24.842592,24.379629,24.787036999999998,23.74662,304800
2017-01-06,24.842592,24.962963000000002,24.018518,24.129629,23.116806,570100
2017-01-09,24.055555,24.194445,23.722220999999998,24.00926,23.00149,319600
2017-01-10,24.074074,24.472220999999998,23.962963000000002,24.333334,23.311962,215100
2017-01-11,24.296297,24.666666,23.99074,24.648148000000003,23.61356,223900
2017-01-12,24.648148000000003,24.648148000000003,23.851851999999997,24.472220999999998,23.445019,281900
2017-01-13,24.583334,24.731482,24.333334,24.546297,23.515985,216800
2017-01-17,24.49074,24.74074,24.222220999999998,24.555555,23.524855,201400
2017-01-18,24.537036999999998,24.537036999999998,24.212963000000002,24.398148000000003,23.374052,270200
2017-01-19,24.444445,24.537036999999998,24.046297,24.074074,23.063581,195300
2017-01-20,24.138889000000002,24.435184,24.129629,24.305555,23.285349,283400
2017-01-23,24.305555,24.546297,24.222220999999998,24.361110999999998,23.338572,173000
2017-01-24,24.648148000000003,25.666666,24.648148000000003,25.462963000000002,24.394176,640000
2017-01-25,25.722220999999998,26.175926,25.564816,25.685184,24.607069,403400
2017-01-26,25.879629,26.046297,25.370371,25.601851999999997,24.527237,520100
2017-01-27,25.592592,25.592592,25.055555,25.305555,24.243376,415400
2017-01-30,24.712963000000002,25.00926,23.953703,24.768518,23.72888,609000
2017-01-31,24.768518,25.055555,24.555555,25.037036999999998,23.986126000000002,558400
2017-02-01,25.925926,26.388889000000002,25.148148000000003,25.574074,24.500624,1207800
2017-02-02,25.611110999999998,26.166666,25.425926,25.879629,24.793352,1253200
2017-02-03,26.120371,26.138889000000002,25.351851999999997,25.50926,24.438528,718000
2017-02-06,25.287036999999998,25.564816,24.981482,25.194445,24.357962,686900
2017-02-07,25.194445,25.361110999999998,24.907408,25.027779000000002,24.196829,669900
2017-02-08,24.879629,25.074074,24.592592,24.944445,24.116259,686400
2017-02-09,24.953703,25.037036999999998,24.629629,24.916666,24.089405,568000
2017-02-10,25.111110999999998,26.037036999999998,24.99074,26.00926,25.145723,1024300
2017-02-13,26.120371,26.305555,25.888889000000002,26.222221,25.351612,595100
2017-02-14,26.148148000000003,26.277779,25.888889000000002,26.212963000000002,25.342661,724900
2017-02-15,26.111110999999998,26.75,26.037036999999998,26.685184000000003,25.799205999999998,829000
2017-02-16,26.75,26.796296999999996,26.435184000000003,26.592592,25.709688,883300
2017-02-17,26.509259999999998,26.509259999999998,26.166666,26.287036999999998,25.414279999999998,889500
2017-02-21,26.527779,27.185184000000003,26.407408,27.148148,26.246798,916100
2017-02-22,27.611110999999998,27.712963000000002,27.175926,27.287036999999998,26.381077,699400
2017-02-23,27.388889000000002,27.425926,26.935184000000003,27.222221,26.318413,604300
2017-02-24,27.148148,27.5,26.814815999999997,27.5,26.586966999999998,634200
2017-02-27,27.435184000000003,27.814815999999997,27.287036999999998,27.694445,26.774956,832900
2017-02-28,27.546296999999996,27.666665999999996,26.935184000000003,27.027779,26.130426,1328100
2017-03-01,27.462963000000002,27.962963000000002,27.370371000000002,27.842592,26.918186,740600
2017-03-02,27.833334000000004,28.0,27.629628999999998,27.703703000000004,26.783907,444700
2017-03-03,27.703703000000004,27.851852,27.481482,27.833334000000004,26.909237,364900
2017-03-06,27.629628999999998,27.759259999999998,27.398148,27.648148,26.730197999999998,332700
2017-03-07,27.712963000000002,27.879628999999998,27.611110999999998,27.675926,26.757054999999998,355300
2017-03-08,27.777779,28.037036999999998,27.583334000000004,27.907408,26.980847999999998,434700
2017-03-09,27.953703000000004,28.287036999999998,27.611110999999998,27.851852,26.927137,532200
2017-03-10,28.074074,28.314815999999997,27.861110999999998,28.037036999999998,27.106174,587300
2017-03-13,28.018518,28.166665999999996,27.592592,27.620371000000002,26.703342,502400
2017-03-14,27.620371000000002,27.731482,27.259259999999998,27.472221,26.560112,500600
2017-03-15,27.629628999999998,27.981482,27.5,27.861110999999998,26.936089000000003,551800
2017-03-16,27.981482,28.925926,27.935184000000003,28.703703000000004,27.750708000000003,608300
2017-03-17,27.944445,28.287036999999998,27.666665999999996,27.972221,27.043509999999998,1298200
2017-03-20,27.935184000000003,27.990740000000002,27.388889000000002,27.870371000000002,26.945041999999997,530800
2017-03-21,28.018518,28.240740000000002,27.138889000000002,27.351852,26.443739,712500
2017-03-22,27.351852,27.370371000000002,26.787036999999998,27.203703000000004,26.300508,515700
2017-03-23,27.212963000000002,27.657408,27.120371000000002,27.287036999999998,26.381077,357000
2017-03-24,27.398148,27.657408,27.231482,27.435184000000003,26.524303000000003,432600
2017-03-27,27.037036999999998,27.462963000000002,26.731482,27.388889000000002,26.479546000000003,326700
2017-03-28,27.277779,27.796296999999996,27.203703000000004,27.740740000000002,26.819715000000002,316000
2017-03-29,27.675926,27.981482,27.555555,27.870371000000002,26.945041999999997,343100
2017-03-30,27.861110999999998,28.037036999999998,27.648148,27.851852,26.927137,381900
2017-03-31,27.879628999999998,27.916665999999996,27.620371000000002,27.824074,26.900282,378800
2017-04-03,27.935184000000003,28.0,27.638889000000002,27.685184000000003,26.766006,370200
2017-04-04,27.648148,27.731482,27.398148,27.564815999999997,26.649633,254900
2017-04-05,27.75,27.879628999999998,27.027779,27.055555,26.15728,486300
2017-04-06,27.064815999999997,27.537036999999998,26.953703000000004,27.416665999999996,26.506401,310000
2017-04-07,27.342592,27.555555,27.240740000000002,27.370371000000002,26.461643,312600
2017-04-10,27.425926,27.870371000000002,27.314815999999997,27.527779,26.613825,331600
2017-04-11,27.518518,27.898148,27.453703000000004,27.777779,26.855526,374300
2017-04-12,27.768518,27.870371000000002,27.509259999999998,27.657408,26.739148999999998,235300
2017-04-13,27.629628999999998,27.935184000000003,27.509259999999998,27.537036999999998,26.622776,249900
2017-04-17,27.731482,28.601852,27.648148,28.546296999999996,27.598526,489300
2017-04-18,28.462963000000002,29.240740000000002,28.379628999999998,28.777779,27.822325,1128400
2017-04-19,28.907408,29.083334000000004,28.601852,28.851852,27.89394,488100
2017-04-20,29.138889000000002,29.166665999999996,28.296296999999996,28.870371000000002,27.911839,422000
2017-04-21,28.833334000000004,28.990740000000002,28.462963000000002,28.962963000000002,28.001358000000003,421300
2017-04-24,29.564815999999997,29.564815999999997,28.740740000000002,28.935184000000003,27.974503000000002,372600
2017-04-25,28.953703000000004,28.953703000000004,28.379628999999998,28.657408,27.705948,554500
2017-04-26,28.712963000000002,29.268518,28.444445,29.074074,28.10878,524400
2017-04-27,29.148148,29.240740000000002,28.916665999999996,29.148148,28.180395,357800
2017-04-28,29.194445,29.194445,28.444445,28.712963000000002,27.759659000000003,302400
2017-05-01,28.833334000000004,29.092592,28.638889000000002,28.898148,27.938696000000004,324900
2017-05-02,28.898148,29.083334000000004,28.555555,28.722221,27.768612,437800
2017-05-03,28.675926,28.777779,28.268518,28.444445,27.500055,283800
2017-05-04,28.537036999999998,28.703703000000004,28.379628999999998,28.5,27.553767999999998,241200
2017-05-05,28.703703000000004,28.703703000000004,28.370371000000002,28.638889000000002,27.688046000000003,537200
2017-05-08,28.425926,28.712963000000002,28.277779,28.453703000000004,27.733165999999997,560700
2017-05-09,29.324074,31.574074,29.240740000000002,31.574074,30.774519,1744300
2017-05-10,31.009259999999998,31.435184000000003,29.5,31.398148,30.603047999999998,1008200
2017-05-11,31.268518,32.166668,31.157408,32.0,31.189660999999997,1001900
2017-05-12,31.953703000000004,32.592594,31.759259999999998,32.490742,31.667972999999996,665900
2017-05-15,32.638889,33.324073999999996,32.611111,32.990742,32.155312,959700
2017-05-16,31.981482,32.388889,31.481482,32.333332,31.514549,898800
2017-05-17,32.333332,32.333332,31.305555,31.314815999999997,30.521826,860100
2017-05-18,31.074074,31.787036999999998,30.833334000000004,31.657408,30.855742,1174500
2017-05-19,31.824074,32.222221000000005,31.712963000000002,31.842592,31.036238,786100
2017-05-22,31.944445,32.314816,31.620371000000002,31.787036999999998,30.982090000000003,654300
2017-05-23,32.129630999999996,32.157406,31.240740000000002,31.425926,30.630121000000003,939500
2017-05-24,31.324074,31.759259999999998,31.157408,31.75,30.945991999999997,577800
2017-05-25,31.796296999999996,31.990740000000002,31.342592,31.453703000000004,30.657196000000003,273100
2017-05-26,31.425926,31.629628999999998,31.305555,31.453703000000004,30.657196000000003,422400
2017-05-30,31.462963000000002,31.685184000000003,31.240740000000002,31.509259999999998,30.711346000000002,563900
2017-05-31,31.592592,31.740740000000002,31.055555,31.157408,30.368403999999998,443800
2017-06-01,31.25,31.509259999999998,31.018518,31.509259999999998,30.711346000000002,814800
2017-06-02,31.546296999999996,32.657406,31.546296999999996,32.472221000000005,31.649922999999998,542300
2017-06-05,32.51852,32.592594,31.888889000000002,31.990740000000002,31.180634,328000
2017-06-06,31.777779,32.212963,31.592592,31.712963000000002,30.909891,311600
2017-06-07,31.648148,31.824074,31.342592,31.398148,30.603047999999998,525200
2017-06-08,31.435184000000003,31.638889000000002,31.175926,31.25,30.458651,538200
2017-06-09,31.342592,31.453703000000004,30.962963000000002,31.342592,30.548899,537300
2017-06-12,31.370371000000002,31.796296999999996,31.268518,31.379628999999998,30.584999,407300
2017-06-13,31.462963000000002,32.064816,31.342592,31.962963000000002,31.153561,437400
2017-06-14,32.101852,32.638889,31.805555,32.166668,31.352108,451400
2017-06-15,31.777779,32.157406,31.629628999999998,31.814815999999997,31.009163,294200
2017-06-16,30.953703000000004,32.009258,30.953703000000004,31.851852,31.045263000000002,775000
2017-06-19,32.055557,32.370369000000004,31.888889000000002,32.148148,31.334055,343000
2017-06-20,32.277778999999995,32.907406,32.259258,32.574073999999996,31.749195,506300
2017-06-21,32.592594,33.009258,32.314816,32.611111,31.785294,730700
2017-06-22,32.620369000000004,32.648148,32.111111,32.370369000000004,31.55065,363500
2017-06-23,32.240742,32.694443,32.129630999999996,32.222221000000005,31.406252000000002,511100
2017-06-26,32.324073999999996,32.648148,32.222221000000005,32.629630999999996,31.803347,341600
2017-06-27,32.629630999999996,33.203705,32.5,33.074073999999996,32.236534000000006,717000
2017-06-28,33.296295,34.185184,33.009258,34.009258,33.148037,752000
2017-06-29,33.953705,34.046295,32.185184,32.722221000000005,31.893589000000002,805100
2017-06-30,32.824073999999996,33.01852,32.703705,32.712963,31.884569,605900
2017-07-03,32.935184,33.037037,32.555557,32.574073999999996,31.749195,187400
2017-07-05,32.453705,32.75,32.027778999999995,32.73148,31.902618,454500
2017-07-06,32.435184,32.592594,32.074073999999996,32.296295,31.478451,317600
2017-07-07,32.314816,33.092594,32.26852,32.935184,32.101166,627800
2017-07-10,33.009258,33.657406,32.861111,33.453705,32.606548,1210800
2017-07-11,33.333332,33.537037,32.537037,33.194443,32.353854999999996,594800
2017-07-12,33.509258,33.842594,33.23148,33.305557,32.462154,623600
2017-07-13,33.435184,33.583332,33.009258,33.462963,32.615578,396700
2017-07-14,33.453705,33.694443,33.287037,33.416668,32.570454,307400
2017-07-17,33.435184,33.76852,33.407406,33.453705,32.606548,537700
2017-07-18,33.333332,33.435184,32.453705,33.037037,32.200432,526000
2017-07-19,33.129630999999996,33.620369000000004,33.037037,33.388889,32.543377,417100
2017-07-20,33.490742,33.490742,32.870369000000004,33.0,32.164336999999996,298300
2017-07-21,33.129630999999996,33.638889,32.870369000000004,32.972221000000005,32.13726,439000
2017-07-24,32.953705,33.129630999999996,32.722221000000005,33.027778999999995,32.19141,385800
2017-07-25,33.157406,33.23148,32.638889,33.083332,32.24556,409100
2017-07-26,33.166668,33.305557,32.611111,32.73148,31.902618,357600
2017-07-27,32.796295,32.796295,31.824074,32.120369000000004,31.306978000000004,717400
2017-07-28,32.01852,32.166668,31.601852,32.111111,31.297958,726800
2017-07-31,32.166668,32.277778999999995,31.740740000000002,31.75,30.945991999999997,842200
2017-08-01,30.898148,33.48148,30.148148,33.425926000000004,32.579475,1387000
2017-08-02,33.416668,33.796295,31.833334000000004,31.898148,31.090384999999998,777400
2017-08-03,31.898148,32.111111,31.481482,31.935184000000003,31.126486,1119900
2017-08-04,32.111111,32.25,31.824074,32.0,31.189660999999997,640800
2017-08-07,31.768518,31.944445,31.444445,31.509259999999998,30.935122999999997,417500
2017-08-08,31.472221,31.879628999999998,31.212963000000002,31.481482,30.90785,432600
2017-08-09,31.314815999999997,31.314815999999997,30.814815999999997,30.907408,30.344236,687400
2017-08-10,30.620371000000002,30.861110999999998,30.083334000000004,30.111110999999998,29.56245,547300
2017-08-11,29.722221,30.305555,29.462963000000002,30.166665999999996,29.616993,848700
2017-08-14,30.324074,30.759259999999998,30.277779,30.675926,30.116974,576100
2017-08-15,30.712963000000002,31.111110999999998,30.555555,30.842592,30.280603000000003,451200
2017-08-16,30.907408,31.037036999999998,30.777779,30.935184000000003,30.371509999999997,405400
2017-08-17,30.870371000000002,30.981482,29.981482,30.027779,29.480636999999998,526500
2017-08-18,29.759259999999998,30.111110999999998,29.638889000000002,29.648148,29.107922,681700
2017-08-21,29.722221,29.925926,29.546296999999996,29.648148,29.107922,443300
2017-08-22,29.694445,29.898148,29.231482,29.425926,28.88975,365600
2017-08-23,29.287036999999998,29.675926,28.888889000000002,28.953703000000004,28.426132,783400
2017-08-24,29.138889000000002,29.203703000000004,28.583334000000004,28.675926,28.153418,833200
2017-08-25,28.898148,29.166665999999996,28.675926,28.731482,28.207959999999996,660500
2017-08-28,28.805555,28.805555,28.268518,28.481482,27.962515000000003,769200
2017-08-29,28.25,28.824074,28.25,28.444445,27.926151,563800
2017-08-30,29.120371000000002,29.120371000000002,28.657408,28.796296999999996,28.271593,619100
2017-08-31,28.925926,29.259259999999998,28.861110999999998,28.935184000000003,28.407949,753600
2017-09-01,29.027779,29.435184000000003,28.731482,29.101852,28.571581,776000
2017-09-05,29.0,29.092592,28.472221,28.666665999999996,28.144325,448700
2017-09-06,28.75,28.935184000000003,28.148148,28.398148,27.880699,935400
2017-09-07,28.416665999999996,28.629628999999998,27.935184000000003,28.046296999999996,27.535259000000003,576700
2017-09-08,28.0,28.537036999999998,28.0,28.175926,27.662527,495700
2017-09-11,28.314815999999997,28.833334000000004,28.305555,28.722221,28.198868,384900
2017-09-12,28.787036999999998,29.166665999999996,28.675926,29.157408,28.626123,355900
2017-09-13,29.120371000000002,29.259259999999998,28.638889000000002,29.157408,28.626123,735200
2017-09-14,28.944445,29.388889000000002,28.833334000000004,29.277779,28.744303000000002,622000
2017-09-15,29.324074,29.453703000000004,28.990740000000002,29.314815999999997,28.780664,1006200
2017-09-18,29.379628999999998,29.620371000000002,29.268518,29.546296999999996,29.007927000000002,443100
2017-09-19,29.592592,29.768518,29.453703000000004,29.666665999999996,29.126103999999998,366000
2017-09-20,29.620371000000002,29.759259999999998,29.268518,29.277779,28.744303000000002,566400
2017-09-21,29.259259999999998,29.5,29.259259999999998,29.379628999999998,28.844296000000003,242700
2017-09-22,29.444445,29.898148,29.398148,29.740740000000002,29.198828000000002,429500
2017-09-25,29.611110999999998,30.064815999999997,29.5,29.944445,29.398821,462100
2017-09-26,30.055555,30.296296999999996,29.907408,29.981482,29.435183000000002,478400
2017-09-27,30.120371000000002,30.379628999999998,29.898148,30.185184000000003,29.635174,505900
2017-09-28,30.212963000000002,30.620371000000002,30.083334000000004,30.453703000000004,29.8988,333400
2017-09-29,30.620371000000002,30.842592,30.333334000000004,30.75,30.189697,727400
2017-10-02,30.768518,31.120371000000002,30.518518,31.111110999999998,30.54423,380900
2017-10-03,31.342592,31.601852,30.675926,31.583334000000004,31.007846999999998,400700
2017-10-04,31.574074,31.870371000000002,31.370371000000002,31.833334000000004,31.253292,642100
2017-10-05,32.01852,32.342594,31.842592,32.166668,31.580553000000002,422400
2017-10-06,32.083332,32.444443,32.027778999999995,32.23148,31.644182,433500
2017-10-09,32.333332,32.740742,32.314816,32.527778999999995,31.935083000000002,377700
2017-10-10,32.629630999999996,32.73148,32.26852,32.648148,32.053257,352700
2017-10-11,32.638889,33.009258,32.555557,32.972221000000005,32.371429,373700
2017-10-12,32.851852,33.370369000000004,32.805557,33.26852,32.662327000000005,403800
2017-10-13,33.379630999999996,33.546295,33.194443,33.287037,32.680508,463800
2017-10-16,33.287037,33.546295,32.953705,32.962963,32.362339,357000
2017-10-17,32.898148,33.064816,32.824073999999996,32.962963,32.362339,313400
2017-10-18,33.074073999999996,33.435184,32.907406,33.296295,32.689594,300100
2017-10-19,33.129630999999996,33.851852,32.898148,33.824073999999996,33.207755999999996,325200
2017-10-20,34.064816,34.222221000000005,33.546295,33.648148,33.035038,449200
2017-10-23,33.694443,33.842594,33.555557,33.759258,33.144123,235000
2017-10-24,33.944443,34.148148,33.842594,33.944443,33.325935,459000
2017-10-25,33.601852,34.037037,33.277778999999995,33.342594,32.73505,458600
2017-10-26,33.425926000000004,33.953705,33.333332,33.76852,33.153217,574500
2017-10-27,33.98148,33.98148,33.370369000000004,33.722221000000005,33.107760999999996,574400
2017-10-30,34.0,34.083332,33.407406,33.814816,33.198669,477200
2017-10-31,33.824073999999996,34.388889,33.722221000000005,34.296295,33.671375,908600
2017-11-01,34.490742,34.675926000000004,34.287037,34.527778999999995,33.898643,802600
2017-11-02,34.675926000000004,34.675926000000004,30.277779,30.379628999999998,29.826075,1771900
2017-11-03,30.240740000000002,31.398148,30.240740000000002,30.694445,30.135154999999997,1002500
2017-11-06,30.703703000000004,30.953703000000004,30.342592,30.629628999999998,30.07152,508500
2017-11-07,30.453703000000004,30.629628999999998,29.935184000000003,29.990740000000002,29.686575,551500
2017-11-08,29.962963000000002,30.916665999999996,29.666665999999996,30.657408,30.346481,584600
2017-11-09,30.333334000000004,30.870371000000002,30.231482,30.648148,30.337315000000004,436600
2017-11-10,30.555555,30.833334000000004,30.518518,30.555555,30.245663,231700
2017-11-13,30.416665999999996,30.814815999999997,30.324074,30.666665999999996,30.355646000000004,519800
2017-11-14,30.444445,31.037036999999998,30.333334000000004,31.009259999999998,30.694765000000004,592800
2017-11-15,30.796296999999996,30.861110999999998,30.416665999999996,30.722221,30.410637,528400
2017-11-16,30.888889000000002,31.203703000000004,30.768518,30.944445,30.630608000000002,331800
2017-11-17,30.777779,31.611110999999998,30.777779,31.388889000000002,31.070543,341500
2017-11-20,31.379628999999998,31.777779,31.296296999999996,31.657408,31.336340000000003,320500
2017-11-21,31.805555,32.574073999999996,31.712963000000002,32.5,32.170387,606900
2017-11-22,32.48148,32.592594,31.981482,32.083332,31.757944000000002,451600
2017-11-24,32.101852,32.324073999999996,31.851852,32.259258,31.932084999999997,220800
2017-11-27,32.148148,32.148148,31.851852,31.972221,31.647961,347100
2017-11-28,32.055557,32.870369000000004,32.055557,32.703705,32.372025,481000
2017-11-29,32.722221000000005,33.333332,32.722221000000005,33.175926000000004,32.839458,442900
2017-11-30,33.527778999999995,33.638889,32.962963,33.166668,32.830292,506000
2017-12-01,33.074073999999996,33.138889,31.796296999999996,32.990742,32.656151,465000
2017-12-04,33.619999,33.900002,32.799999,32.91,32.576229,581000
2017-12-05,32.32,32.57,31.73,31.75,31.427992,593700
2017-12-06,31.690001000000002,32.099998,31.200001,31.34,31.02215,618700
2017-12-07,32.009997999999996,32.139998999999996,31.219998999999998,31.74,31.418095,487700
2017-12-08,32.009997999999996,32.099998,31.709999,31.84,31.51708,411800
2017-12-11,31.969998999999998,32.060001,31.290001,31.379998999999998,31.061745000000002,422500
2017-12-12,31.290001,31.559998999999998,31.08,31.17,30.853873999999998,468300
2017-12-13,31.299999,31.700001,31.23,31.33,31.012253,495100
2017-12-14,31.4,31.49,31.040001,31.23,30.913265000000003,524100
2017-12-15,31.33,31.610001,31.26,31.549999,31.230021,1409100
2017-12-18,31.76,32.27,31.469998999999998,32.209998999999996,31.883326,820900
2017-12-19,32.150002,32.279999,31.52,31.549999,31.230021,262500
2017-12-20,31.83,31.93,31.559998999999998,31.67,31.348803999999998,285300
2017-12-21,31.75,32.18,31.709999,31.959999,31.635862,239700
2017-12-22,32.09,32.09,31.450001,31.559998999999998,31.23992,420900
2017-12-26,31.52,32.009997999999996,31.52,31.780001000000002,31.457689000000002,176100
2017-12-27,31.9,32.209998999999996,31.67,31.790001,31.467588,180500
2017-12-28,31.870001000000002,32.07,31.65,32.040001000000004,31.715052000000004,292400
2017-12-29,32.09,32.18,31.799999,31.879998999999998,31.556672999999996,248200
2018-01-02,32.18,32.610001000000004,31.870001000000002,32.560001,32.229778,536700
2018-01-03,33.400002,34.439999,33.099998,34.389998999999996,34.041218,875100
2018-01-04,34.700001,34.700001,33.650002,33.889998999999996,33.546288,479200
2018-01-05,34.240002000000004,34.41,33.830002,34.400002,34.051117,265700
2018-01-08,34.41,34.630001,34.09,34.369999,34.02142,240400
2018-01-09,34.34,35.049999,34.130001,34.580002,34.229294,600200
2018-01-10,34.360001000000004,34.43,33.5,33.529999,33.189938,467200
2018-01-11,33.880001,34.380001,33.389998999999996,34.34,33.991726,1089100
2018-01-12,34.470001,34.470001,33.990002000000004,34.119999,33.773956,365400
2018-01-16,34.360001000000004,34.41,33.509997999999996,33.639998999999996,33.298823999999996,416700
2018-01-17,33.970001,34.790001000000004,33.869999,34.689999,34.338173,466100
2018-01-18,34.630001,34.73,33.919998,33.970001,33.625477000000004,334100
2018-01-19,34.029999,34.52,33.93,34.459998999999996,34.110508,370800
2018-01-22,34.43,34.68,34.279999,34.68,34.328278000000005,246400
2018-01-23,34.700001,34.77,34.110001000000004,34.639998999999996,34.288681,268700
2018-01-24,34.889998999999996,35.18,34.310001,34.639998999999996,34.288681,520700
2018-01-25,34.82,34.82,33.709998999999996,34.16,33.813549,468000
2018-01-26,34.259997999999996,34.349998,33.709998999999996,34.130001,33.783854999999996,574800
2018-01-29,34.060001,34.139998999999996,33.490002000000004,33.59,33.249332,895700
2018-01-30,33.18,33.52,32.509997999999996,33.330002,32.99197,953300
2018-01-31,33.779999,34.119999,33.66,33.709998999999996,33.368114,1734100
2018-02-01,32.029999,35.110001000000004,31.5,34.009997999999996,33.66507,1361500
2018-02-02,33.709998999999996,33.709998999999996,31.34,32.009997999999996,31.685353999999997,1372900
2018-02-05,31.5,31.610001,29.129998999999998,29.58,29.280001000000002,1559600
2018-02-06,28.559998999999998,30.450001,28.280001000000002,30.41,30.41,1965100
2018-02-07,30.24,30.969998999999998,30.16,30.309998999999998,30.309998999999998,1210000
2018-02-08,30.34,30.4,28.73,28.74,28.74,1259600
2018-02-09,29.24,29.870001000000002,28.41,29.48,29.48,1811600
2018-02-12,29.82,29.82,29.059998999999998,29.610001,29.610001,970700
2018-02-13,30.01,30.74,29.639999,29.84,29.84,1091000
2018-02-14,29.52,30.43,29.469998999999998,30.27,30.27,913300
2018-02-15,30.66,30.66,29.73,30.059998999999998,30.059998999999998,760900
2018-02-16,29.99,30.879998999999998,29.99,30.73,30.73,535700
2018-02-20,30.59,30.67,30.1,30.23,30.23,652700
2018-02-21,30.379998999999998,30.889999,30.129998999999998,30.129998999999998,30.129998999999998,590600
2018-02-22,30.33,30.540001,29.91,30.1,30.1,941200
2018-02-23,30.0,30.0,28.82,29.15,29.15,879100
2018-02-26,29.33,29.370001000000002,28.690001000000002,29.129998999999998,29.129998999999998,640700
2018-02-27,28.969998999999998,29.67,28.620001000000002,28.629998999999998,28.629998999999998,1008600
2018-02-28,28.629998999999998,28.67,27.379998999999998,27.68,27.68,1009800
2018-03-01,27.709999,27.860001,27.129998999999998,27.540001,27.540001,1114400
2018-03-02,27.23,27.860001,26.940001000000002,27.780001000000002,27.780001000000002,812900
2018-03-05,27.51,28.24,27.51,27.959999,27.959999,299617
