Date,Open,High,Low,Close,Adj Close,Volume
2015-01-02,1057.0,1059.0,1041.0,1049.0,963.0812380000001,954260
2015-01-05,1042.0,1068.0,1018.0,1021.0,937.374634,1981929
2015-01-06,1022.0,1034.0,1006.0,1018.0,934.6203,1083155
2015-01-07,1022.0,1034.0,1010.0,1023.0,939.210754,979462
2015-01-08,1039.0,1056.0,1030.939941,1053.0,966.753601,744963
2015-01-09,1048.0,1056.0,1042.0,1049.0,963.0812380000001,1223550
2015-01-12,1055.0,1080.0,1055.0,1067.0,979.6069949999999,917358
2015-01-13,1065.0,1089.0,1065.0,1081.0,992.460266,961729
2015-01-14,1059.0,1061.0,1035.0,1052.0,965.835632,1758422
2015-01-15,1062.0,1078.199951,1040.0,1078.0,989.7061160000001,1347775
2015-01-16,1069.0,1073.0,1048.0,1063.0,975.9345699999999,1042225
2015-01-19,1065.0,1080.0,1061.0,1075.0,986.9517210000001,551559
2015-01-20,1085.0,1093.0,1078.0,1088.0,998.887085,923680
2015-01-21,1092.0,1111.0,1090.0,1111.0,1020.0031740000001,1636378
2015-01-22,1117.0,1143.0,1112.0,1138.0,1044.791626,1437362
2015-01-23,1156.0,1174.359985,1145.0,1150.0,1055.80896,1418704
2015-01-26,1138.0,1178.0,1135.0,1178.0,1081.5153810000002,1203548
2015-01-27,1183.0,1195.0,1166.0,1174.0,1077.84314,1758084
2015-01-28,1188.0,1200.719971,1163.0,1177.0,1080.59729,1820935
2015-01-29,1174.0,1194.0,1174.0,1188.0,1090.696289,1390233
2015-01-30,1196.0,1209.0,1188.0,1189.0,1091.614624,1380818
2015-02-02,1195.0,1200.0,1177.0,1189.0,1091.614624,1128234
2015-02-03,1195.0,1218.0,1192.0,1210.0,1110.8945310000001,1151674
2015-02-04,1210.0,1212.0,1190.0,1205.0,1106.303955,1159555
2015-02-05,1199.0,1218.0,1196.0,1218.0,1118.239258,952554
2015-02-06,1219.0,1227.0,1211.0,1217.0,1117.321167,857399
2015-02-09,1215.0,1215.0,1191.0,1205.0,1106.303955,850955
2015-02-10,1214.0,1239.0,1214.0,1227.0,1126.502197,1735707
2015-02-11,1227.0,1229.0,1212.0,1228.0,1127.420288,740411
2015-02-12,1230.0,1266.0,1229.0,1258.0,1154.963013,1427662
2015-02-13,1261.0,1275.430054,1246.0,1257.0,1154.044922,1420635
2015-02-16,1252.0,1266.0,1245.099976,1251.0,1148.536377,870409
2015-02-17,1243.0,1258.0,1235.0,1246.0,1143.946045,1278960
2015-02-18,1245.0,1256.0,1235.0,1254.0,1151.2907710000002,1597891
2015-02-19,1259.0,1275.0,1254.0,1267.0,1163.225952,1085829
2015-02-20,1264.0,1276.0,1263.0,1271.0,1166.8983150000001,995181
2015-02-23,1272.0,1283.0,1265.0,1277.0,1172.406982,1062802
2015-02-24,1282.0,1311.0,1277.0,1310.0,1202.704102,1685543
2015-02-25,1313.0,1351.0,1313.0,1340.0,1230.246948,1775135
2015-02-26,1333.0,1338.0,1328.0,1338.0,1228.410645,1250286
2015-02-27,1333.0,1340.0,1325.0,1330.0,1221.065918,1830031
2015-03-02,1332.0,1347.0,1324.0,1330.0,1221.065918,1678585
2015-03-03,1327.0,1346.0,1316.0,1317.0,1209.130737,2149481
2015-03-04,1326.0,1328.0,1301.099976,1322.0,1213.721069,1881991
2015-03-05,1320.0,1352.0,1315.0,1352.0,1241.263916,1229205
2015-03-06,1356.0,1364.0,1344.0,1347.0,1236.673584,1651525
2015-03-09,1344.0,1346.0,1330.0,1340.0,1230.246948,1602218
2015-03-10,1330.0,1345.0,1309.0,1309.0,1201.786011,1547470
2015-03-11,1313.0,1336.0,1312.0,1332.0,1222.9019779999999,1794721
2015-03-12,1334.0,1343.0,1324.0,1330.0,1221.065918,1149815
2015-03-13,1330.0,1343.0,1328.0,1340.0,1230.246948,1354792
2015-03-16,1342.0,1364.0,1342.0,1360.0,1248.608765,1844599
2015-03-17,1359.0,1364.0,1328.0,1342.0,1232.08313,1204957
2015-03-18,1339.0,1362.0,1336.0,1360.0,1248.608765,1219418
2015-03-19,1365.0,1369.0,1340.0,1346.0,1235.7553710000002,1400725
2015-03-20,1349.0,1350.0,1326.0,1348.0,1237.591553,1695963
2015-03-23,1342.0,1342.0,1323.0,1340.0,1230.246948,1411430
2015-03-24,1337.0,1352.0,1329.0,1339.0,1229.328735,1329799
2015-03-25,1344.0,1365.0,1336.0,1340.0,1230.246948,1185228
2015-03-26,1326.0,1326.0,1291.0,1308.0,1200.867798,1647040
2015-03-27,1308.0,1316.0,1292.0,1303.0,1196.2773439999999,980236
2015-03-30,1316.0,1323.0,1292.0,1301.0,1194.4411619999998,1543452
2015-03-31,1302.0,1319.0,1293.0,1298.0,1191.68689,1675881
2015-04-01,1295.0,1307.0,1285.280029,1299.0,1192.60498,1539458
2015-04-02,1300.0,1314.0,1295.0,1306.0,1199.0314939999998,990218
2015-04-07,1306.0,1350.0,1306.0,1350.0,1239.4279789999998,1768680
2015-04-08,1354.0,1370.0,1347.0,1360.0,1248.608765,2045762
2015-04-09,1364.0,1401.0,1364.0,1397.0,1282.5782470000001,2047372
2015-04-10,1401.0,1417.0,1394.0,1416.0,1300.0219730000001,1720554
2015-04-13,1411.0,1417.0,1401.0,1411.0,1295.431519,1581679
2015-04-14,1407.0,1414.0,1390.0,1400.0,1285.33252,1641498
2015-04-15,1406.0,1406.0,1384.0,1387.0,1273.397339,1876925
2015-04-16,1393.0,1396.0,1373.0,1383.0,1269.724976,1774550
2015-04-17,1385.0,1397.0,1353.0,1358.0,1246.772461,2273260
2015-04-20,1367.0,1387.0,1362.0,1368.0,1255.953491,1381797
2015-04-21,1373.0,1391.0,1364.0,1374.0,1261.462036,1493350
2015-04-22,1383.0,1391.0,1337.5,1353.0,1242.182007,1218066
2015-04-23,1334.0,1351.0,1313.0,1322.0,1240.09021,1592729
2015-04-24,1343.0,1358.0,1325.0,1354.0,1270.107544,2833743
2015-04-27,1349.0,1372.0,1342.0,1366.0,1281.364014,1066791
2015-04-28,1360.0,1367.0,1334.0,1339.0,1256.036987,1603855
2015-04-29,1335.0,1346.0,1299.400024,1312.0,1230.709839,1555743
2015-04-30,1312.0,1323.0,1296.0,1323.0,1241.028198,1897634
2015-05-01,1319.0,1327.0,1303.0,1322.0,1240.09021,615335
2015-05-05,1322.0,1338.0,1291.0,1291.0,1211.010864,1466055
2015-05-06,1288.0,1327.0,1284.0,1311.0,1229.7717289999998,1962955
2015-05-07,1308.0,1325.0,1279.0,1320.0,1238.213989,2146491
2015-05-08,1341.0,1353.0,1326.0,1347.0,1263.54126,1620986
2015-05-11,1347.0,1352.0,1319.0,1322.0,1240.09021,1394149
2015-05-12,1312.0,1322.0,1292.0,1298.0,1217.577148,1457044
2015-05-13,1400.0,1450.300049,1390.0,1414.0,1326.390015,3891995
2015-05-14,1423.0,1459.0,1420.0,1453.0,1362.973511,2082167
2015-05-15,1452.0,1471.0,1445.949951,1451.0,1361.0974119999998,1675048
2015-05-18,1456.0,1467.0,1443.0,1460.0,1369.539917,1488855
2015-05-19,1474.0,1491.0,1469.0,1485.0,1392.991089,1738312
2015-05-20,1485.0,1523.0,1482.0,1521.0,1426.760376,2276263
2015-05-21,1518.0,1522.0,1501.0,1509.0,1415.5039060000001,1463429
2015-05-22,1517.0,1523.0,1503.0,1515.0,1421.13208,1427334
2015-05-26,1515.0,1534.0,1493.0,1502.0,1408.9375,2759945
2015-05-27,1502.0,1506.0,1479.0,1504.0,1410.813599,2268545
2015-05-28,1503.0,1505.0,1483.0,1493.0,1400.495239,2281483
2015-05-29,1493.0,1498.0,1462.0,1476.0,1384.548584,23457874
2015-06-01,1478.0,1488.0,1450.0,1454.0,1363.911499,2330837
2015-06-02,1462.0,1471.0,1433.0,1437.0,1347.964966,3059187
2015-06-03,1437.0,1439.0,1417.0,1426.0,1337.6464839999999,2992136
2015-06-04,1422.0,1422.0,1388.0,1399.0,1312.319214,2517689
2015-06-05,1398.0,1404.949951,1370.0,1381.0,1295.434692,1600287
2015-06-08,1381.0,1386.0,1368.0,1368.0,1283.240112,1334473
2015-06-09,1369.0,1409.0,1362.0,1395.0,1308.567139,3631088
2015-06-10,1397.0,1425.0,1386.0,1417.0,1329.204224,2456672
2015-06-11,1416.0,1434.0,1403.0,1414.0,1326.390015,1844930
2015-06-12,1411.0,1418.0,1388.0,1400.0,1313.257324,2020391
2015-06-15,1390.0,1391.0,1362.0,1362.0,1277.611938,1355073
2015-06-16,1360.0,1383.0,1351.0,1380.0,1294.496704,1982717
2015-06-17,1384.0,1390.0,1360.0,1368.0,1283.240112,2728652
2015-06-18,1362.0,1404.5,1352.0,1400.0,1313.257324,2140578
2015-06-19,1397.0,1418.0,1393.0,1410.0,1322.637817,2664243
2015-06-22,1435.0,1437.0,1418.0,1428.0,1339.522461,2453267
2015-06-23,1434.0,1438.0,1425.0,1431.0,1342.336792,1224654
2015-06-24,1428.0,1433.0,1412.0,1417.0,1329.204224,1320015
2015-06-25,1415.0,1445.0,1411.0,1441.0,1351.717163,1162712
2015-06-26,1435.0,1440.0,1423.0,1429.0,1340.460571,1025828
2015-06-29,1382.0,1406.0,1382.0,1384.0,1298.248901,1623624
2015-06-30,1377.0,1387.0,1363.0,1371.0,1286.054199,1654875
2015-07-01,1380.0,1399.0,1371.0,1393.0,1306.69104,1462167
2015-07-02,1389.0,1395.0,1380.0,1387.0,1301.0629880000001,945593
2015-07-03,1384.0,1393.0,1378.0,1385.0,1299.186768,971210
2015-07-06,1364.0,1374.0,1356.0,1361.0,1276.673828,906029
2015-07-07,1366.0,1372.0,1352.0,1354.0,1270.107544,1799879
2015-07-08,1352.0,1378.0,1341.0,1374.0,1288.868286,1659131
2015-07-09,1383.0,1432.0,1378.0,1432.0,1343.27478,3364216
2015-07-10,1459.0,1460.0,1440.0,1454.0,1363.911499,1677383
2015-07-13,1472.0,1485.0,1467.0,1484.0,1392.0529789999998,1259041
2015-07-14,1484.0,1493.0,1469.0,1483.0,1391.114868,1377778
2015-07-15,1479.0,1511.0,1479.0,1507.0,1413.62793,1315645
2015-07-16,1517.0,1518.0,1506.0,1516.0,1422.0701900000001,1403111
2015-07-17,1516.0,1519.0,1504.0,1518.0,1423.946289,971127
2015-07-20,1519.0,1526.0,1512.0,1523.0,1428.6363529999999,1678898
2015-07-21,1528.0,1531.599976,1503.0,1520.0,1425.8222660000001,1583174
2015-07-22,1504.0,1525.0,1504.0,1506.0,1412.689819,1325381
2015-07-23,1517.0,1520.0,1508.0,1519.0,1424.8842769999999,1334094
2015-07-24,1515.0,1528.0,1489.0,1493.0,1400.495239,1166938
2015-07-27,1487.0,1493.0,1468.0,1483.0,1391.114868,1136579
2015-07-28,1496.0,1519.0,1491.0,1515.0,1421.13208,1593350
2015-07-29,1523.0,1544.0,1506.0,1543.0,1447.397339,1836159
2015-07-30,1551.0,1552.0,1518.0,1529.0,1434.264648,1402130
2015-07-31,1537.0,1541.0,1522.0,1540.0,1444.58313,1500944
2015-08-03,1530.0,1549.0,1526.0,1543.0,1447.397339,984184
2015-08-04,1543.0,1583.0,1531.0,1583.0,1484.919067,2522956
2015-08-05,1582.0,1597.0,1582.0,1594.0,1495.237305,1890877
2015-08-06,1594.0,1606.0,1552.0,1559.0,1462.4060060000002,1817508
2015-08-07,1562.0,1606.0,1560.0,1597.0,1498.051392,1305099
2015-08-10,1605.0,1614.359985,1592.0,1611.0,1511.184082,1469027
2015-08-11,1601.0,1607.0,1574.0,1583.0,1484.919067,2095217
2015-08-12,1571.0,1589.25,1526.0,1535.0,1439.893066,1977301
2015-08-13,1560.0,1570.0,1546.0,1559.0,1462.4060060000002,1426817
2015-08-14,1559.0,1579.780029,1552.0,1570.0,1472.724365,1321720
2015-08-17,1576.0,1578.0,1540.0,1566.0,1468.97229,1584367
2015-08-18,1566.0,1585.0,1549.689941,1557.0,1460.529907,1496394
2015-08-19,1551.0,1565.0,1534.0,1534.0,1438.954956,1169310
2015-08-20,1514.0,1518.199951,1467.0,1488.0,1405.4685060000002,2953675
2015-08-21,1469.0,1469.949951,1445.0,1445.0,1364.853394,2232472
2015-08-24,1388.0,1396.0,1313.0,1355.0,1279.845215,3108676
2015-08-25,1368.0,1426.0,1359.0,1422.0,1343.1290279999998,2714584
2015-08-26,1408.0,1441.0,1384.0,1405.0,1327.072144,2203114
2015-08-27,1437.0,1469.0,1427.0,1464.0,1382.799683,1650864
2015-08-28,1470.0,1480.0,1452.0,1478.0,1396.022949,1704985
2015-09-01,1478.0,1478.0,1408.0,1417.0,1338.4064939999998,1644402
2015-09-02,1429.0,1463.0,1417.0,1455.0,1374.298828,1786382
2015-09-03,1470.0,1497.0,1470.0,1493.0,1410.19104,1865617
2015-09-04,1478.0,1482.0,1456.0,1465.0,1383.7441410000001,1674041
2015-09-07,1477.0,1479.0,1446.0,1468.0,1386.5778810000002,996599
2015-09-08,1473.0,1495.0,1473.0,1487.0,1404.523926,1336015
2015-09-09,1523.0,1524.0,1468.0,1472.0,1390.355835,1648767
2015-09-10,1457.0,1485.0,1453.0,1485.0,1402.6347660000001,1576953
2015-09-11,1486.0,1493.0,1455.0,1467.0,1385.633179,995515
2015-09-14,1475.0,1493.0,1464.0,1478.0,1396.022949,1147405
2015-09-15,1477.0,1489.0,1464.0,1478.0,1396.022949,1359587
2015-09-16,1450.0,1465.0,1404.0,1409.0,1330.8500980000001,2752600
2015-09-17,1407.0,1424.0,1404.0,1408.0,1329.90564,1799699
2015-09-18,1408.0,1420.0,1367.0,1380.0,1303.458618,2304814
2015-09-21,1373.0,1409.0,1373.0,1387.0,1310.0703130000002,986652
2015-09-22,1386.0,1388.0,1332.0,1336.0,1261.89917,1825396
2015-09-23,1340.0,1376.0,1327.72998,1367.0,1291.1796880000002,1437540
2015-09-24,1372.0,1384.0,1357.0,1366.0,1290.235107,2165416
2015-09-25,1395.0,1407.0,1389.0,1397.0,1319.5158689999998,1180132
2015-09-28,1399.0,1399.0,1360.0,1360.0,1284.567993,1132657
2015-09-29,1343.0,1358.0,1329.0,1331.0,1257.176392,1744579
2015-09-30,1362.0,1383.0,1356.0,1383.0,1306.292236,1526716
2015-10-01,1403.0,1406.0,1375.0,1379.0,1302.51416,1352112
2015-10-02,1387.0,1409.0,1363.0,1386.0,1309.125854,1562063
2015-10-05,1419.0,1443.0,1416.0,1436.0,1356.352661,1141047
2015-10-06,1445.0,1458.0,1434.599976,1454.0,1373.354248,1301869
2015-10-07,1458.0,1478.0,1451.0,1459.0,1378.076904,1499444
2015-10-08,1457.0,1457.0,1438.0,1456.0,1375.243286,2781365
2015-10-09,1471.0,1514.0,1471.0,1484.0,1401.690186,1564998
2015-10-12,1487.0,1499.0,1451.0,1461.0,1379.965942,1147741
2015-10-13,1459.0,1459.0,1433.0,1440.0,1360.130737,1275263
2015-10-14,1429.0,1431.0,1416.0,1422.0,1343.1290279999998,946469
2015-10-15,1436.0,1470.0,1432.0,1451.0,1370.52063,994560
2015-10-16,1464.0,1468.0,1447.0,1452.0,1371.46521,747864
2015-10-19,1448.0,1459.0,1441.0,1451.0,1370.52063,900299
2015-10-20,1451.0,1463.0,1448.0,1460.0,1379.0214839999999,1035618
2015-10-21,1469.0,1471.0,1451.0,1464.0,1382.799683,932740
2015-10-22,1456.0,1467.0,1452.0,1464.0,1382.799683,887317
2015-10-23,1472.0,1500.0,1466.0,1477.0,1395.0786130000001,2112712
2015-10-26,1476.0,1487.0,1465.0,1478.0,1396.022949,701850
2015-10-27,1472.0,1485.0,1462.0,1474.0,1392.244873,758931
2015-10-28,1475.0,1498.0,1473.0,1490.0,1407.357544,823770
2015-10-29,1489.0,1513.0,1483.0,1513.0,1429.0817869999998,1215812
2015-10-30,1519.0,1519.0,1498.0,1504.0,1420.581055,897185
2015-11-02,1496.0,1519.0,1495.0,1509.0,1425.303589,584453
2015-11-03,1520.0,1520.0,1497.0,1500.0,1416.8027339999999,648780
2015-11-04,1508.0,1516.0,1486.0,1500.0,1416.8027339999999,1421155
2015-11-05,1496.0,1517.0,1488.0,1505.0,1421.525635,927698
2015-11-06,1505.0,1523.0,1496.0,1507.0,1423.414551,1102641
2015-11-09,1501.0,1503.0,1477.640015,1483.0,1400.7457279999999,1040329
2015-11-10,1491.0,1491.0,1457.0,1474.0,1392.244873,1295600
2015-11-11,1478.0,1494.0,1472.0,1492.0,1409.246582,1008404
2015-11-12,1484.0,1491.0,1450.0,1451.0,1370.52063,1335694
2015-11-13,1447.0,1447.0,1413.0,1424.0,1345.018066,1168772
2015-11-16,1405.0,1438.0,1405.0,1437.0,1357.2971189999998,1050582
2015-11-17,1465.0,1471.0,1452.0,1470.0,1388.466675,965523
2015-11-18,1463.0,1472.0,1442.0,1471.0,1389.411255,1001559
2015-11-19,1487.0,1512.0,1484.0,1494.0,1411.13562,1007025
2015-11-20,1510.0,1515.0,1495.0,1510.0,1426.248291,934753
2015-11-23,1492.0,1523.0,1492.0,1516.0,1431.915405,920870
2015-11-24,1505.0,1510.0,1491.0,1497.0,1413.96936,1273328
2015-11-25,1496.0,1519.0,1496.0,1515.0,1430.970825,1206944
2015-11-26,1518.0,1533.0,1497.0,1529.0,1444.194336,855288
2015-11-27,1519.0,1525.0,1508.0,1524.0,1439.47168,985500
2015-11-30,1526.0,1546.0,1515.869995,1544.0,1458.362427,1098324
2015-12-01,1545.0,1550.0,1531.0,1547.0,1461.196045,917800
2015-12-02,1548.0,1560.0,1538.0,1552.0,1465.918701,1086236
2015-12-03,1543.0,1577.0,1534.0,1541.0,1455.528809,2190800
2015-12-04,1531.0,1531.0,1459.0,1490.0,1407.357544,2703981
2015-12-07,1494.0,1511.0,1481.0,1489.0,1406.412964,1351563
2015-12-08,1450.0,1452.0,1375.0,1376.0,1299.680542,3179426
2015-12-09,1376.0,1377.0,1338.0,1344.0,1269.455322,2394077
2015-12-10,1343.0,1356.0,1305.0,1316.0,1243.008423,2220676
2015-12-11,1307.0,1307.0,1263.0,1275.0,1204.282349,2575646
2015-12-14,1290.0,1322.0,1275.0,1275.0,1204.282349,1977535
2015-12-15,1293.0,1332.0,1286.0,1326.0,1252.4536130000001,1812017
2015-12-16,1325.0,1334.0,1309.0,1309.0,1236.396606,1233689
2015-12-17,1333.0,1377.0,1333.0,1345.0,1270.3999019999999,1938147
2015-12-18,1335.0,1342.0,1321.0,1324.0,1250.564575,1894708
2015-12-21,1327.0,1351.0,1321.0,1323.0,1249.620239,790983
2015-12-22,1340.0,1346.0,1319.0,1320.0,1246.786377,883060
2015-12-23,1339.0,1343.0,1330.0,1335.0,1260.954468,861645
2015-12-24,1343.0,1368.0,1343.0,1359.0,1283.623413,376253
2015-12-29,1359.0,1362.0,1332.0,1348.0,1273.233521,834677
2015-12-30,1346.0,1355.0,1332.0,1352.0,1277.0117189999999,752200
2015-12-31,1339.0,1339.0,1329.0,1334.0,1260.01001,165883
2016-01-04,1334.0,1334.0,1288.0,1294.0,1222.2285160000001,1042980
2016-01-05,1309.0,1309.0,1272.25,1290.0,1218.450562,1046160
2016-01-06,1282.0,1289.0,1262.0,1283.0,1211.838623,1048151
2016-01-07,1249.0,1255.0,1218.0,1246.0,1176.8908689999998,1582298
2016-01-08,1246.0,1263.0,1223.0,1223.0,1155.166626,1495567
2016-01-11,1199.0,1235.0,1185.0,1217.0,1149.49939,1600167
2016-01-12,1212.0,1268.0,1198.0,1256.0,1186.336304,1519757
2016-01-13,1255.0,1283.0,1250.0,1271.0,1200.5042720000001,1420993
2016-01-14,1250.0,1258.0,1224.0,1231.0,1162.7229,1561069
2016-01-15,1223.0,1229.0,1180.0,1186.0,1120.2188720000001,2047798
2016-01-18,1186.0,1210.0,1181.0,1197.0,1130.608643,1219804
2016-01-19,1224.0,1235.0,1207.0,1213.0,1145.721191,1732425
2016-01-20,1192.0,1196.0,1161.0,1169.0,1104.1616210000002,1560884
2016-01-21,1175.0,1205.0,1172.0,1199.0,1132.497681,1250413
2016-01-22,1226.0,1238.0,1219.0,1222.0,1154.221924,1313929
2016-01-25,1236.0,1236.0,1187.0,1192.0,1125.886108,1365835
2016-01-26,1170.0,1170.0,1139.0,1160.0,1095.660889,2497415
2016-01-27,1166.0,1169.0,1145.0,1169.0,1104.1616210000002,1373673
2016-01-28,1157.0,1173.0,1117.0,1124.0,1061.657471,1617466
2016-01-29,1136.0,1138.0,1112.0,1136.0,1072.9920650000001,2491659
2016-02-01,1151.0,1161.0,1137.0,1155.0,1090.93811,2002792
2016-02-02,1150.0,1156.0,1125.0,1130.0,1067.324707,1806901
2016-02-03,1123.0,1143.0,1108.0,1128.0,1065.435669,2013522
2016-02-04,1156.0,1167.0,1138.0,1150.0,1086.215454,2203542
2016-02-05,1146.0,1187.0,1146.0,1166.0,1101.328125,2268999
2016-02-08,1166.0,1174.0,1132.0,1137.0,1073.936523,2279159
2016-02-09,1147.0,1160.0,1122.0,1143.0,1079.603882,2075312
2016-02-10,1165.0,1199.0,1157.0,1197.0,1130.608643,2318594
2016-02-11,1182.0,1192.0,1158.0,1170.0,1105.106201,1856198
2016-02-12,1173.0,1222.0,1173.0,1221.0,1153.2775880000002,1444164
2016-02-15,1240.0,1257.0,1236.0,1255.0,1185.391724,867298
2016-02-16,1274.0,1298.0,1246.0,1267.0,1196.726074,1619797
2016-02-17,1267.0,1315.0,1267.0,1315.0,1242.063843,975580
2016-02-18,1319.0,1320.0,1296.0,1314.0,1241.119385,1190016
2016-02-19,1298.0,1321.0,1293.0,1321.0,1247.731201,1147310
2016-02-22,1325.0,1345.0,1314.0,1325.0,1251.5092769999999,853316
2016-02-23,1311.0,1323.0,1281.0,1287.0,1215.616821,1452516
2016-02-24,1279.0,1284.180054,1253.0,1266.0,1195.781616,1335375
2016-02-25,1288.0,1312.0,1257.0,1289.0,1217.5058589999999,1650691
2016-02-26,1299.0,1300.0,1273.0,1282.0,1210.894165,1529300
2016-02-29,1264.0,1295.0,1251.0,1292.0,1220.3396,1249775
2016-03-01,1292.0,1322.0,1288.0,1322.0,1248.6755369999998,1543909
2016-03-02,1324.0,1333.0,1302.0,1312.0,1239.230225,2262993
2016-03-03,1308.0,1314.0,1298.0,1306.0,1233.5629880000001,1878123
2016-03-04,1308.0,1354.0,1305.0,1354.0,1278.900757,1650210
2016-03-07,1346.0,1359.0,1328.0,1352.0,1277.0117189999999,1073084
2016-03-08,1346.0,1346.0,1322.0,1341.0,1266.621704,1778030
2016-03-09,1345.0,1349.0,1329.0,1344.0,1269.455322,1172222
2016-03-10,1348.0,1370.0,1313.0,1314.0,1241.119385,1712321
2016-03-11,1333.0,1343.0,1321.0,1334.0,1260.01001,998749
2016-03-14,1338.0,1349.0,1331.0,1345.0,1270.3999019999999,1337097
2016-03-15,1336.0,1365.0,1323.0,1358.0,1282.678833,1068603
2016-03-16,1360.0,1381.0,1351.0,1371.0,1294.957764,969198
2016-03-17,1390.0,1405.0,1369.0,1385.0,1308.181274,1593950
2016-03-18,1366.0,1378.0,1312.0,1312.0,1239.230225,3202976
2016-03-21,1308.0,1323.0,1305.0,1323.0,1249.620239,1262620
2016-03-22,1318.0,1337.0,1308.300049,1335.0,1260.954468,1187084
2016-03-23,1329.0,1338.0,1324.0,1333.0,1259.06543,1285962
2016-03-24,1325.0,1327.0,1310.0,1315.0,1242.063843,1437194
2016-03-29,1315.0,1333.0,1312.0,1320.0,1246.786377,915263
2016-03-30,1334.0,1353.0,1333.0,1350.0,1275.122559,1085588
2016-03-31,1343.0,1348.0,1327.0,1336.0,1261.89917,1211071
2016-04-01,1323.0,1351.0,1319.0,1348.0,1273.233521,1658118
2016-04-04,1343.0,1352.0,1300.0,1314.0,1241.119385,1813672
2016-04-05,1297.0,1346.969971,1271.5,1282.0,1210.894165,1549872
2016-04-06,1292.0,1292.0,1269.0,1283.0,1211.838623,1474078
2016-04-07,1291.0,1294.0,1264.0,1273.0,1202.393311,1226640
2016-04-08,1272.0,1300.0,1267.0,1294.0,1222.2285160000001,1096408
2016-04-11,1290.0,1307.0,1279.0,1298.0,1226.006592,740243
2016-04-12,1304.0,1307.0,1292.0,1304.0,1231.673828,828662
2016-04-13,1316.0,1352.0,1307.0,1352.0,1277.0117189999999,1306145
2016-04-14,1354.0,1366.040039,1342.0,1361.0,1285.512451,1465301
2016-04-15,1360.0,1360.0,1326.0,1329.0,1255.287476,1553990
2016-04-18,1314.0,1348.0,1298.0,1342.0,1267.566284,1416191
2016-04-19,1346.0,1361.0,1342.0,1356.0,1280.789795,1311805
2016-04-20,1356.0,1361.0,1346.0,1353.0,1277.956177,1037837
2016-04-21,1329.0,1332.0,1299.0,1317.0,1271.822388,1047975
2016-04-22,1307.0,1307.0,1279.0,1284.0,1239.954346,1305324
2016-04-25,1283.0,1301.0,1268.0,1292.0,1247.679932,1464201
2016-04-26,1291.0,1297.0,1274.0,1284.0,1239.954346,2500977
2016-04-27,1277.0,1310.640015,1277.0,1309.0,1264.096802,1033627
2016-04-28,1298.0,1328.0,1293.0,1328.0,1282.445068,952474
2016-04-29,1315.0,1329.0,1308.0,1308.0,1263.1311039999998,1193485
2016-05-03,1308.0,1308.0,1284.0,1296.0,1251.542725,1417832
2016-05-04,1292.0,1292.0,1263.0,1282.0,1238.023071,1720875
2016-05-05,1282.0,1296.0,1276.0,1296.0,1251.542725,958039
2016-05-06,1290.0,1304.0,1274.0,1304.0,1259.268311,1658102
2016-05-09,1305.0,1317.0,1294.0,1301.0,1256.3710939999999,1340837
2016-05-10,1316.0,1324.0,1294.0,1310.0,1265.0625,1681371
2016-05-11,1308.0,1354.0,1302.0,1349.0,1302.724731,1628164
2016-05-12,1364.0,1404.0,1352.0,1358.0,1311.415894,2932728
2016-05-13,1354.0,1359.0,1321.0,1347.0,1300.793091,1582761
2016-05-16,1334.0,1348.0,1326.0,1348.0,1301.759033,660176
2016-05-17,1357.0,1362.0,1336.0,1344.0,1297.896118,1401075
2016-05-18,1342.0,1342.0,1303.0,1323.0,1277.616577,1664469
2016-05-19,1313.0,1317.0,1291.0,1311.0,1266.028198,2416070
2016-05-20,1317.0,1346.0,1317.0,1339.0,1293.067627,1186602
2016-05-23,1337.0,1346.0,1326.0,1330.0,1284.376343,951692
2016-05-24,1330.0,1348.0,1320.0,1348.0,1301.759033,1237219
2016-05-25,1359.0,1373.0,1338.0,1345.0,1298.861816,1065007
2016-05-26,1346.0,1364.0,1344.0,1355.0,1308.518921,1330967
2016-05-27,1353.0,1362.0,1348.579956,1359.0,1312.381592,882039
2016-05-31,1359.0,1359.0,1344.0,1346.0,1299.827515,1239476
2016-06-01,1347.0,1347.0,1321.530029,1327.0,1281.479248,1157745
2016-06-02,1326.0,1337.0,1321.0,1328.0,1282.445068,1079587
2016-06-03,1337.0,1340.0,1321.0,1326.0,1280.513672,1221700
2016-06-06,1333.0,1362.0,1333.0,1346.0,1299.827515,1255152
2016-06-07,1354.0,1361.0,1348.0,1360.0,1313.34729,821180
2016-06-08,1355.0,1366.0,1346.0,1361.0,1314.3129880000001,855185
2016-06-09,1356.0,1362.0,1339.0,1352.0,1305.621704,911447
2016-06-10,1344.0,1349.0,1296.0,1309.0,1264.096802,1663810
2016-06-13,1298.0,1310.0,1290.640015,1303.0,1258.302612,1453699
2016-06-14,1311.0,1314.0,1282.0,1282.0,1238.023071,1765599
2016-06-15,1293.0,1304.0,1276.0,1281.0,1237.057251,1451187
2016-06-16,1265.0,1277.0,1258.0,1272.0,1228.365967,1212624
2016-06-17,1282.0,1294.0,1273.0,1289.0,1244.782837,1463872
2016-06-20,1319.0,1333.0,1309.0,1330.0,1284.376343,1154946
2016-06-21,1333.0,1336.0,1316.0,1334.0,1288.239136,1120437
2016-06-22,1346.0,1351.0,1329.0,1340.0,1294.033325,717154
2016-06-23,1350.0,1370.0,1343.0,1363.0,1316.244385,1063133
2016-06-24,1275.0,1353.0,1240.0,1331.0,1285.342163,3241273
2016-06-27,1313.0,1335.0,1257.0,1259.0,1215.8120119999999,3048240
2016-06-28,1287.0,1313.0,1275.0,1290.0,1245.748535,2572152
2016-06-29,1300.0,1344.0,1300.0,1341.0,1294.999023,2040883
2016-06-30,1340.0,1395.0,1340.0,1395.0,1347.1467289999998,2386358
2016-07-01,1404.0,1432.0,1381.0,1432.0,1382.877441,1955511
2016-07-04,1446.0,1449.0,1398.0,1398.0,1350.043823,751427
2016-07-05,1397.0,1400.0,1367.0,1381.0,1333.627075,1490032
2016-07-06,1378.0,1393.0,1355.0,1369.0,1322.038574,1212987
2016-07-07,1384.0,1385.0,1354.0,1354.0,1307.553101,1212018
2016-07-08,1356.0,1377.0,1354.0,1371.0,1323.969971,925002
2016-07-11,1382.0,1410.0,1382.0,1406.0,1357.7692869999998,1068476
2016-07-12,1407.0,1419.0,1399.0,1406.0,1357.7692869999998,1595655
2016-07-13,1404.0,1417.0,1294.73999,1402.0,1353.9064939999998,1794050
2016-07-14,1413.0,1435.0,1409.0,1413.0,1364.529175,1381863
2016-07-15,1414.0,1425.0,1396.0,1425.0,1376.117432,1145548
2016-07-18,1404.0,1437.0,1404.0,1433.0,1383.84314,877890
2016-07-19,1426.0,1441.0,1419.0,1437.0,1387.705933,1226992
2016-07-20,1438.0,1457.0,1436.0,1447.0,1397.362915,1174071
2016-07-21,1448.0,1461.5,1435.0,1456.0,1406.054199,1200181
2016-07-22,1453.0,1474.0,1447.0,1470.0,1419.5738529999999,853560
2016-07-25,1463.0,1484.0,1462.0,1468.0,1417.642578,799248
2016-07-26,1475.0,1534.0,1463.0,1531.0,1478.481323,1644677
2016-07-27,1529.0,1555.0,1519.0,1521.0,1468.8244630000002,1429976
2016-07-28,1528.0,1544.0,1512.0,1512.0,1460.133179,1591922
2016-07-29,1508.0,1531.0,1498.0,1530.0,1477.515625,1258332
2016-08-01,1538.0,1552.0,1516.160034,1529.0,1476.550049,1151651
2016-08-02,1529.0,1541.5,1511.0,1530.0,1477.515625,1220529
2016-08-03,1536.0,1542.0,1523.0,1534.0,1481.37854,984593
2016-08-04,1510.0,1554.0,1499.0,1547.0,1493.932495,1447589
2016-08-05,1545.0,1574.5,1545.0,1564.0,1510.349365,1423871
2016-08-08,1560.0,1586.0,1560.0,1575.0,1520.972046,1511970
2016-08-09,1580.0,1599.0,1572.0,1598.0,1543.183105,2222285
2016-08-10,1597.0,1610.0,1587.0,1610.0,1554.771362,2409179
2016-08-11,1609.0,1618.0,1600.0,1615.0,1559.5998539999998,1324622
2016-08-12,1613.0,1634.0,1609.0,1625.0,1569.256958,1101358
2016-08-15,1618.0,1628.0,1601.0,1620.0,1564.428345,765272
2016-08-16,1611.0,1639.0,1609.0,1611.0,1555.737061,849233
2016-08-17,1616.0,1616.0,1592.0,1599.0,1544.148804,815590
2016-08-18,1597.0,1609.0,1587.040039,1596.0,1556.901367,877013
2016-08-19,1591.0,1591.0,1572.0,1580.0,1541.2932130000002,1524564
2016-08-22,1572.0,1591.0,1569.0,1587.0,1548.121826,936700
2016-08-23,1585.0,1609.0,1585.0,1599.0,1559.8278810000002,1331360
2016-08-24,1595.0,1595.0,1554.0,1574.0,1535.440186,1717415
2016-08-25,1565.0,1591.0,1563.0,1585.0,1546.170776,1476403
2016-08-26,1580.0,1603.0,1578.0,1597.0,1557.876831,1121170
2016-08-30,1597.0,1597.0,1571.0,1571.0,1532.513794,1080349
2016-08-31,1576.0,1579.0,1548.0,1549.0,1511.0527339999999,1258021
2016-09-01,1553.0,1559.0,1534.0,1540.0,1502.273193,1316927
2016-09-02,1530.0,1564.0,1519.930054,1556.0,1517.881226,2092890
2016-09-05,1577.0,1581.0,1550.0,1559.0,1520.807739,764164
2016-09-06,1576.0,1603.0,1570.329956,1602.0,1562.754395,1522173
2016-09-07,1608.0,1624.0,1601.0,1615.0,1575.435791,1799889
2016-09-08,1606.0,1630.0,1595.859985,1596.0,1556.901367,1013435
2016-09-09,1589.0,1595.0,1569.150024,1581.0,1542.268799,1607330
2016-09-12,1556.0,1574.050049,1544.0,1574.0,1535.440186,1203453
2016-09-13,1578.0,1594.0,1568.0,1575.0,1536.4157710000002,1751652
2016-09-14,1576.0,1599.0,1565.0,1585.0,1546.170776,1882177
2016-09-15,1581.0,1590.0,1565.0,1589.0,1550.0727539999998,1767293
2016-09-16,1585.0,1588.0,1567.0,1577.0,1538.366821,1685683
2016-09-19,1590.0,1612.0,1587.0,1612.0,1572.509399,1191820
2016-09-20,1608.0,1619.0,1598.0,1608.0,1568.607422,1289793
2016-09-21,1615.0,1616.0,1601.0,1602.0,1562.754395,935643
2016-09-22,1621.0,1652.0,1619.0,1638.0,1597.872437,1056962
2016-09-23,1637.0,1655.0,1627.0,1649.0,1608.602905,1316559
2016-09-26,1650.0,1660.0,1617.0,1618.0,1578.362427,895691
2016-09-27,1631.0,1640.0,1607.0,1620.0,1580.313477,1272705
2016-09-28,1633.0,1646.0,1622.0,1625.0,1585.190918,1285872
2016-09-29,1640.0,1659.0,1620.0,1625.0,1585.190918,1114411
2016-09-30,1610.0,1629.0,1590.0,1623.0,1583.239868,2017883
2016-10-03,1621.0,1651.0,1618.0,1649.0,1608.602905,1061019
2016-10-04,1656.0,1702.0,1653.0,1680.0,1638.8435060000002,2668214
2016-10-05,1681.0,1681.0,1657.0,1661.0,1620.30896,1015179
2016-10-06,1674.0,1680.0,1655.160034,1676.0,1634.9415279999998,1490715
2016-10-07,1682.0,1696.0,1671.0,1677.0,1635.916992,1174599
2016-10-10,1683.0,1695.0,1678.0,1692.0,1650.549561,721689
2016-10-11,1683.0,1699.0,1665.0,1670.0,1629.088501,1285138
2016-10-12,1670.0,1676.0,1652.0,1656.0,1615.431519,1278410
2016-10-13,1642.0,1642.0,1585.0,1598.0,1558.852417,2267909
2016-10-14,1602.0,1618.0,1583.0,1599.0,1559.8278810000002,1341254
2016-10-17,1598.0,1599.0,1578.0,1586.0,1547.14624,1243852
2016-10-18,1597.0,1624.0,1593.0,1613.0,1573.4848630000001,1550983
2016-10-19,1616.0,1633.0,1608.0,1630.0,1590.068481,1085331
2016-10-20,1628.0,1634.0,1614.0,1621.0,1581.288818,1346886
2016-10-21,1619.0,1639.0,1610.0,1632.0,1592.019409,1144301
2016-10-24,1640.0,1645.0,1607.0,1607.0,1567.631836,1023046
2016-10-25,1604.0,1630.0,1597.0,1622.0,1582.264404,1297364
2016-10-26,1615.0,1616.0,1585.0,1595.0,1555.9257810000001,923869
2016-10-27,1593.0,1612.0,1581.0,1611.0,1571.533813,913930
2016-10-28,1606.0,1614.0,1589.0,1602.0,1562.754395,1488062
2016-10-31,1592.0,1610.0,1588.0,1596.0,1556.901367,1212723
2016-11-01,1600.0,1619.0,1591.0,1595.0,1555.9257810000001,974699
2016-11-02,1594.0,1604.0,1578.0,1598.0,1558.852417,908680
2016-11-03,1584.0,1590.380005,1573.0,1585.0,1546.170776,1319361
2016-11-04,1576.0,1576.0,1540.0,1550.0,1512.028198,1412766
2016-11-07,1569.0,1582.0,1567.0,1580.0,1541.2932130000002,942253
2016-11-08,1588.0,1613.0,1587.0,1613.0,1573.4848630000001,2468818
2016-11-09,1573.0,1619.0,1563.0,1619.0,1579.3378910000001,1802124
2016-11-10,1624.0,1659.0,1585.0,1591.0,1552.023804,2440863
2016-11-11,1571.0,1571.0,1495.0,1517.0,1479.83667,3127664
2016-11-14,1526.0,1550.0,1517.0,1517.0,1479.83667,1436448
2016-11-15,1525.0,1536.0,1512.0,1520.0,1482.763184,1357072
2016-11-16,1523.0,1526.0,1510.859985,1511.0,1473.983643,1340905
2016-11-17,1519.0,1558.0,1519.0,1558.0,1519.8321529999998,2193883
2016-11-18,1560.0,1571.0,1542.0,1568.0,1529.587158,1501735
2016-11-21,1574.0,1595.0,1571.0,1588.0,1549.09729,1738768
2016-11-22,1606.0,1639.0,1606.0,1628.0,1588.117432,1798470
2016-11-23,1640.0,1657.0,1606.0,1622.0,1582.264404,1594316
2016-11-24,1625.0,1635.160034,1616.0,1633.0,1592.994873,801568
2016-11-25,1634.0,1634.0,1607.0,1630.0,1590.068481,865908
2016-11-28,1635.0,1644.0,1621.0,1632.0,1592.019409,1383338
2016-11-29,1631.0,1644.0,1623.0,1633.0,1592.994873,1246231
2016-11-30,1634.0,1654.0,1630.0,1633.0,1592.994873,2043272
2016-12-01,1626.0,1628.0,1563.0,1582.0,1543.244263,1540507
2016-12-02,1571.0,1592.0,1558.0,1586.0,1547.14624,1452267
2016-12-05,1584.0,1603.0,1573.0,1584.0,1545.1951900000001,1232850
2016-12-06,1580.0,1598.0,1568.0,1594.0,1554.950317,1370402
2016-12-07,1586.0,1637.0,1586.0,1637.0,1596.896851,1622298
2016-12-08,1640.0,1640.0,1595.0,1635.0,1594.945923,2385749
2016-12-09,1627.0,1635.0,1602.219971,1611.0,1571.533813,1379510
2016-12-12,1604.0,1609.0,1555.0,1558.0,1519.8321529999998,1916738
2016-12-13,1567.0,1584.0,1553.0,1584.0,1545.1951900000001,1926814
2016-12-14,1577.0,1577.0,1548.0,1550.0,1512.028198,1286845
2016-12-15,1542.0,1569.0,1529.969971,1568.0,1529.587158,1905479
2016-12-16,1570.0,1582.0,1558.0,1560.0,1521.783203,1952756
2016-12-19,1569.0,1584.0,1564.0,1580.0,1541.2932130000002,1191526
2016-12-20,1584.0,1604.0,1576.0,1586.0,1547.14624,1059093
2016-12-21,1591.0,1592.0,1577.0,1586.0,1547.14624,926533
2016-12-22,1582.0,1602.0,1581.0,1602.0,1562.754395,730472
2016-12-23,1599.0,1605.0,1586.0,1605.0,1565.680786,236937
2016-12-28,1605.0,1661.0,1605.0,1661.0,1620.30896,1239715
2016-12-29,1662.0,1671.0,1656.0,1665.0,1624.2109380000002,757856
2016-12-30,1662.0,1677.0,1648.0,1666.0,1625.186523,585382
2017-01-03,1666.0,1677.0,1656.0,1659.0,1618.35791,1028478
2017-01-04,1660.0,1660.0,1636.5,1653.0,1612.504883,1034240
2017-01-05,1654.0,1663.0,1636.0,1663.0,1622.259888,1239011
2017-01-06,1654.0,1661.0,1641.0,1647.0,1606.651855,987432
2017-01-09,1653.0,1659.0,1635.0,1648.0,1607.627441,1072024
2017-01-10,1648.0,1670.0,1638.0,1664.0,1623.235474,1619741
2017-01-11,1657.0,1665.0,1644.0,1650.0,1609.578491,1194896
2017-01-12,1643.0,1742.0,1643.0,1742.0,1699.324585,2633077
2017-01-13,1766.0,1775.0,1711.780029,1768.0,1724.687622,1783724
2017-01-16,1765.0,1776.0,1749.0,1753.0,1710.055176,1708941
2017-01-17,1758.0,1766.0,1733.0,1738.0,1695.422607,1457913
2017-01-18,1773.0,1777.0,1729.0,1764.0,1720.785645,2035561
2017-01-19,1774.0,1775.0,1739.0,1764.0,1720.785645,1927913
2017-01-20,1758.0,1796.0,1757.0,1789.0,1745.173218,2107105
2017-01-23,1781.0,1794.0,1781.0,1788.0,1744.1977539999998,1900708
2017-01-24,1799.0,1813.0,1785.0,1802.0,1757.854736,1818144
2017-01-25,1804.0,1814.0,1789.0,1798.0,1753.952759,1603657
2017-01-26,1797.0,1797.0,1758.0,1771.0,1727.6142579999998,1613738
2017-01-27,1768.0,1773.0,1750.0,1773.0,1729.565186,1621467
2017-01-30,1743.0,1756.0,1737.0,1754.0,1711.03064,1966273
2017-01-31,1756.0,1776.0,1751.0,1751.0,1708.104248,1699996
2017-02-01,1757.0,1759.0,1746.0,1753.0,1710.055176,1202034
2017-02-02,1748.0,1776.0,1733.0,1771.0,1727.6142579999998,2083825
2017-02-03,1763.0,1779.0,1752.0,1766.0,1722.7366940000002,1244947
2017-02-06,1772.0,1782.0,1759.0,1768.0,1724.687622,1116788
2017-02-07,1769.0,1780.0,1761.0,1770.0,1726.6386719999998,1207818
2017-02-08,1765.0,1785.780029,1757.0,1771.0,1727.6142579999998,2120572
2017-02-09,1776.0,1806.0,1769.0,1793.0,1749.0753170000003,1764434
2017-02-10,1823.0,1823.0,1798.0,1802.0,1757.854736,1677223
2017-02-13,1811.0,1830.0,1808.0,1819.0,1774.438354,1240289
2017-02-14,1823.0,1844.0,1816.8499760000002,1817.0,1772.487305,1537180
2017-02-15,1834.0,1837.0,1805.0,1830.0,1785.168823,1623025
2017-02-16,1827.0,1859.0,1816.0,1840.0,1794.9238280000002,1865494
2017-02-17,1859.0,1873.0,1846.0,1859.0,1813.4583739999998,1399003
2017-02-20,1858.0,1872.0,1857.0,1864.0,1818.335815,750122
2017-02-21,1858.0,1871.27002,1856.0,1863.0,1817.360352,980773
2017-02-22,1854.0,1861.0,1832.0,1837.0,1791.997314,1462284
2017-02-23,1852.0,1916.0,1852.0,1888.0,1841.747925,2099030
2017-02-24,1880.0,1884.0,1856.0,1865.0,1819.3114010000002,2480955
2017-02-27,1873.0,1885.0,1865.0,1876.0,1830.04187,1655812
2017-02-28,1863.0,1880.0,1854.0,1879.0,1832.968384,1821009
2017-03-01,1879.0,1907.0,1866.8499760000002,1906.0,1859.307007,1891266
2017-03-02,1902.0,1933.0,1898.0,1927.0,1879.79248,1668030
2017-03-03,1918.0,1926.0,1911.0,1926.0,1878.817017,1330729
2017-03-06,1911.0,1924.0,1896.0999760000002,1909.0,1862.233398,1058343
2017-03-07,1920.0,1940.0,1907.0,1910.0,1863.2089839999999,2146172
2017-03-08,1910.0,1917.0,1898.0,1898.0,1851.503052,1516871
2017-03-09,1891.0,1891.0,1855.0,1867.0,1821.262329,2475273
2017-03-10,1866.0,1889.0,1859.0,1879.0,1832.968384,1572078
2017-03-13,1890.0,1900.0,1883.0,1890.0,1843.698975,1143384
2017-03-14,1888.0,1901.0,1879.0,1893.0,1846.625488,1371402
2017-03-15,1899.0,1915.0,1895.47998,1912.0,1865.160034,2040314
2017-03-16,1940.0,1963.0,1926.0,1929.0,1881.74353,1734286
2017-03-17,1924.0,1936.0,1915.0,1935.0,1887.5965579999997,1490720
2017-03-20,1924.0,1943.0,1924.0,1943.0,1895.4005129999998,710347
2017-03-21,1945.0,1945.0,1922.0,1928.0,1880.768066,912003
2017-03-22,1915.0,1932.0,1908.0,1930.0,1882.718994,1313718
2017-03-23,1933.0,1943.0,1924.0,1941.0,1893.449463,1039575
2017-03-24,1944.0,1945.0,1922.0,1929.0,1881.74353,1836899
2017-03-27,1936.0,1936.0,1907.0,1924.0,1876.866089,1057980
2017-03-28,1932.0,1940.0,1910.0,1936.0,1888.5720210000002,1392731
2017-03-29,1941.0,1952.0,1927.0,1949.0,1901.25354,887655
2017-03-30,1960.0,1978.0,1939.819946,1977.0,1928.567627,1445647
2017-03-31,1951.0,1952.0,1924.0,1927.0,1879.79248,1920992
2017-04-03,1941.0,1970.0,1927.0,1955.0,1907.1065670000003,1593626
2017-04-04,1959.0,1968.0,1945.0,1963.0,1914.910522,1187989
2017-04-05,1970.0,1977.0,1940.0,1940.0,1892.4741210000002,1109172
2017-04-06,1925.0,1952.0,1920.0,1944.0,1896.3760989999998,990145
2017-04-07,1929.0,1951.0,1926.0,1948.0,1900.278076,1119271
2017-04-10,1948.0,1969.0,1943.0,1955.0,1907.1065670000003,749033
2017-04-11,1950.0,1986.0,1950.0,1973.0,1924.6655269999999,1140020
2017-04-12,1978.0,1992.0,1951.0,1959.0,1911.008545,956077
2017-04-13,1952.0,1983.0,1939.0,1979.0,1930.518555,922617
2017-04-18,1979.0,1991.0,1945.0,1945.0,1897.351563,1416074
2017-04-19,1942.0,1955.0,1939.0,1946.0,1898.3270260000002,1335636
2017-04-20,1919.0,1938.0,1911.0,1936.0,1920.5,1094467
2017-04-21,1940.0,1975.0,1940.0,1944.0,1928.4359129999998,1460611
2017-04-24,1964.0,2017.0,1964.0,2013.0,1996.883545,1089609
2017-04-25,2013.0,2024.0,2010.0,2017.0,2000.85144,1676643
2017-04-26,2010.0,2031.0,2003.0,2018.0,2001.843506,1319441
2017-04-27,2014.0,2026.0,2009.0,2014.0,1997.875488,1431099
2017-04-28,2016.0,2027.0,2001.0,2001.0,1984.979614,1307551
2017-05-02,2009.0,2042.0,2003.0,2039.0,2022.675293,1080182
2017-05-03,2032.0,2035.0,2012.0,2030.0,2013.747437,1348720
2017-05-04,2028.0,2041.0,2008.0,2018.0,2001.843506,1638556
2017-05-05,2016.0,2044.0,1999.0,2044.0,2027.6352539999998,1679604
2017-05-08,2050.0,2053.0,2007.0,2008.0,1991.9234620000002,1377053
2017-05-09,2011.0,2024.0,2006.0,2023.0,2006.8034670000002,1237255
2017-05-10,2030.0,2038.0,2015.0,2034.0,2017.715332,1177905
2017-05-11,1970.0,2002.0,1915.0,2000.0,1983.987549,3571693
2017-05-12,2015.0,2017.0,1986.0,2014.0,1997.875488,1248777
2017-05-15,2030.0,2043.0,2006.199951,2043.0,2026.643311,1476292
2017-05-16,2049.0,2052.0,2026.0,2041.0,2024.659302,1274685
2017-05-17,2039.0,2044.699951,2009.0,2024.0,2007.7954100000002,1498573
2017-05-18,2028.0,2028.0,1941.0,1978.0,1962.163696,1961680
2017-05-19,1984.0,1989.0,1965.0,1980.0,1964.147705,1813471
2017-05-22,1988.0,1993.0,1965.0,1975.0,1959.187744,1256187
2017-05-23,1973.0,1999.0,1963.0,1994.0,1978.035645,2679685
2017-05-24,1990.0,2012.0,1987.0,2004.0,1987.955566,1025539
2017-05-25,2011.0,2016.0,1997.0,2008.0,1991.9234620000002,881356
2017-05-26,2011.0,2031.0,2009.9200440000002,2011.0,1994.899536,935769
2017-05-30,2011.0,2024.0,1994.0,2019.0,2002.835449,1181505
2017-05-31,2024.0,2039.0,2019.0,2024.0,2007.7954100000002,1346524
2017-06-01,2034.0,2051.0,2025.0,2051.0,2034.5792239999998,1065095
2017-06-02,2052.0,2066.0,2040.7600100000002,2057.0,2040.53125,856981
2017-06-05,2057.0,2062.0,2050.0,2056.0,2039.539185,507393
2017-06-06,2057.0,2060.0,2032.0,2048.0,2031.6032710000002,869550
2017-06-07,2039.0,2053.0,2024.0,2024.0,2007.7954100000002,1646372
2017-06-08,2029.0,2029.0,2000.5999760000002,2020.0,2003.827393,1668386
2017-06-09,2030.0,2058.0,2030.0,2058.0,2041.523193,1154440
2017-06-12,2052.0,2059.0,2039.0,2053.0,2036.563232,838096
2017-06-13,2065.0,2075.0,2039.0,2042.0,2025.6513670000002,2080182
2017-06-14,2049.0,2070.050049,2039.0,2049.0,2032.5952149999998,1594762
2017-06-15,2045.0,2051.0,2003.0,2010.0,1993.907471,1326812
2017-06-16,2020.0,2093.0,2013.0,2093.0,2076.24292,3746988
2017-06-19,2101.0,2121.0,2069.0,2116.0,2099.058838,1212689
2017-06-20,2115.0,2119.0,2080.669922,2081.0,2064.339111,23778
2017-06-21,2080.0,2115.199951,2070.0,2105.0,2088.146973,143225
2017-06-22,2102.0,2097.0,2045.0,2062.0,2045.491211,144114
2017-06-23,2058.0,2072.669922,2045.0,2058.0,2041.523193,30549
2017-06-26,2064.0,2070.0,2030.7399899999998,2064.0,2047.47522,466937
2017-06-27,2051.0,2050.0,2008.0,2015.9000239999998,1999.7602539999998,65411
2017-06-28,2017.0,2030.0,2000.660034,2022.0,2005.8114010000002,827451
2017-06-29,2030.0,2041.0,1966.0,1982.0,1966.131714,200914
2017-06-30,1979.0,2014.410034,1977.0,2014.0,1997.875488,179632
2017-07-03,2018.0,2034.0,2003.0,2017.0,2000.85144,2214829
2017-07-04,2005.0,2029.0,2005.0,2021.0,2004.8194579999997,1144701
2017-07-05,2020.0,2033.0,2012.0,2023.0,2006.8034670000002,1953172
2017-07-06,2023.0,2028.0,1972.0,1989.0,1973.075684,1859883
2017-07-07,1989.0,2000.0,1966.0,2000.0,1983.987549,1404244
2017-07-10,2015.0,2025.0,1999.0,2021.0,2004.8194579999997,846968
2017-07-11,2029.0,2031.0,1986.0,1999.0,1982.995605,1351295
2017-07-12,2003.0,2022.0,1993.0,2009.0,1992.9155269999999,1885761
2017-07-13,2010.0,2049.0,2006.0,2041.0,2024.659302,1469530
2017-07-14,2042.0,2058.0,2008.0,2013.0,1996.883545,1304624
2017-07-17,2016.0,2052.0,2016.0,2043.0,2026.643311,1134342
2017-07-18,2040.0,2042.0,2013.0,2024.0,2007.7954100000002,1408210
2017-07-19,2026.0,2047.0,2021.0,2047.0,2030.6113280000002,1001130
2017-07-20,2052.0,2065.0,2034.0,2046.0,2029.6192629999998,1176987
2017-07-21,2047.0,2063.0,2039.0,2053.0,2036.563232,934778
2017-07-24,2051.0,2052.0,2022.0,2029.0,2012.7553710000002,1110040
2017-07-25,2040.0,2045.0,2008.0,2018.0,2001.843506,2484933
2017-07-26,2018.0,2054.0,2008.0,2051.0,2034.5792239999998,1029925
2017-07-27,2053.0,2073.0,2035.0,2043.0,2026.643311,2306042
2017-07-28,2026.0,2051.199951,1999.0,2003.0,1986.9635010000002,995066
2017-07-31,2012.0,2026.0,1990.0,1995.0,1979.027588,1232302
2017-08-01,1998.0,2015.0,1981.0,1999.0,1982.995605,1614674
2017-08-02,2006.0,2015.0,1996.0,2002.0,1985.9715579999997,1147378
2017-08-03,1986.0,2013.0,1941.0,1948.0,1932.4039309999998,2301585
2017-08-04,1949.0,1982.0,1930.0,1978.0,1962.163696,1876791
2017-08-07,1983.0,2000.0,1983.0,1994.0,1978.035645,1253760
2017-08-08,1992.0,2015.0,1989.0,2005.0,1988.9475100000002,1122855
2017-08-09,1998.0,1998.0,1973.0,1984.0,1968.1157230000001,1238755
2017-08-10,1982.0,1995.0,1979.0,1988.0,1972.083618,1760468
2017-08-11,1983.0,2003.0,1966.0,1995.0,1979.027588,1506395
2017-08-14,2001.0,2025.0,2001.0,2004.0,1987.955566,1171273
2017-08-15,2006.0,2024.0,2002.0,2006.0,1989.939575,816950
2017-08-16,2011.0,2053.0,2011.0,2043.0,2026.643311,1342520
2017-08-17,2041.0,2068.0,2041.0,2061.0,2044.499146,1172470
2017-08-18,2059.0,2088.0,2049.0,2068.0,2051.443115,1697344
2017-08-21,2057.0,2086.340088,2055.5,2078.0,2061.363037,1167835
2017-08-22,2086.0,2109.0,2086.0,2099.0,2082.195068,1011975
2017-08-23,2102.0,2112.0,2094.0,2098.0,2081.2028809999997,922615
2017-08-24,2090.0,2113.0,2078.0,2105.0,2105.0,936160
2017-08-25,2109.0,2124.0,2096.0,2096.0,2096.0,856789
2017-08-29,2096.0,2096.0,2064.0,2078.0,2078.0,1347654
2017-08-30,2083.0,2088.0,2063.0,2086.0,2086.0,1059988
2017-08-31,2096.0,2120.0,2090.0,2113.0,2113.0,1628242
2017-09-01,2117.0,2134.0,2114.0,2124.0,2124.0,1014761
2017-09-04,2111.0,2118.0,2086.0,2090.0,2090.0,913779
2017-09-05,2088.0,2099.0,2072.0,2074.0,2074.0,1039304
2017-09-06,2068.0,2068.0,2033.0,2038.0,2038.0,1251935
2017-09-07,2038.0,2053.0,2023.0,2028.0,2028.0,1619182
2017-09-08,2016.0,2028.0,2009.660034,2023.0,2023.0,1309236
2017-09-11,2030.0,2055.0,2024.0,2050.0,2050.0,1454498
2017-09-12,2063.0,2085.0,2057.0,2080.0,2080.0,2048581
2017-09-13,2064.0,2079.0,2059.0,2063.0,2063.0,1701296
2017-09-14,2065.0,2065.0,2029.790039,2032.0,2032.0,1434538
2017-09-15,2032.0,2032.0,1993.0,2010.0,2010.0,1831438
2017-09-18,2012.0,2059.0,2012.0,2058.0,2058.0,1641866
2017-09-19,2060.0,2062.0,2025.0,2032.0,2032.0,1468289
2017-09-20,2032.0,2039.0,2016.0,2023.0,2023.0,1326416
2017-09-21,2014.0,2037.0,2014.0,2024.0,2024.0,1044590
2017-09-22,2018.0,2039.0,2015.0,2036.0,2036.0,963994
2017-09-25,2032.0,2041.0,2024.0,2030.0,2030.0,682039
2017-09-26,2030.0,2030.0,2000.0,2011.0,2011.0,1514219
2017-09-27,2015.0,2016.0,1989.0,2004.0,2004.0,1168786
2017-09-28,2000.0,2000.0,1985.0,1994.0,1994.0,1540883
2017-09-29,2005.0,2033.0,1996.0,2005.0,2005.0,2054420
2017-10-02,2004.0,2064.0,2004.0,2064.0,2064.0,2335177
2017-10-03,2069.0,2085.0,2057.419922,2076.0,2076.0,1406696
2017-10-04,2077.0,2130.0,2077.0,2119.0,2119.0,2554085
2017-10-05,2126.0,2143.0,2119.929932,2130.0,2130.0,1876921
2017-10-06,2134.0,2145.0,2101.0,2114.0,2114.0,1203694
2017-10-09,2101.0,2115.0,2095.0,2096.0,2096.0,1388136
2017-10-10,2099.0,2103.0,2084.0,2089.0,2089.0,1293299
2017-10-11,1950.0,1971.0,1904.0,1926.0,1926.0,6022711
2017-10-12,1931.0,1956.25,1908.0,1945.0,1945.0,2871800
2017-10-13,1942.0,1945.0,1909.0,1912.0,1912.0,2138343
2017-10-16,1923.0,1927.0,1900.6700440000002,1901.0,1901.0,1722280
2017-10-17,1900.0,1903.0,1878.0,1883.0,1883.0,3417344
2017-10-18,1889.0,1917.0,1872.0,1905.0,1905.0,2310346
2017-10-19,1902.0,1908.0,1882.0,1900.0,1900.0,1556396
2017-10-20,1907.0,1907.0,1884.0,1890.0,1890.0,1746863
2017-10-23,1890.0,1891.0,1876.0,1884.0,1884.0,1234151
2017-10-24,1884.0,1884.0,1857.0,1861.0,1861.0,2470944
2017-10-25,1866.0,1868.0,1826.0,1834.0,1834.0,2229316
2017-10-26,1828.0,1853.359985,1826.0,1848.0,1848.0,2683361
2017-10-27,1853.0,1868.0,1831.0,1866.0,1866.0,2304873
2017-10-30,1858.0,1864.0,1825.0,1829.0,1829.0,1519965
2017-10-31,1824.0,1826.0,1801.0,1821.0,1821.0,1601988
2017-11-01,1826.0,1852.0,1825.0,1836.0,1836.0,4179324
2017-11-02,1842.0,1846.0,1828.0,1842.0,1842.0,1243387
2017-11-03,1851.0,1858.0,1826.0,1830.0,1830.0,1665252
2017-11-06,1834.0,1848.0,1830.0,1835.0,1835.0,1194480
2017-11-07,1840.0,1841.0,1801.0,1803.0,1803.0,1215170
2017-11-08,1840.0,1854.0,1826.0,1845.0,1845.0,1915641
2017-11-09,1852.0,1858.0,1803.0,1803.0,1803.0,1520007
2017-11-10,1814.0,1814.0,1793.0,1807.0,1807.0,1274448
2017-11-13,1821.0,1821.0,1782.0,1794.0,1794.0,1241522
2017-11-14,1796.0,1797.0,1771.0,1776.0,1776.0,1401528
2017-11-15,1771.0,1776.0,1721.0,1721.0,1721.0,2350320
2017-11-16,1742.0,1755.0,1736.0,1753.0,1753.0,2272242
2017-11-17,1746.0,1746.0,1725.0,1743.0,1743.0,2674877
2017-11-20,1738.0,1754.0,1738.0,1753.0,1753.0,1062113
2017-11-21,1749.0,1761.0,1736.0,1741.0,1741.0,1990392
2017-11-22,1754.0,1770.0,1746.0,1746.0,1746.0,1796160
2017-11-23,1748.0,1771.0,1747.0,1759.0,1759.0,1124696
2017-11-24,1761.0,1765.0,1745.0,1751.0,1751.0,862426
2017-11-27,1735.0,1759.0,1734.0,1748.0,1748.0,1938377
2017-11-28,1752.0,1802.0,1749.0,1800.0,1800.0,2493440
2017-11-29,1798.0,1808.0,1768.0,1769.0,1769.0,1915109
2017-11-30,1766.0,1780.0,1755.0,1766.0,1766.0,2385585
2017-12-01,1770.0,1770.0,1740.0,1740.0,1740.0,1987902
2017-12-04,1754.0,1759.0,1709.0,1719.0,1719.0,2448267
2017-12-05,1726.0,1736.0,1691.0,1699.0,1699.0,1855031
2017-12-06,1690.0,1709.0,1686.0,1693.0,1693.0,1578191
2017-12-07,1695.0,1717.0,1688.0,1696.0,1696.0,1698712
2017-12-08,1693.0,1699.0,1684.0,1694.0,1694.0,2422991
2017-12-11,1701.0,1743.0,1700.0,1727.0,1727.0,2337275
2017-12-12,1735.0,1735.0,1708.0,1720.0,1720.0,2110262
2017-12-13,1720.0,1729.0,1705.0,1719.819946,1719.819946,1325836
2017-12-14,1722.0,1786.0,1719.0,1775.0,1775.0,3021813
2017-12-15,1766.0,1818.0,1762.0,1818.0,1818.0,3633975
2017-12-18,1840.0,1875.0,1838.0,1857.0,1857.0,2408619
2017-12-19,1856.0,1858.0,1808.0,1827.0,1827.0,2043501
2017-12-20,1844.0,1902.0,1840.0,1874.0,1874.0,3127243
2017-12-21,1869.0,1894.0,1851.0,1885.0,1885.0,1854669
2017-12-22,1873.0,1894.0,1867.0,1874.0,1874.0,723562
2017-12-27,1874.0,1912.0,1861.0,1903.0,1903.0,1209191
2017-12-28,1910.0,1928.0,1898.0,1913.0,1913.0,1112695
2017-12-29,1926.0,1942.0,1915.0,1931.0,1931.0,516209
2018-01-02,1931.0,1940.0,1916.0,1933.0,1933.0,994948
2018-01-03,1934.0,1937.0,1924.0,1931.0,1931.0,1485160
2018-01-04,1934.5,1949.5,1929.0,1938.5,1938.5,1747296
2018-01-05,1936.5,1937.0,1921.0,1928.5,1928.5,1401542
2018-01-08,1930.0,1941.0,1909.5,1916.0,1916.0,1169504
2018-01-09,1920.0,1933.5,1908.0,1928.5,1928.5,1510696
2018-01-10,1918.0,1919.0,1890.0,1897.0,1897.0,2454958
2018-01-11,1905.5,1919.0,1900.5,1902.0,1902.0,1363461
2018-01-12,1917.5,1956.5,1917.0,1923.5,1923.5,4143106
2018-01-15,1934.0,1946.5,1928.0,1930.5,1930.5,1981341
2018-01-16,1935.5,1960.5,1927.0,1937.0,1937.0,1520649
2018-01-17,1934.0,1936.0,1901.5,1911.5,1911.5,1116521
2018-01-18,1915.5,1940.0,1909.0,1939.0,1939.0,2212643
2018-01-19,1937.5,1978.0,1933.0,1971.5,1971.5,2668720
2018-01-22,1958.0,1962.5,1936.0,1952.0,1952.0,1292434
2018-01-23,1954.5,1954.5,1917.0,1942.5,1942.5,1523384
2018-01-24,1943.0,1948.5,1898.0,1899.0,1899.0,1528762
2018-01-25,1903.5,1909.5,1869.5,1876.5,1876.5,1918881
2018-01-26,1881.0,1902.5,1874.0,1895.0,1895.0,1203315
2018-01-29,1902.5,1922.5,1896.5,1914.0,1914.0,1870570
2018-01-30,1900.5,1908.5,1885.5,1891.5,1891.5,1231953
2018-01-31,1889.0,1909.5,1875.0,1877.0,1877.0,1695772
2018-02-01,1885.0,1914.5,1880.0,1894.0,1894.0,1597418
2018-02-02,1895.5,1921.0,1876.5,1896.0,1896.0,1297292
2018-02-05,1889.0,1890.5,1842.0,1872.0,1872.0,1698401
2018-02-06,1811.0,1871.0,1802.5,1832.5,1832.5,3837173
2018-02-07,1851.0,1876.0,1822.5,1859.0,1859.0,3350135
2018-02-08,1840.5,1852.5,1805.0,1809.0,1809.0,1842124
2018-02-09,1802.5,1802.5,1758.0,1766.0,1766.0,2988143
2018-02-12,1788.5,1811.0,1778.0,1788.0,1788.0,1730590
2018-02-13,1782.5,1799.5,1773.5,1774.5,1774.5,1164412
2018-02-14,1788.5,1805.0,1758.5,1791.5,1791.5,2279963
2018-02-15,1809.0,1864.0,1809.0,1840.5,1840.5,1952457
2018-02-16,1850.0,1868.5,1834.5,1863.0,1863.0,1171821
2018-02-19,1864.0,1889.0,1864.0,1881.5,1881.5,1511241
2018-02-20,1889.5,1917.0,1881.5,1917.0,1917.0,1560893
2018-02-21,1916.5,1927.5,1895.0,1926.5,1926.5,1634550
2018-02-22,1911.0,1911.0,1875.5,1892.5,1892.5,1595751
2018-02-23,1894.0,1905.5,1871.0,1877.5,1877.5,1581647
2018-02-26,1883.0,1901.0,1876.5,1885.5,1885.5,1192140
2018-02-27,1890.0,1906.5,1885.0,1893.5,1893.5,1234520
2018-02-28,1880.5,1917.0,1872.0,1902.0,1902.0,1742453
2018-03-01,1896.0,1896.0,1825.0,1840.0,1840.0,3435848
2018-03-02,1884.0,1950.5,1858.0,1911.0,1911.0,3214585
2018-03-05,1918.0,1971.5,1892.0,1906.0,1906.0,2422850
2018-03-06,1968.5,2019.0,1949.5,1949.5,1949.5,6460861
2018-03-07,1941.5,1992.5,1939.5,1967.5,1967.5,2865400
2018-03-08,1975.0,1993.0,1960.5,1987.0,1987.0,1788089
2018-03-09,1983.0,1992.5,1954.5,1984.5,1984.5,2211101
