Date,Open,High,Low,Close,Adj Close,Volume
2015-01-02,183.0,184.600006,181.725006,183.199997,164.119705,6116236
2015-01-05,183.100006,184.0,176.0,176.5,158.117523,11099201
2015-01-06,176.800003,178.0,172.699997,173.699997,155.609146,17867823
2015-01-07,175.5,179.73599199999998,169.199997,171.399994,153.548676,18264777
2015-01-08,175.0,185.100006,174.399994,184.699997,165.463501,30324215
2015-01-09,183.600006,183.869995,175.899994,176.300003,157.938385,15850562
2015-01-12,176.0,177.37399299999998,173.699997,176.899994,158.475861,12798989
2015-01-13,180.0,189.100006,179.800003,184.800003,165.55307,25554248
2015-01-14,182.699997,184.199997,178.899994,179.100006,160.446732,28883092
2015-01-15,181.0,188.800003,179.0,188.100006,168.509384,22896362
2015-01-16,187.899994,193.399994,186.600006,192.699997,172.63028,15933981
2015-01-19,193.399994,195.136002,190.899994,191.5,171.555283,10708965
2015-01-20,192.800003,195.699997,191.300003,193.399994,173.25737,8516458
2015-01-21,194.600006,196.0,188.100006,195.0,174.690765,11087534
2015-01-22,195.0,198.0,192.800003,197.5,176.930374,15528467
2015-01-23,198.199997,199.899994,195.100006,199.100006,178.36373899999998,13015045
2015-01-26,198.199997,199.199997,194.899994,196.899994,176.392853,13129392
2015-01-27,197.199997,199.0,195.699997,198.5,177.826233,10171240
2015-01-28,199.5,199.600006,185.399994,186.300003,166.896835,23321905
2015-01-29,186.399994,187.399994,178.270996,184.899994,165.64266999999998,12639512
2015-01-30,185.0,185.0,178.899994,179.899994,161.163406,18363763
2015-02-02,180.800003,182.899994,179.100006,182.899994,163.850967,13030085
2015-02-03,184.0,189.399994,183.300003,186.0,166.62811299999998,15348663
2015-02-04,186.399994,188.300003,180.5,181.5,162.596771,15918171
2015-02-05,180.5,183.300003,178.199997,181.199997,162.328003,12413671
2015-02-06,180.600006,181.03500400000001,178.5,179.0,160.357132,12053895
2015-02-09,178.0,179.0,176.600006,178.0,159.461304,11935256
2015-02-10,178.100006,189.100006,177.199997,184.100006,164.92598,28315966
2015-02-11,183.199997,184.899994,179.300003,179.800003,161.073853,10449897
2015-02-12,178.600006,184.800003,177.899994,182.600006,163.582214,12814578
2015-02-13,183.0,185.600006,182.300003,183.5,164.388474,7734351
2015-02-16,182.5,184.800003,182.399994,184.0,164.83639499999998,5418863
2015-02-17,183.0,188.300003,183.0,186.600006,167.165619,8969226
2015-02-18,185.800003,188.399994,184.199997,185.100006,165.82183799999999,6744570
2015-02-19,184.5,189.759995,184.199997,187.100006,167.61355600000002,6134595
2015-02-20,185.899994,189.5,185.100006,189.5,169.763596,9092921
2015-02-23,190.0,190.800003,187.600006,190.800003,170.928177,7829643
2015-02-24,190.600006,192.899994,189.636002,191.800003,171.824036,7878402
2015-02-25,194.399994,196.199997,192.199997,192.899994,172.809448,11362671
2015-02-26,192.800003,199.345993,192.615005,196.300003,175.855362,12141789
2015-02-27,195.100006,197.5,194.600006,195.699997,175.317841,8585193
2015-03-02,195.199997,199.841003,194.684998,198.800003,178.094971,11311569
2015-03-03,198.0,204.699997,197.100006,202.0,180.9617,17452586
2015-03-04,202.199997,203.399994,198.800003,202.800003,181.678391,11196697
2015-03-05,202.300003,206.300003,201.794998,205.600006,184.186752,7213151
2015-03-06,205.600006,206.899994,204.524002,206.0,184.54509,12252624
2015-03-09,204.0,209.300003,202.699997,208.199997,186.515976,15925180
2015-03-10,209.199997,214.80000299999998,204.0,205.100006,183.738815,23735237
2015-03-11,205.5,208.100006,203.800003,206.5,184.993027,12898802
2015-03-12,209.100006,210.399994,198.600006,207.600006,185.978455,22658495
2015-03-13,208.399994,209.100006,201.899994,204.0,182.753387,14095506
2015-03-16,203.199997,207.0,201.199997,205.800003,184.365936,10390792
2015-03-17,205.899994,206.600006,200.199997,201.300003,180.334595,21347981
2015-03-18,200.600006,203.199997,199.199997,203.100006,181.94714399999998,9333989
2015-03-19,203.5,208.300003,203.475006,205.199997,183.82841499999998,11493008
2015-03-20,206.5,209.300003,205.899994,206.300003,184.813858,29544689
2015-03-23,206.699997,207.100006,202.699997,206.0,184.54509,9297760
2015-03-24,206.300003,208.600006,205.100006,206.699997,185.172195,6502283
2015-03-25,206.100006,207.5,203.899994,204.300003,183.022171,6957505
2015-03-26,202.699997,204.899994,200.899994,201.699997,180.692947,6839401
2015-03-27,201.300003,202.074997,197.5,198.5,177.826233,8113498
2015-03-30,200.100006,200.100006,194.5,196.399994,175.94491599999998,13591606
2015-03-31,197.199997,197.800003,193.100006,193.5,173.34698500000002,11106285
2015-04-01,193.199997,196.5,192.100006,195.100006,174.780334,7514310
2015-04-02,194.800003,196.800003,194.100006,195.699997,175.317841,6254489
2015-04-07,195.699997,199.800003,195.699997,198.300003,177.647049,8029070
2015-04-08,198.300003,200.600006,198.100006,198.699997,178.00538600000002,7310775
2015-04-09,199.800003,201.800003,198.100006,199.899994,179.080414,7638242
2015-04-10,200.100006,202.199997,199.78999299999998,202.199997,181.14086899999998,7403744
2015-04-13,201.399994,202.100006,199.565002,200.199997,179.349167,4383800
2015-04-14,199.5,200.899994,197.0,199.0,178.274139,6942029
2015-04-15,199.800003,204.399994,198.600006,203.600006,182.395065,9095119
2015-04-16,204.199997,205.0,199.800003,201.199997,180.24501,9718855
2015-04-17,201.199997,202.100006,197.399994,197.699997,177.109543,8464543
2015-04-20,198.0,199.699997,196.699997,198.0,177.378296,6818512
2015-04-21,198.5,200.300003,197.699997,198.5,177.826233,5101394
2015-04-22,199.800003,200.899994,190.100006,190.399994,170.569824,12272310
2015-04-23,189.800003,193.860001,189.671997,193.5,173.34698500000002,10093477
2015-04-24,193.899994,195.0,192.399994,194.100006,173.884491,3784097
2015-04-27,195.100006,195.600006,190.300003,193.300003,173.167801,17523048
2015-04-28,193.100006,194.692001,190.399994,191.899994,171.91360500000002,6819200
2015-04-29,191.800003,192.399994,190.0,190.600006,170.749023,9113310
2015-04-30,188.800003,192.199997,185.399994,186.800003,167.344772,16177074
2015-05-01,186.0,188.800003,185.399994,188.0,168.4198,6605508
2015-05-05,188.0,190.100006,185.5,187.399994,167.882278,15488614
2015-05-06,187.800003,190.0,186.272003,189.300003,169.58441200000001,14098361
2015-05-07,180.0,180.0,175.699997,176.899994,166.960587,18949753
2015-05-08,179.800003,183.399994,178.899994,181.0,170.830246,17209517
2015-05-11,180.800003,186.699997,180.600006,182.899994,172.623474,10150851
2015-05-12,182.600006,184.399994,179.899994,181.199997,171.01899699999998,9791168
2015-05-13,181.100006,182.0,176.0,176.899994,166.960587,10773082
2015-05-14,177.5,179.73599199999998,176.270004,179.199997,169.131378,9082958
2015-05-15,180.300003,181.5,178.899994,179.300003,169.22576899999999,8618217
2015-05-18,179.399994,181.199997,178.0,178.800003,168.75386,6139968
2015-05-19,178.800003,181.0,178.800003,181.0,170.830246,6912179
2015-05-20,181.300003,182.800003,179.5,179.600006,169.508896,5908503
2015-05-21,179.899994,182.369995,179.300003,180.300003,170.169571,5235513
2015-05-22,181.5,182.199997,179.899994,180.699997,170.547089,4446102
2015-05-26,180.699997,180.899994,176.699997,177.199997,167.243744,7523722
2015-05-27,177.5,178.600006,176.899994,177.800003,167.81002800000002,6851994
2015-05-28,177.300003,178.699997,176.199997,177.0,167.054993,5789552
2015-05-29,176.699997,178.0,170.914001,171.0,161.39209,20669011
2015-06-01,171.0,172.600006,169.0,169.399994,159.882004,10248649
2015-06-02,169.5,173.5,167.800003,172.5,162.807816,20009589
2015-06-03,172.5,179.199997,172.5,178.100006,168.093185,18454602
2015-06-04,178.0,180.899994,176.699997,178.300003,168.281952,11539629
2015-06-05,177.699997,177.699997,172.800003,173.600006,163.846008,10663358
2015-06-08,173.0,173.600006,170.600006,172.800003,163.090958,5618537
2015-06-09,173.300003,175.899994,170.800003,171.399994,161.769608,6142560
2015-06-10,170.800003,180.399994,170.32200600000002,179.899994,169.792038,14902618
2015-06-11,179.100006,183.5,178.399994,181.600006,171.39653,10347469
2015-06-12,180.399994,180.899994,177.0,178.300003,168.281952,7039166
2015-06-15,177.100006,177.899994,176.399994,177.100006,167.149384,6092732
2015-06-16,177.199997,177.800003,174.899994,177.600006,167.621277,5567850
2015-06-17,177.199997,177.300003,174.899994,175.300003,165.45048500000001,5896890
2015-06-18,175.399994,176.300003,174.100006,176.100006,166.205566,4936611
2015-06-19,176.199997,179.186996,175.800003,176.300003,166.394302,8615200
2015-06-22,178.699997,178.899994,176.0,178.300003,168.281952,4972714
2015-06-23,178.600006,180.600006,178.100006,179.800003,169.697662,5597941
2015-06-24,180.5,187.050003,178.591995,184.5,174.133575,14655404
2015-06-25,184.300003,185.171997,183.0,183.100006,172.812241,7183869
2015-06-26,182.800003,186.600006,182.800003,184.199997,173.850449,9281637
2015-06-29,182.399994,185.100006,181.199997,182.600006,172.34033200000002,8202196
2015-06-30,181.600006,182.800003,180.199997,180.800003,170.641479,10697537
2015-07-01,181.699997,183.0,179.600006,181.699997,171.490891,8094093
2015-07-02,181.5,182.0,179.800003,180.199997,170.07518000000002,5188986
2015-07-03,179.399994,180.0,175.300003,176.600006,166.677475,6393790
2015-07-06,174.399994,177.0,173.800003,174.699997,164.88421599999998,6229066
2015-07-07,175.399994,175.399994,169.263,169.899994,160.353912,9092494
2015-07-08,170.5,172.23599199999998,165.38900800000002,167.399994,157.99438500000002,13574856
2015-07-09,167.899994,171.600006,165.0,170.800003,161.203339,10230424
2015-07-10,173.399994,174.5,171.699997,172.800003,163.090958,6647329
2015-07-13,175.0,178.399994,173.87399299999998,178.0,167.998795,7459305
2015-07-14,178.5,180.600006,177.899994,180.600006,170.452713,10452729
2015-07-15,181.5,181.5,179.600006,180.899994,170.73585500000002,4603597
2015-07-16,181.899994,182.5,180.899994,181.5,171.30213899999998,6807971
2015-07-17,181.199997,184.0,181.199997,182.600006,172.34033200000002,5585793
2015-07-20,182.0,183.899994,181.074005,183.800003,173.47293100000002,4098882
2015-07-21,184.0,188.5,183.399994,186.0,175.549301,8347557
2015-07-22,185.0,187.0,184.800003,185.899994,175.45491,5659390
2015-07-23,187.300003,187.300003,184.899994,185.5,175.077377,4499257
2015-07-24,185.300003,186.800003,183.199997,183.5,173.189758,3929072
2015-07-27,182.5,183.699997,180.800003,181.399994,171.207748,4387326
2015-07-28,181.800003,182.5,178.5,179.600006,169.508896,7483093
2015-07-29,180.100006,181.800003,179.658997,180.5,170.358337,5653861
2015-07-30,180.399994,181.699997,178.899994,181.100006,170.92463700000002,5334464
2015-07-31,181.800003,182.5,178.600006,182.5,172.245941,6029256
2015-08-03,181.5,182.699997,180.600006,181.800003,171.585281,4507772
2015-08-04,181.800003,182.100006,179.699997,180.899994,170.73585500000002,5422597
2015-08-05,181.0,185.300003,180.5,183.899994,173.56729099999998,5638217
2015-08-06,183.699997,187.800003,183.0,186.0,175.549301,7282005
2015-08-07,185.5,186.0,184.100006,184.399994,174.0392,6399680
2015-08-10,185.399994,186.130005,181.800003,183.0,172.71785,8467165
2015-08-11,183.300003,183.699997,181.199997,181.5,171.30213899999998,5833371
2015-08-12,180.0,182.324997,174.800003,175.699997,165.828018,8024229
2015-08-13,176.699997,177.962997,175.300003,176.0,166.11116,6387923
2015-08-14,176.300003,178.492996,175.600006,177.800003,167.81002800000002,5963478
2015-08-17,179.0,179.0,175.0,175.699997,165.828018,5000455
2015-08-18,175.399994,176.600006,173.962997,174.100006,164.317917,3315661
2015-08-19,173.800003,173.815002,168.600006,168.899994,159.41009499999998,6456918
2015-08-20,168.0,171.300003,166.62600700000002,169.0,159.504471,6171732
2015-08-21,167.0,170.899994,165.5,165.5,156.201126,7787485
2015-08-24,160.699997,164.600006,159.5,163.800003,154.59664899999999,22248241
2015-08-25,165.800003,168.199997,164.300003,166.899994,157.52246100000002,12949271
2015-08-26,165.5,168.600006,162.5,165.300003,156.012375,8038722
2015-08-27,168.0,168.75,164.600006,168.100006,158.655029,7955910
2015-08-28,168.0,168.5,164.462997,168.5,159.032562,7234488
2015-09-01,168.5,168.5,161.600006,162.399994,153.27531399999998,8005146
2015-09-02,162.300003,164.0,160.921997,163.100006,153.93598899999998,6158816
2015-09-03,168.0,172.100006,166.699997,170.800003,161.203339,10137647
2015-09-04,170.199997,171.100006,166.800003,167.0,157.616852,7282351
2015-09-07,168.600006,169.5,166.699997,167.800003,158.37188700000002,4420187
2015-09-08,168.699997,172.800003,168.470001,170.0,160.448273,8839844
2015-09-09,173.0,177.600006,172.600006,175.899994,166.01676899999998,9993801
2015-09-10,168.0,172.100006,165.5,170.899994,161.297699,21549605
2015-09-11,171.899994,171.899994,165.199997,165.199997,155.91798400000002,9294858
2015-09-14,165.699997,165.699997,157.800003,157.800003,148.933762,13196721
2015-09-15,157.899994,158.054993,152.600006,157.399994,148.556244,13546920
2015-09-16,158.199997,160.199997,157.699997,160.100006,151.104538,7450088
2015-09-17,159.5,160.21899399999998,157.600006,158.5,149.59442099999998,7527512
2015-09-18,158.5,158.600006,156.100006,156.600006,147.80119299999998,13884093
2015-09-21,155.300003,161.699997,155.0,159.300003,150.349487,7778065
2015-09-22,158.800003,159.850006,152.100006,152.100006,143.554031,10730750
2015-09-23,151.800003,153.899994,151.5,152.600006,144.02594,6280198
2015-09-24,152.5,154.699997,149.899994,149.899994,141.477646,11974927
2015-09-25,152.800003,155.350006,151.800003,154.300003,145.630432,9599070
2015-09-28,155.100006,156.300003,154.5,155.5,146.76298500000001,8967535
2015-09-29,154.0,158.100006,153.300003,156.100006,147.329285,10576779
2015-09-30,161.0,168.399994,160.399994,166.100006,156.76741,17655147
2015-10-01,165.199997,166.0,161.391998,161.600006,153.910187,9934401
2015-10-02,162.600006,162.800003,159.600006,162.199997,154.48161299999998,9688598
2015-10-05,163.800003,168.199997,163.199997,168.199997,160.19610600000001,8955216
2015-10-06,168.5,174.03599499999999,168.25,173.600006,165.33914199999998,11122941
2015-10-07,174.300003,176.199997,172.399994,175.100006,166.767776,10001026
2015-10-08,174.399994,178.600006,174.0,177.699997,169.244049,7070757
2015-10-09,178.600006,182.399994,178.300003,180.899994,172.29176299999997,7811435
2015-10-12,179.899994,181.0,177.800003,179.0,170.48216200000002,5063632
2015-10-13,179.5,179.5,174.0,175.0,166.672516,8801310
2015-10-14,173.5,174.199997,171.699997,171.899994,163.720032,8083227
2015-10-15,173.699997,174.5,172.100006,173.699997,165.43438700000002,4380404
2015-10-16,174.5,177.850006,173.199997,174.800003,166.482056,6463218
2015-10-19,174.199997,176.0,171.800003,172.899994,164.67244,5843255
2015-10-20,173.199997,174.899994,172.449997,174.0,165.720108,7011604
2015-10-21,173.699997,175.100006,173.100006,174.100006,165.81535300000002,6686266
2015-10-22,173.699997,175.899994,173.300003,175.399994,167.05346699999998,7182474
2015-10-23,176.100006,176.949997,174.300003,175.0,166.672516,6811971
2015-10-26,175.100006,177.399994,173.199997,176.0,167.62493899999998,3236749
2015-10-27,175.600006,175.899994,171.899994,172.399994,164.19624299999998,6510825
2015-10-28,170.0,172.300003,167.600006,172.100006,163.910522,8173434
2015-10-29,171.699997,173.300003,170.699997,171.5,163.339081,5145288
2015-10-30,171.600006,171.800003,167.199997,168.5,160.481827,9605700
2015-11-02,167.699997,170.699997,167.315994,170.300003,162.196167,5029756
2015-11-03,170.399994,171.988007,169.899994,170.899994,162.76760900000002,6271446
2015-11-04,170.800003,179.399994,170.800003,177.5,169.053558,14901188
2015-11-05,175.699997,175.699997,167.300003,167.5,159.529404,11648994
2015-11-06,167.0,168.899994,166.0,168.600006,160.577072,7260894
2015-11-09,168.399994,170.699997,163.300003,163.800003,156.005478,10322324
2015-11-10,160.899994,161.199997,157.899994,159.5,151.91011,14545437
2015-11-11,159.899994,161.199997,155.399994,156.899994,149.433823,13179838
2015-11-12,156.300003,157.074997,154.199997,154.899994,147.528992,8841828
2015-11-13,154.0,155.434998,151.300003,152.300003,145.052719,11730311
2015-11-16,150.5,153.699997,150.300003,153.699997,146.386078,7209746
2015-11-17,154.199997,155.800003,152.199997,155.600006,148.195679,9501287
2015-11-18,154.300003,156.100006,152.199997,154.5,147.14804099999998,8584977
2015-11-19,155.399994,156.600006,153.600006,154.600006,147.243256,5819170
2015-11-20,155.0,157.649994,154.300003,156.399994,148.957596,7791364
2015-11-23,155.399994,156.024994,151.800003,152.300003,145.052719,6338823
2015-11-24,152.0,152.600006,150.899994,151.600006,144.386032,12339665
2015-11-25,152.0,153.100006,150.899994,152.699997,145.433685,7986081
2015-11-26,153.0,155.699997,152.899994,155.5,148.100433,3553860
2015-11-27,154.699997,156.119995,153.899994,154.600006,147.243256,3719536
2015-11-30,154.699997,155.03999299999998,151.75,152.5,145.24321,7875471
2015-12-01,152.399994,153.399994,149.899994,151.300003,144.100311,9927414
2015-12-02,152.600006,152.600006,150.0,151.0,143.81456,8001126
2015-12-03,150.399994,155.899994,149.0,149.0,141.909744,10815967
2015-12-04,148.100006,149.100006,146.100006,147.600006,140.57637,8339497
2015-12-07,147.399994,147.524994,144.84399399999998,145.699997,138.766785,5558694
2015-12-08,146.100006,149.800003,143.899994,144.399994,137.528625,10012659
2015-12-09,142.899994,144.199997,140.300003,143.0,136.195267,12283208
2015-12-10,141.899994,143.432007,140.600006,140.899994,134.19519,6866773
2015-12-11,140.600006,141.972,138.600006,139.0,132.385605,14356541
2015-12-14,139.300003,142.0,138.699997,140.199997,133.52848799999998,13167688
2015-12-15,141.899994,148.03599499999999,140.699997,147.100006,140.10015900000002,16658143
2015-12-16,147.300003,147.899994,143.399994,147.199997,140.195404,11566690
2015-12-17,149.600006,153.300003,147.699997,148.300003,141.243057,11158378
2015-12-18,147.5,149.5,146.300003,146.699997,139.719193,50240439
2015-12-21,146.300003,150.399994,145.100006,147.600006,140.57637,7422049
2015-12-22,148.300003,149.100006,146.533005,148.600006,141.528793,4906483
2015-12-23,149.699997,154.23599199999998,149.699997,153.800003,146.481339,5193155
2015-12-24,153.100006,155.800003,153.078003,155.0,147.624252,1483571
2015-12-29,155.0,155.199997,151.199997,152.5,145.24321,5590457
2015-12-30,151.0,151.240005,148.600006,150.899994,143.719345,4804344
2015-12-31,150.0,150.576004,148.100006,148.199997,141.147827,1221919
2016-01-04,148.199997,148.199997,144.399994,146.5,139.528702,10349101
2016-01-05,148.5,150.0,146.5,148.899994,141.814514,13175077
2016-01-06,148.5,150.0,146.399994,149.800003,142.67169199999998,10433915
2016-01-07,146.300003,150.942001,146.199997,149.899994,142.766922,13042064
2016-01-08,149.899994,153.490005,149.899994,151.199997,144.005051,12424990
2016-01-11,150.0,152.899994,148.600006,152.300003,145.052719,12232142
2016-01-12,165.0,173.699997,164.300003,165.5,157.624588,33177179
2016-01-13,166.0,169.5,165.399994,167.399994,159.434158,13976785
2016-01-14,167.600006,168.899994,162.0,166.399994,158.48175,13437782
2016-01-15,166.5,167.399994,160.199997,162.899994,155.1483,13511770
2016-01-18,161.699997,163.5,157.587997,159.699997,152.10058600000002,8302748
2016-01-19,160.899994,161.600006,157.0,158.300003,150.767197,10464238
2016-01-20,155.600006,156.0,152.0,153.899994,146.576569,9078902
2016-01-21,154.100006,158.800003,152.899994,158.100006,150.576721,13289606
2016-01-22,160.0,162.100006,157.5,161.199997,153.52919,10456220
2016-01-25,162.399994,162.399994,157.899994,160.0,152.386292,8057070
2016-01-26,158.699997,163.899994,156.100006,162.600006,154.86261000000002,8544977
2016-01-27,163.300003,164.699997,161.699997,164.600006,156.76741,8152850
2016-01-28,163.699997,170.600006,163.501999,169.5,161.434235,19181993
2016-01-29,171.399994,174.5,170.699997,174.5,166.196304,13312097
2016-02-01,175.800003,177.899994,171.399994,174.5,166.196304,9356538
2016-02-02,173.5,174.699997,170.899994,173.300003,165.053436,5226043
2016-02-03,172.199997,173.800003,168.300003,169.800003,161.719971,8911448
2016-02-04,170.5,172.199997,167.0,170.600006,162.481918,7923535
2016-02-05,171.199997,177.399994,171.199997,175.0,166.672516,11184840
2016-02-08,174.300003,177.100006,171.5,173.699997,165.43438700000002,12799583
2016-02-09,173.399994,176.0,170.399994,172.399994,164.19624299999998,9953795
2016-02-10,171.199997,175.899994,171.199997,173.600006,165.33914199999998,9269913
2016-02-11,171.300003,173.100006,168.199997,170.699997,162.577148,9980744
2016-02-12,171.800003,173.199997,169.600006,173.100006,164.86293,10249425
2016-02-15,175.699997,179.699997,174.699997,178.5,170.00598100000002,10250754
2016-02-16,180.0,180.600006,175.399994,178.199997,169.720245,7987143
2016-02-17,178.0,182.699997,177.60699499999998,181.5,172.863205,11862900
2016-02-18,184.399994,188.699997,183.309998,186.699997,177.815765,18195288
2016-02-19,185.699997,187.283997,182.34399399999998,184.899994,176.101425,6806227
2016-02-22,184.899994,187.199997,184.199997,184.899994,176.101425,6075939
2016-02-23,184.0,184.199997,180.699997,182.100006,173.434677,7347578
2016-02-24,181.100006,184.399994,180.800003,183.800003,175.053772,10528347
2016-02-25,185.300003,188.199997,183.899994,186.800003,177.911026,5734949
2016-02-26,187.800003,189.5,186.91499299999998,187.899994,178.95867900000002,8344417
2016-02-29,196.5,200.699997,194.399994,199.0,189.530472,24060554
2016-03-01,199.0,205.199997,198.0,203.100006,193.435379,15608370
2016-03-02,203.5,205.600006,202.699997,205.300003,195.53067,13662129
2016-03-03,205.600006,208.899994,204.800003,206.699997,196.864075,11490761
2016-03-04,207.0,209.600006,207.0,209.0,199.05461100000002,8039348
2016-03-07,208.0,210.19999700000002,206.300003,209.399994,199.435577,10185676
2016-03-08,207.100006,207.850006,201.100006,202.5,192.863907,14390395
2016-03-09,201.800003,203.5,199.800003,202.0,192.38772600000001,19210008
2016-03-10,199.899994,203.300003,190.0,192.899994,183.72073400000002,23217975
2016-03-11,191.399994,199.199997,191.399994,198.800003,189.339981,12177886
2016-03-14,199.100006,202.100006,195.300003,199.5,190.006683,9028575
2016-03-15,200.699997,201.0,198.300003,199.399994,189.91142299999998,9602956
2016-03-16,200.100006,201.300003,198.199997,200.100006,190.57814,8702041
2016-03-17,201.600006,204.399994,199.899994,203.0,193.340134,14186314
2016-03-18,202.5,204.199997,198.699997,201.199997,191.625778,54314489
2016-03-21,200.399994,203.800003,197.399994,200.199997,190.67338600000002,8437916
2016-03-22,200.300003,203.199997,198.0,202.800003,193.149643,12290560
2016-03-23,202.100006,203.5,200.600006,203.5,193.81633,9894041
2016-03-24,201.199997,202.100006,199.199997,200.0,190.48289499999998,6888187
2016-03-29,200.0,202.800003,197.699997,198.399994,188.959015,7602907
2016-03-30,199.399994,202.600006,198.699997,202.100006,192.482956,12648327
2016-03-31,202.199997,202.199997,198.300003,198.699997,189.244751,10799025
2016-04-01,197.399994,199.899994,195.300003,199.899994,190.38763400000002,8739788
2016-04-04,200.100006,203.399994,198.800003,201.100006,191.530563,6833937
2016-04-05,200.100006,200.5,197.699997,200.199997,190.67338600000002,10997056
2016-04-06,200.199997,203.100006,198.600006,203.100006,193.435379,9633693
2016-04-07,203.199997,203.63900800000002,201.300003,201.600006,192.006744,10876806
2016-04-08,201.800003,203.100006,200.699997,201.399994,191.81625400000001,6838708
2016-04-11,200.899994,202.100006,199.899994,201.300003,191.721024,5773801
2016-04-12,201.600006,201.669998,199.300003,201.199997,191.625778,6434577
2016-04-13,202.0,202.229004,196.300003,197.199997,187.816116,13977355
2016-04-14,197.600006,198.300003,194.800003,195.699997,186.387497,11680122
2016-04-15,195.899994,196.899994,193.899994,194.800003,185.530334,13282007
2016-04-18,193.399994,195.300003,192.300003,193.899994,184.673157,7485071
2016-04-19,193.5,195.399994,193.100006,193.800003,184.577911,13091445
2016-04-20,194.0,194.0,191.699997,191.899994,182.768311,8782507
2016-04-21,191.5,192.5,190.399994,191.199997,182.101624,7391132
2016-04-22,189.5,193.800003,189.199997,191.300003,182.196884,13851654
2016-04-25,191.800003,192.899994,189.399994,190.600006,181.530197,11203301
2016-04-26,191.399994,191.936005,189.699997,189.899994,180.86348,6579422
2016-04-27,189.300003,190.399994,187.199997,189.300003,180.292053,8137555
2016-04-28,189.0,193.100006,188.399994,192.800003,183.625488,9225730
2016-04-29,190.899994,192.699997,190.5,191.100006,182.006393,9314206
2016-05-03,191.100006,192.800003,189.199997,190.899994,181.815903,12680083
2016-05-04,187.899994,188.600006,182.923004,187.5,178.577713,21588795
2016-05-05,189.100006,196.899994,183.970993,192.0,182.863571,24446846
2016-05-06,191.199997,192.220001,190.16000400000001,191.199997,182.101624,8165059
2016-05-09,191.800003,192.699997,189.899994,190.899994,181.815903,7855880
2016-05-10,191.5,193.0,190.600006,191.300003,182.196884,8635580
2016-05-11,190.5,191.0,189.0,189.399994,180.387283,6749502
2016-05-12,185.699997,189.199997,184.199997,186.699997,181.16355900000002,8203457
2016-05-13,185.899994,190.0,185.216995,189.699997,184.0746,6307914
2016-05-16,188.300003,190.600006,188.128998,190.5,184.850891,4247989
2016-05-17,189.899994,195.237,188.800003,189.300003,183.686478,8190555
2016-05-18,188.699997,189.5,187.5,188.899994,183.298325,5062589
2016-05-19,188.899994,189.100006,185.800003,188.399994,182.813141,7815440
2016-05-20,190.199997,193.199997,189.399994,193.0,187.276749,14562880
2016-05-23,193.100006,193.100006,190.300003,192.100006,186.40344199999998,4329955
2016-05-24,192.199997,197.600006,191.100006,196.199997,190.381851,13259541
2016-05-25,197.699997,197.699997,194.0,196.0,190.187775,6911168
2016-05-26,196.5,198.003998,195.5,196.800003,190.964066,8732986
2016-05-27,196.300003,198.800003,196.03999299999998,198.0,192.128479,7537840
2016-05-31,198.0,199.100006,197.199997,198.199997,192.32254,7644983
2016-06-01,197.600006,197.699997,195.162994,196.5,190.672958,7871211
2016-06-02,196.300003,198.699997,195.699997,196.399994,190.57591200000002,7416462
2016-06-03,197.399994,197.600006,186.5,188.899994,183.298325,14309759
2016-06-06,188.699997,190.100006,188.199997,189.199997,183.58943200000002,11574914
2016-06-07,189.5,190.100006,187.300003,188.0,182.425018,9686366
2016-06-08,186.800003,190.199997,185.800003,188.600006,183.007233,12810258
2016-06-09,188.800003,189.100006,186.494003,186.5,180.969498,6415885
2016-06-10,186.600006,186.600006,183.0,183.800003,178.349564,8010507
2016-06-13,182.899994,183.899994,180.5,180.899994,175.535553,8968784
2016-06-14,179.699997,180.899994,173.600006,174.0,168.840179,15299755
2016-06-15,175.0,180.134003,175.0,176.0,170.780853,12006189
2016-06-16,174.199997,176.699997,173.800003,175.100006,169.907562,9138513
2016-06-17,176.399994,179.399994,175.100006,177.300003,172.04231299999998,14974202
2016-06-20,180.899994,186.800003,179.399994,185.800003,180.290268,11775383
2016-06-21,185.399994,188.332001,184.300003,187.300003,181.74577299999999,10308682
2016-06-22,188.699997,191.800003,186.800003,188.399994,182.813141,53361222
2016-06-23,190.300003,192.600006,188.5,189.600006,183.97757,8619280
2016-06-24,180.699997,184.899994,168.5,182.899994,177.476257,26421206
2016-06-27,179.899994,179.899994,172.5,174.600006,169.422379,14292222
2016-06-28,177.699997,180.899994,177.5,177.800003,172.52749599999999,12708226
2016-06-29,179.699997,185.0,178.800003,182.800003,177.37922700000001,12482598
2016-06-30,182.199997,187.699997,180.199997,187.399994,181.842804,16414355
2016-07-01,188.899994,190.5,187.300003,189.199997,183.58943200000002,10243184
2016-07-04,190.100006,190.501999,187.199997,188.0,182.425018,5970192
2016-07-05,187.800003,188.600006,184.505997,185.800003,180.290268,7880520
2016-07-06,182.899994,182.899994,172.0,172.399994,167.287613,16706338
2016-07-07,174.199997,176.399994,173.026001,174.300003,169.13128700000001,10245277
2016-07-08,174.100006,180.399994,172.600006,178.399994,173.109695,9305820
2016-07-11,179.699997,180.139999,175.800003,179.699997,174.37115500000002,8226352
2016-07-12,179.5,184.399994,179.100006,182.0,176.602936,7388861
2016-07-13,181.199997,185.699997,173.432999,183.600006,178.155502,11769448
2016-07-14,185.399994,188.300003,184.0,184.100006,178.640671,7320383
2016-07-15,183.800003,183.800003,179.699997,181.5,176.117783,7878617
2016-07-18,181.300003,182.899994,180.199997,180.600006,175.244461,5727642
2016-07-19,180.5,180.699997,177.304993,180.5,175.147415,6178779
2016-07-20,181.100006,181.5,179.699997,181.199997,175.826675,5576297
2016-07-21,180.899994,181.0,177.600006,178.100006,172.818604,8996460
2016-07-22,177.399994,181.0,176.100006,179.899994,174.565216,4321625
2016-07-25,179.899994,183.899994,179.509995,183.800003,178.349564,8082389
2016-07-26,184.0,184.294006,181.600006,181.600006,176.214813,5824838
2016-07-27,182.600006,188.03599499999999,182.110001,187.0,181.454666,8628181
2016-07-28,187.800003,187.899994,184.199997,184.300003,178.834747,7508844
2016-07-29,184.5,186.300003,183.100006,185.800003,180.290268,9257803
2016-08-01,186.399994,186.399994,178.899994,181.5,176.117783,16723274
2016-08-02,181.0,181.699997,179.100006,179.100006,173.78894,8108304
2016-08-03,179.800003,180.699997,177.600006,180.100006,174.759308,7520751
2016-08-04,181.0,185.100006,180.199997,184.399994,178.931778,9216169
2016-08-05,185.5,186.699997,184.371994,184.899994,179.416931,6572900
2016-08-08,185.199997,188.399994,184.699997,188.0,182.425018,6576888
2016-08-09,188.899994,192.800003,188.600006,191.5,185.821228,9854408
2016-08-10,191.399994,191.899994,189.800003,191.300003,185.627151,6133512
2016-08-11,191.100006,191.600006,188.399994,189.899994,184.268661,6157096
2016-08-12,189.600006,194.0,189.0,192.600006,186.888611,9155578
2016-08-15,193.300003,193.300003,190.567993,190.899994,185.238998,8122457
2016-08-16,189.800003,191.444,188.0,189.600006,183.97757,17113416
2016-08-17,189.199997,190.300003,187.399994,187.5,181.93985,13485160
2016-08-18,189.699997,193.399994,188.600006,192.199997,186.500473,10810653
2016-08-19,192.800003,195.100006,190.770004,195.0,189.217438,9553210
2016-08-22,194.399994,197.307999,193.800003,196.800003,190.964066,16368649
2016-08-23,196.600006,200.5,195.399994,198.199997,192.32254,22503324
2016-08-24,197.300003,200.100006,196.800003,198.600006,192.710678,9980812
2016-08-25,198.399994,199.600006,197.800003,198.699997,192.80770900000002,6205976
2016-08-26,197.600006,199.936005,197.205994,198.199997,192.32254,7403321
2016-08-30,198.199997,200.899994,197.100006,197.300003,191.44923400000002,9936880
2016-08-31,193.0,197.800003,192.0,197.0,191.15811200000002,15627211
2016-09-01,197.600006,199.100006,192.395996,195.5,189.702606,13108411
2016-09-02,196.5,197.699997,194.96400500000001,197.0,191.15811200000002,16434977
2016-09-05,197.300003,199.619995,195.809006,198.899994,193.00177,9030640
2016-09-06,198.899994,199.899994,197.399994,198.100006,192.22551,12180314
2016-09-07,198.600006,200.800003,197.5,200.199997,194.263229,18763867
2016-09-08,200.100006,200.399994,197.319,199.899994,193.972107,10437435
2016-09-09,199.399994,200.600006,191.945007,192.5,186.791565,15954052
2016-09-12,190.5,195.699997,188.600006,193.399994,187.664871,16891563
2016-09-13,193.5,195.300003,191.699997,192.5,186.791565,14636559
2016-09-14,193.199997,194.391006,191.699997,193.600006,187.858963,10837669
2016-09-15,203.0,211.0,201.996994,208.100006,201.92897,63219524
2016-09-16,209.699997,214.600006,203.55299399999998,211.600006,205.325195,34925352
2016-09-19,214.0,217.100006,213.399994,215.0,208.624344,21673549
2016-09-20,216.0,216.399994,212.899994,214.80000299999998,208.430298,14539197
2016-09-21,216.19999700000002,218.80000299999998,214.63000499999998,217.600006,211.14726299999998,13992348
2016-09-22,218.100006,219.899994,215.80000299999998,217.80000299999998,211.34132400000001,9188559
2016-09-23,218.100006,218.899994,216.5,218.399994,211.923523,10055586
2016-09-26,218.100006,218.19200099999998,215.725006,216.399994,209.982819,8600136
2016-09-27,217.5,219.080002,215.399994,218.600006,212.117599,11632703
2016-09-28,218.100006,220.69999700000002,217.0,220.0,213.476074,14355464
2016-09-29,218.600006,219.856995,216.600006,218.0,213.065598,11116852
2016-09-30,215.30000299999998,218.100006,213.82400499999997,217.899994,212.96785,14017517
2016-10-03,218.19999700000002,220.899994,217.19999700000002,219.69999700000002,214.727112,18350360
2016-10-04,219.5,222.0,218.30000299999998,220.600006,215.60675,14521391
2016-10-05,222.399994,227.100006,220.406998,223.0,217.95240800000002,25167584
2016-10-06,223.5,223.69999700000002,220.100006,221.30000299999998,216.290909,13259611
2016-10-07,222.5,222.600006,217.399994,217.69999700000002,212.772385,16171933
2016-10-10,218.0,219.28100600000002,216.30000299999998,218.600006,213.652008,9599727
2016-10-11,218.0,219.69999700000002,216.899994,217.30000299999998,212.381439,8795594
2016-10-12,217.5,219.19999700000002,216.80000299999998,219.100006,214.14070099999998,12495574
2016-10-13,217.5,219.100006,215.399994,219.0,214.04295299999998,12009339
2016-10-14,219.80000299999998,222.399994,219.5,220.19999700000002,215.21579,13305579
2016-10-17,219.100006,221.600006,218.899994,221.399994,216.388626,9088611
2016-10-18,222.0,223.30000299999998,219.19999700000002,222.69999700000002,217.659195,17817847
2016-10-19,222.399994,229.19999700000002,221.30000299999998,229.19999700000002,224.012085,17342716
2016-10-20,229.5,230.0,227.899994,229.80000299999998,224.598495,25144323
2016-10-21,229.69999700000002,230.035995,227.5,229.30000299999998,224.10981800000002,17765426
2016-10-24,230.0,230.30000299999998,227.600006,229.0,223.81660499999998,8617745
2016-10-25,230.0,230.0,227.30000299999998,228.0,222.839233,17155307
2016-10-26,228.5,229.100006,227.0,227.5,222.35055499999999,15760429
2016-10-27,226.899994,228.80000299999998,225.5,226.399994,221.275452,38773911
2016-10-28,225.5,226.5,222.80000299999998,226.100006,220.982254,11461694
2016-10-31,225.600006,228.238998,224.19999700000002,226.5,221.37318399999998,15962520
2016-11-01,221.899994,225.30000299999998,221.100006,223.69999700000002,218.63656600000002,22623753
2016-11-02,224.0,224.0,219.98500099999998,221.30000299999998,216.290909,21847671
2016-11-03,221.600006,227.600006,220.80000299999998,223.399994,218.34335299999998,25632841
2016-11-04,222.5,227.5,218.100006,219.30000299999998,214.33616600000002,20313592
2016-11-07,220.80000299999998,222.0,218.5,219.399994,214.43389900000003,12146833
2016-11-08,220.0,220.83999599999999,217.69999700000002,218.69999700000002,213.74975600000002,11155200
2016-11-09,213.5,218.79699700000003,212.100006,218.0,213.065598,14242336
2016-11-10,218.5,219.69999700000002,210.19999700000002,211.0,206.22403,20135955
2016-11-11,211.5,213.100006,210.600006,212.80000299999998,207.983292,11091351
2016-11-14,214.100006,214.36599700000002,210.899994,212.600006,207.787827,12190801
2016-11-15,214.5,223.809998,212.173004,221.899994,216.877304,24917016
2016-11-16,222.0,225.0,217.5,218.5,213.554276,14662608
2016-11-17,218.100006,220.100006,217.899994,218.399994,213.456528,7448899
2016-11-18,219.399994,225.0,217.19999700000002,218.30000299999998,213.35881,6599899
2016-11-21,219.100006,220.05200200000002,216.30000299999998,218.100006,213.16332999999997,5796990
2016-11-22,220.100006,221.5,219.19999700000002,219.899994,214.922577,10802973
2016-11-23,221.0,221.600006,218.69999700000002,219.600006,214.629379,8931253
2016-11-24,221.19999700000002,221.399994,217.399994,218.600006,213.652008,5072854
2016-11-25,218.899994,219.5,215.80000299999998,219.19999700000002,214.23843399999998,5208648
2016-11-28,219.0,219.399994,216.69999700000002,217.899994,212.96785,7080253
2016-11-29,218.0,222.100006,217.19999700000002,220.19999700000002,215.21579,9623035
2016-11-30,219.80000299999998,222.600006,217.399994,217.5,212.576904,13385902
2016-12-01,216.600006,216.899994,212.899994,214.100006,209.25386,11687733
2016-12-02,212.899994,218.5,212.69999700000002,216.5,211.599548,9462236
2016-12-05,215.399994,220.30000299999998,214.90800499999997,219.600006,214.629379,8438757
2016-12-06,219.5,219.69999700000002,216.899994,217.899994,212.96785,9032278
2016-12-07,219.5,225.035995,219.19999700000002,225.0,219.907135,15272096
2016-12-08,224.899994,225.90400699999998,221.69999700000002,225.0,219.907135,11663679
2016-12-09,225.0,226.100006,224.100006,224.899994,219.809402,13143001
2016-12-12,224.69999700000002,226.899994,222.600006,225.0,219.907135,12079529
2016-12-13,224.30000299999998,228.30000299999998,223.5,226.399994,221.275452,17534361
2016-12-14,225.899994,229.600006,225.69999700000002,227.899994,222.74150099999997,12438125
2016-12-15,228.5,229.100006,226.69999700000002,228.80000299999998,223.62114,9048701
2016-12-16,228.80000299999998,229.0,226.0,226.80000299999998,221.66639700000002,11506144
2016-12-19,227.600006,229.0,226.69999700000002,227.5,222.35055499999999,6043308
2016-12-20,227.600006,228.32000699999998,226.5,227.899994,222.74150099999997,7395888
2016-12-21,227.80000299999998,229.81799300000003,227.5,228.69999700000002,223.523392,13686098
2016-12-22,228.69999700000002,230.024002,227.0,229.899994,224.696228,12193538
2016-12-23,230.399994,230.399994,227.600006,229.69999700000002,224.50076299999998,4444620
2016-12-28,229.69999700000002,230.100006,227.5,229.30000299999998,224.10981800000002,5561014
2016-12-29,228.19999700000002,230.100006,228.100006,230.0,224.793976,5826064
2016-12-30,230.5,230.819,228.80000299999998,230.69999700000002,225.47813399999998,3782562
2017-01-03,230.69999700000002,232.5,228.5,230.80000299999998,225.575867,8461947
2017-01-04,230.899994,232.30000299999998,229.69999700000002,231.899994,226.65097000000003,10499815
2017-01-05,232.0,234.0,230.917999,233.100006,227.823807,18404856
2017-01-06,233.100006,236.30000299999998,233.100006,236.30000299999998,230.95138500000002,20800227
2017-01-09,233.899994,238.25,233.705002,237.399994,232.026459,17898542
2017-01-10,242.0,249.399994,238.0,246.0,240.43180800000002,44925544
2017-01-11,247.69999700000002,250.0,239.5,239.5,234.07893399999998,23879971
2017-01-12,239.0,240.15600600000002,236.399994,239.0,233.590256,16038181
2017-01-13,240.0,242.30000299999998,239.399994,241.899994,236.424606,12779117
2017-01-16,241.5,241.778,238.968002,240.899994,235.44725,9355977
2017-01-17,240.80000299999998,240.899994,237.600006,238.30000299999998,232.90611299999998,9597237
2017-01-18,239.399994,239.399994,235.69999700000002,238.899994,233.49250800000002,11682470
2017-01-19,239.0,241.100006,238.69999700000002,241.100006,235.642731,12343552
2017-01-20,241.100006,241.600006,239.225998,240.0,234.56761200000003,12679247
2017-01-23,239.600006,240.75,237.600006,240.30000299999998,234.86084,9402249
2017-01-24,241.5,242.0,238.0,239.19999700000002,233.785721,9676700
2017-01-25,240.30000299999998,240.399994,236.600006,236.80000299999998,231.44006299999998,12075830
2017-01-26,237.30000299999998,238.30000299999998,232.600006,236.30000299999998,230.95138500000002,10630539
2017-01-27,237.600006,240.100006,235.80000299999998,238.100006,232.71063199999998,19032585
2017-01-30,238.5,238.852005,235.399994,237.399994,232.026459,8563315
2017-01-31,237.899994,239.399994,236.05299399999998,236.100006,230.75590499999998,12310614
2017-02-01,238.0,241.600006,236.600006,239.600006,234.17668199999997,10978040
2017-02-02,238.600006,239.600006,235.69999700000002,237.5,232.12422200000003,13425044
2017-02-03,237.80000299999998,241.5,236.600006,240.5,235.05630499999998,15261447
2017-02-06,240.100006,241.399994,238.69999700000002,239.399994,233.98120099999997,11781064
2017-02-07,239.399994,244.600006,239.19999700000002,243.600006,238.08615099999997,19147442
2017-02-08,243.0,246.899994,242.399994,246.399994,240.822754,17175354
2017-02-09,246.100006,247.5,245.580002,247.0,241.40918,10922009
2017-02-10,247.5,248.80299399999998,246.376999,247.5,241.897858,9054627
2017-02-13,247.399994,248.522995,246.399994,247.80000299999998,242.191071,5826515
2017-02-14,247.5,248.19999700000002,246.19999700000002,247.100006,241.506912,7031240
2017-02-15,247.80000299999998,249.600006,246.600006,248.80000299999998,243.168442,10542628
2017-02-16,248.19999700000002,249.399994,246.19999700000002,249.30000299999998,243.65712000000002,15335979
2017-02-17,249.5,250.0,247.19999700000002,248.899994,243.266159,9299234
2017-02-20,248.80000299999998,249.539993,247.30000299999998,249.30000299999998,243.65712000000002,7245222
2017-02-21,249.5,250.0,244.399994,245.19999700000002,239.649918,11977835
2017-02-22,244.69999700000002,248.600006,244.600006,247.899994,242.28878799999998,9530003
2017-02-23,247.600006,250.0,247.5,248.399994,242.777481,13585723
2017-02-24,247.899994,250.0,243.0,244.5,238.965759,12593309
2017-02-27,245.5,246.30000299999998,243.100006,243.80000299999998,238.28160099999997,10724277
2017-02-28,243.600006,244.600006,240.899994,242.600006,237.10877999999997,12664751
2017-03-01,243.80000299999998,245.5,241.830994,244.399994,238.868027,11126679
2017-03-02,243.100006,244.5,242.100006,244.19999700000002,238.672562,9429958
2017-03-03,244.80000299999998,246.80000299999998,241.5,243.600006,238.08615099999997,12443879
2017-03-06,244.899994,247.399994,244.100006,247.0,241.40918,14930293
2017-03-07,246.399994,248.30000299999998,243.69999700000002,245.5,239.94312999999997,11141997
2017-03-08,244.399994,249.91700699999998,243.100006,247.0,241.40918,12524589
2017-03-09,240.100006,241.80000299999998,229.100006,230.80000299999998,225.575867,39940507
2017-03-10,231.69999700000002,235.600006,231.100006,234.19999700000002,228.898911,17104829
2017-03-13,233.5,235.22799700000002,231.600006,233.100006,227.823807,10510777
2017-03-14,233.69999700000002,235.30000299999998,232.69999700000002,235.0,229.68080099999997,9756655
2017-03-15,234.69999700000002,240.399994,234.311005,239.600006,234.17668199999997,17626213
2017-03-16,240.19999700000002,240.30000299999998,234.94999700000002,235.5,230.169479,14974529
2017-03-17,234.69999700000002,238.899994,234.100006,238.399994,233.00383,12876798
2017-03-20,237.399994,239.0,235.80000299999998,237.5,232.12422200000003,8887012
2017-03-21,237.30000299999998,238.5,235.600006,236.0,230.658173,8183642
2017-03-22,236.5,236.5,230.69999700000002,232.30000299999998,227.04191600000001,13495350
2017-03-23,232.600006,234.899994,232.0,234.5,229.192123,5404170
2017-03-24,235.0,237.19999700000002,233.0,235.80000299999998,230.462692,5982496
2017-03-27,235.399994,237.100006,233.69999700000002,236.80000299999998,231.44006299999998,6228665
2017-03-28,237.0,237.69999700000002,233.80000299999998,235.399994,230.071732,7798257
2017-03-29,235.600006,238.19999700000002,234.30000299999998,237.19999700000002,231.830994,6870240
2017-03-30,246.5,247.0,235.64700299999998,242.30000299999998,236.815552,15229546
2017-03-31,242.69999700000002,242.69999700000002,238.399994,240.0,234.56761200000003,9760746
2017-04-03,239.899994,239.899994,236.899994,237.69999700000002,232.31967200000003,8140339
2017-04-04,237.600006,238.350006,230.600006,230.899994,225.67359900000002,12146524
2017-04-05,232.0,233.399994,230.600006,232.30000299999998,227.04191600000001,9931462
2017-04-06,230.5,232.399994,229.30000299999998,230.69999700000002,225.47813399999998,7752181
2017-04-07,230.600006,235.0,230.30000299999998,234.19999700000002,228.898911,7044328
2017-04-10,232.899994,235.0,232.5,234.600006,229.28985600000001,5749608
2017-04-11,233.899994,236.899994,233.899994,236.100006,230.75590499999998,8779621
2017-04-12,234.0,235.30000299999998,230.600006,232.0,226.74870299999998,11642111
2017-04-13,232.0,235.69999700000002,231.71600299999997,234.399994,229.09436000000002,10200797
2017-04-18,234.399994,234.899994,228.0,228.100006,222.936996,10721898
2017-04-19,228.19999700000002,235.0,228.19999700000002,233.399994,228.117004,10779781
2017-04-20,233.80000299999998,234.899994,231.899994,231.899994,226.65097000000003,7428164
2017-04-21,231.399994,232.69999700000002,230.30000299999998,231.30000299999998,226.064545,10091348
2017-04-24,235.5,237.0,231.399994,231.399994,226.162277,9870304
2017-04-25,231.19999700000002,235.399994,228.100006,233.30000299999998,228.01928700000002,9762966
2017-04-26,233.899994,237.0,233.01400800000002,234.80000299999998,229.485336,6932757
2017-04-27,233.80000299999998,235.399994,232.0,234.399994,229.09436000000002,7901333
2017-04-28,234.80000299999998,241.19999700000002,234.55499300000002,239.899994,234.469879,15446363
2017-05-02,241.19999700000002,244.100006,240.0,242.399994,236.9133,12114684
2017-05-03,241.5,243.600006,238.899994,239.0,233.590256,12037851
2017-05-04,243.0,243.600006,233.19999700000002,234.399994,229.09436000000002,13790509
2017-05-05,234.399994,239.399994,234.399994,239.100006,233.688004,9309886
2017-05-08,239.0,240.69999700000002,237.600006,239.399994,233.98120099999997,6255024
2017-05-09,239.0,242.69999700000002,239.0,241.0,235.544983,8928165
2017-05-10,239.399994,242.899994,238.056,242.30000299999998,236.815552,8020923
2017-05-11,242.30000299999998,243.30000299999998,240.69999700000002,242.100006,236.620102,10350651
2017-05-12,241.899994,243.69999700000002,240.94200099999998,242.30000299999998,236.815552,5251573
2017-05-15,242.399994,242.5,239.69999700000002,241.899994,236.424606,7277748
2017-05-16,242.30000299999998,244.5,241.5,243.899994,238.37934900000002,7162403
2017-05-17,243.899994,246.19999700000002,240.19999700000002,242.19999700000002,236.717819,8363332
2017-05-18,242.600006,243.30000299999998,240.399994,242.100006,236.620102,10597479
2017-05-19,242.899994,243.11999500000002,239.399994,242.5,237.01103199999997,8306999
2017-05-22,241.399994,246.0,240.5,245.19999700000002,239.649918,7788045
2017-05-23,245.80000299999998,246.399994,243.5,245.100006,239.552185,6934961
2017-05-24,245.600006,247.100006,243.80000299999998,245.600006,240.040863,9019196
2017-05-25,243.0,246.30000299999998,241.0,245.399994,243.665054,12513937
2017-05-26,245.100006,247.80000299999998,244.19999700000002,247.399994,245.650925,8671167
2017-05-30,247.399994,248.399994,246.100006,247.600006,245.84951800000002,8285251
2017-05-31,248.19999700000002,248.399994,244.983994,246.19999700000002,244.45941200000001,13732761
2017-06-01,247.0,248.0,246.19999700000002,247.100006,245.353058,5377521
2017-06-02,248.30000299999998,248.30000299999998,246.100006,247.100006,245.353058,5868867
2017-06-05,246.5,247.313995,243.399994,244.100006,242.37426800000003,7179424
2017-06-06,243.80000299999998,244.69999700000002,240.69999700000002,243.600006,241.877792,8226286
2017-06-07,243.399994,248.100006,242.888,244.0,242.27496299999999,9428766
2017-06-08,244.5,245.399994,242.69999700000002,243.5,241.77850299999997,7699181
2017-06-09,242.69999700000002,245.337006,241.19999700000002,244.30000299999998,242.57284500000003,7677493
2017-06-12,243.399994,244.600006,241.80000299999998,243.80000299999998,242.07638500000002,5459362
2017-06-13,244.69999700000002,245.100006,243.600006,244.399994,242.67213399999997,5100929
2017-06-14,244.19999700000002,246.399994,244.19999700000002,244.69999700000002,242.97001600000002,5835675
2017-06-15,244.600006,244.69999700000002,238.988998,239.899994,238.20394900000002,8159642
2017-06-16,240.600006,243.600006,232.25999500000003,242.600006,240.88487200000003,32127182
2017-06-19,240.0,245.5,241.34399399999998,244.5,242.771423,2381319
2017-06-20,244.80000299999998,249.91000400000001,239.71299700000003,247.5,245.750214,6469645
2017-06-21,247.30000299999998,248.350006,245.0,247.69999700000002,245.948807,3620568
2017-06-22,247.399994,247.0,240.30000299999998,241.0,239.296173,9066341
2017-06-23,241.30000299999998,241.30000299999998,235.600006,240.69999700000002,238.99829100000002,724726
2017-06-26,241.69999700000002,242.100006,240.30000299999998,241.145996,239.44113199999998,1445332
2017-06-27,240.600006,242.399994,240.30000299999998,242.013,240.302017,466687
2017-06-28,241.399994,244.039993,241.229996,241.899994,240.189804,382583
2017-06-29,242.80000299999998,244.0,239.19999700000002,239.5,237.80677799999998,2004298
2017-06-30,238.399994,241.80000299999998,237.600006,241.19999700000002,239.49475099999998,457907
2017-07-03,240.899994,242.399994,236.80000299999998,237.600006,235.92021200000002,15018424
2017-07-04,237.0,238.69999700000002,235.899994,236.69999700000002,235.026566,5817193
2017-07-05,237.30000299999998,241.19999700000002,237.30000299999998,240.0,238.303238,6870416
2017-07-06,239.5,240.69999700000002,237.600006,240.399994,238.70040899999998,8665164
2017-07-07,240.5,241.30000299999998,238.19999700000002,241.100006,239.395477,6919530
2017-07-10,242.100006,243.44500699999998,241.80000299999998,242.80000299999998,241.08345,10085598
2017-07-11,247.100006,249.19999700000002,242.600006,243.600006,241.877792,11246177
2017-07-12,243.69999700000002,245.899994,243.69999700000002,244.399994,242.67213399999997,7106972
2017-07-13,244.69999700000002,248.30000299999998,244.69999700000002,245.899994,244.16152999999997,7781062
2017-07-14,247.19999700000002,247.69999700000002,243.69999700000002,246.0,244.26081800000003,8385323
2017-07-17,246.0,249.350006,245.0,247.600006,245.84951800000002,7917345
2017-07-18,247.600006,248.80000299999998,245.69999700000002,247.19999700000002,245.45233199999998,10687665
2017-07-19,248.399994,250.19999700000002,246.5,248.399994,246.64384500000003,9567605
2017-07-20,248.69999700000002,251.100006,248.100006,249.5,247.73608399999998,6715271
2017-07-21,249.19999700000002,251.0,247.69999700000002,249.30000299999998,247.53749100000002,7544108
2017-07-24,249.100006,251.899994,244.899994,246.600006,244.856583,14904826
2017-07-25,247.600006,247.604996,239.5,241.19999700000002,239.49475099999998,14329926
2017-07-26,242.19999700000002,243.899994,240.80000299999998,243.600006,241.877792,8127857
2017-07-27,242.899994,244.30000299999998,240.69999700000002,244.30000299999998,242.57284500000003,7891057
2017-07-28,243.600006,244.100006,239.80000299999998,240.600006,238.899002,7889849
2017-07-31,239.899994,242.05000299999998,238.899994,240.399994,238.70040899999998,7335667
2017-08-01,243.19999700000002,243.600006,241.5,242.69999700000002,240.984146,6895934
2017-08-02,245.80000299999998,247.69999700000002,243.600006,245.19999700000002,243.46647599999997,9217221
2017-08-03,245.69999700000002,249.600006,243.998001,248.19999700000002,246.445267,10735708
2017-08-04,248.5,250.69999700000002,247.0,249.80000299999998,248.03396600000002,8649568
2017-08-07,250.100006,250.600006,247.69999700000002,250.19999700000002,248.43112200000002,5044725
2017-08-08,250.5,250.69999700000002,248.19999700000002,249.399994,247.63678,4580806
2017-08-09,248.600006,249.5,247.30000299999998,249.5,247.73608399999998,4117574
2017-08-10,249.5,249.649994,245.19999700000002,246.399994,244.65798999999998,5113154
2017-08-11,246.399994,247.5,243.600006,247.0,245.25375400000001,6083915
2017-08-14,247.5,247.899994,244.899994,245.80000299999998,244.06224100000003,5968721
2017-08-15,246.399994,248.399994,244.69999700000002,247.399994,245.650925,6141487
2017-08-16,248.100006,250.309998,247.46899399999998,249.100006,247.338913,4740342
2017-08-17,249.0,250.100006,245.30000299999998,246.30000299999998,244.55870099999999,8979455
2017-08-18,245.600006,245.600006,241.80000299999998,243.600006,241.877792,10436739
2017-08-21,242.0,245.19999700000002,241.100006,244.69999700000002,242.97001600000002,6605114
2017-08-22,245.5,249.399994,244.80000299999998,249.100006,247.338913,7640553
2017-08-23,248.80000299999998,253.399994,248.69999700000002,252.899994,251.11202999999998,11893394
2017-08-24,253.69999700000002,254.40499900000003,251.69999700000002,252.30000299999998,250.516281,7184866
2017-08-25,252.30000299999998,252.30000299999998,248.69999700000002,251.399994,249.622635,4887030
2017-08-29,251.399994,251.399994,242.0,242.100006,240.38839700000003,13832770
2017-08-30,243.100006,246.69999700000002,242.100006,245.19999700000002,243.46647599999997,6912046
2017-08-31,245.899994,246.5,242.19999700000002,246.0,244.26081800000003,9652443
2017-09-01,246.399994,247.69999700000002,245.0,245.399994,243.665054,5926018
2017-09-04,244.0,247.19999700000002,244.0,246.0,244.26081800000003,3868038
2017-09-05,245.19999700000002,247.0,244.399994,244.899994,243.16859399999998,4973814
2017-09-06,244.5,247.70399500000002,243.5,246.30000299999998,244.55870099999999,5350935
2017-09-07,246.5,248.5,244.67700200000002,247.899994,246.147385,4549943
2017-09-08,247.80000299999998,248.80000299999998,246.30000299999998,248.30000299999998,246.544571,5166811
2017-09-11,249.0,250.30000299999998,246.100006,246.899994,245.15444900000003,5536459
2017-09-12,246.600006,248.0,243.100006,243.69999700000002,241.977081,9242665
2017-09-13,243.5,246.19999700000002,240.30000299999998,245.0,243.26789900000003,9370086
2017-09-14,243.0,244.0,227.19999700000002,232.399994,230.756973,33889762
2017-09-15,232.69999700000002,244.58799700000003,229.798004,231.19999700000002,229.56546,22602911
2017-09-18,232.80000299999998,234.0,228.399994,231.100006,229.466171,12490646
2017-09-19,230.399994,236.600006,227.899994,235.69999700000002,234.033646,14036926
2017-09-20,236.19999700000002,236.399994,234.30000299999998,236.0,234.331528,40051002
2017-09-21,235.899994,237.100006,232.399994,234.30000299999998,232.643539,21331039
2017-09-22,234.19999700000002,235.399994,232.80000299999998,234.69999700000002,233.04071000000002,10934260
2017-09-25,234.399994,235.0,232.399994,234.0,232.345657,10782366
2017-09-26,233.600006,235.600006,233.19999700000002,234.399994,232.74282799999997,8921888
2017-09-27,235.0,235.69999700000002,233.80000299999998,234.80000299999998,233.14001499999998,11278013
2017-09-28,232.399994,234.30000299999998,232.399994,234.30000299999998,234.30000299999998,9074952
2017-09-29,234.100006,236.899994,233.69999700000002,234.100006,234.100006,7625943
2017-10-02,234.100006,236.0,234.100006,235.80000299999998,235.80000299999998,29588123
2017-10-03,233.80000299999998,239.350006,233.0,236.600006,236.600006,16159464
2017-10-04,237.0,237.399994,230.30000299999998,231.899994,231.899994,12457293
2017-10-05,231.69999700000002,234.5,231.59500099999997,233.100006,233.100006,6377449
2017-10-06,233.0,233.19999700000002,230.399994,232.100006,232.100006,6963761
2017-10-09,230.80000299999998,233.0,230.80000299999998,232.30000299999998,232.30000299999998,5921994
2017-10-10,232.19999700000002,234.30000299999998,231.69999700000002,234.30000299999998,234.30000299999998,6391827
2017-10-11,235.600006,235.69999700000002,232.600006,233.600006,233.600006,11722181
2017-10-12,234.399994,236.44299300000003,233.399994,236.399994,236.399994,7698661
2017-10-13,236.69999700000002,237.100006,234.80000299999998,234.899994,234.899994,8558399
2017-10-16,236.0,236.47799700000002,234.0,234.5,234.5,7202258
2017-10-17,234.100006,238.19999700000002,233.830002,235.0,235.0,10159316
2017-10-18,235.600006,235.867004,233.46499599999999,234.899994,234.899994,10446182
2017-10-19,234.600006,235.600006,233.25999500000003,234.899994,234.899994,19168155
2017-10-20,235.899994,236.0,234.399994,235.19999700000002,235.19999700000002,7260407
2017-10-23,235.0,235.0,231.80000299999998,232.19999700000002,232.19999700000002,5880870
2017-10-24,231.0,232.5,230.30000299999998,230.399994,230.399994,6830035
2017-10-25,229.600006,231.30000299999998,228.899994,230.0,230.0,6719891
2017-10-26,231.0,232.0,229.899994,231.19999700000002,231.19999700000002,6813205
2017-10-27,231.80000299999998,231.899994,228.30000299999998,228.600006,228.600006,8268908
2017-10-30,228.0,228.600006,225.899994,226.5,226.5,7510018
2017-10-31,225.69999700000002,227.623001,224.19999700000002,224.19999700000002,224.19999700000002,7202869
2017-11-01,224.30000299999998,225.80000299999998,223.600006,224.0,224.0,9200874
2017-11-02,222.899994,225.399994,220.600006,222.899994,222.899994,12266303
2017-11-03,222.600006,225.0,218.69999700000002,219.0,219.0,9178835
2017-11-06,218.399994,218.600006,215.399994,216.899994,216.899994,7658901
2017-11-07,217.0,217.0,214.899994,215.0,215.0,5657936
2017-11-08,214.19999700000002,217.30000299999998,214.19999700000002,217.30000299999998,217.30000299999998,8061306
2017-11-09,216.69999700000002,217.30000299999998,213.399994,217.100006,217.100006,14788591
2017-11-10,218.0,218.0,215.30000299999998,216.100006,216.100006,5620866
2017-11-13,216.5,216.5,210.04200699999998,210.19999700000002,210.19999700000002,7710795
2017-11-14,210.0,211.772995,205.0,208.600006,208.600006,11549228
2017-11-15,208.600006,209.5,205.199997,207.0,207.0,13108787
2017-11-16,207.399994,211.69999700000002,207.324005,210.80000299999998,210.80000299999998,7346563
2017-11-17,210.399994,211.628998,207.899994,209.399994,209.399994,5775876
2017-11-20,209.80000299999998,210.5,209.5,210.100006,210.100006,3820188
2017-11-21,209.699997,210.399994,209.100006,210.0,210.0,10785058
2017-11-22,209.100006,216.600006,208.800003,215.80000299999998,215.80000299999998,11641393
2017-11-23,216.69999700000002,216.69999700000002,211.69999700000002,213.100006,213.100006,9041753
2017-11-24,213.5,214.30000299999998,211.30000299999998,212.19999700000002,212.19999700000002,7208226
2017-11-27,212.399994,212.80000299999998,210.100006,212.19999700000002,212.19999700000002,5784566
2017-11-28,212.69999700000002,216.600006,212.30000299999998,216.399994,216.399994,7702723
2017-11-29,216.30000299999998,219.899994,215.899994,218.399994,218.399994,8073247
2017-11-30,217.899994,218.899994,215.600006,216.30000299999998,216.30000299999998,13070467
2017-12-01,214.899994,216.69999700000002,214.0,214.5,214.5,7683198
2017-12-04,214.5,216.399994,213.30000299999998,214.0,214.0,7682772
2017-12-05,217.30000299999998,222.80000299999998,217.30000299999998,218.80000299999998,218.80000299999998,11177116
2017-12-06,218.69999700000002,224.399994,217.399994,222.80000299999998,222.80000299999998,10916416
2017-12-07,222.80000299999998,222.899994,220.0,221.0,221.0,10105582
2017-12-08,221.19999700000002,223.399994,219.899994,221.899994,221.899994,20431138
2017-12-11,222.399994,223.100006,221.0,221.399994,221.399994,8927782
2017-12-12,221.600006,221.69999700000002,209.300003,211.5,211.5,16165779
2017-12-13,211.80000299999998,220.24000499999997,210.899994,213.518997,213.518997,17961044
2017-12-14,214.69999700000002,215.19999700000002,210.19999700000002,213.399994,213.399994,15083541
2017-12-15,212.899994,215.5,212.399994,215.5,215.5,14211178
2017-12-18,215.30000299999998,216.80000299999998,212.399994,213.399994,213.399994,8008600
2017-12-19,213.80000299999998,215.600006,212.600006,212.80000299999998,212.80000299999998,13731160
2017-12-20,213.30000299999998,213.80000299999998,211.399994,212.19999700000002,212.19999700000002,9566831
2017-12-21,212.80000299999998,214.899994,211.100006,214.19999700000002,214.19999700000002,9691571
2017-12-22,213.69999700000002,216.80000299999998,213.69999700000002,213.69999700000002,213.69999700000002,3745777
2017-12-27,213.69999700000002,217.399994,213.69999700000002,216.600006,216.600006,5506727
2017-12-28,217.30000299999998,219.5,216.0,219.19999700000002,219.19999700000002,7224700
2017-12-29,219.0,219.899994,216.600006,219.899994,219.899994,4891971
2018-01-02,219.899994,220.5,216.399994,219.0,219.0,14159577
2018-01-03,218.69999700000002,224.100006,218.100006,223.30000299999998,223.30000299999998,14590747
2018-01-04,224.30000299999998,225.100006,220.69999700000002,222.5,222.5,15365517
2018-01-05,223.0,225.19999700000002,221.69999700000002,225.19999700000002,225.19999700000002,15098558
2018-01-08,224.899994,227.19999700000002,222.899994,226.899994,226.899994,17957817
2018-01-09,237.0,237.80000299999998,229.899994,232.30000299999998,232.30000299999998,30575876
2018-01-10,231.80000299999998,233.399994,228.0,229.5,229.5,13200217
2018-01-11,229.19999700000002,229.600006,225.399994,226.19999700000002,226.19999700000002,10593865
2018-01-12,226.80000299999998,228.80000299999998,224.899994,228.100006,228.100006,10686684
2018-01-15,228.30000299999998,230.19999700000002,227.69999700000002,228.80000299999998,228.80000299999998,7086458
2018-01-16,229.399994,230.19999700000002,228.19999700000002,229.5,229.5,6511930
2018-01-17,230.0,231.0,228.30000299999998,228.899994,228.899994,7284410
2018-01-18,229.19999700000002,230.30000299999998,227.0,228.80000299999998,228.80000299999998,7822670
2018-01-19,229.0,229.19999700000002,227.0,229.0,229.0,5641281
2018-01-22,228.399994,230.19999700000002,228.0,229.19999700000002,229.19999700000002,9347387
2018-01-23,230.30000299999998,230.399994,227.30000299999998,228.80000299999998,228.80000299999998,9269049
2018-01-24,228.30000299999998,229.5,226.399994,226.399994,226.399994,7772143
2018-01-25,225.899994,228.100006,224.69999700000002,225.69999700000002,225.69999700000002,11992518
2018-01-26,225.69999700000002,228.5,224.399994,226.899994,226.899994,7168427
2018-01-29,227.399994,227.600006,225.0,225.0,225.0,9900900
2018-01-30,224.100006,227.30000299999998,222.19999700000002,222.399994,222.399994,16551726
2018-01-31,223.80000299999998,224.19999700000002,221.30000299999998,222.0,222.0,9513333
2018-02-01,222.899994,225.0,222.600006,223.30000299999998,223.30000299999998,7525747
2018-02-02,223.5,224.69999700000002,222.100006,222.5,222.5,10553311
2018-02-05,220.80000299999998,221.5,216.100006,217.69999700000002,217.69999700000002,15739437
2018-02-06,211.30000299999998,215.19999700000002,209.699997,213.600006,213.600006,12298437
2018-02-07,213.5,218.19999700000002,212.399994,217.80000299999998,217.80000299999998,10156721
2018-02-08,215.5,217.69999700000002,214.5,216.899994,216.899994,9690013
2018-02-09,216.399994,218.600006,215.899994,216.69999700000002,216.69999700000002,8861834
2018-02-12,217.80000299999998,220.100006,217.399994,218.5,218.5,6968177
2018-02-13,217.899994,219.399994,217.5,218.30000299999998,218.30000299999998,10178803
2018-02-14,218.80000299999998,219.100006,216.100006,217.0,217.0,9116044
2018-02-15,217.5,218.600006,216.399994,217.899994,217.899994,6814930
2018-02-16,218.899994,222.5,218.5,220.80000299999998,220.80000299999998,6721010
2018-02-19,221.69999700000002,223.30000299999998,220.30000299999998,221.19999700000002,221.19999700000002,5313986
2018-02-20,221.19999700000002,223.399994,221.19999700000002,223.30000299999998,223.30000299999998,11526981
2018-02-21,223.19999700000002,223.19999700000002,220.899994,221.899994,221.899994,10342189
2018-02-22,221.5,223.600006,220.5,223.100006,223.100006,12800696
2018-02-23,223.600006,224.30000299999998,221.899994,224.0,224.0,5901804
2018-02-26,224.30000299999998,225.600006,223.100006,224.80000299999998,224.80000299999998,11354933
2018-02-27,225.399994,226.899994,224.30000299999998,224.899994,224.899994,8039078
2018-02-28,223.899994,227.69999700000002,222.19999700000002,225.69999700000002,225.69999700000002,10576589
2018-03-01,225.399994,226.19999700000002,223.19999700000002,225.5,225.5,10042012
2018-03-02,224.30000299999998,224.69999700000002,222.5,222.69999700000002,222.69999700000002,13158979
2018-03-05,225.69999700000002,227.30000299999998,224.399994,225.5,225.5,11261104
2018-03-06,227.399994,229.600006,225.69999700000002,225.69999700000002,225.69999700000002,11968189
2018-03-07,225.0,226.80000299999998,224.600006,226.100006,226.100006,11518885
2018-03-08,226.5,227.600006,225.19999700000002,225.19999700000002,225.19999700000002,10536169
2018-03-09,224.899994,228.0,224.5,227.899994,227.899994,7063925
