Date,Open,High,Low,Close,Adj Close,Volume
2015-01-02,6800.0,6810.0,6730.0,6755.0,6156.389647999999,444367
2015-01-05,6725.0,6800.0,6715.0,6740.0,6142.71875,569556
2015-01-06,6740.0,6795.0,6720.0,6740.0,6142.71875,439705
2015-01-07,6745.0,6870.0,6725.0,6850.0,6242.970703,628168
2015-01-08,6900.0,6985.0,6834.680176000001,6905.0,6293.09668,595302
2015-01-09,6900.0,6995.0,6840.0,6890.0,6279.42627,385144
2015-01-12,6905.0,7001.5,6890.75,6945.0,6329.552246,440880
2015-01-13,6950.0,7055.0,6925.0,7055.0,6429.804688,428095
2015-01-14,6990.0,7029.5,6875.0,6915.0,6302.211426,431621
2015-01-15,6870.0,6910.0,6740.0,6900.0,6288.539551,540509
2015-01-16,6830.0,6890.0,6775.0,6855.0,6247.527832,344110
2015-01-19,6835.0,6955.0,6834.600098000001,6900.0,6288.539551,206514
2015-01-20,6920.0,6990.0,6880.0,6980.0,6361.450684,305981
2015-01-21,6995.0,7060.0,6955.0,7055.0,6429.804688,336385
2015-01-22,7050.0,7079.600098000001,6945.0,7010.0,6388.791992,323389
2015-01-23,7005.0,7151.02002,7005.0,7150.0,6516.38623,393137
2015-01-26,7130.0,7230.0,7105.0,7170.0,6534.613281,325396
2015-01-27,7180.0,7200.0,7130.5,7155.0,6520.942871,228103
2015-01-28,7195.0,7236.209961,7150.0,7230.0,6589.296386999999,328622
2015-01-29,7205.0,7295.0,7175.0,7295.0,6648.536621,424362
2015-01-30,7320.0,7339.5,7199.0,7235.0,6593.853027,363762
2015-02-02,7200.0,7240.0,7125.0,7165.0,6530.056152,551576
2015-02-03,7165.0,7210.0,7070.0,7095.0,6466.259765999999,506843
2015-02-04,7100.0,7190.0,7065.0,7115.0,6484.487305,461651
2015-02-05,7095.0,7220.0,7060.0,7140.0,6507.271484000001,613540
2015-02-06,7120.0,7200.799805,7100.0,7165.0,6530.056152,282401
2015-02-09,7130.0,7132.370117,7020.0,7080.0,6452.588867,348314
2015-02-10,7115.0,7260.0,7110.0,7250.0,6607.523926,449773
2015-02-11,7265.0,7270.669922,7180.0,7245.0,6602.967285,346264
2015-02-12,7240.0,7315.0,7210.0,7315.0,6666.76416,403179
2015-02-13,7305.0,7346.560059,7215.0,7225.0,6584.739746,436246
2015-02-16,7200.0,7255.0,7189.290039,7230.0,6589.296386999999,132886
2015-02-17,7215.0,7255.0,7185.0,7240.0,6598.409668,260624
2015-02-18,7230.0,7325.0,7230.0,7275.0,6630.308594,505367
2015-02-19,7280.0,7375.0,7235.0,7370.0,6716.890137,354466
2015-02-20,7370.0,7370.0,7285.0,7325.0,6675.877441,315557
2015-02-23,7355.0,7425.0,7326.5,7390.0,6735.117676000001,267472
2015-02-24,7390.0,7446.680176000001,7367.240234000001,7415.0,6757.902344,647526
2015-02-25,7410.0,7450.0,7380.0,7410.0,6753.345703,182799
2015-02-26,7405.0,7440.0,7375.0,7425.0,6767.015625,262444
2015-02-27,7405.0,7525.0,7394.950195,7495.0,6830.812988,345363
2015-03-02,7475.0,7550.0,7450.5,7510.0,6844.483398,257372
2015-03-03,7530.0,7560.0,7415.0,7420.0,6762.458495999999,236611
2015-03-04,7420.0,7500.0,7415.0,7500.0,6835.369629000001,209481
2015-03-05,7500.0,7600.0,7485.0,7555.0,6885.495605,321500
2015-03-06,7550.0,7585.0,7480.0,7530.0,6862.710937999999,257629
2015-03-09,7490.0,7530.0,7455.0,7510.0,6844.483398,276946
2015-03-10,7480.0,7515.0,7345.0,7345.0,6694.105957,411321
2015-03-11,7340.0,7415.0,7305.0,7360.0,6707.775879,340430
2015-03-12,7390.0,7441.419922,7340.0,7395.0,6739.674805,259693
2015-03-13,7390.0,7435.25,7310.0,7350.0,6698.662598,394384
2015-03-16,7375.0,7563.109863,7375.0,7555.0,6885.495605,451525
2015-03-17,7545.0,7573.75,7448.490234000001,7515.0,6849.040039,321887
2015-03-18,7490.0,7625.0,7490.0,7620.0,6944.735352,486623
2015-03-19,7440.0,7445.0,7072.97998,7315.0,6666.76416,1105888
2015-03-20,7330.0,7350.0,7147.209961,7275.0,6630.308594,993385
2015-03-23,7290.0,7295.0,7145.0,7220.0,6580.182617,514145
2015-03-24,7230.0,7325.0,7214.25,7225.0,6584.739746,592538
2015-03-25,7285.0,7360.0,7210.0,7225.0,6584.739746,383563
2015-03-26,7175.0,7200.0,7065.0,7120.0,6489.043945,439779
2015-03-27,7125.0,7211.399901999999,7040.180176000001,7050.0,6425.247559,365312
2015-03-30,7105.0,7150.0,7020.0,7100.0,6470.816895,406038
2015-03-31,7115.0,7230.0,6975.0,7025.0,6402.462890999999,662116
2015-04-01,7025.0,7080.0,6995.0,7000.0,6379.678711,449815
2015-04-02,7020.0,7075.0,6997.100098000001,7055.0,6429.804688,322211
2015-04-07,7055.0,7155.0,7045.0,7080.0,6452.588867,336378
2015-04-08,7055.0,7130.0,7038.0,7080.0,6452.588867,380986
2015-04-09,7050.0,7105.0,6935.0,7050.0,6425.247559,460651
2015-04-10,7055.0,7090.0,7003.0,7070.0,6443.474609000001,902359
2015-04-13,7080.0,7091.0,7015.0,7040.0,6416.133301,296309
2015-04-14,7020.0,7140.0,7010.0,7110.0,6479.930664,558973
2015-04-15,7330.0,7360.0,7195.0,7285.0,6639.422363000001,878185
2015-04-16,7335.0,7335.0,7240.0,7285.0,6639.422363000001,609641
2015-04-17,7285.0,7310.0,7173.25,7220.0,6580.182617,398052
2015-04-20,7245.0,7330.0,7205.0,7220.0,6580.182617,302429
2015-04-21,7230.0,7256.5,7165.0,7180.0,6543.727539,511402
2015-04-22,7205.0,7215.0,7080.0,7140.0,6507.271484000001,638538
2015-04-23,7155.0,7210.0,7125.0,7160.0,6525.499022999999,710613
2015-04-24,7180.0,7210.0,7135.0,7175.0,6539.170897999999,365430
2015-04-27,7205.0,7240.0,7095.0,7215.0,6575.625488000001,359716
2015-04-28,7205.0,7205.0,7110.0,7165.0,6530.056152,366129
2015-04-29,7310.0,7450.0,7283.540039,7285.0,6639.422363000001,773870
2015-04-30,7305.0,7375.0,7245.0,7350.0,6698.662598,703179
2015-05-01,7340.0,7345.080078,7255.0,7335.0,6684.991211,232082
2015-05-05,7335.0,7400.0,7200.0,7205.0,6566.512207,461289
2015-05-06,7175.0,7260.0,7135.0,7245.0,6602.967285,415790
2015-05-07,7235.0,7331.799805,7125.0,7310.0,6662.207031,636879
2015-05-08,7445.0,7580.0,7390.0,7430.0,6771.572754000001,659334
2015-05-11,7405.0,7490.0,7380.0,7390.0,6735.117676000001,526077
2015-05-12,7380.0,7389.140137,7250.0,7275.0,6630.308594,514771
2015-05-13,7280.0,7380.0,7260.0,7340.0,6689.54834,390782
2015-05-14,7345.0,7395.0,7285.0,7355.0,6703.219238000001,254359
2015-05-15,7365.0,7385.0,7300.0,7345.0,6694.105957,401152
2015-05-18,7365.0,7395.0,7305.0,7355.0,6703.219238000001,288549
2015-05-19,7405.0,7448.25,7365.0,7425.0,6767.015625,523037
2015-05-20,7425.0,7450.0,7375.0,7420.0,6762.458495999999,525408
2015-05-21,7420.0,7465.0,7400.0,7450.0,6789.800781,313783
2015-05-22,7470.0,7500.0,7445.0,7450.0,6789.800781,373297
2015-05-26,7450.0,7485.0,7360.0,7375.0,6721.446776999999,281156
2015-05-27,7375.0,7500.0,7360.0,7490.0,6826.255859000001,375322
2015-05-28,7500.0,7561.5,7478.0,7545.0,6876.381836,288322
2015-05-29,7550.0,7585.0,7485.0,7520.0,6853.597656,961885
2015-06-01,7540.0,7581.5,7490.0,7515.0,6849.040039,341039
2015-06-02,7550.0,7550.0,7475.0,7475.0,6812.584961,392298
2015-06-03,7475.0,7495.0,7433.5,7435.0,6776.129883,544030
2015-06-04,7410.0,7430.0,7320.0,7380.0,6726.003418000001,315824
2015-06-05,7365.0,7365.0,7270.0,7270.0,6625.751465,253078
2015-06-08,7280.0,7315.0,7235.0,7250.0,6607.523926,308641
2015-06-09,7265.0,7285.0,7200.0,7220.0,6580.182617,387644
2015-06-10,7205.0,7325.0,7187.649901999999,7325.0,6675.877441,515413
2015-06-11,7340.0,7390.0,7319.5,7380.0,6726.003418000001,312930
2015-06-12,7370.0,7423.25,7340.0,7395.0,6739.674805,270146
2015-06-15,7375.0,7375.0,7275.0,7280.0,6634.865234000001,262724
2015-06-16,7270.0,7300.0,7190.0,7285.0,6639.422363000001,409216
2015-06-17,7280.0,7320.0,7235.0,7285.0,6639.422363000001,207044
2015-06-18,7285.0,7345.0,7255.0,7340.0,6689.54834,252995
2015-06-19,7335.0,7415.0,7323.75,7375.0,6721.446776999999,432401
2015-06-22,7455.0,7510.0,7410.0,7450.0,6789.800781,330080
2015-06-23,7450.0,7495.0,7440.0,7475.0,6812.584961,335780
2015-06-24,7535.0,7605.0,7495.0,7560.0,6890.052245999999,518391
2015-06-25,7555.0,7600.0,7550.0,7580.0,6908.280762,446684
2015-06-26,7575.0,7585.0,7530.0,7560.0,6890.052245999999,293683
2015-06-29,7410.0,7565.0,7375.0,7470.0,6808.027831999999,469761
2015-06-30,7435.0,7493.200195,7420.0,7450.0,6789.800781,542105
2015-07-01,7480.0,7562.5,7450.0,7515.0,6849.040039,356510
2015-07-02,7510.0,7555.0,7490.0,7550.0,6880.938965,315781
2015-07-03,7550.0,7595.0,7510.0,7530.0,6862.710937999999,234349
2015-07-06,7470.0,7555.0,7440.100098000001,7530.0,6862.710937999999,290166
2015-07-07,7560.0,7560.0,7460.0,7470.0,6808.027831999999,337178
2015-07-08,7495.0,7495.0,7394.25,7480.0,6817.14209,473609
2015-07-09,7390.0,7390.0,7280.0,7355.0,6794.04834,512753
2015-07-10,7435.0,7505.0,7375.0,7505.0,6932.60791,281587
2015-07-13,7565.0,7590.0,7525.0,7555.0,6978.79541,411792
2015-07-14,7560.0,7560.0,7470.0,7545.0,6969.557617,269213
2015-07-15,7560.0,7580.0,7510.0,7550.0,6974.175781,280294
2015-07-16,7565.0,7596.5,7540.0,7595.0,7015.743651999999,268479
2015-07-17,7600.0,7660.0,7575.0,7615.0,7034.218262,362996
2015-07-20,7605.0,7670.0,7605.0,7640.0,7057.312012,175838
2015-07-21,7640.0,7730.0,7630.0,7665.0,7080.405273,290638
2015-07-22,7630.0,7690.0,7615.0,7645.0,7061.930176000001,390255
2015-07-23,7695.0,7695.0,7630.0,7655.0,7071.167969,289529
2015-07-24,7640.0,7688.25,7598.200195,7615.0,7034.218262,606209
2015-07-27,7600.0,7635.0,7485.0,7500.0,6927.989745999999,441772
2015-07-28,7550.0,7705.0,7545.0,7705.0,7117.354492,869075
2015-07-29,7720.0,7815.0,7655.0,7810.0,7214.346191,470870
2015-07-30,7820.0,7900.0,7778.600098000001,7885.0,7283.625977,506753
2015-07-31,7900.0,8010.0,7876.75,7990.0,7380.618164,648033
2015-08-03,7955.0,8005.0,7930.0,7960.0,7352.90625,369284
2015-08-04,7970.0,7985.0,7913.25,7985.0,7376.0,433500
2015-08-05,7985.0,8016.75,7935.0,7990.0,7380.618164,343659
2015-08-06,7985.0,8015.0,7970.0,8015.0,7403.711426000001,379884
2015-08-07,7965.0,7979.5,7830.0,7905.0,7302.101073999999,499108
2015-08-10,7945.0,7962.799805,7885.0,7940.0,7334.431151999999,378194
2015-08-11,7935.0,7965.0,7900.0,7910.0,7306.720215,376130
2015-08-12,7895.0,7935.0,7835.0,7890.0,7288.245117,483388
2015-08-13,7985.0,8030.0,7925.0,7935.0,7329.813477,351819
2015-08-14,7965.0,8021.5,7925.0,7975.0,7366.762206999999,301857
2015-08-17,8045.0,8055.0,7925.0,7990.0,7380.618164,309849
2015-08-18,7985.0,8025.0,7960.0,7995.0,7385.236328,345517
2015-08-19,7960.0,7983.0,7890.0,7915.0,7311.338379000001,269306
2015-08-20,7875.0,7926.5,7860.0,7905.0,7302.101073999999,340209
2015-08-21,7820.0,7873.25,7795.0,7800.0,7205.108887,655495
2015-08-24,7620.0,7690.0,7400.0,7470.0,6900.277344,911459
2015-08-25,7560.0,7695.0,7520.0,7680.0,7094.260742,892552
2015-08-26,7615.0,7705.0,7528.25,7590.0,7011.125488,988942
2015-08-27,7740.0,7951.799805,7705.0,7930.0,7325.194336,670838
2015-08-28,7900.0,7945.0,7795.0,7945.0,7339.049805,625568
2015-09-01,7945.0,7945.0,7675.0,7700.0,7112.73584,598676
2015-09-02,7705.0,7830.0,7661.799805,7755.0,7163.541015999999,529871
2015-09-03,7815.0,7885.0,7805.0,7840.0,7242.058594,397022
2015-09-04,7600.0,7665.0,7535.0,7595.0,7015.743651999999,816177
2015-09-07,7670.0,7695.0,7590.0,7615.0,7034.218262,322597
2015-09-08,7655.0,7675.0,7495.0,7545.0,6969.557617,712606
2015-09-09,7730.0,7733.75,7555.0,7675.0,7089.643066,658208
2015-09-10,7830.0,7920.0,7685.0,7775.0,7182.015625,704469
2015-09-11,7820.0,7880.0,7725.0,7740.0,7149.685547,482533
2015-09-14,7765.0,7815.0,7615.0,7645.0,7061.930176000001,410978
2015-09-15,7660.0,7660.0,7530.0,7595.0,7015.743651999999,517561
2015-09-16,7675.0,7690.0,7596.799805,7665.0,7080.405273,490322
2015-09-17,7670.0,7690.0,7595.0,7610.0,7029.600586,388905
2015-09-18,7610.0,7635.0,7520.0,7560.0,6983.413086,550329
2015-09-21,7545.0,7645.0,7530.0,7605.0,7024.981445,293165
2015-09-22,7590.0,7595.0,7400.0,7400.0,6835.615723000001,419783
2015-09-23,7380.0,7525.0,7348.5,7495.0,6923.371094,297351
2015-09-24,7605.0,7655.0,7506.75,7535.0,6960.320312999999,659341
2015-09-25,7635.0,7680.0,7600.0,7635.0,7052.693359000001,573414
2015-09-28,7625.0,7635.0,7545.0,7565.0,6988.031738,380475
2015-09-29,7490.0,7570.0,7450.0,7470.0,6900.277344,351078
2015-09-30,7600.0,7615.0,7515.0,7610.0,7029.600586,501219
2015-10-01,7685.0,7775.0,7670.0,7735.0,7145.066406,513619
2015-10-02,7775.0,7801.799805,7595.0,7690.0,7103.499023,423016
2015-10-05,7780.0,7877.649901999999,7780.0,7805.0,7209.727539,367805
2015-10-06,7850.0,7850.0,7775.0,7800.0,7205.108887,351524
2015-10-07,7805.0,7855.0,7715.0,7725.0,7135.829102,388434
2015-10-08,7670.0,7710.0,7595.0,7690.0,7103.499023,289725
2015-10-09,7740.0,7765.0,7598.200195,7615.0,7034.218262,373941
2015-10-12,7625.0,7670.0,7560.0,7645.0,7061.930176000001,287865
2015-10-13,7660.0,7670.0,7597.5,7635.0,7052.693359000001,253877
2015-10-14,7590.0,7630.0,7550.0,7620.0,7038.837401999999,417928
2015-10-15,7675.0,7690.75,7610.0,7665.0,7080.405273,329078
2015-10-16,7710.0,7715.0,7635.0,7675.0,7089.643066,275114
2015-10-19,7685.0,7735.0,7610.0,7670.0,7085.023926000001,263004
2015-10-20,7680.0,7850.75,7680.0,7840.0,7242.058594,450648
2015-10-21,7860.0,7891.5,7800.0,7870.0,7269.770508,281538
2015-10-22,7840.0,7930.0,7820.0,7920.0,7315.956543000001,238419
2015-10-23,7950.0,7980.0,7905.0,7950.0,7343.668945,406623
2015-10-26,7945.0,7985.0,7885.0,7960.0,7352.90625,214948
2015-10-27,7960.0,7980.0,7940.0,7945.0,7339.049805,274919
2015-10-28,7910.0,7915.0,7765.0,7900.0,7297.482422,592317
2015-10-29,7905.0,8000.0,7870.0,8000.0,7389.855469,454038
2015-10-30,8000.0,8028.5,7950.0,8000.0,7389.855469,357367
2015-11-02,7975.0,8030.0,7945.0,7970.0,7362.143555,214872
2015-11-03,7990.0,8015.0,7925.0,7965.0,7357.524901999999,196631
2015-11-04,8000.0,8010.0,7940.0,7960.0,7352.90625,183881
2015-11-05,7960.0,8010.0,7935.0,7955.0,7348.287598000001,308342
2015-11-06,7970.0,7988.25,7915.0,7940.0,7334.431151999999,216976
2015-11-09,7965.0,7973.0,7850.0,7870.0,7269.770508,197216
2015-11-10,7910.0,7910.640137,7790.0,7855.0,7255.914551000001,233210
2015-11-11,7900.0,7905.0,7798.25,7825.0,7228.202148,357895
2015-11-12,7830.0,7875.0,7795.0,7805.0,7209.727539,275936
2015-11-13,7790.0,7795.0,7655.0,7695.0,7108.117187999999,337683
2015-11-16,7615.0,7725.0,7605.0,7725.0,7135.829102,314221
2015-11-17,7775.0,7860.0,7775.0,7860.0,7260.532715,274138
2015-11-18,7840.0,7840.0,7715.0,7805.0,7209.727539,274420
2015-11-19,7840.0,7870.0,7785.0,7805.0,7209.727539,334116
2015-11-20,7840.0,7840.0,7750.0,7785.0,7191.25293,317249
2015-11-23,7725.0,7870.0,7725.0,7765.0,7172.77832,274986
2015-11-24,7765.0,7765.0,7625.0,7700.0,7112.73584,337364
2015-11-25,7720.0,7835.0,7720.0,7805.0,7209.727539,264296
2015-11-26,7815.0,7880.0,7795.0,7870.0,7269.770508,157360
2015-11-27,7860.0,7940.0,7825.0,7920.0,7315.956543000001,220270
2015-11-30,7935.0,7950.0,7855.0,7920.0,7315.956543000001,726096
2015-12-01,7950.0,7960.0,7910.0,7950.0,7343.668945,447652
2015-12-02,7975.0,8035.0,7955.0,8015.0,7403.711426000001,218278
2015-12-03,8100.0,8175.0,7935.0,7935.0,7329.813477,536428
2015-12-04,7905.0,7960.0,7893.5,7940.0,7334.431151999999,234580
2015-12-07,7915.0,7970.0,7835.0,7835.0,7237.439941,274037
2015-12-08,7815.0,7831.25,7740.0,7780.0,7186.634276999999,409400
2015-12-09,7780.0,7790.0,7680.0,7730.0,7140.447754000001,463841
2015-12-10,7660.0,7660.0,7490.0,7500.0,6975.818359000001,449750
2015-12-11,7515.0,7515.0,7375.0,7385.0,6868.855956999999,344443
2015-12-14,7370.0,7481.5,7315.0,7325.0,6813.049805,368801
2015-12-15,7365.0,7510.0,7305.0,7505.0,6980.46875,485070
2015-12-16,7525.0,7535.0,7405.0,7445.0,6924.662598000001,432221
2015-12-17,7550.0,7550.0,7385.0,7405.0,6887.458008,413011
2015-12-18,7350.0,7370.0,7225.0,7275.0,6766.543945,779884
2015-12-21,7260.0,7285.0,7220.0,7220.0,6715.388184,570378
2015-12-22,7250.0,7250.0,7130.0,7195.0,6692.135254,437610
2015-12-23,7225.0,7250.0,7125.0,7220.0,6715.388184,428781
2015-12-24,7240.0,7240.0,7180.0,7180.0,6678.183594,91834
2015-12-29,7180.0,7290.0,7180.0,7235.0,6729.339844,574828
2015-12-30,7225.0,7305.0,7210.0,7275.0,6766.543945,363606
2015-12-31,7280.0,7311.5,7250.0,7290.0,6780.495605,141926
2016-01-04,7290.0,7290.0,7110.0,7190.0,6687.484863000001,1163269
2016-01-05,6850.0,7000.0,6755.0,6860.0,6380.548828,2064131
2016-01-06,6890.0,6935.0,6810.0,6865.0,6385.199219,1041724
2016-01-07,6830.0,6955.0,6750.0,6940.0,6454.95752,1162761
2016-01-08,6980.0,7010.0,6825.0,6825.0,6347.994629,828493
2016-01-11,6830.0,6880.0,6735.0,6785.0,6310.790039,558749
2016-01-12,6845.0,6860.0,6745.0,6770.0,6296.838379,587753
2016-01-13,6820.0,6820.0,6664.25,6705.0,6236.381348,735234
2016-01-14,6595.0,6695.0,6520.0,6670.0,6203.828125,717771
2016-01-15,6665.0,6815.0,6660.0,6740.0,6268.935547,912569
2016-01-18,6735.0,6775.0,6645.0,6645.0,6180.575195,458588
2016-01-19,6690.0,6764.350098000001,6660.0,6685.0,6217.779785,540943
2016-01-20,6605.0,6607.029785,6480.0,6525.0,6068.961914,570671
2016-01-21,6540.0,6590.0,6460.0,6580.0,6120.118164,572902
2016-01-22,6675.0,6850.0,6650.0,6810.0,6334.043457,683608
2016-01-25,6860.0,6860.0,6750.0,6800.0,6324.741699,481104
2016-01-26,6765.0,6825.0,6650.0,6810.0,6334.043457,519276
2016-01-27,6815.0,6970.0,6775.0,6950.0,6464.258301,803669
2016-01-28,6925.0,6925.0,6775.0,6795.0,6320.091797,475643
2016-01-29,6880.0,6930.0,6835.0,6925.0,6441.005859000001,499908
2016-02-01,6980.0,7015.0,6815.0,6880.0,6399.150390999999,431201
2016-02-02,6885.0,6885.0,6715.0,6735.0,6264.285156,491615
2016-02-03,6755.0,6790.0,6625.0,6655.0,6189.876465,638539
2016-02-04,6740.0,6765.0,6606.200195,6665.0,6199.177246,348897
2016-02-05,6650.0,6757.689941,6605.0,6620.0,6157.322265999999,464714
2016-02-08,6670.0,6675.0,6430.0,6430.0,5980.601563,575029
2016-02-09,6455.0,6710.0,6455.0,6665.0,6199.177246,794360
2016-02-10,6675.0,6775.0,6585.0,6710.0,6241.032715,574710
2016-02-11,6680.0,6690.0,6568.600098,6610.0,6148.021484000001,444995
2016-02-12,6650.0,6780.0,6615.0,6760.0,6287.537109000001,458746
2016-02-15,6850.0,6910.0,6820.0,6860.0,6380.548828,498815
2016-02-16,6885.0,6945.0,6840.0,6895.0,6413.102051,410177
2016-02-17,6925.0,7055.0,6890.0,7020.0,6529.365723,552277
2016-02-18,7035.0,7080.0,6935.0,6960.0,6473.560059,426013
2016-02-19,6975.0,7063.200195,6930.0,7005.0,6515.414063,356687
2016-02-22,7055.0,7110.0,6820.0,6835.0,6357.295897999999,350481
2016-02-23,6780.0,6895.0,6770.0,6815.0,6338.693359000001,409977
2016-02-24,6805.0,6825.0,6698.200195,6700.0,6231.731445,445137
2016-02-25,6680.0,6785.0,6670.0,6740.0,6268.935547,499145
2016-02-26,6820.0,6885.0,6770.0,6770.0,6296.838379,502286
2016-02-29,6735.0,6795.0,6690.0,6765.0,6292.187988000001,483955
2016-03-01,6745.0,6815.0,6690.0,6735.0,6264.285156,696836
2016-03-02,6775.0,6775.0,6530.0,6600.0,6138.720703,551950
2016-03-03,6595.0,6680.0,6560.0,6680.0,6213.128906,427612
2016-03-04,6680.0,6690.0,6590.0,6620.0,6157.322265999999,319077
2016-03-07,6590.0,6620.0,6525.0,6555.0,6096.865723,371486
2016-03-08,6545.0,6675.0,6490.0,6650.0,6185.225098,430020
2016-03-09,6650.0,6725.0,6620.0,6650.0,6185.225098,386688
2016-03-10,6675.0,6675.0,6505.0,6505.0,6050.359863000001,500774
2016-03-11,6590.0,6615.0,6525.0,6565.0,6106.166015999999,270871
2016-03-14,6585.0,6695.0,6580.0,6690.0,6222.430176,300199
2016-03-15,6690.0,6740.0,6600.129883,6610.0,6148.021484000001,420702
2016-03-16,6645.0,6735.0,6615.0,6720.0,6250.333496,359607
2016-03-17,6750.0,6770.0,6575.0,6625.0,6161.972656,366748
2016-03-18,6640.0,6655.0,6585.0,6635.0,6171.273926,463928
2016-03-21,6610.0,6640.0,6535.0,6640.0,6175.924316,330147
2016-03-22,6605.0,6640.0,6555.0,6595.0,6134.069824,393195
2016-03-23,6605.0,6726.580078,6595.0,6660.0,6194.526367,409242
2016-03-24,6300.0,6300.0,5555.0,5655.0,5259.767578,2035944
2016-03-29,5655.0,5715.0,5585.0,5635.0,5241.165039,904785
2016-03-30,5695.0,5695.0,5555.0,5560.0,5171.407227000001,825409
2016-03-31,5555.0,5560.0,5387.120117,5400.0,5022.588867,845648
2016-04-01,5350.0,5505.0,5313.180176,5445.0,5064.444336,844463
2016-04-04,5465.0,5480.0,5285.0,5310.0,4938.879883,588002
2016-04-05,5320.0,5452.359863000001,5250.0,5250.0,4883.072754,679559
2016-04-06,5265.0,5412.5,5250.0,5410.0,5031.890625,1038461
2016-04-07,5435.0,5540.0,5375.0,5505.0,5120.250977000001,964918
2016-04-08,5505.0,5535.0,5460.0,5520.0,5134.202636999999,696483
2016-04-11,5480.0,5500.0,5410.0,5465.0,5083.046875,540958
2016-04-12,5465.0,5465.0,5345.0,5375.0,4999.336426,714262
2016-04-13,5400.0,5470.540039,5365.0,5375.0,4999.336426,719642
2016-04-14,5385.0,5455.0,5360.0,5455.0,5073.745117,664238
2016-04-15,5455.0,5480.600098,5401.200195,5450.0,5069.095215,694441
2016-04-18,5450.0,5483.970215,5429.189941,5430.0,5050.492676,526950
2016-04-19,5430.0,5455.0,5348.419922,5440.0,5059.793457,620647
2016-04-20,5415.0,5415.0,5330.0,5370.0,4994.686035,431315
2016-04-21,5385.0,5385.0,5249.580078,5265.0,4897.024414,711440
2016-04-22,5250.0,5250.0,5140.0,5160.0,4799.363281,949997
2016-04-25,5175.0,5200.0,5080.0,5150.0,4790.062011999999,854067
2016-04-26,5170.0,5175.0,5125.0,5125.0,4766.809082,483720
2016-04-27,5140.0,5150.0,5075.0,5110.0,4752.857422,623455
2016-04-28,5050.0,5150.0,4998.0,5150.0,4790.062011999999,906853
2016-04-29,5125.0,5205.0,5085.0,5085.0,4729.60498,809089
2016-05-03,5085.0,5124.02002,4973.0,4978.0,4630.083008,925151
2016-05-04,4929.0,5300.0,4900.0,5150.0,4790.062011999999,1779551
2016-05-05,5220.0,5325.0,5150.0,5280.0,4910.976074,926706
2016-05-06,5270.0,5310.0,5240.0,5265.0,4897.024414,664309
2016-05-09,5290.0,5373.870117,5270.0,5325.0,4952.831055,686285
2016-05-10,5340.0,5350.100098,5233.72998,5325.0,4952.831055,670844
2016-05-11,5310.0,5365.0,5305.0,5335.0,4962.132324,558201
2016-05-12,5310.0,5330.0,5223.410156,5250.0,4883.072754,634816
2016-05-13,5240.0,5350.0,5225.0,5350.0,4976.083984000001,618708
2016-05-16,5315.0,5350.0,5280.109863000001,5350.0,4976.083984000001,336102
2016-05-17,5385.0,5415.0,5340.0,5360.0,4985.384277,448305
2016-05-18,5380.0,5431.589844,5351.200195,5400.0,5022.588867,575982
2016-05-19,5360.0,5370.0,5295.0,5330.0,4957.481934,502086
2016-05-20,5355.0,5390.0,5320.0,5345.0,4971.433105,383749
2016-05-23,5355.0,5410.0,5305.0,5400.0,5022.588867,699925
2016-05-24,5370.0,5510.0,5335.0,5510.0,5124.900879,676425
2016-05-25,5470.0,5505.0,5360.0,5435.0,5055.143066,926859
2016-05-26,5410.0,5480.0,5405.0,5445.0,5064.444336,473200
2016-05-27,5450.0,5540.0,5423.600098,5535.0,5148.153809,480411
2016-05-31,5535.0,5550.0,5440.0,5440.0,5059.793457,744880
2016-06-01,5445.0,5448.899902,5290.0,5295.0,4924.927734000001,654863
2016-06-02,5310.0,5395.0,5305.0,5385.0,5008.637695,544227
2016-06-03,5390.0,5400.0,5290.0,5350.0,4976.083984000001,509569
2016-06-06,5365.0,5405.0,5345.0,5360.0,4985.384277,348121
2016-06-07,5380.0,5511.589844,5375.0,5470.0,5087.696777,688035
2016-06-08,5455.0,5525.0,5440.0,5515.0,5129.551758,355884
2016-06-09,5485.0,5570.910156,5440.0,5475.0,5092.347656,551754
2016-06-10,5445.0,5455.0,5285.0,5285.0,4915.626465,605074
2016-06-13,5230.0,5259.790039,5200.0,5210.0,4845.868164,484481
2016-06-14,5210.0,5220.0,5120.0,5135.0,4776.11084,496970
2016-06-15,5180.0,5210.0,5130.0,5205.0,4841.218261999999,643498
2016-06-16,5165.0,5230.0,5130.0,5215.0,4850.519531,550826
2016-06-17,5220.0,5340.600098,5220.0,5275.0,4906.325195,696680
2016-06-20,5425.0,5538.799805,5400.0,5470.0,5087.696777,643709
2016-06-21,5460.0,5505.0,5405.0,5465.0,5083.046875,439103
2016-06-22,5480.0,5505.0,5410.0,5460.0,5078.395996,376800
2016-06-23,5470.0,5558.490234000001,5420.0,5535.0,5148.153809,311280
2016-06-24,3598.0,5255.0,3550.0,4848.0,4509.168945,2009254
2016-06-27,4777.0,4897.0,4323.0,4384.0,4077.5988770000004,1615360
2016-06-28,4624.0,4864.0,4555.0,4745.0,4413.367676,1725014
2016-06-29,4830.0,4937.0,4783.0,4893.0,4551.024414,833573
2016-06-30,5015.0,5020.0,4800.0,4930.0,4585.438477000001,1146605
2016-07-01,4940.0,4967.0,4850.0,4915.0,4571.486328,571577
2016-07-04,4942.0,4972.0,4741.0,4779.0,4444.991211,374439
2016-07-05,4745.0,4855.470215,4653.0,4719.0,4389.18457,645377
2016-07-06,4712.0,4766.0,4625.0,4742.0,4410.577636999999,823812
2016-07-07,4703.0,4815.0,4663.0,4765.0,4532.327147999999,739989
2016-07-08,4760.0,5012.160156,4721.0,4943.0,4701.635254,620995
2016-07-11,5010.0,5140.0,4947.0,5090.0,4841.45752,819562
2016-07-12,5130.0,5250.0,5130.0,5210.0,4955.597656,680511
2016-07-13,5215.0,5215.0,5130.0,5130.0,4879.504395,723047
2016-07-14,5145.0,5210.0,5080.0,5140.0,4889.016602000001,574258
2016-07-15,5085.0,5185.0,5050.0,5125.0,4874.748535,908485
2016-07-18,5160.0,5200.0,5080.0,5100.0,4850.969238000001,566838
2016-07-19,5125.0,5175.0,5065.0,5090.0,4841.45752,374104
2016-07-20,5125.0,5130.0,5000.0,5035.0,4789.143066,549489
2016-07-21,5060.0,5070.0,4894.0,4896.0,4656.930176,928261
2016-07-22,4879.0,4906.0,4814.0,4872.0,4634.102539,568122
2016-07-25,4888.0,5015.0,4874.0,5005.0,4760.608397999999,602777
2016-07-26,5000.0,5025.0,4956.0,4974.0,4731.121582,350018
2016-07-27,4999.0,5025.0,4956.0,5005.0,4760.608397999999,287910
2016-07-28,5000.0,5030.0,4939.0,4968.0,4725.414551,384284
2016-07-29,5005.0,5085.0,5003.5,5025.0,4779.631348,616239
2016-08-01,5075.0,5075.0,4952.0,5025.0,4779.631348,520168
2016-08-02,5020.0,5145.0,4956.0,5130.0,4879.504395,738414
2016-08-03,5300.0,5420.0,5280.0,5340.0,5079.25,1157267
2016-08-04,5320.0,5345.0,5197.399902,5200.0,4946.086426,768961
2016-08-05,5175.0,5225.0,5100.0,5220.0,4965.109863000001,743283
2016-08-08,5250.0,5311.100098,5230.0,5275.0,5017.423828,482993
2016-08-09,5295.0,5345.0,5265.0,5330.0,5069.73877,334063
2016-08-10,5320.0,5390.140136999999,5290.759765999999,5390.0,5126.808594,382932
2016-08-11,5405.0,5405.0,5295.0,5385.0,5122.052734000001,559116
2016-08-12,5380.0,5520.0,5327.740234000001,5495.0,5226.681640999999,408022
2016-08-15,5520.0,5520.0,5370.0,5485.0,5217.17041,426738
2016-08-16,5460.0,5510.0,5385.0,5385.0,5122.052734000001,410429
2016-08-17,5420.0,5420.160156,5355.0,5360.0,5098.273438,408767
2016-08-18,5395.0,5420.160156,5351.319824,5410.0,5145.832031,436072
2016-08-19,5405.0,5450.0,5361.870117,5440.0,5174.367188,277531
2016-08-22,5430.0,5490.0,5415.0,5450.0,5183.878906,296005
2016-08-23,5460.0,5560.0,5460.0,5545.0,5274.240234000001,316938
2016-08-24,5520.0,5625.0,5520.0,5625.0,5350.333496,370560
2016-08-25,5600.0,5610.0,5535.0,5535.0,5264.728515999999,323146
2016-08-26,5515.0,5567.669922,5501.100098,5520.0,5250.460938,264652
2016-08-30,5520.0,5555.0,5500.0,5515.0,5245.705078,342785
2016-08-31,5500.0,5570.0,5500.0,5525.0,5255.216797,519259
2016-09-01,5535.0,5620.0,5520.0,5595.0,5321.79834,562929
2016-09-02,5615.0,5705.0,5555.0,5680.0,5402.647949,470789
2016-09-05,5690.0,5705.0,5595.0,5610.0,5336.066406,354943
2016-09-06,5635.0,5675.0,5590.0,5655.0,5378.869140999999,491188
2016-09-07,5645.0,5665.0,5595.0,5600.0,5326.554199,655126
2016-09-08,5595.0,5645.0,5565.0,5620.0,5345.578125,385748
2016-09-09,5585.0,5600.0,5415.0,5440.0,5174.367188,737328
2016-09-12,5360.0,5379.089844,5240.0,5290.0,5031.691895,811511
2016-09-13,5300.0,5320.0,5220.0,5230.0,4974.621582,998337
2016-09-14,5290.0,5290.0,5199.209961,5210.0,4955.597656,547036
2016-09-15,5165.0,5165.0,4915.0,4957.0,4714.952147999999,1608262
2016-09-16,4974.0,5040.0,4880.0,5005.0,4760.608397999999,1001204
2016-09-19,5025.0,5055.0,4984.25,5040.0,4793.899414,506288
2016-09-20,5030.0,5055.0,4897.0,4897.0,4657.881348,529142
2016-09-21,4922.0,4968.0,4902.0,4909.0,4669.295897999999,363440
2016-09-22,4937.0,4950.0,4888.0,4911.0,4671.198242,423897
2016-09-23,4916.0,4932.0,4814.0,4822.0,4586.543457,594132
2016-09-26,4818.0,4822.0,4696.0,4726.0,4495.231445,520769
2016-09-27,4730.0,4762.0,4672.0,4748.0,4516.157227000001,591666
2016-09-28,4750.0,4818.0,4714.0,4781.0,4547.545897999999,529042
2016-09-29,4790.0,4815.0,4743.0,4801.0,4566.568848,705984
2016-09-30,4750.0,4815.0,4710.0,4776.0,4542.789551,681610
2016-10-03,4753.0,4768.0,4705.0,4743.0,4511.401367,511162
2016-10-04,4720.0,4863.0,4689.0,4805.0,4570.374022999999,909984
2016-10-05,4818.0,4834.0,4779.0,4805.0,4570.374022999999,607922
2016-10-06,4818.0,4818.0,4706.0,4747.0,4515.206055,875917
2016-10-07,4748.0,4757.120117,4478.0,4520.0,4299.290527,1536339
2016-10-10,4513.0,4563.0,4497.0,4534.0,4312.606445,682550
2016-10-11,4572.0,4749.0,4561.0,4712.0,4481.915527,912968
2016-10-12,4716.0,4725.120117,4657.0,4675.0,4446.722168,714744
2016-10-13,4661.0,4681.0,4546.0,4579.0,4355.409668,726017
2016-10-14,4587.0,4663.0,4587.0,4602.0,4377.286621,499864
2016-10-17,4588.0,4612.0,4493.0,4504.0,4284.071777,654592
2016-10-18,4525.0,4747.0,4522.0,4744.0,4512.352539,941472
2016-10-19,4749.0,4887.0,4720.0,4873.0,4635.053711,936530
2016-10-20,4855.0,4903.0,4811.0,4856.0,4618.883789,863427
2016-10-21,4847.0,4880.0,4794.0,4810.0,4575.129883,583708
2016-10-24,4840.0,4882.0,4807.0,4807.0,4572.276367,413542
2016-10-25,4820.0,4822.0,4693.0,4720.0,4489.524414,746243
2016-10-26,4695.0,4757.0,4670.0,4730.0,4499.036133,412605
2016-10-27,4722.0,4812.0,4640.0,4806.0,4571.325195,861146
2016-10-28,4807.0,4989.0,4737.0,4974.0,4731.121582,1185701
2016-10-31,4958.0,4958.0,4788.0,4816.0,4580.836914,1175932
2016-11-01,4842.0,4905.0,4795.0,4810.0,4575.129883,1025024
2016-11-02,4830.0,5040.0,4750.0,4979.0,4735.877441,1395434
2016-11-03,4950.0,5182.759765999999,4855.899902,5090.0,4841.45752,1723669
2016-11-04,5045.0,5070.0,4912.0,4942.0,4700.684082,1248917
2016-11-07,4985.0,5030.0,4934.0,4988.0,4744.437988000001,596353
2016-11-08,4972.0,5110.0,4058.9099119999996,5065.0,4817.678223,1018226
2016-11-09,4920.0,5110.0,4890.0,5060.0,4812.922363000001,1084350
2016-11-10,5105.0,5155.0,4844.0,4891.0,4652.174805,1130741
2016-11-11,4903.0,5085.0,4902.049805,5040.0,4793.899414,750365
2016-11-14,5090.0,5122.5,5015.0,5015.0,4770.119629,746562
2016-11-15,5065.0,5170.0,5060.0,5120.0,4869.992188,658990
2016-11-16,5115.0,5150.0,5045.0,5090.0,4841.45752,713005
2016-11-17,5095.0,5195.0,5085.0,5195.0,4941.330566,574644
2016-11-18,5190.0,5225.0,5090.0,5090.0,4841.45752,932244
2016-11-21,5100.0,5115.0,4945.0,5010.0,4765.364258,643049
2016-11-22,5055.0,5095.0,4999.0,5035.0,4789.143066,531758
2016-11-23,5060.0,5060.0,4929.0,4967.0,4724.463867,458739
2016-11-24,4975.0,4987.0,4910.0,4950.0,4708.293457,300356
2016-11-25,4950.0,4970.0,4912.0,4951.0,4709.244629,259429
2016-11-28,4950.0,4950.0,4779.0,4820.0,4584.641113000001,608887
2016-11-29,4834.0,4975.0,4801.0,4939.0,4697.830566,726372
2016-11-30,4950.0,4950.0,4874.0,4904.0,4664.539551,2085549
2016-12-01,4879.0,4897.0,4742.0,4877.0,4638.85791,631887
2016-12-02,4841.0,4878.0,4784.0,4866.0,4628.39502,302703
2016-12-05,4846.0,4935.0,4826.0,4854.0,4616.981445,562770
2016-12-06,4869.0,4936.0,4816.0,4930.0,4689.270508,582082
2016-12-07,4942.0,4975.0,4885.0,4958.0,4715.902832,490643
2016-12-08,4898.0,4964.0,4861.0,4870.0,4682.251953,388534
2016-12-09,4867.0,4919.0,4822.0,4854.0,4666.869629,405085
2016-12-12,4839.0,4875.0,4786.0,4795.0,4610.144043,491608
2016-12-13,4800.0,4931.0,4794.0,4916.0,4726.479004,455027
2016-12-14,4900.0,4933.0,4855.0,4870.0,4682.251953,330016
2016-12-15,4886.0,4963.0,4842.0,4942.0,4751.477051,405193
2016-12-16,4949.0,4972.0,4860.0,4950.0,4759.167969,674022
2016-12-19,4946.0,4961.0,4912.0,4915.0,4725.517578,289168
2016-12-20,4917.0,4971.0,4911.399902,4963.0,4771.666992,366918
2016-12-21,4939.0,4976.0,4917.109863000001,4931.0,4740.900390999999,522254
2016-12-22,4914.0,4955.0,4900.0,4949.0,4758.206543,233442
2016-12-23,4950.0,4980.0,4903.0,4922.0,4732.247559,111269
2016-12-28,4922.0,4952.0,4893.0,4926.0,4736.09375,425405
2016-12-29,4906.0,4971.0,4905.0,4944.0,4753.399414,329015
2016-12-30,4945.0,4999.0,4929.0,4983.0,4790.895996,245837
2017-01-03,4983.0,4983.0,4757.0,4770.0,4586.107422,1011828
2017-01-04,4320.0,4493.25,4060.0,4085.0,3927.515381,3601245
2017-01-05,4025.0,4205.470215,3962.0,4089.0,3931.361328,2199597
2017-01-06,4067.0,4137.959961,4052.0,4099.0,3940.976074,946237
2017-01-09,4132.0,4133.299805,4014.0,4037.0,3881.365967,876369
2017-01-10,4043.0,4179.0,4043.0,4152.0,3991.9326170000004,865677
2017-01-11,4143.0,4167.0,4101.0,4137.0,3977.5107420000004,587378
2017-01-12,4158.0,4180.0,4032.679932,4033.0,3877.5205079999996,1155741
2017-01-13,4045.0,4063.0,4032.0,4042.0,3886.17334,507987
2017-01-16,4040.0,4069.0,4010.0,4046.0,3890.0192869999996,421518
2017-01-17,4035.0,4107.0,4014.0,4060.0,3903.4794920000004,541522
2017-01-18,4082.0,4091.0900880000004,3990.0,3990.0,3836.177979,540894
2017-01-19,3997.0,4022.919922,3959.0,3994.0,3840.023926,580379
2017-01-20,3988.0,4016.0,3920.0,3920.0,3768.8767090000006,620695
2017-01-23,3921.0,3938.0,3862.0,3896.0,3745.8017579999996,634945
2017-01-24,3902.0,3909.110107,3784.0,3826.0,3678.500732,889418
2017-01-25,3845.0,3896.0,3813.0,3856.0,3707.343994,612924
2017-01-26,3870.0,3902.0,3805.0,3865.0,3715.9968259999996,538298
2017-01-27,3910.0,3916.0,3839.0,3850.0,3701.5751950000003,446744
2017-01-30,3843.0,3896.0,3817.0,3886.0,3736.1875,390434
2017-01-31,3908.0,3928.0,3822.0,3830.0,3682.3461909999996,626161
2017-02-01,3860.0,3895.0,3839.0,3873.0,3723.688477,520995
2017-02-02,3874.0,3913.0,3826.0,3884.0,3734.264648,533915
2017-02-03,3888.0,3906.0,3854.0,3885.0,3735.226074,313552
2017-02-06,3871.0,3897.5,3826.0,3843.0,3694.844971,352639
2017-02-07,3817.0,3892.0,3810.0,3855.0,3706.382568,502284
2017-02-08,3851.0,3944.0,3822.0,3901.0,3750.609131,491262
2017-02-09,3921.0,3929.0,3883.0,3929.0,3777.529785,742942
2017-02-10,3947.0,4004.0,3927.0,3966.0,3813.103271,465877
2017-02-13,3967.0,3975.0,3916.899902,3931.0,3779.452393,517633
2017-02-14,3918.0,3983.8000490000004,3918.0,3953.0,3800.6042479999996,603494
2017-02-15,3951.0,3966.0,3828.0,3847.0,3698.690918,785033
2017-02-16,3845.0,3910.0,3845.0,3852.0,3703.498047,522810
2017-02-17,3845.0,3923.0,3824.0,3852.0,3703.498047,643944
2017-02-20,3878.0,3882.0,3829.0,3843.0,3694.844971,291555
2017-02-21,3857.0,3871.0,3812.0,3812.0,3665.040283,593970
2017-02-22,3825.0,3855.0,3791.5900880000004,3803.0,3656.387207,755108
2017-02-23,3803.0,3838.0,3770.320068,3817.0,3669.8474119999996,884434
2017-02-24,3827.0,3835.0,3786.0,3791.0,3644.849854,945748
2017-02-27,3803.0,3845.0,3784.0,3810.0,3663.117432,770060
2017-02-28,3810.0,3902.0,3797.0,3827.0,3679.462158,1066923
2017-03-01,3880.0,4030.0,3850.0,4003.0,3848.6770020000004,1071662
2017-03-02,3983.0,4003.0,3909.0,3950.0,3797.720215,748524
2017-03-03,3946.0,3958.0,3907.0,3947.0,3794.835693,698271
2017-03-06,3953.0,3976.8000490000004,3926.0,3961.0,3808.295898,545716
2017-03-07,3943.0,3974.0,3920.0,3964.0,3811.18042,446037
2017-03-08,3967.0,3973.5,3930.0,3958.0,3805.411865,448184
2017-03-09,3969.0,3990.0,3956.1999509999996,3990.0,3836.177979,867550
2017-03-10,4000.0,4019.850098,3951.0,3966.0,3813.103271,772720
2017-03-13,3959.0,4004.0,3956.0,3970.0,3816.948975,409931
2017-03-14,3970.0,3972.0,3894.0,3929.0,3777.529785,503985
2017-03-15,3937.0,3944.0,3888.110107,3897.0,3746.763428,449689
2017-03-16,3924.0,3933.0,3871.0,3909.0,3758.3005369999996,524329
2017-03-17,3911.0,3915.0,3857.0,3877.0,3727.5344240000004,999004
2017-03-20,3883.0,3883.399902,3846.0,3854.0,3705.421143,838608
2017-03-21,3868.0,3879.0,3835.0,3865.0,3715.9968259999996,812795
2017-03-22,3828.0,3902.0,3815.0,3885.0,3735.226074,1244236
2017-03-23,3900.0,4248.0,3805.6999509999996,4199.0,4037.1206049999996,2670741
2017-03-24,4180.0,4186.5,4058.899902,4130.0,3970.780762,1289911
2017-03-27,4096.0,4258.0,4096.0,4232.0,4068.8486329999996,931909
2017-03-28,4240.0,4310.919922,4227.0,4289.0,4123.650879,1339315
2017-03-29,4315.0,4343.0,4280.0,4320.0,4153.456055,781485
2017-03-30,4306.0,4355.0,4249.0,4260.0,4095.769043,753054
2017-03-31,4279.0,4327.0,4264.100098,4320.0,4153.456055,716907
2017-04-03,4247.0,4321.72998,4166.0,4166.0,4005.392822,865602
2017-04-04,4180.0,4220.899902,4130.0,4130.0,3970.780762,777401
2017-04-05,4145.0,4175.5,4100.299805,4109.0,3950.590332,741369
2017-04-06,4090.0,4115.200195,4012.0,4042.0,3886.17334,737786
2017-04-07,4007.0,4023.0,3968.0,4023.0,3867.905762,1055779
2017-04-10,4030.0,4131.0,4021.0,4110.0,3951.5517579999996,837302
2017-04-11,4075.0,4130.0,4064.0,4122.0,3963.089111,640463
2017-04-12,4135.0,4160.0,4110.0,4151.0,3990.9711909999996,595530
2017-04-13,4160.0,4199.0,4144.0,4193.0,4031.352051,394450
2017-04-18,4193.0,4220.0,4176.0,4187.0,4025.583496,763329
2017-04-19,4184.0,4352.0,4184.0,4321.0,4154.41748,1187082
2017-04-20,4319.0,4347.0,4283.0,4284.0,4118.84375,652074
2017-04-21,4308.0,4318.0,4263.0,4279.0,4114.036621,635811
2017-04-24,4360.0,4360.0,4240.0,4324.0,4157.301758,552118
2017-04-25,4344.0,4344.0,4272.0,4272.0,4107.306152,425768
2017-04-26,4231.0,4247.0,4210.0,4243.0,4079.4243159999996,785429
2017-04-27,4233.0,4309.0,4227.0,4303.0,4137.111328,824778
2017-04-28,4308.0,4328.0,4280.0,4305.0,4139.03418,550724
2017-05-02,4316.0,4378.0,4277.0,4362.0,4193.836914,596277
2017-05-03,4362.0,4427.0,4352.0,4410.0,4239.986328,1052644
2017-05-04,4234.0,4270.0,4092.9099119999996,4185.0,4023.6604,2330599
2017-05-05,4172.0,4247.0,4161.0,4234.0,4070.7714840000003,719396
2017-05-08,4248.0,4336.0,4230.0,4312.0,4145.76416,810559
2017-05-09,4336.0,4392.0,4327.0,4329.0,4162.108886999999,884938
2017-05-10,4365.0,4440.0,4344.0,4401.0,4231.333008,661054
2017-05-11,4411.0,4411.0,4258.0,4302.0,4136.149902,782957
2017-05-12,4309.0,4354.0,4297.0,4345.0,4177.492188,399739
2017-05-15,4345.0,4347.5,4247.0,4264.0,4099.615234000001,600051
2017-05-16,4285.0,4340.0,4268.27002,4322.0,4155.378906,363994
2017-05-17,4316.0,4319.0,4256.0,4300.0,4134.227051,384040
2017-05-18,4306.0,4380.0,4269.0,4354.0,4186.14502,510870
2017-05-19,4354.0,4453.0,4347.0,4421.0,4250.562011999999,498660
2017-05-22,4419.0,4504.0,4419.0,4477.0,4304.40332,536803
2017-05-23,4473.0,4492.0,4442.799805,4466.0,4293.827147999999,479594
2017-05-24,4460.0,4483.0,4408.0,4430.0,4259.214844,833185
2017-05-25,4457.0,4464.0,4397.0,4402.0,4232.294434,510721
2017-05-26,4400.0,4407.0,4370.0,4384.0,4214.988281,432062
2017-05-30,4384.0,4400.0,4340.0,4380.0,4211.143066,689834
2017-05-31,4387.0,4395.0,4353.0,4360.0,4191.913574,1171467
2017-06-01,4370.0,4426.0,4366.899902,4400.0,4230.371582,557592
2017-06-02,4414.0,4423.0,4329.0,4361.0,4192.875488000001,552245
2017-06-05,4371.0,4410.0,4350.0,4400.0,4230.371582,427531
2017-06-06,4377.0,4400.0,4282.0,4288.0,4122.689453,565019
2017-06-07,4284.0,4311.0,4240.0,4286.0,4120.766602000001,559229
2017-06-08,4303.0,4354.180176,4277.0,4352.0,4184.222656,694620
2017-06-09,4315.0,4315.0,4168.0,4276.0,4111.152344,1233357
2017-06-12,4260.0,4298.0,4226.0,4247.0,4083.270264,486592
2017-06-13,4255.0,4297.0,4245.0,4273.0,4108.268066,381681
2017-06-14,4276.0,4359.0,4273.0,4301.0,4135.188477000001,664844
2017-06-15,4205.0,4217.0,4003.0,4037.0,3881.365967,1332105
2017-06-16,4046.0,4110.0,4032.0,4093.0,3935.2070310000004,1530028
2017-06-19,4125.0,4167.0,4114.410156,4148.0,3988.086914,325506
2017-06-20,4142.0,4190.0,4017.0,4024.0,3868.867432,78568
2017-06-21,4018.0,4038.0,3963.0,3980.0,3826.563721,138961
2017-06-22,3985.0,4014.0,3962.0,3996.0,3841.946777,99489
2017-06-23,4014.0,4068.0,4004.0,4047.0,3890.9807130000004,50570
2017-06-26,4069.0,4074.5600590000004,3996.0,4039.4099119999996,3883.6831049999996,247762
2017-06-27,3964.0,4001.0,3944.0,3969.1599119999996,3816.141357,179976
2017-06-28,3956.0,4028.6999509999996,3948.0,3952.0,3799.6430659999996,312011
2017-06-29,3974.0,3994.0,3939.0,3976.0,3822.717773,76933
2017-06-30,3966.0,3973.0,3845.98999,3856.0,3707.343994,267611
2017-07-03,3817.0,3904.0,3807.0,3890.0,3740.033203,695506
2017-07-04,3879.0,3906.0,3877.0,3881.0,3731.3801270000004,483186
2017-07-05,3881.0,3916.0,3861.0,3905.0,3754.4548340000006,493841
2017-07-06,3762.0,3824.0,3753.0,3785.0,3739.6347659999997,855321
2017-07-07,3799.0,3799.0,3746.0,3766.0,3720.8625490000004,664120
2017-07-10,3773.0,3792.0,3693.0,3693.0,3648.7373049999997,642948
2017-07-11,3681.0,3704.0,3600.0,3617.0,3573.648193,888893
2017-07-12,3625.0,3648.0,3565.0,3618.0,3574.6362299999996,688462
2017-07-13,3632.0,3710.0,3631.0,3694.0,3649.725342,504275
2017-07-14,3704.0,3717.0,3649.0,3655.0,3611.192871,321527
2017-07-17,3653.0,3685.5,3653.0,3673.0,3628.977051,323494
2017-07-18,3665.0,3745.0,3665.0,3712.0,3667.5097659999997,607971
2017-07-19,3729.0,3733.0,3668.0,3680.0,3635.893311,356268
2017-07-20,3694.0,3785.0,3683.0,3783.0,3737.6586909999996,483192
2017-07-21,3793.0,3912.0,3791.0,3827.0,3781.131348,952399
2017-07-24,3821.0,3824.0,3680.0,3710.0,3665.5336909999996,792338
2017-07-25,3711.0,3751.0,3683.0,3734.0,3689.2460939999996,496201
2017-07-26,3738.0,3802.0,3729.0,3780.0,3734.69458,361325
2017-07-27,3791.0,3951.0,3787.639893,3927.0,3879.932861,750093
2017-07-28,3926.0,3926.0,3815.0,3865.0,3818.6757810000004,517482
2017-07-31,3853.0,3995.0,3805.3000490000004,3950.0,3902.657227,1425958
2017-08-01,3962.0,3995.0,3927.0,3973.0,3925.381348,786664
2017-08-02,3984.0,4032.0,3941.0,4013.0,3964.9021,876718
2017-08-03,4325.0,4491.0,4269.0,4401.0,4348.251465,2297281
2017-08-04,4390.0,4415.5,4353.0,4393.0,4340.347656,1268331
2017-08-07,4404.0,4406.819824,4274.0,4331.0,4279.09082,1074163
2017-08-08,4333.0,4397.0,4308.0,4368.0,4315.646973,601506
2017-08-09,4365.0,4460.0,4353.0,4409.0,4356.155761999999,787510
2017-08-10,4391.0,4413.0,4367.0,4405.0,4352.203613000001,693955
2017-08-11,4390.0,4428.0,4369.0,4400.0,4347.263672,533470
2017-08-14,4405.0,4411.0,4352.0,4395.0,4342.32373,396844
2017-08-15,4341.0,4341.0,4186.0,4271.0,4219.80957,1140291
2017-08-16,4277.0,4300.0,4252.0,4264.0,4212.893555,661031
2017-08-17,4259.0,4279.0,4191.0,4204.0,4153.612793,577611
2017-08-18,4188.0,4195.0,4133.0,4150.0,4100.259765999999,516134
2017-08-21,4134.0,4187.069824,4134.0,4163.0,4113.104004,423474
2017-08-22,4180.0,4220.0,4151.0,4175.0,4124.960449,441392
2017-08-23,4165.0,4182.0,4109.0,4156.0,4106.187988000001,387768
2017-08-24,4162.0,4194.0,4070.0,4104.0,4054.811279,687464
2017-08-25,4094.0,4162.0,4066.0,4143.0,4093.343994,458365
2017-08-29,4143.0,4150.0,4050.679932,4060.0,4011.3386229999996,597151
2017-08-30,4082.0,4101.0,4035.0,4046.0,3997.506592,470668
2017-08-31,4057.0,4139.0,4023.0,4129.0,4079.5117189999996,668163
2017-09-01,4130.0,4147.0,4102.0,4134.0,4084.45166,496122
2017-09-04,4127.0,4260.0,4061.0,4227.0,4176.336914,560966
2017-09-05,4266.0,4322.0,4232.319824,4267.0,4215.85791,757346
2017-09-06,4262.0,4374.0,4248.0,4374.0,4321.575195,790426
2017-09-07,4376.0,4436.0,4337.0,4378.0,4325.527344,521239
2017-09-08,4377.0,4388.0,4293.0,4354.0,4301.814941,674000
2017-09-11,4384.0,4384.0,4320.0,4342.0,4289.958984000001,575284
2017-09-12,4327.0,4402.0,4312.0,4400.0,4347.263672,755325
2017-09-13,4390.0,4449.0,4372.0,4417.0,4364.060059,1093439
2017-09-14,4770.0,5020.0,4730.0,4994.0,4934.144043,2955347
2017-09-15,5040.0,5115.0,5010.0,5045.0,4984.532715,1831859
2017-09-18,5070.0,5085.0,4952.0,4973.0,4913.395996,969985
2017-09-19,4975.0,5020.5,4971.0,4978.0,4918.335938,565963
2017-09-20,4985.0,5080.0,4971.0,5070.0,5009.233397999999,1238489
2017-09-21,5065.0,5095.0,5020.0,5085.0,5024.053711,477267
2017-09-22,5085.0,5145.0,5060.0,5140.0,5078.394531,507514
2017-09-25,5125.0,5219.140136999999,5122.5,5195.0,5132.735352000001,367970
2017-09-26,5200.0,5210.0,5130.0,5135.0,5073.454102000001,480139
2017-09-27,5135.0,5274.47998,5124.069824,5260.0,5196.956055,835085
2017-09-28,5270.0,5279.740234000001,5185.0,5255.0,5192.016113000001,630996
2017-09-29,5275.0,5280.0,5225.0,5260.0,5196.956055,435053
2017-10-02,5260.0,5295.0,5235.0,5290.0,5226.59668,1072487
2017-10-03,5300.0,5325.0,5260.0,5320.0,5256.236816,604922
2017-10-04,5310.0,5355.0,5235.0,5245.0,5182.135742,1064351
2017-10-05,5190.0,5205.0,5130.0,5170.0,5108.034668,659672
2017-10-06,5165.0,5190.0,5125.0,5165.0,5103.094727000001,746125
2017-10-09,5150.0,5175.0,5120.0,5120.0,5058.633789,648035
2017-10-10,5135.0,5150.0,5080.0,5115.0,5053.693848,550910
2017-10-11,5015.0,5080.0,4982.0,5050.0,4989.473145,878633
2017-10-12,5050.0,5070.0,4981.640136999999,4989.0,4929.204102000001,589558
2017-10-13,4990.0,5005.0,4911.0,4911.0,4852.13916,693967
2017-10-16,4910.0,4954.0,4909.0,4940.0,4880.791504,629374
2017-10-17,4960.0,4969.0,4908.0,4919.0,4860.042969,652074
2017-10-18,4937.0,4997.0,4899.899902,4956.0,4896.599609000001,593684
2017-10-19,4942.0,4961.0,4878.200195,4898.0,4839.294922,502338
2017-10-20,4920.0,4953.0,4852.0,4865.0,4806.69043,532639
2017-10-23,4862.0,4901.0,4837.0,4877.0,4818.546386999999,642097
2017-10-24,4893.0,4906.0,4863.0,4892.0,4833.366699,660968
2017-10-25,4885.0,4901.0,4862.0,4895.0,4836.330566,440082
2017-10-26,4916.0,4916.0,4863.0,4890.0,4831.390625,323297
2017-10-27,4905.0,4905.350098,4874.0,4882.0,4823.486816,444257
2017-10-30,4886.0,4975.0,4869.0,4949.0,4889.683594,710506
2017-10-31,4928.0,4978.0,4885.0,4921.0,4862.019043,1372529
2017-11-01,4580.0,4707.0,4416.0,4471.0,4417.412598,3345680
2017-11-02,4457.0,4552.0,4455.0,4500.0,4446.064941,1368368
2017-11-03,4505.0,4536.600098,4463.0,4473.0,4419.388672,637027
2017-11-06,4455.0,4522.939941,4400.0,4416.0,4363.071777,501009
2017-11-07,4416.0,4416.0,4343.0,4368.0,4315.646973,486764
2017-11-08,4375.0,4417.0,4341.0,4404.0,4351.21582,596923
2017-11-09,4402.0,4402.0,4295.0,4369.0,4316.635254,735952
2017-11-10,4387.0,4396.0,4311.0,4379.0,4326.515136999999,459986
2017-11-13,4394.0,4394.0,4303.0,4324.0,4272.174316,394376
2017-11-14,4300.0,4345.0,4268.0,4328.0,4276.126465,871320
2017-11-15,4328.0,4371.0,4253.0,4277.0,4225.737793,406315
2017-11-16,4273.0,4333.0,4263.0,4320.0,4268.222656,483541
2017-11-17,4320.0,4325.0,4269.0,4304.0,4252.414063,409055
2017-11-20,4331.0,4386.0,4313.0,4371.0,4318.611328,376804
2017-11-21,4377.0,4387.0,4309.0,4340.0,4287.98291,471826
2017-11-22,4319.0,4370.0,4288.0,4340.0,4287.98291,357344
2017-11-23,4348.0,4417.0,4325.0,4385.0,4332.443359000001,271422
2017-11-24,4388.0,4401.0,4306.0,4306.0,4254.390136999999,344297
2017-11-27,4306.0,4343.0,4268.0,4275.0,4223.761719,506704
2017-11-28,4286.0,4314.0,4275.0,4314.0,4262.294434,485675
2017-11-29,4292.0,4503.0,4292.0,4503.0,4449.029297,760956
2017-11-30,4480.0,4509.0,4417.0,4477.0,4423.34082,805606
2017-12-01,4456.0,4469.0,4397.0,4432.0,4378.879883,337131
2017-12-04,4454.0,4458.0,4337.0,4404.0,4351.21582,628094
2017-12-05,4425.0,4522.0,4398.0,4438.0,4384.808105,411449
2017-12-06,4441.0,4450.0,4363.0,4422.0,4369.0,437376
2017-12-07,4413.0,4447.0,4322.0,4440.0,4440.0,944179
2017-12-08,4429.0,4502.0,4411.0,4483.0,4483.0,488263
2017-12-11,4471.0,4495.0,4412.0,4423.0,4423.0,452726
2017-12-12,4417.0,4430.0,4333.0,4393.0,4393.0,667975
2017-12-13,4383.0,4453.0,4340.799805,4396.149902,4396.149902,473913
2017-12-14,4405.0,4420.0,4325.0,4345.0,4345.0,499389
2017-12-15,4333.0,4339.0,4221.0,4246.0,4246.0,1003923
2017-12-18,4252.0,4252.0,4187.0,4230.0,4230.0,804425
2017-12-19,4227.0,4277.0,4188.0,4238.0,4238.0,656099
2017-12-20,4233.0,4317.0,4233.0,4293.0,4293.0,590189
2017-12-21,4289.0,4423.0,4279.0,4415.0,4415.0,654714
2017-12-22,4409.0,4579.0,4404.0,4579.0,4579.0,510694
2017-12-27,4579.0,4586.0,4514.0,4535.0,4535.0,672370
2017-12-28,4535.0,4607.0,4520.0,4543.0,4543.0,353322
2017-12-29,4543.0,4577.0,4486.0,4525.0,4525.0,307560
2018-01-02,4525.0,4540.0,4481.0,4500.0,4500.0,845720
2018-01-03,4860.0,4947.0,4780.0,4800.0,4800.0,1596631
2018-01-04,4780.0,4789.0,4697.0,4748.0,4748.0,1113450
2018-01-05,4740.0,4877.0,4730.0,4854.0,4854.0,1269121
2018-01-08,4865.0,4989.0,4853.0,4932.0,4932.0,1241467
2018-01-09,4930.0,5096.0,4926.0,5020.0,5020.0,1268702
2018-01-10,5020.0,5054.0,5014.0,5040.0,5040.0,979288
2018-01-11,5040.0,5040.0,4943.0,4963.0,4963.0,1035170
2018-01-12,4971.0,5006.0,4944.0,4990.0,4990.0,1576723
2018-01-15,5018.0,5020.0,4988.0,5004.0,5004.0,416606
2018-01-16,5016.0,5040.0,4997.0,5040.0,5040.0,919320
2018-01-17,5048.0,5058.0,4995.0,5002.0,5002.0,495235
2018-01-18,5018.0,5046.0,4968.0,4980.0,4980.0,521072
2018-01-19,5002.0,5002.0,4872.0,4898.0,4898.0,1270901
2018-01-22,4888.0,4922.0,4869.0,4895.0,4895.0,580758
2018-01-23,4914.0,4939.0,4848.0,4900.0,4900.0,705588
2018-01-24,4894.0,4948.0,4844.0,4912.0,4912.0,834912
2018-01-25,4960.0,5064.0,4954.0,5064.0,5064.0,994912
2018-01-26,5084.0,5250.0,5046.0,5218.0,5218.0,1011404
2018-01-29,5220.0,5260.0,5152.0,5152.0,5152.0,809718
2018-01-30,5140.0,5184.0,5124.0,5126.0,5126.0,1474328
2018-01-31,5146.0,5160.0,5062.0,5092.0,5092.0,805513
2018-02-01,5102.0,5106.0,5052.0,5054.0,5054.0,785777
2018-02-02,5054.0,5096.0,5026.0,5026.0,5026.0,1070167
2018-02-05,5006.0,5006.0,4914.0,4921.0,4921.0,851085
2018-02-06,4805.0,4923.0,4767.0,4830.0,4830.0,1581180
2018-02-07,4881.0,4919.0,4811.0,4916.0,4916.0,931105
2018-02-08,4888.0,4954.0,4836.0,4842.0,4842.0,1002205
2018-02-09,4843.0,4883.0,4709.0,4722.0,4722.0,856361
2018-02-12,4778.0,4792.0,4750.0,4768.0,4768.0,629595
2018-02-13,4770.0,4816.0,4758.0,4782.0,4782.0,878530
2018-02-14,4826.0,4830.0,4772.0,4811.0,4811.0,663256
2018-02-15,4833.0,4872.0,4785.0,4826.0,4826.0,639205
2018-02-16,4854.0,4931.0,4843.0,4921.0,4921.0,536029
2018-02-19,4915.0,4975.0,4908.0,4920.0,4920.0,260188
2018-02-20,4929.0,4999.0,4918.0,4992.0,4992.0,554600
2018-02-21,4972.0,4991.0,4926.0,4983.0,4983.0,472758
2018-02-22,4947.0,4968.0,4908.0,4950.0,4950.0,473252
2018-02-23,4955.0,4985.0,4904.0,4929.0,4929.0,330296
2018-02-26,4941.0,4963.0,4912.0,4930.0,4930.0,317580
2018-02-27,4945.0,4959.0,4883.0,4912.0,4912.0,431205
2018-02-28,4887.0,4909.0,4852.0,4856.0,4856.0,591018
2018-03-01,4856.0,4874.0,4749.0,4756.0,4756.0,651212
2018-03-02,4734.0,4760.0,4678.0,4680.0,4680.0,493398
2018-03-05,4692.0,4757.0,4690.0,4732.0,4732.0,513924
2018-03-06,4764.0,4814.0,4750.0,4799.0,4799.0,853606
2018-03-07,4801.0,4878.0,4787.0,4840.0,4840.0,632032
2018-03-08,4844.0,4868.0,4692.0,4721.0,4721.0,1154121
2018-03-09,4701.0,4775.0,4666.0,4772.0,4772.0,767541
