Date,Open,High,Low,Close,Adj Close,Volume
2015-01-02,191.5,191.600006,188.600006,189.800003,168.334854,6033853
2015-01-05,189.399994,191.600006,183.699997,183.899994,163.102081,10154498
2015-01-06,183.899994,188.199997,183.699997,185.100006,164.16636699999998,12085073
2015-01-07,186.399994,188.128006,185.0,186.5,165.408066,13569232
2015-01-08,189.0,193.699997,188.399994,193.399994,171.527695,9230476
2015-01-09,192.399994,192.899994,187.899994,189.100006,167.71400500000001,8930089
2015-01-12,189.899994,192.0,189.199997,190.800003,169.22174099999998,8884073
2015-01-13,190.600006,194.399994,190.600006,192.699997,170.90686000000002,8677438
2015-01-14,188.899994,190.800003,187.300003,187.300003,166.117569,12322184
2015-01-15,188.699997,191.5,183.600006,191.399994,169.753876,12856330
2015-01-16,189.899994,191.800003,189.100006,191.699997,170.019958,8382254
2015-01-19,191.899994,194.800003,190.699997,193.600006,171.70507800000001,5167406
2015-01-20,195.199997,195.949997,193.199997,194.399994,172.414597,7429808
2015-01-21,194.5,198.100006,194.0,198.100006,175.696167,7763475
2015-01-22,198.699997,202.5,198.199997,202.5,179.59854099999998,9422736
2015-01-23,203.800003,205.899994,203.5,204.600006,181.46106,7625634
2015-01-26,203.5,206.100006,203.199997,206.0,182.702713,4590440
2015-01-27,206.300003,206.699997,202.699997,204.800003,181.638428,8081658
2015-01-28,206.5,208.600006,205.199997,208.600006,185.008698,7938766
2015-01-29,207.0,209.699997,206.199997,209.699997,185.984283,6785347
2015-01-30,209.899994,210.584,207.774994,208.199997,184.65391499999998,8460496
2015-02-02,208.600006,209.80000299999998,206.300003,209.80000299999998,186.072968,8029788
2015-02-03,209.80000299999998,214.899994,209.0,213.69999700000002,189.531891,11324379
2015-02-04,213.19999700000002,214.5,210.899994,212.899994,188.822372,12213761
2015-02-05,211.5,214.19999700000002,211.399994,214.0,189.797989,5738873
2015-02-06,214.0,215.399994,213.600006,214.30000299999998,190.064072,5171306
2015-02-09,213.80000299999998,214.0,211.399994,213.30000299999998,189.177124,4871295
2015-02-10,213.600006,216.30000299999998,213.399994,215.5,191.128342,7629335
2015-02-11,215.100006,216.5,214.30000299999998,216.0,191.571762,10118468
2015-02-12,215.399994,217.899994,213.899994,215.5,191.128342,10228896
2015-02-13,215.30000299999998,216.69999700000002,214.5,216.0,191.571762,6410192
2015-02-16,216.100006,217.19999700000002,215.600006,216.5,192.015244,3583228
2015-02-17,215.399994,218.100006,214.600006,217.100006,192.547379,7143231
2015-02-18,218.100006,219.30000299999998,216.30000299999998,217.600006,192.990829,5314892
2015-02-19,217.399994,218.80000299999998,215.80000299999998,218.399994,193.700333,6232845
2015-02-20,218.100006,219.33299300000002,217.0,218.30000299999998,193.611679,6740288
2015-02-23,219.0,220.100006,217.80000299999998,220.100006,195.208115,5820213
2015-02-24,219.399994,221.80000299999998,218.30000299999998,221.5,196.449783,6224683
2015-02-25,222.0,223.82299799999998,220.86500499999997,222.100006,196.981918,6748576
2015-02-26,221.899994,223.30000299999998,220.19999700000002,223.19999700000002,197.95748899999998,7747951
2015-02-27,224.899994,226.5,224.19999700000002,225.100006,199.642639,11081438
2015-03-02,225.19999700000002,227.0,223.5,224.69999700000002,199.287872,7613838
2015-03-03,224.399994,225.69999700000002,222.30000299999998,222.30000299999998,197.159302,8251292
2015-03-04,223.19999700000002,223.899994,221.19999700000002,223.899994,198.578339,8611755
2015-03-05,225.100006,228.535995,225.0,226.80000299999998,201.150375,8843184
2015-03-06,226.69999700000002,228.100006,225.899994,227.100006,201.416458,8045576
2015-03-09,225.19999700000002,226.0,224.641998,225.69999700000002,200.174759,6345995
2015-03-10,223.399994,224.899994,217.69999700000002,217.80000299999998,193.16821299999998,11205734
2015-03-11,219.30000299999998,220.899994,217.899994,220.19999700000002,195.296799,11305937
2015-03-12,221.69999700000002,225.899994,221.600006,223.600006,198.31225600000002,10063621
2015-03-13,224.600006,225.5,220.69999700000002,222.399994,197.247971,8317286
2015-03-16,223.0,227.399994,223.0,227.0,201.32775900000001,6387157
2015-03-17,227.80000299999998,228.69999700000002,224.69999700000002,226.19999700000002,200.61821,6067491
2015-03-18,226.19999700000002,229.80000299999998,225.899994,229.5,203.545029,6579508
2015-03-19,230.5,233.899994,228.399994,230.19999700000002,204.165863,10876718
2015-03-20,231.0,232.19999700000002,228.399994,231.69999700000002,205.496231,9501224
2015-03-23,230.0,231.5,229.399994,231.19999700000002,205.052765,4112641
2015-03-24,231.19999700000002,236.30000299999998,230.600006,234.80000299999998,208.245621,9718709
2015-03-25,234.80000299999998,235.600006,233.19999700000002,233.30000299999998,206.915253,5146370
2015-03-26,231.69999700000002,231.74499500000002,226.30000299999998,227.899994,202.12596100000002,12377198
2015-03-27,228.0,228.0,224.399994,224.69999700000002,199.287872,8255259
2015-03-30,227.19999700000002,228.0,225.69999700000002,227.0,201.32775900000001,8621116
2015-03-31,227.100006,228.399994,221.899994,222.100006,196.981918,10694176
2015-04-01,222.0,226.0,221.92999300000002,225.19999700000002,199.731323,8623164
2015-04-02,224.80000299999998,228.035995,224.69999700000002,227.399994,201.682526,7273531
2015-04-07,227.399994,233.5,227.399994,232.19999700000002,205.939667,7611521
2015-04-08,231.5,234.600006,231.399994,232.5,206.205734,7803069
2015-04-09,234.5,235.80000299999998,233.600006,235.399994,208.777756,5906745
2015-04-10,236.0,237.128006,234.399994,236.80000299999998,210.019455,8608621
2015-04-13,236.80000299999998,237.19999700000002,234.399994,235.30000299999998,208.689087,5461524
2015-04-14,234.19999700000002,236.399994,234.19999700000002,235.399994,208.777756,5904127
2015-04-15,236.0,237.399994,232.0,236.100006,209.398605,21841348
2015-04-16,237.899994,241.600006,236.600006,240.30000299999998,213.12361099999998,24208207
2015-04-17,239.80000299999998,240.30000299999998,235.600006,236.399994,209.66468799999998,13688558
2015-04-20,237.19999700000002,239.32800299999997,235.80000299999998,236.69999700000002,209.93074,8607920
2015-04-21,239.30000299999998,240.19999700000002,237.0,238.5,211.52716099999998,9890712
2015-04-22,239.600006,240.80000299999998,234.399994,237.5,210.64028900000002,13133038
2015-04-23,231.19999700000002,232.0,225.0,231.100006,210.50364700000003,11436791
2015-04-24,230.80000299999998,232.30000299999998,230.19999700000002,231.0,210.412552,10868937
2015-04-27,231.100006,231.69999700000002,227.30000299999998,230.399994,209.86602799999997,9297933
2015-04-28,229.600006,232.0,227.80000299999998,232.0,211.323425,18522589
2015-04-29,233.69999700000002,235.899994,231.899994,232.80000299999998,212.05215499999997,15952747
2015-04-30,232.399994,234.899994,231.5,234.899994,213.964966,13482350
2015-05-01,233.899994,234.899994,229.19999700000002,233.0,212.234314,5874393
2015-05-05,233.0,235.19999700000002,230.69999700000002,230.69999700000002,210.13928199999998,11369766
2015-05-06,229.69999700000002,232.399994,229.30000299999998,230.0,209.501678,9460913
2015-05-07,229.69999700000002,229.69999700000002,224.399994,228.899994,208.499695,12947215
2015-05-08,231.600006,234.100006,229.19999700000002,234.100006,213.236282,11557021
2015-05-11,233.100006,234.69999700000002,232.19999700000002,232.69999700000002,211.961044,6755731
2015-05-12,231.5,231.5,224.899994,226.600006,206.404709,10634367
2015-05-13,227.100006,228.5,225.899994,227.19999700000002,206.95121799999998,6977684
2015-05-14,228.0,230.600006,227.0,230.5,209.957123,7944765
2015-05-15,231.399994,232.399994,228.30000299999998,229.80000299999998,209.31951899999999,8139119
2015-05-18,229.30000299999998,231.100006,227.80000299999998,229.80000299999998,209.31951899999999,9582039
2015-05-19,230.80000299999998,236.100006,230.80000299999998,236.100006,215.058044,9469608
2015-05-20,234.0,234.100006,231.19999700000002,233.399994,212.598648,10317676
2015-05-21,232.899994,234.5,232.899994,234.19999700000002,213.32734700000003,8498592
2015-05-22,235.399994,236.899994,234.5,235.30000299999998,214.32932999999997,7015640
2015-05-26,235.30000299999998,235.5,229.80000299999998,231.0,210.412552,9158488
2015-05-27,233.19999700000002,233.19999700000002,225.80000299999998,229.0,208.59080500000002,14138421
2015-05-28,228.899994,229.30000299999998,224.69999700000002,226.5,206.313614,8786948
2015-05-29,225.399994,226.600006,220.100006,221.100006,201.394882,15306722
2015-06-01,222.30000299999998,222.80000299999998,217.899994,218.5,199.026611,10743192
2015-06-02,219.5,219.5,214.0,215.899994,196.65829499999998,11132869
2015-06-03,216.0,216.600006,212.899994,215.100006,195.92961100000002,13704777
2015-06-04,213.899994,214.0,210.100006,211.899994,193.01478600000002,10908221
2015-06-05,211.19999700000002,211.30000299999998,208.600006,210.100006,191.37524399999998,9780048
2015-06-08,210.600006,210.82000699999998,208.5,208.600006,190.008911,6971554
2015-06-09,208.0,209.0,206.5,207.199997,188.73365800000002,10048632
2015-06-10,207.0,212.399994,206.600006,211.80000299999998,192.92373700000002,12550329
2015-06-11,210.80000299999998,214.19999700000002,210.5,211.600006,192.74156200000002,11093240
2015-06-12,210.0,210.69999700000002,206.699997,207.899994,189.37129199999998,8045461
2015-06-15,206.800003,207.600006,203.800003,203.899994,185.72778300000002,6035456
2015-06-16,203.600006,204.600006,201.600006,203.199997,185.090179,7485948
2015-06-17,203.0,204.699997,200.300003,201.399994,183.450592,8523843
2015-06-18,200.399994,204.600006,200.300003,203.899994,185.72778300000002,12815359
2015-06-19,205.0,206.199997,203.300003,204.5,186.274323,14600152
2015-06-22,206.399994,209.100006,205.5,208.899994,190.282166,11868914
2015-06-23,209.80000299999998,210.899994,208.800003,208.899994,190.282166,7320127
2015-06-24,210.30000299999998,210.30000299999998,207.899994,209.199997,190.55543500000002,8432524
2015-06-25,209.0,211.399994,208.300003,209.5,190.828705,10750201
2015-06-26,208.600006,210.80000299999998,207.600006,209.399994,190.73761000000002,7402822
2015-06-29,202.600006,206.300003,200.699997,203.600006,185.454514,7651149
2015-06-30,202.100006,205.399994,200.800003,201.5,183.54170200000002,15025280
2015-07-01,202.899994,207.300003,202.199997,205.899994,187.54953,10164394
2015-07-02,206.0,206.600006,204.399994,205.699997,187.367371,6127586
2015-07-03,204.800003,206.600006,204.5,204.5,186.274323,3952895
2015-07-06,202.399994,204.800003,202.399994,203.699997,185.545624,6373557
2015-07-07,204.800003,206.0,199.0,199.0,181.264496,14294458
2015-07-08,199.100006,204.5,198.199997,204.5,186.274323,10550684
2015-07-09,205.0,210.399994,205.0,209.699997,191.01088000000001,6185220
2015-07-10,213.0,215.100006,212.399994,214.600006,195.474167,7409030
2015-07-13,217.600006,218.19999700000002,215.5,218.19999700000002,198.753311,7602178
2015-07-14,218.30000299999998,218.600006,215.30000299999998,216.69999700000002,197.387009,5984620
2015-07-15,215.69999700000002,218.0,215.399994,217.19999700000002,197.842438,4297594
2015-07-16,217.899994,220.0,216.5,219.30000299999998,199.755295,5534851
2015-07-17,219.600006,219.69999700000002,218.100006,219.0,199.48203999999998,5282600
2015-07-20,218.600006,220.30000299999998,218.100006,219.19999700000002,199.6642,3509026
2015-07-21,219.600006,219.899994,218.5,219.19999700000002,199.6642,5108669
2015-07-22,216.899994,219.19999700000002,215.19999700000002,215.600006,196.385056,6509301
2015-07-23,216.30000299999998,217.5,214.63999900000002,216.30000299999998,197.022675,11254672
2015-07-24,215.399994,216.19999700000002,211.0,211.100006,192.286118,7739097
2015-07-27,210.69999700000002,212.19999700000002,208.399994,208.800003,190.191101,7387387
2015-07-28,210.100006,211.600006,209.100006,210.0,191.284134,7807050
2015-07-29,210.69999700000002,211.899994,209.199997,211.30000299999998,192.468292,6345360
2015-07-30,211.899994,213.5,211.19999700000002,212.80000299999998,193.83461,7953279
2015-07-31,213.899994,213.899994,210.80000299999998,212.100006,193.196991,13551197
2015-08-03,211.0,213.899994,210.899994,213.19999700000002,194.19894399999998,6485118
2015-08-04,213.19999700000002,219.30000299999998,211.600006,219.19999700000002,199.6642,9852918
2015-08-05,219.0,220.30000299999998,217.80000299999998,218.5,199.026611,8419365
2015-08-06,215.0,229.80000299999998,215.0,229.100006,208.6819,7706448
2015-08-07,228.80000299999998,228.80000299999998,226.80000299999998,227.0,206.76904299999998,7880964
2015-08-10,228.80000299999998,230.0,225.0,228.899994,208.499695,5510379
2015-08-11,228.0,229.19999700000002,224.899994,224.899994,204.856201,10195109
2015-08-12,223.69999700000002,228.362,217.0,218.5,199.026611,13995786
2015-08-13,220.5,222.80000299999998,219.80000299999998,220.399994,200.757263,9261108
2015-08-14,221.30000299999998,221.69999700000002,216.100006,217.5,198.115723,6491145
2015-08-17,218.30000299999998,218.30000299999998,213.30000299999998,216.100006,196.8405,5456089
2015-08-18,215.5,216.19999700000002,213.30000299999998,214.0,194.927643,6858815
2015-08-19,213.30000299999998,215.0,208.199997,208.399994,189.826736,9015782
2015-08-20,206.899994,208.199997,204.300003,205.0,186.729752,9558571
2015-08-21,202.100006,203.5,196.5,196.5,178.98731999999998,14639680
2015-08-24,190.100006,191.300003,178.899994,184.199997,167.783508,20334196
2015-08-25,187.300003,195.800003,186.800003,194.5,177.16554299999999,13842019
2015-08-26,192.199997,196.5,190.300003,192.300003,175.161621,16418120
2015-08-27,197.100006,199.699997,192.979996,198.800003,181.082336,24564323
2015-08-28,198.800003,200.199997,196.399994,200.199997,182.357544,9867539
2015-09-01,200.199997,200.199997,186.699997,187.399994,170.69833400000002,11074612
2015-09-02,188.100006,192.199997,186.300003,189.399994,172.520065,7444532
2015-09-03,191.5,193.0,190.600006,191.699997,174.615097,6790754
2015-09-04,189.199997,189.699997,185.800003,185.800003,169.240921,10625232
2015-09-07,187.100006,188.100006,183.199997,185.5,168.967667,6814097
2015-09-08,186.100006,191.199997,186.0,188.899994,172.064636,8819351
2015-09-09,193.0,196.0,192.699997,193.199997,175.9814,7951307
2015-09-10,192.0,192.399994,188.899994,190.300003,173.339874,8162619
2015-09-11,191.0,191.800003,188.600006,189.199997,172.33789099999998,9777396
2015-09-14,189.899994,191.899994,188.600006,189.5,172.611176,10383316
2015-09-15,189.300003,193.199997,188.300003,192.300003,175.161621,11514131
2015-09-16,192.899994,197.5,192.899994,196.899994,179.35163899999998,11534039
2015-09-17,196.600006,200.300003,196.199997,196.399994,178.896194,10449498
2015-09-18,196.100006,196.699997,190.699997,192.800003,175.617065,16620781
2015-09-21,192.399994,194.800003,192.0,192.5,175.34381100000002,6603598
2015-09-22,191.5,193.300003,186.100006,186.100006,169.51419099999998,7479898
2015-09-23,186.5,193.899994,185.5,192.199997,175.070526,10061105
2015-09-24,189.5,189.800003,183.399994,184.0,169.944504,10473750
2015-09-25,187.600006,191.300003,187.100006,189.600006,175.11673000000002,8295072
2015-09-28,189.600006,189.600006,184.0,184.100006,170.03686499999998,10411481
2015-09-29,181.899994,185.300003,181.399994,182.100006,168.189636,8908471
2015-09-30,186.5,189.699997,186.300003,189.100006,174.654922,9798070
2015-10-01,191.100006,193.100006,190.100006,190.399994,175.855606,7676647
2015-10-02,191.600006,196.199997,190.5,193.5,178.718796,6934293
2015-10-05,197.5,201.199997,197.352005,200.699997,185.368805,8224708
2015-10-06,200.800003,203.399994,200.100006,202.300003,186.846588,6258244
2015-10-07,205.399994,209.699997,205.399994,207.0,191.18756100000002,10706863
2015-10-08,205.899994,208.0,204.5,207.399994,191.557007,5465859
2015-10-09,208.600006,213.100006,208.0,211.0,194.882004,7891985
2015-10-12,210.600006,212.80000299999998,209.80000299999998,210.80000299999998,194.697296,6891482
2015-10-13,210.600006,210.600006,204.300003,205.600006,189.89451599999998,6800789
2015-10-14,203.600006,205.699997,202.5,203.600006,188.047302,4740015
2015-10-15,206.0,208.0,204.699997,206.800003,191.002823,5729354
2015-10-16,209.300003,210.80000299999998,208.300003,209.399994,193.404221,5059183
2015-10-19,209.300003,212.600006,208.850006,209.80000299999998,193.773666,3350413
2015-10-20,210.399994,210.600006,206.199997,208.100006,192.203537,6510142
2015-10-21,209.0,209.5,206.699997,207.899994,192.018784,4691649
2015-10-22,207.0,210.5,206.399994,209.5,193.49658200000002,4784096
2015-10-23,210.30000299999998,214.5,210.19999700000002,212.69999700000002,196.452133,5563969
2015-10-26,212.100006,215.19999700000002,212.100006,213.899994,197.56045500000002,4192008
2015-10-27,212.5,212.80000299999998,210.600006,210.600006,194.512558,5660418
2015-10-28,210.899994,214.80000299999998,209.899994,214.100006,197.745193,5020494
2015-10-29,213.80000299999998,214.80000299999998,210.899994,212.30000299999998,196.082703,5838767
2015-10-30,213.19999700000002,213.399994,210.30000299999998,212.30000299999998,196.082703,6199472
2015-11-02,210.19999700000002,212.600006,209.899994,212.600006,196.359787,4411826
2015-11-03,212.899994,214.399994,212.399994,214.399994,198.02226299999998,3799851
2015-11-04,217.600006,219.19999700000002,213.0,213.0,196.729218,11615850
2015-11-05,212.80000299999998,212.80000299999998,206.5,206.600006,190.81813,9017784
2015-11-06,206.0,207.800003,203.800003,204.0,188.416718,10732724
2015-11-09,204.5,205.300003,201.600006,201.600006,186.200058,8030426
2015-11-10,203.100006,203.100006,198.100006,199.100006,183.891022,8250799
2015-11-11,199.300003,201.800003,198.300003,201.699997,186.292419,7145748
2015-11-12,200.899994,201.199997,195.300003,195.699997,180.750748,6978459
2015-11-13,194.800003,194.899994,189.899994,191.399994,176.779221,10475457
2015-11-16,189.5,192.350006,189.5,191.600006,176.963943,7342051
2015-11-17,195.100006,199.800003,195.100006,198.899994,183.706299,8674070
2015-11-18,198.0,199.699997,196.699997,199.600006,184.352844,5228483
2015-11-19,201.600006,202.199997,201.0,202.100006,186.66186499999998,10605469
2015-11-20,204.399994,207.899994,203.0,207.0,191.18756100000002,13737032
2015-11-23,205.300003,208.399994,203.199997,207.399994,191.557007,6626580
2015-11-24,206.600006,207.300003,204.0,206.899994,191.09518400000002,5099726
2015-11-25,208.399994,210.100006,207.699997,210.0,193.95838899999998,5790507
2015-11-26,210.0,211.69999700000002,208.0,210.80000299999998,194.697296,4344467
2015-11-27,209.100006,210.30000299999998,207.399994,210.19999700000002,194.143112,5354627
2015-11-30,209.199997,210.55000299999998,207.800003,209.0,193.034775,7441575
2015-12-01,210.600006,210.600006,206.5,208.800003,192.850052,10176483
2015-12-02,209.5,209.699997,207.5,208.600006,192.665344,5419441
2015-12-03,207.100006,208.300003,200.800003,200.800003,185.461151,10970717
2015-12-04,199.0,200.800003,197.100006,199.199997,183.983383,11028933
2015-12-07,200.199997,202.66000400000001,199.199997,200.600006,185.27645900000002,5007048
2015-12-08,201.0,201.100006,193.600006,194.800003,179.919479,8303068
2015-12-09,194.699997,197.0,194.399994,195.399994,180.473648,6548861
2015-12-10,187.0,187.0,169.800003,174.199997,160.89309699999998,29562886
2015-12-11,171.5,171.5,154.600006,155.699997,143.80629,31786300
2015-12-14,169.899994,172.300003,157.300003,157.800003,145.74588,28975793
2015-12-15,159.699997,171.300003,159.600006,166.199997,153.504211,25901498
2015-12-16,166.0,167.199997,164.899994,165.0,152.39588899999998,10011304
2015-12-17,173.100006,180.0,171.800003,171.800003,158.67643700000002,18517908
2015-12-18,170.800003,174.100006,170.800003,171.800003,158.67643700000002,16667899
2015-12-21,172.600006,176.899994,171.899994,172.600006,159.415329,7433193
2015-12-22,174.699997,176.699997,173.699997,174.300003,160.985474,4628025
2015-12-23,176.199997,179.399994,176.199997,179.100006,165.418808,5429682
2015-12-24,181.100006,183.600006,180.300003,181.699997,167.820175,1253557
2015-12-29,181.699997,183.600006,181.408997,183.0,169.020874,4599644
2015-12-30,182.399994,183.600006,180.899994,181.100006,167.266037,4604563
2015-12-31,177.800003,179.699997,177.179993,178.899994,165.23407,1279991
2016-01-04,178.899994,178.899994,166.800003,167.399994,154.612534,9229779
2016-01-05,168.600006,169.300003,164.0,167.800003,154.98199499999998,8160808
2016-01-06,165.899994,166.25,162.0,163.800003,151.287552,8901647
2016-01-07,157.5,159.100006,153.600006,157.699997,145.653519,12930631
2016-01-08,158.800003,161.600006,155.899994,155.899994,143.990997,10209024
2016-01-11,154.100006,159.490005,150.399994,155.600006,143.713928,13331869
2016-01-12,154.899994,162.199997,153.5,159.5,147.31601,9433061
2016-01-13,161.0,164.5,159.759995,161.199997,148.886169,10142940
2016-01-14,158.600006,160.399994,154.972,158.899994,146.761841,8700660
2016-01-15,157.5,158.199997,149.899994,151.699997,140.11184699999998,12865079
2016-01-18,151.100006,156.5,151.100006,151.800003,140.204208,9135993
2016-01-19,156.100006,161.399994,153.23100300000002,157.600006,145.561142,8263162
2016-01-20,153.800003,154.0,148.07200600000002,149.399994,137.987549,10165569
2016-01-21,151.0,155.899994,148.899994,154.199997,142.42086799999998,13887779
2016-01-22,158.800003,159.5,156.100006,156.399994,144.45282,8973884
2016-01-25,159.0,159.899994,154.100006,154.699997,142.882675,8884056
2016-01-26,151.899994,156.800003,149.884003,156.199997,144.268082,9455299
2016-01-27,156.800003,159.699997,155.699997,159.699997,147.50071699999998,8554994
2016-01-28,159.600006,164.5,159.600006,161.399994,149.070862,12908541
2016-01-29,164.5,169.699997,163.800003,169.699997,156.73684699999998,14470016
2016-02-01,171.300003,171.600006,164.399994,167.0,154.243103,10602435
2016-02-02,165.800003,166.100006,157.100006,157.5,145.468781,9970041
2016-02-03,156.5,158.5,151.300003,152.300003,140.666031,10925344
2016-02-04,157.399994,164.300003,156.699997,162.0,149.625046,15323617
2016-02-05,161.5,164.5,160.100006,161.300003,148.97851599999998,8777690
2016-02-08,160.800003,163.600006,154.96400500000001,156.100006,144.175751,10224753
2016-02-09,157.100006,159.699997,153.100006,154.0,142.23616,12479650
2016-02-10,156.699997,162.100006,155.199997,157.5,145.468781,12427740
2016-02-11,155.800003,156.173996,149.800003,151.399994,139.834778,12764681
2016-02-12,154.600006,160.100006,154.600006,160.100006,147.870193,11274243
2016-02-15,163.800003,168.300003,163.699997,165.800003,153.134781,10771938
2016-02-16,168.300003,169.399994,163.5,166.5,153.781296,11325041
2016-02-17,165.399994,174.399994,163.899994,174.399994,161.07783500000002,17664104
2016-02-18,176.399994,177.699997,173.600006,174.600006,161.262543,14571329
2016-02-19,173.800003,176.100006,169.800003,171.399994,158.30699199999998,9108342
2016-02-22,172.399994,177.0,171.800003,177.199997,163.66394,7153395
2016-02-23,174.5,176.100006,172.199997,172.800003,159.60003700000001,7411592
2016-02-24,171.800003,171.800003,164.199997,165.600006,152.950043,10147476
2016-02-25,167.0,168.832001,165.300003,168.5,155.628525,10523166
2016-02-26,170.0,171.300003,168.199997,168.899994,155.99795500000002,11606822
2016-02-29,165.600006,170.300003,164.699997,170.300003,157.29101599999998,9247180
2016-03-01,169.5,175.5,169.399994,175.5,162.093796,9433122
2016-03-02,178.600006,179.699997,175.5,178.300003,164.679916,9123972
2016-03-03,178.0,180.100006,176.399994,178.600006,164.957001,7272504
2016-03-04,178.5,180.0,176.600006,179.699997,165.972961,8049223
2016-03-07,198.800003,200.5,190.686996,192.100006,177.425751,28167070
2016-03-08,190.5,193.5,189.0,191.399994,176.779221,13403772
2016-03-09,191.600006,193.531998,190.800003,191.5,176.87158200000002,10089360
2016-03-10,193.199997,196.389999,185.300003,185.300003,171.14518700000002,17047652
2016-03-11,191.300003,191.5,175.5,182.0,168.097275,29727743
2016-03-14,184.899994,190.5,184.100006,189.0,174.562546,20921511
2016-03-15,188.399994,190.899994,187.399994,188.800003,174.377838,18806437
2016-03-16,190.5,191.71499599999999,187.600006,190.899994,176.317413,9640753
2016-03-17,193.5,198.5,192.699997,196.300003,181.304932,16794700
2016-03-18,197.899994,198.600006,195.199997,196.600006,181.58201599999998,18603012
2016-03-21,195.300003,195.899994,192.451996,193.100006,178.34935,6395538
2016-03-22,193.100006,197.5,191.199997,196.800003,181.766724,10466004
2016-03-23,196.300003,197.300003,194.0,195.600006,180.658386,9447102
2016-03-24,193.600006,195.199997,191.0,191.899994,177.24101299999998,8901043
2016-03-29,191.899994,196.699997,189.899994,191.199997,176.594498,9281050
2016-03-30,193.5,197.300003,193.5,196.699997,181.674362,11874226
2016-03-31,192.0,195.899994,187.862,193.100006,184.202255,13216981
2016-04-01,190.600006,198.75,189.800003,191.399994,182.580582,12392448
2016-04-04,190.300003,193.899994,190.300003,191.899994,183.057541,6670358
2016-04-05,189.899994,191.570007,185.600006,186.5,177.906357,10716330
2016-04-06,186.699997,188.136993,183.600006,186.899994,178.287918,8970627
2016-04-07,187.600006,187.891998,181.5,183.0,174.567642,8168813
2016-04-08,182.899994,185.899994,182.899994,184.800003,176.284698,10251586
2016-04-11,184.399994,187.699997,183.600006,186.0,177.42941299999998,6790543
2016-04-12,186.600006,189.399994,185.600006,189.399994,180.672745,7064772
2016-04-13,191.899994,195.899994,190.0,195.899994,186.87323,7654648
2016-04-14,196.600006,198.024994,195.100006,196.300003,187.254807,6126748
2016-04-15,195.800003,195.800003,192.699997,192.699997,183.820694,8509922
2016-04-18,190.0,194.600006,188.399994,194.199997,185.251572,6058369
2016-04-19,194.600006,197.899994,194.600006,196.199997,187.159409,7060280
2016-04-20,196.0,197.800003,193.800003,197.699997,188.590271,8717031
2016-04-21,198.0,199.87600700000002,197.5,198.699997,189.544205,8764826
2016-04-22,197.0,198.399994,192.600006,193.199997,184.29763799999998,6998087
2016-04-25,192.600006,193.899994,189.699997,190.600006,181.817459,5937364
2016-04-26,191.0,191.199997,189.100006,189.100006,180.386581,4806479
2016-04-27,188.399994,190.0,186.300003,187.399994,178.764893,6018996
2016-04-28,185.199997,188.399994,183.899994,188.100006,179.432663,12305301
2016-04-29,186.100006,188.5,185.5,185.5,176.952438,11196399
2016-05-03,185.5,186.5,177.699997,178.100006,169.89343300000002,8489975
2016-05-04,176.300003,177.649994,174.0,175.100006,167.031662,7429002
2016-05-05,175.5,177.800003,173.600006,174.699997,166.65008500000002,8189282
2016-05-06,173.600006,175.300003,171.0,174.199997,166.173126,7233407
2016-05-09,175.600006,177.5,172.199997,172.699997,164.742249,7027335
2016-05-10,173.699997,174.899994,170.774994,172.300003,164.360687,7561350
2016-05-11,172.0,172.600006,170.0,172.0,164.074493,6278672
2016-05-12,170.300003,173.600006,168.600006,169.0,161.212738,8173289
2016-05-13,167.899994,169.100006,165.600006,169.100006,161.30813600000002,5660889
2016-05-16,167.399994,167.800003,165.23599199999998,167.600006,159.877258,6614140
2016-05-17,167.800003,169.199997,165.699997,166.899994,159.209503,6847878
2016-05-18,166.800003,169.0,165.5,169.0,161.212738,10070622
2016-05-19,167.399994,167.600006,163.899994,164.199997,156.633926,7202103
2016-05-20,165.699997,169.699997,165.699997,169.699997,161.880478,9915395
2016-05-23,169.899994,170.399994,167.0,167.300003,159.59108,5860692
2016-05-24,167.0,177.199997,166.800003,177.100006,168.939514,13513235
2016-05-25,178.600006,179.929001,177.300003,177.600006,169.41648899999998,9679662
2016-05-26,177.699997,179.100006,176.73199499999998,178.0,169.79805,8279676
2016-05-27,177.100006,178.100006,176.699997,178.0,169.79805,5071462
2016-05-31,178.0,178.600006,175.899994,178.100006,169.89343300000002,15413458
2016-06-01,177.300003,179.100006,176.0,178.100006,169.89343300000002,12797464
2016-06-02,179.199997,179.699997,176.300003,177.100006,168.939514,8502830
2016-06-03,178.199997,179.699997,176.5,178.199997,169.988815,8627201
2016-06-06,179.899994,186.300003,179.5,184.5,175.998535,13044752
2016-06-07,185.399994,187.800003,184.600006,184.600006,176.09393300000002,8537915
2016-06-08,182.899994,188.0,182.300003,187.699997,179.051086,10129716
2016-06-09,186.699997,187.199997,185.199997,186.5,177.906357,8778857
2016-06-10,186.100006,186.5,179.399994,179.399994,171.13353,12809404
2016-06-13,178.0,179.600006,176.300003,176.300003,168.176376,8929099
2016-06-14,174.899994,176.800003,171.800003,171.800003,163.883728,11218851
2016-06-15,173.199997,174.899994,171.0,172.600006,164.646866,7484030
2016-06-16,170.0,171.399994,168.300003,169.899994,162.071259,5887541
2016-06-17,171.699997,176.699997,171.0,175.899994,167.7948,15899786
2016-06-20,180.5,185.699997,179.899994,183.800003,175.33078,14595452
2016-06-21,183.5,188.300003,182.399994,187.800003,179.146469,6929910
2016-06-22,189.800003,195.600006,188.199997,193.399994,184.488419,8484551
2016-06-23,195.199997,197.300003,191.929993,196.0,186.96861299999998,16795484
2016-06-24,176.0,190.899994,174.300003,186.699997,178.097153,25617537
2016-06-27,184.300003,186.600006,177.0,178.100006,169.89343300000002,13961491
2016-06-28,182.899994,187.699997,182.5,184.199997,175.712357,14385368
2016-06-29,188.300003,192.199997,188.300003,192.199997,183.343735,18441556
2016-06-30,191.300003,200.300003,189.5,200.300003,191.070496,15210926
2016-07-01,202.699997,203.699997,195.0,202.199997,192.882919,13779957
2016-07-04,203.600006,203.600006,197.5,198.699997,189.544205,7035065
2016-07-05,197.199997,197.199997,192.800003,194.600006,185.63313300000002,11055655
2016-07-06,192.800003,195.199997,188.5,189.399994,180.672745,11656604
2016-07-07,191.800003,196.899994,191.100006,193.699997,184.77461200000002,7495725
2016-07-08,192.100006,196.399994,192.100006,195.899994,186.87323,6370019
2016-07-11,197.399994,202.0,197.399994,201.399994,192.119797,7617838
2016-07-12,200.699997,206.300003,199.800003,204.300003,194.886169,9084782
2016-07-13,203.600006,206.300003,180.699005,202.399994,193.07373,11194053
2016-07-14,204.399994,205.100006,199.300003,203.699997,194.313828,9288140
2016-07-15,204.300003,205.0,200.5,203.100006,193.74147,10343847
2016-07-18,203.100006,206.100006,202.399994,204.0,194.599991,6516494
2016-07-19,204.199997,204.399994,201.199997,202.300003,192.97833300000002,6113202
2016-07-20,204.100006,205.300003,201.600006,201.600006,192.31059299999998,9339532
2016-07-21,202.699997,205.199997,201.899994,203.399994,194.027649,8583927
2016-07-22,202.5,206.5,201.699997,204.199997,194.790771,6480786
2016-07-25,204.0,208.5,202.699997,205.300003,195.84008799999998,7858763
2016-07-26,206.300003,207.600006,205.5,205.699997,196.22164899999999,5917474
2016-07-27,206.699997,209.80000299999998,206.699997,208.199997,198.60647600000001,6272765
2016-07-28,208.899994,209.5,204.600006,205.800003,196.31706200000002,9151959
2016-07-29,207.300003,210.80000299999998,205.899994,210.600006,200.89588899999998,12633485
2016-08-01,211.899994,217.100006,208.520004,212.19999700000002,202.42215,10425053
2016-08-02,212.5,212.5,207.800003,208.800003,199.178818,8452463
2016-08-03,209.100006,209.699997,206.800003,208.0,198.415695,4684263
2016-08-04,208.100006,215.0,207.899994,215.0,205.093124,13269308
2016-08-05,214.600006,217.30000299999998,214.399994,217.19999700000002,207.191757,10013378
2016-08-08,216.899994,220.80000299999998,216.399994,218.80000299999998,208.71803300000002,6952927
2016-08-09,219.30000299999998,223.399994,218.80000299999998,222.80000299999998,212.533737,7298729
2016-08-10,221.19999700000002,225.606995,220.67500299999998,225.5,215.10929900000002,11791217
2016-08-11,215.19999700000002,219.30000299999998,211.399994,216.899994,206.90557900000002,27382666
2016-08-12,215.5,220.19999700000002,215.30000299999998,216.100006,206.142456,9910333
2016-08-15,217.399994,217.899994,215.80000299999998,217.0,207.000977,7430921
2016-08-16,214.0,217.899994,213.30000299999998,213.5,203.662262,9779390
2016-08-17,213.399994,213.899994,207.74899299999998,209.0,199.36961399999998,9732588
2016-08-18,210.69999700000002,211.356003,206.5,208.699997,199.08342,8604244
2016-08-19,207.600006,208.5,205.0,206.800003,197.270981,7736404
2016-08-22,207.199997,207.199997,202.899994,203.899994,194.50460800000002,6898298
2016-08-23,204.5,205.899994,202.800003,204.5,195.076965,13380060
2016-08-24,202.899994,202.899994,193.5,196.399994,187.350189,21684402
2016-08-25,196.399994,198.899994,194.899994,197.699997,188.590271,16387108
2016-08-26,198.699997,199.113998,196.5,197.600006,188.494904,9991036
2016-08-30,197.600006,197.600006,194.199997,195.199997,186.20549,13392148
2016-08-31,195.0,197.399994,193.600006,194.100006,185.156174,16081865
2016-09-01,194.600006,194.800003,189.699997,192.199997,183.343735,23200965
2016-09-02,193.399994,201.0,192.100006,200.0,190.784317,19414432
2016-09-05,200.899994,201.100006,197.300003,198.5,189.35343899999998,7202843
2016-09-06,198.800003,200.399994,198.100006,199.100006,189.925781,9203148
2016-09-07,199.899994,201.300003,198.199997,198.600006,189.448822,7977237
2016-09-08,197.699997,199.41499299999998,196.0,198.899994,189.735001,8642293
2016-09-09,197.899994,198.199997,193.800003,195.800003,186.777847,10554250
2016-09-12,191.899994,192.800003,189.800003,192.800003,183.916077,13613517
2016-09-13,193.300003,194.199997,190.699997,190.699997,181.91284199999998,10565606
2016-09-14,192.399994,192.600006,190.300003,190.300003,181.531281,9819831
2016-09-15,190.100006,191.300003,188.800003,190.300003,181.531281,13343767
2016-09-16,191.300003,192.0,189.0,190.300003,181.531281,24817463
2016-09-19,192.199997,193.899994,191.699997,193.899994,184.96537800000002,9384219
2016-09-20,194.0,196.600006,193.199997,194.5,185.537735,10199968
2016-09-21,195.800003,198.899994,194.300003,197.800003,188.685699,9379208
2016-09-22,196.899994,201.300003,196.899994,200.699997,194.071732,10989768
2016-09-23,199.899994,202.270004,199.300003,200.699997,194.071732,7582462
2016-09-26,199.800003,199.800003,196.100006,197.600006,191.074127,7217360
2016-09-27,198.800003,199.699997,195.199997,196.300003,189.817047,10436768
2016-09-28,197.0,201.0,197.0,199.800003,193.20146200000002,8553502
2016-09-29,200.699997,203.729996,200.699997,202.800003,196.10238600000002,10852076
2016-09-30,199.800003,202.699997,196.5,202.399994,195.715591,13446816
2016-10-03,202.5,205.199997,201.899994,203.699997,196.97264099999998,10194874
2016-10-04,204.100006,208.80200200000002,203.699997,206.899994,200.066971,17852189
2016-10-05,206.800003,207.800003,205.0,205.300003,198.519821,9223837
2016-10-06,206.300003,208.0,204.5,204.5,197.746231,8841743
2016-10-07,204.600006,208.199997,204.0,207.699997,200.840546,14406097
2016-10-10,208.800003,210.399994,207.475006,209.300003,202.38771100000002,9067891
2016-10-11,208.600006,209.600006,196.699997,197.699997,191.170807,22293962
2016-10-12,197.100006,198.300003,192.475006,194.699997,188.269882,17108277
2016-10-13,194.399994,194.5,190.100006,191.399994,185.078857,12664881
2016-10-14,190.699997,195.199997,190.699997,192.800003,186.432632,11282547
2016-10-17,192.300003,194.100006,190.600006,192.5,186.14253200000002,9822595
2016-10-18,192.899994,197.100006,192.899994,195.600006,189.140167,10758883
2016-10-19,196.899994,199.5,194.800003,198.399994,191.847672,9306184
2016-10-20,198.199997,199.0,197.300003,199.0,192.427872,5799907
2016-10-21,198.0,199.5,197.0,199.100006,192.524567,7280319
2016-10-24,199.199997,202.300003,199.0,199.199997,192.621262,8102839
2016-10-25,199.899994,202.300003,199.199997,201.199997,194.555222,5932548
2016-10-26,200.300003,201.100006,197.100006,200.399994,193.781631,6569417
2016-10-27,199.199997,201.100006,197.600006,200.199997,193.58824199999998,8677085
2016-10-28,199.0,199.699997,196.5,199.300003,192.717972,9382056
2016-10-31,198.5,203.699997,196.800003,201.5,194.845306,16528325
2016-11-01,201.899994,202.300003,198.199997,198.5,191.94438200000002,7570672
2016-11-02,197.0,199.300003,196.199997,197.300003,190.78401200000002,11575750
2016-11-03,195.600006,197.100006,193.199997,195.0,188.55998200000002,17996500
2016-11-04,192.699997,193.100006,187.100006,187.5,181.307678,14868394
2016-11-07,191.699997,193.600006,191.0,193.399994,187.01281699999998,8819546
2016-11-08,192.5,197.699997,192.5,197.699997,191.170807,11109718
2016-11-09,191.0,201.300003,190.307999,201.300003,194.65193200000002,13826551
2016-11-10,203.100006,205.899994,189.899994,191.800003,185.465668,25646017
2016-11-11,190.899994,191.5,183.899994,185.699997,179.56710800000002,21623335
2016-11-14,187.699997,188.0,183.5,186.800003,180.630798,15897160
2016-11-15,187.0,189.300003,186.399994,187.399994,181.21096799999998,14518772
2016-11-16,187.600006,189.100006,185.899994,186.899994,180.727478,9606960
2016-11-17,187.800003,189.899994,186.600006,188.800003,182.564743,10737791
2016-11-18,189.0,190.600006,186.300003,188.899994,182.66142299999998,10521040
2016-11-21,189.100006,191.199997,186.0,186.5,180.340698,6818459
2016-11-22,190.600006,192.699997,190.199997,192.0,185.65905800000002,8792774
2016-11-23,192.399994,195.100006,190.199997,191.199997,184.885483,11386320
2016-11-24,191.899994,192.199997,189.600006,191.399994,185.078857,5914322
2016-11-25,191.0,192.5,190.300003,190.800003,184.498688,5653000
2016-11-28,191.0,192.0,188.199997,189.399994,183.144928,10171463
2016-11-29,187.600006,189.600006,187.600006,189.5,183.241608,8308227
2016-11-30,189.899994,190.600006,188.199997,189.899994,183.628403,14206607
2016-12-01,188.399994,193.199997,183.0,185.600006,179.470428,10367978
2016-12-02,183.899994,185.100006,182.300003,184.899994,178.793533,8486905
2016-12-05,183.899994,187.899994,183.899994,187.5,181.307678,8363148
2016-12-06,187.199997,187.899994,185.800003,187.899994,181.694458,7647937
2016-12-07,188.100006,195.600006,187.800003,195.600006,189.140167,11393339
2016-12-08,194.600006,196.399994,193.699997,196.0,189.526947,9183604
2016-12-09,196.800003,198.5,195.600006,197.600006,191.074127,8246938
2016-12-12,196.600006,197.199997,190.600006,190.800003,184.498688,9662776
2016-12-13,192.399994,194.699997,191.01400800000002,194.699997,188.269882,10235760
2016-12-14,193.800003,195.600006,192.899994,193.300003,186.916122,12888407
2016-12-15,191.0,192.21899399999998,187.699997,192.199997,185.852448,10801846
2016-12-16,192.100006,199.259995,192.100006,199.199997,192.621262,14264695
2016-12-19,198.899994,198.899994,196.199997,197.100006,190.59063700000002,9742969
2016-12-20,197.399994,199.759995,196.0,199.699997,193.104752,8882644
2016-12-21,199.300003,200.5,197.761993,199.899994,193.298141,6299439
2016-12-22,200.100006,200.559998,198.5,200.5,193.878342,6010523
2016-12-23,198.5,200.199997,198.100006,198.899994,192.331177,3420351
2016-12-28,198.899994,201.899994,198.899994,201.899994,195.232101,5928043
2016-12-29,200.699997,204.699997,200.699997,204.699997,197.939621,4875161
2016-12-30,205.399994,207.300003,203.100006,207.300003,200.453751,4541520
2017-01-03,207.300003,208.0,205.399994,206.800003,199.970276,8895549
2017-01-04,206.600006,209.5,205.699997,209.5,202.58111599999998,6434568
2017-01-05,209.199997,210.5,205.800003,207.100006,200.260376,9602312
2017-01-06,206.0,208.199997,205.100006,208.100006,201.227341,4900483
2017-01-09,209.300003,210.0,206.300003,208.199997,201.324036,5026616
2017-01-10,207.800003,209.899994,206.800003,209.100006,202.194321,7373687
2017-01-11,208.699997,212.5,207.899994,211.899994,204.90184,7600305
2017-01-12,212.30000299999998,213.899994,210.600006,211.399994,204.418335,8791481
2017-01-13,212.30000299999998,214.600006,211.80000299999998,212.5,205.48203999999998,8350891
2017-01-16,212.899994,214.19999700000002,210.399994,210.399994,203.45137,11453076
2017-01-17,210.399994,213.30000299999998,209.699997,211.80000299999998,204.80514499999998,9493006
2017-01-18,212.399994,212.600006,208.399994,209.899994,202.967896,8656046
2017-01-19,210.30000299999998,210.899994,208.100006,209.300003,202.38771100000002,7688286
2017-01-20,209.300003,211.100006,208.199997,208.399994,201.517441,8951198
2017-01-23,208.100006,209.399994,206.600006,208.600006,201.710831,7027849
2017-01-24,209.300003,212.0,207.5,210.399994,203.45137,8571641
2017-01-25,212.5,214.5,211.899994,212.30000299999998,205.288635,6882098
2017-01-26,212.600006,214.19999700000002,211.0,211.80000299999998,204.80514499999998,7562526
2017-01-27,215.0,215.600006,210.399994,213.19999700000002,206.158905,8325680
2017-01-30,210.0,210.0,205.0,205.899994,199.099991,13850328
2017-01-31,206.800003,212.19999700000002,206.800003,207.699997,200.840546,10304531
2017-02-01,209.5,210.5,207.199997,207.5,200.647156,5356787
2017-02-02,206.899994,208.600006,205.100006,206.899994,200.066971,5558892
2017-02-03,206.399994,209.80000299999998,206.100006,209.0,202.09761,7856777
2017-02-06,208.899994,210.0,207.0,207.199997,200.357071,3946768
2017-02-07,207.5,209.199997,205.800003,207.899994,201.033936,7098445
2017-02-08,207.199997,207.300003,204.899994,206.5,199.68019099999998,7599665
2017-02-09,206.600006,207.699997,204.5,207.5,200.647156,7320637
2017-02-10,208.699997,211.899994,208.699997,211.19999700000002,204.22496,9605528
2017-02-13,212.30000299999998,214.19999700000002,212.30000299999998,212.899994,205.868805,7017226
2017-02-14,213.19999700000002,216.600006,212.600006,213.69999700000002,206.642395,7528569
2017-02-15,215.0,217.30000299999998,215.0,216.80000299999998,209.64001499999998,6066739
2017-02-16,216.0,218.899994,215.30000299999998,217.5,210.31689500000002,6816228
2017-02-17,217.5,218.399994,214.5,216.100006,208.96313500000002,8048725
2017-02-20,215.80000299999998,217.600006,215.600006,216.5,209.34993,4999326
2017-02-21,217.0,219.19999700000002,215.19999700000002,218.100006,210.897079,6456256
2017-02-22,218.100006,218.201004,214.100006,216.30000299999998,209.156525,8463040
2017-02-23,217.19999700000002,221.30000299999998,217.19999700000002,219.0,211.76736499999998,6707385
2017-02-24,218.5,221.399994,216.69999700000002,218.69999700000002,211.47726400000002,8594445
2017-02-27,219.100006,220.600006,218.19999700000002,219.69999700000002,212.444229,6389090
2017-02-28,218.80000299999998,219.0,216.0,218.100006,210.897079,9652589
2017-03-01,215.5,219.69999700000002,214.100006,219.0,211.76736499999998,9961554
2017-03-02,218.100006,221.69999700000002,218.100006,221.600006,214.28149399999998,8798238
2017-03-03,220.19999700000002,226.600006,219.69999700000002,225.600006,218.149384,15152526
2017-03-06,225.899994,226.69999700000002,224.19999700000002,225.80000299999998,218.342789,8392152
2017-03-07,226.0,228.30000299999998,225.600006,227.19999700000002,219.696548,10353923
2017-03-08,226.80000299999998,229.843002,226.100006,229.100006,221.533798,12840364
2017-03-09,228.0,229.30000299999998,217.80000299999998,224.899994,217.47250400000001,16715381
2017-03-10,225.0,226.80000299999998,223.22099300000002,223.80000299999998,216.408829,16469476
2017-03-13,223.399994,226.899994,222.80000299999998,226.399994,218.922958,10381865
2017-03-14,227.80000299999998,228.100006,224.69999700000002,225.5,218.052704,10688036
2017-03-15,224.100006,225.19999700000002,222.5,222.80000299999998,215.441864,9716112
2017-03-16,226.399994,227.100006,224.5,226.69999700000002,219.21305800000002,10428356
2017-03-17,227.0,228.100006,221.26499900000002,221.30000299999998,213.99140899999998,19396830
2017-03-20,222.5,225.5,222.19999700000002,224.899994,217.47250400000001,5950699
2017-03-21,226.19999700000002,227.80000299999998,224.399994,224.399994,216.98901400000003,5256334
2017-03-22,223.0,223.0,219.899994,221.69999700000002,214.37818900000002,10022891
2017-03-23,222.5,224.19999700000002,221.80000299999998,223.0,215.635254,5819125
2017-03-24,223.80000299999998,223.80000299999998,222.0,222.5,215.151779,4335393
2017-03-27,223.69999700000002,223.69999700000002,216.100006,218.0,210.800385,8526822
2017-03-28,218.600006,218.600006,213.399994,218.19999700000002,210.99377400000003,10880876
2017-03-29,218.899994,219.600006,214.19999700000002,219.600006,212.34754900000001,16840885
2017-03-30,216.30000299999998,218.03900099999998,215.0,216.899994,213.025223,18198892
2017-03-31,212.80000299999998,213.30000299999998,197.699997,200.600006,197.016418,39762293
2017-04-03,201.300003,201.869003,197.100006,198.5,194.953934,21275089
2017-04-04,195.0,199.0,191.899994,198.699997,195.150345,18906495
2017-04-05,196.899994,197.699997,189.899994,190.0,186.605774,18769970
2017-04-06,188.100006,189.955994,184.199997,189.899994,186.507553,19013688
2017-04-07,191.300003,191.899994,188.800003,191.899994,188.471832,12022267
2017-04-10,191.199997,191.800003,188.300003,189.699997,186.311127,10990483
2017-04-11,190.199997,192.600006,190.0,191.5,188.078979,11653613
2017-04-12,192.600006,195.0,191.800003,192.600006,189.159332,12330290
2017-04-13,192.100006,196.199997,190.800003,194.899994,191.418228,17630340
2017-04-18,194.899994,196.899994,189.300003,189.300003,185.918289,12231976
2017-04-19,190.0,194.0,189.899994,192.300003,188.864685,13801738
2017-04-20,191.800003,193.688004,191.199997,192.199997,188.76646399999998,10795530
2017-04-21,192.0,194.0,191.399994,191.399994,187.980759,8395792
2017-04-24,190.600006,201.800003,189.5,200.399994,196.819977,11781539
2017-04-25,200.600006,202.041,198.600006,198.899994,195.346771,7289835
2017-04-26,195.800003,199.5,195.800003,198.699997,195.150345,6629374
2017-04-27,197.399994,198.39399699999998,195.5,195.5,192.007523,5767079
2017-04-28,196.300003,197.0,194.0,194.0,190.534317,7259217
2017-05-02,192.899994,195.899994,191.399994,194.699997,191.221802,7204561
2017-05-03,193.5,195.199997,192.300003,193.699997,190.23967,6072505
2017-05-04,194.199997,194.199997,188.76400800000002,190.399994,186.998627,10263068
2017-05-05,190.100006,192.100006,187.899994,192.100006,188.668259,11111187
2017-05-08,190.899994,193.14300500000002,190.899994,191.600006,188.1772,6443831
2017-05-09,191.899994,194.0,190.0,194.0,190.534317,9644594
2017-05-10,193.0,194.800003,191.199997,194.600006,191.123611,7865796
2017-05-11,194.800003,195.600006,192.399994,195.600006,192.105743,10802730
2017-05-12,195.0,195.600006,194.5,194.699997,191.221802,5786868
2017-05-15,194.800003,196.5,194.800003,196.5,192.989655,10972070
2017-05-16,195.800003,197.899994,195.800003,196.800003,193.284302,5324743
2017-05-17,195.899994,197.5,194.199997,196.100006,192.596802,5802849
2017-05-18,196.0,196.0,190.751999,191.899994,188.471832,8158328
2017-05-19,193.899994,194.0,190.473999,191.0,187.587906,7392178
2017-05-22,191.300003,192.5,189.399994,190.399994,186.998627,7612242
2017-05-23,190.100006,193.600006,189.699997,192.800003,189.355759,14251934
2017-05-24,193.600006,195.899994,192.800003,195.100006,191.61467,13227466
2017-05-25,200.0,200.0,193.899994,195.199997,191.712875,6205662
2017-05-26,195.100006,197.100006,194.100006,196.600006,193.087875,6922516
2017-05-30,196.600006,196.600006,191.300003,191.300003,187.882553,10267801
2017-05-31,191.300003,193.899994,187.774002,188.199997,184.837921,20266472
2017-06-01,188.699997,190.699997,188.0,190.699997,187.293259,10251633
2017-06-02,192.699997,197.300003,191.300003,197.0,193.480728,14219357
2017-06-05,197.100006,202.899994,197.0,201.5,197.90033,22669641
2017-06-06,200.899994,201.0,194.699997,197.699997,194.16821299999998,16125881
2017-06-07,196.5,198.699997,195.899994,197.800003,194.266434,10025472
2017-06-08,198.600006,198.899994,195.5,196.0,192.498581,8803773
2017-06-09,195.0,198.100006,194.300003,197.199997,193.677155,7340259
2017-06-12,196.100006,198.699997,194.5,197.899994,194.36463899999998,6225510
2017-06-13,198.699997,199.778,197.199997,199.199997,195.641418,9856392
2017-06-14,200.699997,206.225998,199.800003,204.699997,201.04316699999998,16047797
2017-06-15,204.399994,204.626999,199.5,201.199997,197.605698,12508766
2017-06-16,201.399994,202.800003,200.300003,201.899994,198.293182,21096705
2017-06-19,203.5,203.626999,198.5,201.300003,197.703903,856327
2017-06-20,201.300003,202.0,198.5,198.5,194.953934,455783
2017-06-21,198.0,199.300003,196.350998,196.399994,192.891434,811575
2017-06-22,196.800003,196.600006,193.199997,194.199997,190.730743,2082214
2017-06-23,193.899994,199.12600700000002,193.600006,198.399994,194.85571299999998,246905
2017-06-26,199.0,200.0,198.300003,199.050003,195.49411,697635
2017-06-27,198.0,198.5,196.100006,197.199997,193.677155,60404
2017-06-28,196.800003,198.0,195.0,197.100006,193.578949,280302
2017-06-29,197.800003,199.100006,195.0,195.899994,192.400375,238586
2017-06-30,195.699997,196.699997,192.5,193.399994,189.945023,683316
2017-07-03,193.199997,194.5,191.800003,194.399994,190.92717,9651856
2017-07-04,193.600006,196.300003,193.5,195.199997,191.712875,5963967
2017-07-05,195.399994,196.699997,190.5,191.800003,188.373627,8980568
2017-07-06,191.600006,192.600006,190.399994,191.600006,188.1772,11940424
2017-07-07,191.800003,191.800003,187.199997,191.699997,188.275406,9173230
2017-07-10,192.300003,192.5,189.399994,191.399994,187.980759,6960436
2017-07-11,191.699997,191.699997,188.300003,189.300003,185.918289,7585151
2017-07-12,189.399994,193.0,189.199997,192.800003,189.355759,8041303
2017-07-13,193.399994,195.800003,192.899994,194.199997,190.730743,9082259
2017-07-14,194.600006,196.199997,193.399994,194.0,190.534317,8392918
2017-07-17,193.899994,198.199997,193.899994,197.399994,193.87356599999998,7376729
2017-07-18,199.0,199.0,194.300003,195.199997,191.712875,8820113
2017-07-19,195.899994,199.699997,194.600006,198.199997,194.659286,9442795
2017-07-20,197.899994,201.300003,197.899994,200.899994,197.31105,8110851
2017-07-21,200.600006,202.0,199.100006,199.699997,196.13249199999998,7958458
2017-07-24,193.899994,199.600006,193.899994,195.0,191.516449,13541021
2017-07-25,193.300003,197.800003,193.300003,194.100006,190.63253799999998,8127877
2017-07-26,194.0,197.899994,193.300003,197.300003,193.77536,8611510
2017-07-27,196.899994,199.0,196.199997,196.899994,193.382507,7370441
2017-07-28,196.0,197.399994,194.199997,194.800003,191.320023,11838723
2017-07-31,194.899994,197.300003,194.600006,196.5,192.989655,16972762
2017-08-01,195.800003,198.0,194.699997,197.399994,193.87356599999998,7750791
2017-08-02,198.300003,203.199997,196.800003,203.0,199.373535,12158019
2017-08-03,203.399994,205.199997,202.0,205.0,201.33781399999998,10928706
2017-08-04,204.5,206.399994,204.0,204.800003,201.14138799999998,6595745
2017-08-07,205.399994,207.800003,203.399994,206.600006,202.909225,7300308
2017-08-08,206.699997,207.699997,205.690002,206.399994,202.712799,4929595
2017-08-09,204.399994,205.0,202.699997,204.0,200.35566699999998,5843461
2017-08-10,203.100006,204.300003,200.800003,201.5,197.90033,7316025
2017-08-11,201.800003,208.0,195.100006,195.300003,191.811096,10615332
2017-08-14,196.399994,198.899994,196.0,197.5,193.971786,8395458
2017-08-15,198.899994,202.899994,198.300003,202.0,198.391403,9814142
2017-08-16,203.399994,210.69999700000002,203.399994,208.699997,204.97171,12502614
2017-08-17,208.399994,209.699997,205.600006,206.300003,202.61459399999998,7449432
2017-08-18,203.800003,204.699997,202.600006,203.699997,200.061035,8479715
2017-08-21,203.699997,204.600006,203.0,203.399994,199.76638799999998,5674760
2017-08-22,205.399994,207.0,204.899994,206.100006,202.41816699999998,6406178
2017-08-23,205.899994,207.699997,205.199997,205.899994,202.221725,6337198
2017-08-24,206.399994,209.600006,206.300003,207.600006,203.891373,7916895
2017-08-25,207.800003,212.0,207.800003,210.100006,206.34671,8144152
2017-08-29,210.100006,210.30000299999998,205.899994,208.5,204.775284,7860724
2017-08-30,209.80000299999998,210.5,205.899994,205.899994,202.221725,6780111
2017-08-31,206.600006,208.100006,206.399994,207.5,203.793152,6823324
2017-09-01,208.0,209.0,206.699997,207.899994,204.18598899999998,5750287
2017-09-04,206.800003,208.5,205.199997,205.399994,201.730652,5663283
2017-09-05,205.600006,206.899994,204.5,204.5,200.84674099999998,6065233
2017-09-06,203.699997,203.699997,201.0,201.100006,197.50749199999998,8908906
2017-09-07,201.800003,202.199997,199.699997,200.100006,196.525345,8884310
2017-09-08,199.300003,200.600006,198.699997,200.399994,196.819977,4947649
2017-09-11,201.699997,203.800003,199.399994,200.100006,196.525345,8247399
2017-09-12,201.600006,202.600006,200.100006,200.600006,197.016418,8036422
2017-09-13,200.800003,200.800003,198.5,198.699997,195.150345,9656538
2017-09-14,199.800003,199.800003,196.0,197.5,193.971786,9957866
2017-09-15,197.600006,197.600006,193.600006,193.699997,190.23967,13993661
2017-09-18,195.300003,197.300003,194.800003,196.5,192.989655,7532570
2017-09-19,196.100006,196.899994,195.199997,196.5,192.989655,5979410
2017-09-20,197.100006,199.699997,196.100006,197.600006,194.070007,9686341
2017-09-21,194.100006,195.699997,192.899994,193.100006,193.100006,9128389
2017-09-22,193.199997,195.5,192.199997,195.199997,195.199997,6812277
2017-09-25,194.699997,194.699997,192.66000400000001,192.800003,192.800003,3629340
2017-09-26,192.600006,193.804993,191.100006,191.600006,191.600006,7844848
2017-09-27,191.899994,193.5,191.100006,192.0,192.0,7436372
2017-09-28,191.899994,192.100006,189.5,191.0,191.0,12808111
2017-09-29,191.800003,194.389999,190.699997,194.199997,194.199997,8409226
2017-10-02,193.899994,194.399994,192.899994,193.100006,193.100006,14224764
2017-10-03,192.5,194.0,192.059998,193.199997,193.199997,6551114
2017-10-04,193.0,194.300003,191.300003,192.5,192.5,6747822
2017-10-05,192.399994,193.899994,192.320999,193.399994,193.399994,5915880
2017-10-06,194.699997,199.139999,193.39399699999998,196.199997,196.199997,9008644
2017-10-09,195.399994,196.199997,194.600006,194.899994,194.899994,11885227
2017-10-10,195.0,195.899994,194.199997,194.800003,194.800003,5833886
2017-10-11,195.800003,197.300003,194.800003,196.300003,196.300003,8222298
2017-10-12,196.199997,200.100006,196.199997,199.600006,199.600006,7324203
2017-10-13,198.600006,202.100006,197.899994,200.899994,200.899994,8599718
2017-10-16,200.399994,202.300003,200.399994,200.899994,200.899994,8388953
2017-10-17,201.100006,201.699997,198.199997,198.199997,198.199997,6598542
2017-10-18,199.5,200.0,198.100006,198.699997,198.699997,5497763
2017-10-19,198.800003,198.899994,196.100006,196.699997,196.699997,11364539
2017-10-20,197.199997,198.0,196.699997,197.199997,197.199997,5519012
2017-10-23,196.0,196.899994,194.899994,195.300003,195.300003,3828189
2017-10-24,194.5,195.100006,193.899994,194.899994,194.899994,6114533
2017-10-25,195.100006,195.600006,189.869995,190.399994,190.399994,7936683
2017-10-26,190.399994,191.199997,185.5,188.100006,188.100006,13375032
2017-10-27,189.300003,189.600006,186.899994,188.5,188.5,8915784
2017-10-30,188.699997,188.699997,186.800003,188.0,188.0,7226297
2017-10-31,188.600006,191.199997,187.0,191.0,191.0,11404243
2017-11-01,191.399994,193.699997,191.0,191.600006,191.600006,13625557
2017-11-02,192.800003,196.5,191.5,194.899994,194.899994,12482388
2017-11-03,195.5,196.199997,193.100006,193.399994,193.399994,7408911
2017-11-06,192.600006,194.300003,192.0,192.899994,192.899994,7740764
2017-11-07,193.600006,193.600006,189.600006,190.0,190.0,11146647
2017-11-08,190.899994,192.399994,190.300003,191.199997,191.199997,10781362
2017-11-09,192.0,194.0,190.899994,191.800003,191.800003,8747578
2017-11-10,191.399994,192.0,189.399994,190.300003,190.300003,8688958
2017-11-13,191.199997,191.800003,189.100006,189.800003,189.800003,6827032
2017-11-14,189.899994,190.5,188.800003,188.899994,188.899994,6481674
2017-11-15,188.600006,189.5,187.600006,188.699997,188.699997,8726531
2017-11-16,189.699997,190.199997,187.600006,188.800003,188.800003,8391583
2017-11-17,188.5,191.949997,187.399994,190.699997,190.699997,8594479
2017-11-20,189.699997,191.0,189.199997,190.899994,190.899994,4391408
2017-11-21,190.399994,192.800003,189.199997,191.0,191.0,6209743
2017-11-22,191.0,199.199997,191.0,195.600006,195.600006,16418042
2017-11-23,195.600006,196.100006,194.100006,194.300003,194.300003,5308321
2017-11-24,193.800003,195.100006,192.399994,192.600006,192.600006,4712212
2017-11-27,192.100006,196.5,191.0,195.199997,195.199997,10891866
2017-11-28,195.600006,200.100006,194.399994,200.0,200.0,11247727
2017-11-29,199.600006,201.199997,198.300003,200.5,200.5,12517677
2017-11-30,199.600006,200.800003,196.399994,197.300003,197.300003,19057849
2017-12-01,196.5,197.199997,194.600006,194.899994,194.899994,9675057
2017-12-04,196.300003,197.300003,195.399994,195.800003,195.800003,5578414
2017-12-05,197.100006,199.199997,196.699997,197.800003,197.800003,12056625
2017-12-06,197.5,199.800003,197.300003,199.199997,199.199997,9116055
2017-12-07,199.699997,200.300003,197.399994,197.600006,197.600006,6703243
2017-12-08,197.100006,199.600006,195.699997,198.699997,198.699997,8516707
2017-12-11,199.5,200.800003,199.199997,200.300003,200.300003,8711403
2017-12-12,200.5,201.300003,198.800003,199.800003,199.800003,8164549
2017-12-13,200.300003,202.300003,200.0,201.600006,201.600006,9762884
2017-12-14,202.0,203.899994,201.5,201.600006,201.600006,7738676
2017-12-15,201.5,203.5,198.899994,203.399994,203.399994,13442294
2017-12-18,204.100006,215.399994,203.899994,213.100006,213.100006,22736036
2017-12-19,217.0,224.0,217.0,218.80000299999998,218.80000299999998,33246417
2017-12-20,219.600006,223.0,219.399994,221.30000299999998,221.30000299999998,13668320
2017-12-21,221.399994,226.19999700000002,219.899994,224.100006,224.100006,16695959
2017-12-22,223.80000299999998,225.399994,221.19999700000002,222.30000299999998,222.30000299999998,5207847
2017-12-27,222.30000299999998,229.399994,221.399994,227.80000299999998,227.80000299999998,10136205
2017-12-28,229.30000299999998,230.5,224.5,224.899994,224.899994,8481058
2017-12-29,226.19999700000002,231.69999700000002,226.0,231.69999700000002,231.69999700000002,6555100
2018-01-02,231.69999700000002,232.30000299999998,226.899994,228.80000299999998,228.80000299999998,12614166
2018-01-03,227.19999700000002,227.5,225.0,226.399994,226.399994,10252902
2018-01-04,226.899994,228.0,224.399994,225.399994,225.399994,10148241
2018-01-05,225.19999700000002,226.69999700000002,224.19999700000002,225.5,225.5,7487079
2018-01-08,225.69999700000002,226.19999700000002,224.600006,225.19999700000002,225.19999700000002,7711925
2018-01-09,225.5,228.19999700000002,224.899994,227.19999700000002,227.19999700000002,12159924
2018-01-10,226.0,226.80000299999998,224.0,226.0,226.0,11875269
2018-01-11,226.0,227.69999700000002,222.69999700000002,225.30000299999998,225.30000299999998,14533399
2018-01-12,225.5,229.0,225.5,228.80000299999998,228.80000299999998,23550242
2018-01-15,229.69999700000002,231.30000299999998,228.19999700000002,229.80000299999998,229.80000299999998,6175150
2018-01-16,230.399994,234.399994,229.80000299999998,233.69999700000002,233.69999700000002,9979566
2018-01-17,235.0,235.600006,232.600006,234.80000299999998,234.80000299999998,13976955
2018-01-18,234.399994,236.5,232.399994,236.5,236.5,23992552
2018-01-19,236.100006,237.5,234.399994,237.5,237.5,9863574
2018-01-22,237.19999700000002,239.19999700000002,235.69999700000002,236.5,236.5,9191789
2018-01-23,238.0,242.0,236.30000299999998,237.100006,237.100006,19098205
2018-01-24,238.0,241.80000299999998,238.0,238.899994,238.899994,13790211
2018-01-25,239.100006,241.80000299999998,238.0,240.399994,240.399994,16985760
2018-01-26,240.399994,242.0,239.100006,240.30000299999998,240.30000299999998,10330923
2018-01-29,240.0,240.69999700000002,235.69999700000002,236.399994,236.399994,12037466
2018-01-30,234.5,236.30000299999998,231.899994,232.899994,232.899994,16271198
2018-01-31,233.80000299999998,234.80000299999998,232.0,233.80000299999998,233.80000299999998,11106263
2018-02-01,234.600006,237.0,234.600006,236.80000299999998,236.80000299999998,9317556
2018-02-02,236.100006,236.19999700000002,231.0,234.0,234.0,12820727
2018-02-05,231.30000299999998,231.30000299999998,226.30000299999998,227.899994,227.899994,11757461
2018-02-06,219.899994,226.80000299999998,218.80000299999998,222.69999700000002,222.69999700000002,31580161
2018-02-07,226.0,236.399994,224.600006,234.80000299999998,234.80000299999998,17834889
2018-02-08,232.899994,236.19999700000002,229.5,229.69999700000002,229.69999700000002,13716860
2018-02-09,229.100006,229.399994,225.30000299999998,226.600006,226.600006,12571416
2018-02-12,229.899994,234.0,228.600006,232.30000299999998,232.30000299999998,13115622
2018-02-13,232.600006,236.19999700000002,232.19999700000002,232.399994,232.399994,13113873
2018-02-14,234.69999700000002,240.899994,234.69999700000002,239.399994,239.399994,31078706
2018-02-15,244.100006,251.69999700000002,244.100006,246.69999700000002,246.69999700000002,20673287
2018-02-16,248.30000299999998,249.100006,243.19999700000002,246.399994,246.399994,12151780
2018-02-19,246.100006,249.5,246.0,247.5,247.5,8353422
2018-02-20,248.399994,248.80000299999998,246.69999700000002,248.80000299999998,248.80000299999998,7130608
2018-02-21,248.5,253.399994,246.19999700000002,252.69999700000002,252.69999700000002,11407232
2018-02-22,251.899994,253.5,250.0,252.5,252.5,10955646
2018-02-23,253.0,256.5,251.399994,254.100006,254.100006,14162323
2018-02-26,255.600006,257.799988,254.19999700000002,254.80000299999998,254.80000299999998,11817281
2018-02-27,256.899994,258.5,256.0,257.799988,257.799988,12271033
2018-02-28,255.5,258.0,255.30000299999998,255.30000299999998,255.30000299999998,11921917
2018-03-01,255.19999700000002,256.200012,253.5,254.80000299999998,254.80000299999998,12540343
2018-03-02,251.899994,253.30000299999998,246.0,246.0,246.0,14949746
2018-03-05,246.0,250.19999700000002,245.5,249.19999700000002,249.19999700000002,13250201
2018-03-06,252.0,256.600006,252.0,253.0,253.0,11996786
2018-03-07,252.600006,254.5,251.30000299999998,254.0,254.0,11278019
2018-03-08,254.0,255.19999700000002,251.899994,254.0,254.0,6326876
2018-03-09,254.5,257.0,253.899994,256.5,256.5,9303180
