Date,Open,High,Low,Close,Adj Close,Volume
2015-01-02,1582.0,1587.0,1551.0,1565.0,1334.315308,495200
2015-01-05,1560.0,1595.0,1549.0,1553.0,1324.0842289999998,692066
2015-01-06,1554.0,1564.0,1519.719971,1528.0,1302.7692869999998,1193337
2015-01-07,1544.0,1549.0,1529.0,1541.0,1313.8530269999999,1352952
2015-01-08,1525.0,1558.0,1510.0,1539.0,1312.147827,1493347
2015-01-09,1513.0,1523.800049,1451.0,1459.0,1243.940063,1658126
2015-01-12,1459.0,1478.0,1441.099976,1468.0,1251.6134029999998,1430434
2015-01-13,1460.0,1503.640015,1460.0,1487.0,1267.8127439999998,1329375
2015-01-14,1470.0,1493.0,1457.0,1468.0,1251.6134029999998,1768411
2015-01-15,1475.0,1480.0,1423.359985,1456.0,1241.382324,1695829
2015-01-16,1442.0,1454.0,1428.0,1449.0,1235.4140630000002,1413137
2015-01-19,1446.0,1490.0,1443.0,1487.0,1267.8127439999998,921786
2015-01-20,1494.0,1502.0,1459.0,1468.0,1251.6134029999998,875784
2015-01-21,1464.0,1506.0,1461.0,1506.0,1284.012085,1217821
2015-01-22,1500.0,1529.0,1498.0,1520.0,1295.948486,1598941
2015-01-23,1524.0,1542.0,1520.0,1527.0,1301.916626,919644
2015-01-26,1528.0,1566.0,1521.439941,1562.0,1331.757568,1192017
2015-01-27,1556.0,1575.640015,1545.0,1555.0,1325.789429,1077816
2015-01-28,1562.0,1588.099976,1557.0,1581.0,1347.956909,1356374
2015-01-29,1576.0,1607.0,1567.0,1607.0,1370.1245119999999,1009765
2015-01-30,1610.0,1625.0,1583.0,1592.0,1357.335449,1692402
2015-02-02,1597.0,1601.0,1559.0,1572.0,1340.283447,1164095
2015-02-03,1573.0,1600.0,1568.0,1590.0,1355.6303710000002,966206
2015-02-04,1589.0,1609.0,1560.0,1609.0,1371.829712,1540915
2015-02-05,1603.0,1619.939941,1598.0,1618.0,1379.503052,983246
2015-02-06,1614.0,1624.0,1587.0,1614.0,1376.092651,926065
2015-02-09,1607.0,1607.0,1574.359985,1587.0,1353.07251,1367126
2015-02-10,1585.0,1614.0,1578.0,1613.0,1375.240112,1141840
2015-02-11,1613.0,1677.0,1606.0,1671.0,1424.690674,2139175
2015-02-12,1664.0,1688.0,1651.5,1683.0,1434.9219970000001,1467642
2015-02-13,1685.0,1690.72998,1643.369995,1658.0,1413.606934,1004345
2015-02-16,1653.0,1671.0,1646.0,1670.0,1423.838135,711832
2015-02-17,1664.0,1678.0,1658.0,1675.0,1428.101074,708661
2015-02-18,1674.0,1694.0,1662.0,1681.0,1433.216675,1077241
2015-02-19,1683.0,1712.0,1676.719971,1709.0,1457.0894779999999,915845
2015-02-20,1690.0,1700.0,1665.0,1694.0,1444.3005369999998,1778866
2015-02-23,1682.0,1718.0,1682.0,1710.0,1457.942139,971274
2015-02-24,1710.0,1714.0999760000002,1603.0,1650.0,1406.786255,2472899
2015-02-25,1650.0,1687.0,1640.0,1684.0,1435.774536,1324573
2015-02-26,1679.0,1758.0,1679.0,1758.0,1498.866821,3050035
2015-02-27,1752.0,1776.0,1745.0,1764.0,1503.982422,1836106
2015-03-02,1758.0,1795.0,1757.0,1769.0,1508.245239,1758594
2015-03-03,1781.0,1791.0,1752.0,1753.0,1494.60376,1375679
2015-03-04,1753.0,1777.0,1738.0,1776.0,1514.213501,946298
2015-03-05,1784.0,1793.0,1758.0,1764.0,1503.982422,1076807
2015-03-06,1757.0,1781.0,1747.0,1748.0,1490.34082,913348
2015-03-09,1741.0,1750.0,1717.0,1741.0,1484.372559,1210630
2015-03-10,1734.0,1762.0,1702.0,1702.0,1451.121216,1335350
2015-03-11,1702.0,1723.0,1691.359985,1715.0,1462.204956,1185007
2015-03-12,1724.0,1749.0,1715.0,1738.0,1481.814819,819930
2015-03-13,1737.0,1753.0,1721.0,1741.0,1484.372559,875306
2015-03-16,1729.0,1754.0,1729.0,1743.0,1486.077759,939499
2015-03-17,1739.0,1751.0,1722.0,1744.0,1486.930298,786227
2015-03-18,1740.0,1764.459961,1736.0,1760.0,1500.571899,1563790
2015-03-19,1764.0,1782.0,1754.0,1778.0,1515.918701,1524255
2015-03-20,1679.0,1695.280029,1663.97998,1689.0,1440.037476,1903105
2015-03-23,1681.0,1699.7399899999998,1670.0,1675.0,1428.101074,856486
2015-03-24,1676.0,1726.0,1673.040039,1716.0,1463.057739,1388785
2015-03-25,1711.0,1732.0,1684.0,1698.0,1447.7108150000001,2161668
2015-03-26,1686.0,1699.0,1672.0,1698.0,1447.7108150000001,1408285
2015-03-27,1702.0,1728.0,1664.0,1667.0,1421.280396,1580821
2015-03-30,1683.0,1696.0,1628.180054,1647.0,1404.228394,1284860
2015-03-31,1652.0,1696.0,1647.0,1663.0,1417.869873,1720613
2015-04-01,1662.0,1681.290039,1641.0,1647.0,1404.228394,1198512
2015-04-02,1630.0,1662.0,1615.0,1650.0,1406.786255,969235
2015-04-07,1650.0,1683.0,1650.0,1681.0,1433.216675,1039947
2015-04-08,1676.0,1688.449951,1651.199951,1680.0,1432.364258,1799244
2015-04-09,1688.0,1735.0,1682.319946,1733.0,1477.551758,1010225
2015-04-10,1740.0,1765.0,1730.0,1757.0,1498.01416,1128737
2015-04-13,1749.0,1763.0,1726.0,1761.0,1501.424683,1076278
2015-04-14,1753.0,1765.0,1736.0,1749.0,1491.1933589999999,764754
2015-04-15,1759.0,1762.0,1742.0,1760.0,1500.571899,786381
2015-04-16,1767.0,1767.0,1719.0,1733.0,1477.551758,1246920
2015-04-17,1737.0,1764.560059,1721.0,1733.0,1477.551758,1048965
2015-04-20,1742.0,1753.0,1695.0,1716.0,1463.057739,2225560
2015-04-21,1733.0,1765.0,1725.550049,1761.0,1501.424683,1203811
2015-04-22,1765.0,1779.0,1735.439941,1752.0,1493.751099,1090491
2015-04-23,1752.0,1767.0,1720.0,1756.0,1497.161499,2253608
2015-04-24,1765.0,1779.0,1745.0,1759.0,1499.7192380000001,1240637
2015-04-27,1759.0,1764.0,1726.300049,1760.0,1500.571899,927755
2015-04-28,1760.0,1765.0,1704.8499760000002,1723.0,1469.025757,884988
2015-04-29,1732.0,1745.0,1674.0,1682.0,1434.069214,1106122
2015-04-30,1682.0,1710.0,1663.920044,1700.0,1449.416138,1831580
2015-05-01,1698.0,1702.0,1652.0,1691.0,1441.742798,625228
2015-05-05,1691.0,1718.0,1647.439941,1655.0,1411.049194,1873668
2015-05-06,1646.0,1663.0,1628.0,1638.0,1396.554932,2016796
2015-05-07,1624.0,1658.0,1604.0,1653.0,1409.3438720000001,1672957
2015-05-08,1750.0,1900.0,1614.77002,1746.0,1488.63562,3392815
2015-05-11,1748.0,1783.560059,1735.0,1768.0,1507.392822,1411201
2015-05-12,1752.0,1761.719971,1734.0,1748.0,1490.34082,1477768
2015-05-13,1758.0,1832.0,1754.0,1820.0,1551.727783,2191140
2015-05-14,1815.0,1830.0,1801.0,1828.0,1558.548584,1619365
2015-05-15,1835.0,1874.0,1834.800049,1848.0,1575.600586,1388103
2015-05-18,1850.0,1876.359985,1847.0,1874.0,1597.768188,1146990
2015-05-19,1877.0,1915.0,1877.0,1900.0,1619.935669,1029189
2015-05-20,1900.0,1929.0,1886.0,1924.0,1640.397949,1187851
2015-05-21,1919.0,1928.0,1903.0,1925.0,1641.2504880000001,877385
2015-05-22,1931.0,1943.0,1914.0,1936.0,1650.62915,805698
2015-05-26,1936.0,1961.0,1919.0,1930.0,1645.51355,1229041
2015-05-27,1928.0,1963.0,1928.0,1958.0,1669.38623,1052478
2015-05-28,1962.0,1995.0,1956.0,1966.0,1676.2070310000001,1308085
2015-05-29,1975.0,1988.0,1942.0,1962.0,1672.7967529999999,1639534
2015-06-01,1964.0,1987.0,1953.439941,1974.0,1683.027954,1419347
2015-06-02,1987.0,1991.0,1947.0,1953.0,1665.123169,1505580
2015-06-03,1968.0,1982.199951,1952.0,1970.0,1679.617432,1360072
2015-06-04,1970.0,1975.0,1937.0,1945.0,1658.302612,1439011
2015-06-05,1936.0,1936.0,1897.0,1910.0,1628.461548,975546
2015-06-08,1912.0,1922.0,1898.0,1898.0,1618.2304689999999,744550
2015-06-09,1901.0,1906.560059,1877.0,1895.0,1615.672607,1068880
2015-06-10,1887.0,1959.0,1887.0,1955.0,1666.8286130000001,1411023
2015-06-11,1960.0,1988.0,1946.880005,1980.0,1688.143311,892904
2015-06-12,1976.0,1977.0,1951.359985,1970.0,1679.617432,938574
2015-06-15,1958.0,1959.0,1919.0,1927.0,1642.955688,903400
2015-06-16,1918.0,1959.0,1903.439941,1959.0,1670.239014,1393857
2015-06-17,1965.0,1999.0,1959.0,1991.0,1697.5219730000001,1195548
2015-06-18,1980.0,1994.0,1964.5100100000002,1991.0,1697.5219730000001,736580
2015-06-19,1987.0,2010.0,1983.0,1998.0,1703.4901120000002,1208665
2015-06-22,2031.0,2051.0,2009.7600100000002,2051.0,1748.6778559999998,1171186
2015-06-23,2066.0,2072.459961,2030.0,2030.0,1730.773315,961788
2015-06-24,2027.0,2029.560059,1987.0,1990.0,1696.669312,1759001
2015-06-25,1990.0,2017.0,1981.439941,2015.0,1717.984375,1481534
2015-06-26,2000.0,2013.0,1978.0,1981.0,1688.996094,1228993
2015-06-29,1918.0,1993.0,1910.109985,1966.0,1676.2070310000001,1404636
2015-06-30,1961.0,1989.0,1939.0,1975.0,1683.880493,1593843
2015-07-01,1994.0,2039.0,1984.660034,2016.0,1718.836914,1215273
2015-07-02,2017.0,2027.0,1988.0,2024.0,1725.657593,1111577
2015-07-03,2014.0,2032.0,2008.0,2020.0,1722.247314,546122
2015-07-06,2000.0,2026.0,1990.0,2009.0,1712.8686519999999,1426375
2015-07-07,2014.0,2015.0,1965.0,1968.0,1677.9122309999998,1051583
2015-07-08,1975.0,1977.0,1858.0,1876.0,1599.473145,2249868
2015-07-09,1879.0,1985.0,1879.0,1954.0,1665.97583,1774840
2015-07-10,1982.0,1993.0,1950.0,1988.0,1694.964233,821758
2015-07-13,2019.0,2029.0,1997.0,2014.0,1717.131714,989284
2015-07-14,2019.0,2020.0,1952.0,1983.0,1690.70105,1010138
2015-07-15,1978.0,2004.0,1965.0,2000.0,1705.195435,832750
2015-07-16,2008.0,2015.0,1997.0,2006.0,1710.3110350000002,579218
2015-07-17,2016.0,2016.0,1972.0,1978.0,1686.438232,972477
2015-07-20,1978.0,1992.939941,1975.0,1984.0,1691.553955,924377
2015-07-21,1982.0,1985.47998,1944.0,1945.0,1658.302612,886047
2015-07-22,1936.0,1961.0,1923.0,1958.0,1669.38623,1232816
2015-07-23,1977.0,1987.0,1966.0,1987.0,1694.1115719999998,1148145
2015-07-24,1983.0,1987.0,1948.0,1953.0,1665.123169,845468
2015-07-27,1936.0,1953.0,1903.5,1913.0,1631.019409,925852
2015-07-28,1910.0,1946.47998,1908.0,1941.0,1654.89209,1465719
2015-07-29,1953.0,1981.0,1934.0,1974.0,1683.027954,960164
2015-07-30,1981.0,1997.0,1961.0,1986.0,1693.258911,865553
2015-07-31,1998.0,2047.0,1991.040039,2047.0,1745.2674559999998,1416673
2015-08-03,2042.0,2048.0,2017.0,2030.0,1730.773315,883888
2015-08-04,2030.0,2039.0,2013.0,2033.0,1733.331055,634211
2015-08-05,2037.0,2055.0,2024.0,2054.0,1751.235596,876977
2015-08-06,2056.0,2103.0,2035.52002,2089.0,1781.0765379999998,1200127
2015-08-07,2082.0,2088.0,2043.0,2084.0,1776.8135989999998,956888
2015-08-10,2095.0,2114.0,2075.0,2106.0,1795.570801,898978
2015-08-11,2106.0,2106.0,2074.0,2089.0,1781.0765379999998,1165682
2015-08-12,2066.0,2073.0,2031.0,2052.0,1749.530518,1173539
2015-08-13,2078.0,2094.0,2054.0,2075.0,1769.140137,888985
2015-08-14,2082.0,2109.0,2079.0,2105.0,1794.71814,776782
2015-08-17,2126.0,2137.76001,2080.0,2121.0,1808.359741,837163
2015-08-18,2129.0,2156.0,2065.0,2084.0,1776.8135989999998,1655246
2015-08-19,2085.0,2149.0,2070.0,2135.0,1820.296021,1485871
2015-08-20,2117.0,2142.0,2104.0,2118.0,1805.80188,1018379
2015-08-21,2085.0,2111.0,2042.0,2045.0,1743.562256,1330366
2015-08-24,1975.0,2000.0,1921.0,1967.0,1677.05957,1792717
2015-08-25,1984.0,2060.0,1968.0,2058.0,1754.6459960000002,1912844
2015-08-26,2036.0,2043.0,1989.0,2003.0,1707.753052,2108199
2015-08-27,2047.0,2060.0,2026.0,2060.0,1756.351196,1357949
2015-08-28,2060.0,2103.6298829999996,2043.0,2103.0,1793.012939,1339736
2015-09-01,2103.0,2103.0,2006.0,2042.0,1741.004517,1558754
2015-09-02,2041.0,2087.0,2019.0,2083.0,1775.96106,1210262
2015-09-03,2097.0,2136.0,2097.0,2105.0,1794.71814,1144649
2015-09-04,2074.0,2082.0,2050.0,2071.0,1765.729858,1135375
2015-09-07,2091.0,2101.0,2050.439941,2074.0,1768.2874760000002,640988
2015-09-08,2083.0,2103.800049,2077.0,2083.0,1775.96106,1167864
2015-09-09,2126.0,2132.0,2092.0,2100.0,1790.4549559999998,966211
2015-09-10,2079.0,2135.0,2078.8798829999996,2124.0,1810.91748,906409
2015-09-11,2123.0,2129.0,2082.0,2111.0,1799.8337399999998,888053
2015-09-14,2117.0,2139.0,2091.0,2100.0,1790.4549559999998,741544
2015-09-15,2106.0,2110.1201170000004,2072.0,2085.0,1777.6661379999998,699847
2015-09-16,2102.0,2106.0,2073.0,2081.0,1774.2558589999999,754869
2015-09-17,2087.0,2099.0,2069.0,2082.0,1775.108398,844429
2015-09-18,2077.0,2100.0,2061.449951,2077.0,1770.8453370000002,1078467
2015-09-21,2066.0,2113.0,2066.0,2085.0,1777.6661379999998,1409810
2015-09-22,2082.0,2095.0,2036.359985,2041.0,1740.151855,1371033
2015-09-23,2040.0,2081.0,2025.0,2074.0,1768.2874760000002,757236
2015-09-24,2075.0,2100.0,2073.0,2090.0,1781.929077,767413
2015-09-25,2124.0,2131.050049,2105.0,2130.0,1816.0330809999998,604229
2015-09-28,2122.0,2133.0,2107.0,2109.0,1798.12854,1009873
2015-09-29,2085.0,2085.0,1998.0,1999.0,1704.342896,1304885
2015-09-30,2038.0,2043.0,1998.0,2008.0,1712.016113,1358457
2015-10-01,2021.0,2041.0,2021.0,2037.0,1736.741455,749890
2015-10-02,2041.0,2067.0,1975.0,2003.0,1707.753052,903577
2015-10-05,2033.0,2055.709961,2025.0,2051.0,1748.6778559999998,851635
2015-10-06,2060.0,2074.0,2037.0,2049.0,1746.972656,917339
2015-10-07,2062.0,2086.0,1985.0,1989.0,1695.816895,1181198
2015-10-08,1996.0,2011.800049,1990.0,2004.0,1708.605835,716489
2015-10-09,2022.0,2034.0,1941.0,1947.0,1660.0076900000001,1261953
2015-10-12,1950.0,1962.0,1905.300049,1936.0,1650.62915,1050653
2015-10-13,1943.0,1975.0,1935.0,1968.0,1677.9122309999998,973390
2015-10-14,1953.0,1955.310059,1901.0,1907.0,1625.903809,798607
2015-10-15,1918.0,1958.0,1902.0999760000002,1953.0,1665.123169,873159
2015-10-16,1953.0,1962.0,1931.0,1956.0,1667.68103,996562
2015-10-19,1959.0,1970.0,1949.0,1970.0,1679.617432,525520
2015-10-20,1969.0,1994.0,1958.0,1979.0,1687.2908940000002,776532
2015-10-21,1991.0,2007.0,1975.0,1990.0,1696.669312,910672
2015-10-22,1993.0,1998.0,1965.0,1970.0,1679.617432,957179
2015-10-23,1981.0,2024.0,1969.0,2024.0,1725.657593,944429
2015-10-26,2020.0,2037.0,1982.0,2032.0,1732.4785160000001,849597
2015-10-27,2029.0,2039.0,2003.0,2005.0,1709.4583739999998,706789
2015-10-28,2013.0,2030.0,1998.0,2008.0,1712.016113,761207
2015-10-29,2011.0,2019.0,1972.0,1984.0,1691.553955,790403
2015-10-30,1989.0,2002.0,1966.640015,1994.0,1700.079834,726936
2015-11-02,1969.0,1988.0,1943.0,1968.0,1677.9122309999998,838415
2015-11-03,1955.0,1961.800049,1910.310059,1921.0,1637.8400880000002,1235107
2015-11-04,1941.0,1949.839966,1857.0,1859.0,1584.979126,2297977
2015-11-05,1868.0,1925.0,1859.0,1900.0,1619.935669,2271244
2015-11-06,1895.0,1921.0,1880.0,1880.0,1602.883545,1499033
2015-11-09,1875.0,1882.0,1820.0,1859.0,1584.979126,1774253
2015-11-10,1870.0,1892.0,1842.0,1875.0,1598.6207279999999,1231270
2015-11-11,1874.0,1883.0,1832.5100100000002,1857.0,1583.273926,1174759
2015-11-12,1857.0,1875.0,1840.0,1847.0,1574.747925,841908
2015-11-13,1845.0,1854.0,1799.0,1806.0,1539.7915039999998,920897
2015-11-16,1802.0,1836.0,1797.0,1826.0,1556.843384,1390291
2015-11-17,1846.0,1884.0,1843.0,1865.0,1590.094727,1013869
2015-11-18,1860.0,1871.0,1843.0,1865.0,1590.094727,779118
2015-11-19,1874.0,1875.0,1826.0,1840.0,1568.779663,1329338
2015-11-20,1853.0,1867.0,1829.0,1832.0,1561.9589839999999,994802
2015-11-23,1827.0,1836.0,1815.0,1816.0,1548.317383,695528
2015-11-24,1817.0,1819.119995,1772.0,1782.0,1519.329102,957533
2015-11-25,1794.0,1896.0,1794.0,1836.0,1565.369263,3059656
2015-11-26,1846.0,1869.0,1816.0,1865.0,1590.094727,1637770
2015-11-27,1850.0,1879.0,1846.069946,1877.0,1600.325806,486478
2015-11-30,1877.0,1918.0,1855.0,1915.0,1632.7246089999999,1266532
2015-12-01,1925.0,1950.0,1917.0,1926.0,1642.103149,1073517
2015-12-02,1927.0,1943.0,1920.2399899999998,1942.0,1655.744751,719527
2015-12-03,1944.0,1982.0,1921.0,1926.0,1642.103149,922004
2015-12-04,1920.0,1957.0,1911.800049,1944.0,1657.449951,1165900
2015-12-07,1944.0,1983.0,1944.0,1971.0,1680.470093,866520
2015-12-08,1971.0,1979.0,1941.0,1951.0,1663.418091,803328
2015-12-09,1949.0,1968.0,1943.0,1943.0,1656.59729,1010035
2015-12-10,1933.0,1947.0,1930.0,1938.0,1652.334351,891556
2015-12-11,1928.0,1944.0,1903.9000239999998,1907.0,1625.903809,761814
2015-12-14,1917.0,1942.9000239999998,1902.0,1903.0,1622.493408,814552
2015-12-15,1922.0,1978.0,1911.0,1970.0,1679.617432,954387
2015-12-16,1970.0,1979.0,1942.0,1952.0,1664.270752,2855381
2015-12-17,1984.0,1992.0,1938.0,1954.0,1665.97583,961754
2015-12-18,1947.0,1955.0,1929.300049,1945.0,1658.302612,1146589
2015-12-21,1944.0,1972.0,1939.199951,1944.0,1657.449951,519654
2015-12-22,1962.0,1972.0,1950.0,1969.0,1678.764893,501693
2015-12-23,1984.0,1988.199951,1951.0,1985.0,1692.406494,459216
2015-12-24,1996.0,1996.0,1966.0,1973.0,1682.175171,91103
2015-12-29,1973.0,2041.0,1973.0,2040.0,1739.299316,691370
2015-12-30,2030.0,2051.5,2023.0,2038.0,1737.593994,531194
2015-12-31,2045.0,2057.050049,2025.0,2027.0,1728.215454,204291
2016-01-04,2027.0,2027.0,1974.9000239999998,1991.0,1697.5219730000001,851715
2016-01-05,2000.0,2019.0,1988.140015,2003.0,1707.753052,730367
2016-01-06,2004.0,2022.0,1942.0,1965.0,1675.354492,1225117
2016-01-07,1923.0,1972.0,1915.0,1962.0,1672.7967529999999,1499287
2016-01-08,1963.0,1997.0,1961.0,1992.0,1698.374634,1187794
2016-01-11,1992.0,2017.7399899999998,1947.0,1991.0,1697.5219730000001,1022174
2016-01-12,2004.0,2036.0,2002.800049,2009.0,1712.8686519999999,1254815
2016-01-13,2026.0,2036.0,2007.0,2009.0,1712.8686519999999,841143
2016-01-14,1986.0,1994.0,1935.0,1940.0,1654.039551,1161841
2016-01-15,1940.0,1977.0,1902.0,1917.0,1634.4296880000002,1277717
2016-01-18,1914.0,1932.0,1869.0,1884.0,1606.294067,762810
2016-01-19,1909.0,1971.0,1879.880005,1957.0,1668.533569,1350050
2016-01-20,1930.0,1960.310059,1883.0,1892.0,1613.114868,1201331
2016-01-21,1900.0,1918.0,1864.0,1904.0,1623.346069,962903
2016-01-22,1939.0,1942.0,1895.040039,1911.0,1629.314209,765617
2016-01-25,1926.0,1950.0,1909.0,1948.0,1660.860229,583246
2016-01-26,1935.0,1959.0,1924.97998,1954.0,1665.97583,777084
2016-01-27,1952.0,1998.0,1946.0,1998.0,1703.4901120000002,882798
2016-01-28,1985.0,2004.0,1956.0,1970.0,1679.617432,896986
2016-01-29,1995.0,2036.0,1975.0,2036.0,1735.8890379999998,1079752
2016-02-01,2045.0,2067.0,2024.0,2067.0,1762.319336,768739
2016-02-02,2064.0,2070.0,2035.0,2067.0,1762.319336,1215802
2016-02-03,2068.0,2102.0,2035.0,2042.0,1741.004517,1768725
2016-02-04,2063.0,2072.0,2031.0,2039.0,1738.4467769999999,958881
2016-02-05,2036.0,2061.0,1965.0,1965.0,1675.354492,1317268
2016-02-08,1979.0,1980.0,1848.060059,1859.0,1584.979126,1252119
2016-02-09,1855.0,1901.0,1837.0,1878.0,1601.178589,1802891
2016-02-10,1897.0,1932.5100100000002,1857.0,1912.0,1630.166748,1042798
2016-02-11,1909.0,1909.0,1852.0,1872.0,1596.062866,1383478
2016-02-12,1879.0,1896.0,1844.0,1895.0,1615.672607,1946544
2016-02-15,1929.0,1948.0,1918.0,1928.0,1643.80835,878831
2016-02-16,1940.0,1967.0,1924.0,1952.0,1664.270752,936827
2016-02-17,1953.0,2001.0,1953.0,1998.0,1703.4901120000002,834104
2016-02-18,2004.0,2053.0,1991.0,2045.0,1743.562256,1804098
2016-02-19,2043.0,2073.0,2035.0,2062.0,1758.0565190000002,1330825
2016-02-22,2084.0,2096.439941,1970.0,1973.0,1682.175171,1706395
2016-02-23,2065.0,2085.0,2029.0,2029.0,1729.9207760000002,2296494
2016-02-24,2050.0,2089.0,2045.0,2075.0,1769.140137,1562511
2016-02-25,2103.0,2137.0,2049.0,2137.0,1822.001221,1921390
2016-02-26,2156.0,2226.0,2146.0,2219.0,1891.914307,1552716
2016-02-29,2208.0,2227.0,2181.0,2184.0,1862.0732420000002,1942148
2016-03-01,2180.0,2219.0,2167.0,2214.0,1887.651245,1396151
2016-03-02,2230.0,2255.0,2108.0,2144.0,1827.96936,1916016
2016-03-03,2057.0,2057.0,1980.5,1998.0,1795.615845,1473728
2016-03-04,2002.0,2009.0,1960.0,1992.0,1790.2236329999998,1322364
2016-03-07,1981.0,2032.0,1979.0,1994.0,1792.021118,1158562
2016-03-08,1974.0,2084.070068,1960.810059,1968.0,1768.6547850000002,1066670
2016-03-09,1968.0,2012.72998,1963.0,1999.0,1796.514648,979947
2016-03-10,2002.0,2010.0,1952.0,1953.0,1755.1741940000002,2112777
2016-03-11,1977.0,1995.0,1965.0,1990.0,1788.42627,739885
2016-03-14,1994.0,2047.0,1994.0,2034.0,1827.96936,819193
2016-03-15,2029.0,2039.0,2011.0,2026.0,1820.7796629999998,750725
2016-03-16,2035.0,2092.0,2031.0,2074.0,1863.917725,807512
2016-03-17,2098.0,2145.0,2079.0,2113.0,1898.9671629999998,1417652
2016-03-18,2104.0,2119.0,2071.0,2087.0,1875.60083,1610236
2016-03-21,2073.0,2096.0,2067.0,2079.0,1868.411255,592978
2016-03-22,2076.0,2086.050049,2049.0,2076.0,1865.715088,1096474
2016-03-23,2076.0,2107.0,2076.0,2107.0,1893.574951,860277
2016-03-24,2091.0,2111.0,2073.0,2077.0,1866.613892,923262
2016-03-29,2077.0,2105.0,2066.0,2105.0,1891.777466,891145
2016-03-30,2123.0,2134.0,2065.0,2102.0,1889.081421,1088533
2016-03-31,2098.0,2105.0,2077.0,2085.0,1873.8034670000002,1263825
2016-04-01,2068.0,2123.0,2056.0,2108.0,1894.473877,1023047
2016-04-04,2106.0,2123.0,2091.300049,2107.0,1893.574951,558086
2016-04-05,2102.0,2141.0,2091.0,2123.0,1907.954468,883210
2016-04-06,2128.0,2140.0,2096.0,2134.0,1917.839966,1122356
2016-04-07,2130.0,2144.0,2062.0,2072.0,1862.120239,969988
2016-04-08,2073.0,2094.0,2057.0,2064.0,1854.930664,785379
2016-04-11,2056.0,2063.0,1994.0,1995.0,1792.9198,874050
2016-04-12,1989.0,1995.0,1938.0,1960.0,1761.465088,1724141
2016-04-13,1993.0,2029.0,1985.0,2021.0,1816.286255,1363690
2016-04-14,2021.0,2025.0,1881.0,1900.0,1707.542603,2755433
2016-04-15,1908.0,1908.0,1857.0,1870.0,1680.581543,1438276
2016-04-18,1861.0,1899.800049,1860.0,1868.0,1678.78418,839572
2016-04-19,1874.0,1877.0,1847.0,1859.0,1670.695801,1814019
2016-04-20,1858.0,1880.0,1844.0,1865.0,1676.088013,1505898
2016-04-21,1861.0,1882.0,1833.0,1882.0,1691.3659670000002,1396542
2016-04-22,1897.0,1931.0,1882.0,1892.0,1700.3530269999999,1316373
2016-04-25,1896.0,1925.0,1894.0,1919.0,1724.618164,1026468
2016-04-26,1928.0,1975.0,1919.589966,1969.0,1769.553345,1470991
2016-04-27,1972.0,2002.0,1945.0,2000.0,1797.41333,1260625
2016-04-28,1999.0,2010.0,1977.0,1999.0,1796.514648,864444
2016-04-29,1983.0,2004.0,1974.0,1987.0,1785.730225,1033837
2016-05-03,1987.0,2000.0,1967.0,1976.0,1775.844482,831623
2016-05-04,1982.0,1998.0,1964.0,1969.0,1769.553345,767090
2016-05-05,1971.0,1981.0,1947.0,1950.0,1752.4780269999999,422358
2016-05-06,1952.0,1961.0,1936.0,1951.0,1753.376709,781550
2016-05-09,1965.0,1984.0,1959.0,1969.0,1769.553345,513333
2016-05-10,1982.0,1997.0,1952.0,1963.0,1764.1611329999998,834623
2016-05-11,1957.0,1989.0,1949.27002,1957.0,1758.768921,673007
2016-05-12,1951.0,1973.0,1933.0,1951.0,1753.376709,648743
2016-05-13,1949.0,1964.0,1920.0,1961.0,1762.36377,679895
2016-05-16,1946.0,1980.0,1946.0,1980.0,1779.439209,532240
2016-05-17,1983.0,2038.0,1983.0,2010.0,1806.4005129999998,1193604
2016-05-18,2012.0,2055.0,1999.0,2030.0,1824.374634,1194922
2016-05-19,2011.0,2042.0,2010.0,2027.0,1821.678589,971267
2016-05-20,2029.0,2103.0,2018.0,2090.0,1878.296875,927944
2016-05-23,2094.0,2106.0,2083.0,2084.0,1872.9046629999998,1870757
2016-05-24,2079.0,2151.0,2066.0,2144.0,1926.827148,1101076
2016-05-25,2160.0,2166.0,2089.0,2113.0,1898.9671629999998,1131690
2016-05-26,2104.0,2125.0,2100.0,2121.0,1906.15686,667211
2016-05-27,2121.0,2127.0,2097.0,2112.0,1898.0684809999998,656564
2016-05-31,2112.0,2128.0,2095.0,2102.0,1889.081421,1227331
2016-06-01,2094.0,2098.0,2034.0,2038.0,1831.5640870000002,1239033
2016-06-02,2035.0,2080.3701170000004,2022.0,2072.0,1862.120239,911298
2016-06-03,2076.0,2083.0,2040.0,2057.0,1848.639648,699230
2016-06-06,2054.0,2060.0,2009.0,2027.0,1821.678589,907251
2016-06-07,2027.0,2041.0,1999.0,2011.0,1807.2990719999998,1359791
2016-06-08,1998.0,2028.0,1994.060059,2024.0,1818.9824219999998,961062
2016-06-09,2011.0,2026.0,1929.0,2019.0,1814.48877,815906
2016-06-10,2015.0,2023.0,1971.0,1976.0,1775.844482,645150
2016-06-13,1964.0,1971.0,1930.619995,1939.0,1742.5922850000002,801429
2016-06-14,1938.0,1955.0,1889.0,1889.0,1697.656982,1143916
2016-06-15,1907.0,1923.0,1892.0,1904.0,1711.137573,1593588
2016-06-16,1882.0,1916.0,1868.0,1868.0,1678.78418,1067798
2016-06-17,1875.0,1945.0,1872.0,1942.0,1745.28833,1939600
2016-06-20,1980.0,2058.0,1980.0,2056.0,1847.7409670000002,1374456
2016-06-21,2049.0,2081.0,2017.560059,2046.0,1838.753784,990701
2016-06-22,2061.0,2094.850098,2052.0,2086.0,1874.702148,1548590
2016-06-23,2091.0,2128.0,2068.0,2098.0,1885.4866940000002,1166645
2016-06-24,1250.0,1783.0,1249.810059,1520.0,1366.03418,7396150
2016-06-27,1494.0,1520.0,1170.0,1310.0,1177.305786,8173145
2016-06-28,1360.0,1423.0,1306.27002,1344.0,1207.861816,5483964
2016-06-29,1365.0,1444.0,1348.0,1444.0,1297.732422,3903614
2016-06-30,1441.0,1447.0,1383.0,1447.0,1300.428467,3299895
2016-07-01,1455.0,1546.0,1433.0,1540.0,1384.008301,2507091
2016-07-04,1550.0,1559.579956,1435.0,1435.0,1289.644043,2791701
2016-07-05,1458.0,1459.060059,1326.0,1332.0,1197.077271,3674857
2016-07-06,1329.0,1340.060059,1282.0,1289.0,1158.432983,4637173
2016-07-07,1311.0,1397.0,1300.0,1337.0,1201.570923,4446925
2016-07-08,1334.0,1429.0,1328.0,1420.0,1276.163452,4846810
2016-07-11,1432.0,1531.0,1430.800049,1521.0,1366.932861,4401814
2016-07-12,1548.0,1602.0,1514.719971,1548.0,1391.197998,3552215
2016-07-13,1537.0,1566.0,1490.170044,1553.0,1395.6914060000001,2508886
2016-07-14,1568.0,1595.0,1530.0,1549.0,1392.096558,2597802
2016-07-15,1552.0,1588.0,1536.0,1571.0,1411.868286,2266026
2016-07-18,1578.0,1618.0,1560.0,1605.0,1442.424316,1704630
2016-07-19,1600.0,1622.0,1580.560059,1611.0,1447.8165279999998,1639788
2016-07-20,1617.0,1659.0,1601.0,1650.0,1482.865967,2175137
2016-07-21,1649.0,1658.0,1614.050049,1633.0,1467.588013,1470641
2016-07-22,1623.0,1630.0,1584.0,1598.0,1436.133301,1536146
2016-07-25,1598.0,1635.0,1590.0,1628.0,1463.094604,1218309
2016-07-26,1635.0,1635.0,1573.550049,1588.0,1427.14624,1563755
2016-07-27,1602.0,1695.0,1601.0,1681.0,1510.72583,1741806
2016-07-28,1688.0,1715.0,1656.0,1683.0,1512.5233150000001,2681772
2016-07-29,1694.0,1700.0,1678.0,1687.0,1516.118042,1341232
2016-08-01,1715.0,1719.0,1628.540039,1640.0,1473.8790279999998,1067843
2016-08-02,1629.0,1692.0,1599.640015,1682.0,1511.6247560000002,2091369
2016-08-03,1679.0,1688.0,1633.349976,1636.0,1470.28418,1732019
2016-08-04,1631.0,1699.640015,1621.0,1672.0,1502.637573,2350350
2016-08-05,1673.0,1732.0,1659.0,1723.0,1548.471558,1917321
2016-08-08,1728.0,1762.0,1693.0,1694.0,1522.40918,1343168
2016-08-09,1692.0,1722.0,1667.0,1702.0,1529.598755,1219928
2016-08-10,1693.0,1706.439941,1674.0,1695.0,1523.307739,1126000
2016-08-11,1705.0,1705.0,1639.180054,1697.0,1525.1053470000002,1535351
2016-08-12,1690.0,1721.0,1672.0,1712.0,1538.5858150000001,1302174
2016-08-15,1747.0,1759.0,1692.0,1733.0,1557.45874,1310953
2016-08-16,1711.0,1754.0,1711.0,1736.0,1560.154907,868037
2016-08-17,1740.0,1759.0,1725.0,1748.0,1570.939331,1572137
2016-08-18,1761.0,1813.0,1753.0,1777.0,1597.001709,1509242
2016-08-19,1782.0,1782.0,1734.0,1748.0,1570.939331,1048009
2016-08-22,1756.0,1801.0,1746.0,1794.0,1612.279785,1189838
2016-08-23,1830.0,1884.0,1814.0,1870.0,1680.581543,2537152
2016-08-24,1863.0,1936.0,1861.0,1911.0,1717.4284670000002,1695529
2016-08-25,1901.0,1911.0,1858.0,1881.0,1690.4671629999998,1754502
2016-08-26,1882.0,1910.0,1869.0,1883.0,1692.264648,1085871
2016-08-30,1883.0,1892.0,1798.0,1833.0,1647.329346,1929155
2016-08-31,1819.0,1847.0,1781.0,1824.0,1639.240967,2134196
2016-09-01,1834.0,1900.0,1829.0,1870.0,1680.581543,1836254
2016-09-02,1874.0,1879.0,1797.0,1860.0,1671.59436,2137261
2016-09-05,1860.0,1876.0,1829.0,1838.0,1651.822876,1229174
2016-09-06,1844.0,1893.0,1834.0,1870.0,1680.581543,1588139
2016-09-07,1868.0,1881.0,1811.0,1832.0,1646.430664,2095398
2016-09-08,1827.0,1866.0,1827.0,1853.0,1665.303589,1281107
2016-09-09,1842.0,1865.0,1804.0,1816.0,1632.051392,1370661
2016-09-12,1784.0,1804.0,1771.0,1795.0,1613.178467,1060233
2016-09-13,1815.0,1822.0,1784.839966,1790.0,1608.685059,815887
2016-09-14,1795.0,1799.0,1747.859985,1748.0,1570.939331,1139227
2016-09-15,1738.0,1779.0,1723.369995,1772.0,1592.508301,1578274
2016-09-16,1772.0,1786.0,1741.0,1748.0,1570.939331,1703090
2016-09-19,1771.0,1779.0,1758.9000239999998,1772.0,1592.508301,733860
2016-09-20,1775.0,1775.0,1746.0,1766.0,1587.115967,1386334
2016-09-21,1779.0,1824.0,1778.0,1781.0,1600.596558,1308681
2016-09-22,1796.0,1820.0,1787.0,1797.0,1614.975952,952700
2016-09-23,1826.0,1883.0,1818.0,1838.0,1651.822876,1637488
2016-09-26,1829.0,1841.199951,1764.0,1764.0,1585.318481,1525356
2016-09-27,1785.0,1787.569946,1761.0,1784.0,1603.292725,1228464
2016-09-28,1787.0,1816.0,1787.0,1806.0,1623.064209,1216522
2016-09-29,1811.0,1826.0,1740.640015,1741.0,1564.648193,2253194
2016-09-30,1718.0,1815.0,1711.0,1815.0,1631.1525880000002,2111819
2016-10-03,1810.0,1854.0,1800.5999760000002,1821.0,1636.5448,1799149
2016-10-04,1831.0,1893.0,1829.0,1859.0,1670.695801,2453847
2016-10-05,1851.0,1864.790039,1838.0,1842.0,1655.417725,1130207
2016-10-06,1844.0,1853.0,1812.0,1823.0,1638.342285,1310401
2016-10-07,1824.0,1824.0,1726.0,1753.0,1575.432861,2769313
2016-10-10,1764.0,1772.719971,1690.1500239999998,1701.0,1528.700073,2375805
2016-10-11,1696.0,1749.0,1674.339966,1728.0,1552.96521,1730584
2016-10-12,1738.0,1760.0799559999998,1683.0,1691.0,1519.713013,1505665
2016-10-13,1691.0,1762.0,1664.0,1723.0,1548.471558,1704932
2016-10-14,1721.0,1740.0,1698.0,1706.0,1533.1936039999998,1228918
2016-10-17,1699.0,1707.0,1661.849976,1664.0,1495.447876,1464751
2016-10-18,1676.0,1725.0,1669.5,1721.0,1546.674194,1335036
2016-10-19,1723.0,1788.560059,1719.640015,1778.0,1597.900513,1609743
2016-10-20,1780.0,1792.0,1742.719971,1755.0,1577.230225,1257473
2016-10-21,1755.0,1761.109985,1730.839966,1731.0,1555.661255,1045943
2016-10-24,1740.0,1754.0,1716.0,1716.0,1542.180664,884701
2016-10-25,1719.0,1726.0,1688.0,1693.0,1521.510376,867189
2016-10-26,1687.0,1692.0,1649.0,1692.0,1520.611694,1477178
2016-10-27,1680.0,1697.0,1648.0,1671.0,1501.738892,1942535
2016-10-28,1669.0,1727.119995,1650.0,1714.0,1540.383179,2224937
2016-10-31,1711.0,1721.0,1684.0,1694.0,1522.40918,1288220
2016-11-01,1697.0,1741.0,1693.0,1737.0,1561.053467,1347457
2016-11-02,1731.0,1776.0,1721.0,1751.0,1573.635498,1430383
2016-11-03,1742.0,1802.0,1715.0,1758.0,1579.92627,1920783
2016-11-04,1753.0,1757.25,1668.0,1677.0,1507.1311039999998,2753281
2016-11-07,1704.0,1704.0,1651.0,1688.0,1517.016968,1938887
2016-11-08,1664.0,1690.0,1652.0,1663.0,1494.549194,1489017
2016-11-09,1600.0,1718.0,1600.0,1717.0,1543.079346,1958648
2016-11-10,1734.0,1759.0,1666.0,1680.0,1509.827271,2029698
2016-11-11,1680.0,1719.0,1666.0,1687.0,1516.118042,1276637
2016-11-14,1705.0,1745.0,1700.0,1739.0,1562.850952,2607760
2016-11-15,1751.0,1770.0,1720.449951,1738.0,1561.952148,1027282
2016-11-16,1734.0,1749.449951,1697.0,1710.0,1536.788452,1660414
2016-11-17,1714.0,1763.0,1702.0,1763.0,1584.419922,1964617
2016-11-18,1769.0,1794.0,1761.0,1774.0,1594.305664,1452727
2016-11-21,1771.0,1786.449951,1733.459961,1748.0,1570.939331,722609
2016-11-22,1766.0,1800.0,1758.0,1778.0,1597.900513,883420
2016-11-23,1775.0,1808.0,1714.0,1746.0,1569.141846,1981872
2016-11-24,1758.0,1761.0,1728.0,1729.0,1553.86377,558084
2016-11-25,1737.0,1738.0,1698.0,1705.0,1532.294922,702378
2016-11-28,1705.0,1711.0,1683.0,1691.0,1519.713013,1274999
2016-11-29,1693.0,1731.0,1686.77002,1724.0,1549.370361,1120997
2016-11-30,1728.0,1729.0,1697.0,1700.0,1527.801392,1762439
2016-12-01,1690.0,1709.0,1677.0,1704.0,1531.396118,1325174
2016-12-02,1690.0,1726.0,1681.0,1696.0,1524.206543,1656483
2016-12-05,1691.0,1728.0,1690.47998,1704.0,1531.396118,756226
2016-12-06,1680.0,1714.0,1668.0,1710.0,1536.788452,963548
2016-12-07,1723.0,1731.109985,1702.0,1729.0,1553.86377,1185816
2016-12-08,1730.0,1753.0,1726.0,1737.0,1561.053467,1373294
2016-12-09,1738.0,1756.0,1705.0,1716.0,1542.180664,948742
2016-12-12,1712.0,1714.0,1666.0,1667.0,1498.144043,1310342
2016-12-13,1677.0,1703.0,1666.0,1699.0,1526.90271,1155700
2016-12-14,1691.0,1697.0,1646.0,1688.0,1517.016968,2149777
2016-12-15,1691.0,1730.160034,1677.0,1727.0,1552.0664060000001,1768526
2016-12-16,1721.0,1728.0,1704.0,1706.0,1533.1936039999998,1308918
2016-12-19,1712.0,1732.209961,1706.0,1720.0,1545.775513,892489
2016-12-20,1724.0,1752.280029,1718.0,1735.0,1559.255981,831629
2016-12-21,1732.0,1750.0,1722.0,1747.0,1570.0405269999999,868079
2016-12-22,1747.0,1768.5,1733.0,1763.0,1584.419922,936080
2016-12-23,1764.0,1774.0,1753.0,1765.0,1586.217285,249057
2016-12-28,1765.0,1765.0,1735.0,1744.0,1567.34436,776400
2016-12-29,1729.0,1755.0,1728.0,1746.0,1569.141846,802138
2016-12-30,1741.0,1781.8499760000002,1739.0,1776.0,1596.103149,661070
2017-01-03,1776.0,1787.0,1744.5799559999998,1760.0,1581.723755,1143349
2017-01-04,1754.0,1823.0,1754.0,1810.0,1626.659058,1998512
2017-01-05,1835.0,1943.0,1834.0,1940.0,1743.4909670000002,3624523
2017-01-06,1953.0,1971.0,1930.02002,1934.0,1738.098755,1872999
2017-01-09,1935.0,1955.0,1914.0,1939.0,1742.5922850000002,1188958
2017-01-10,1938.0,1994.0,1932.0,1989.0,1787.527588,1584485
2017-01-11,1992.0,2010.0,1978.0,1981.0,1780.3380129999998,1197222
2017-01-12,1964.0,1980.0,1951.0,1970.0,1770.452271,1069369
2017-01-13,1983.0,2015.609985,1962.449951,1997.0,1794.7172850000002,1148438
2017-01-16,1990.0,1990.0,1961.0,1968.0,1768.6547850000002,974800
2017-01-17,1958.0,2014.0,1935.359985,1995.0,1792.9198,1373121
2017-01-18,1994.0,1999.0,1946.0,1974.0,1774.046997,1233956
2017-01-19,1969.0,1991.0,1941.0,1955.0,1756.9715579999997,965925
2017-01-20,1948.0,1969.0,1920.5,1932.0,1736.30127,924191
2017-01-23,1921.0,1961.0,1919.0,1944.0,1747.085815,1796290
2017-01-24,1944.0,1949.0,1909.0,1921.0,1726.415405,1159109
2017-01-25,1927.0,1937.0,1897.0,1897.0,1704.8465579999997,989162
2017-01-26,1897.0,1910.0,1884.0,1886.0,1694.960815,822907
2017-01-27,1892.0,1917.0,1884.0,1917.0,1722.820679,1874812
2017-01-30,1899.0,1924.0,1898.0,1920.0,1725.516846,1191470
2017-01-31,1923.0,1935.25,1915.0,1929.0,1733.605103,1289471
2017-02-01,1940.0,1952.0,1923.0,1951.0,1753.376709,985352
2017-02-02,1955.0,1972.0,1942.0,1965.0,1765.958618,1053394
2017-02-03,1958.0,1986.800049,1958.0,1971.0,1771.35083,967920
2017-02-06,1962.0,1972.47998,1932.0,1938.0,1741.6934809999998,840316
2017-02-07,1939.0,2002.0,1934.0,1957.0,1758.768921,1756283
2017-02-08,1966.0,2036.0,1962.0,2016.0,1811.792725,1773952
2017-02-09,2020.0,2026.0,1976.0,1988.0,1786.628906,1281381
2017-02-10,1984.0,2011.0,1974.0,1976.0,1775.844482,1016983
2017-02-13,1988.0,1996.5,1973.4000239999998,1991.0,1789.325073,1838813
2017-02-14,1989.0,2017.02002,1978.0,2012.0,1808.1978760000002,1724974
2017-02-15,2011.0,2033.0,2003.0,2021.0,1816.286255,1392642
2017-02-16,2021.0,2033.0,2001.0,2012.0,1808.1978760000002,827068
2017-02-17,2018.0,2024.0,1983.0,2011.0,1807.2990719999998,962524
2017-02-20,2000.0,2017.0,1992.0,2002.0,1799.210815,1627890
2017-02-21,2003.0,2043.0,2003.0,2023.0,1818.0834960000002,1095313
2017-02-22,2046.0,2052.0,2024.0,2026.0,1820.7796629999998,1813905
2017-02-23,2026.0,2032.0,2000.0,2010.0,1806.4005129999998,955531
2017-02-24,2008.0,2031.0,1993.0,2025.0,1819.8809809999998,999556
2017-02-27,2060.0,2078.0,2007.0,2030.0,1824.374634,1788136
2017-02-28,2050.0,2078.0,2012.7399899999998,2061.0,1852.234497,2376604
2017-03-01,2075.0,2160.0,2058.0,2150.0,1932.219482,1998741
2017-03-02,2142.0,2150.429932,2102.0,2108.0,1894.473877,2690853
2017-03-03,2102.0,2109.0,2073.0,2080.0,1869.309937,1791200
2017-03-06,2079.0,2119.0,2074.0,2112.0,1898.0684809999998,1478587
2017-03-07,2114.0,2142.0,2112.0,2118.0,1903.460693,1319374
2017-03-08,2106.0,2142.320068,2100.0,2119.0,1904.359375,1394243
2017-03-09,2094.0,2125.0,2086.0,2118.0,1926.1859129999998,1767490
2017-03-10,2124.0,2124.0,2097.0,2108.0,1917.091675,1362627
2017-03-13,2123.0,2144.0,2101.5,2118.0,1926.1859129999998,1097396
2017-03-14,2121.0,2121.050049,2082.0,2097.0,1907.0877690000002,961160
2017-03-15,2100.0,2100.0,2051.0,2073.0,1885.261353,1168902
2017-03-16,2081.0,2089.0,2046.0,2088.0,1898.902954,1101814
2017-03-17,2080.0,2123.0,2080.0,2107.0,1916.1822510000002,1587669
2017-03-20,2108.0,2124.0,2093.0,2121.0,1928.914307,837155
2017-03-21,2120.0,2124.0,2081.699951,2102.0,1911.6350100000002,1619312
2017-03-22,2096.0,2100.0,2066.0,2099.0,1908.906616,1154058
2017-03-23,2110.0,2136.0,2100.639893,2112.0,1920.729248,1726164
2017-03-24,2107.0,2112.0,2078.0,2083.0,1894.355713,877222
2017-03-27,2079.0,2096.0,2058.0,2088.0,1898.902954,789031
2017-03-28,2100.0,2100.0,2072.0,2097.0,1907.0877690000002,1756315
2017-03-29,2103.0,2117.0,2070.0,2098.0,1907.9971920000003,1178995
2017-03-30,2108.0,2116.0,2088.77002,2101.0,1910.725586,621581
2017-03-31,2088.0,2103.0,2060.0,2094.0,1904.359375,1559649
2017-04-03,2111.0,2111.0,2074.0,2087.0,1897.9934079999998,1221057
2017-04-04,2077.0,2103.0,2074.0,2099.0,1908.906616,1299682
2017-04-05,2097.0,2105.0,2069.889893,2100.0,1909.81604,1434120
2017-04-06,2079.0,2145.169922,2079.0,2145.0,1950.740845,1708799
2017-04-07,2151.0,2159.0,2127.0,2146.0,1951.6502690000002,875804
2017-04-10,2142.0,2185.0,2142.0,2178.0,1980.7521969999998,1257440
2017-04-11,2192.0,2226.0,2179.0,2210.0,2009.8541260000002,1541515
2017-04-12,2216.0,2227.0,2175.0,2187.0,1988.937134,1703719
2017-04-13,2192.0,2225.0,2180.0,2221.0,2019.8579100000002,971065
2017-04-18,2221.0,2247.0,2199.0,2242.0,2038.956055,1384677
2017-04-19,2242.0,2302.0,2242.0,2297.0,2088.975098,1980139
2017-04-20,2293.0,2299.0,2260.570068,2276.0,2069.876953,2390545
2017-04-21,2271.0,2285.0,2247.0,2256.0,2051.688232,1871112
2017-04-24,2292.0,2299.159912,2273.97998,2284.0,2077.152344,837213
2017-04-25,2290.0,2300.0,2265.0,2267.0,2061.691895,1257399
2017-04-26,2271.0,2299.0,2260.800049,2286.0,2078.971191,1424202
2017-04-27,2282.0,2351.0,2280.0,2340.0,2128.080811,1806798
2017-04-28,2342.0,2344.0,2318.0,2330.0,2118.986572,1684811
2017-05-02,2333.0,2390.0,2325.0,2390.0,2173.552734,1792187
2017-05-03,2378.0,2384.0,2350.3798829999996,2355.0,2141.722412,1311882
2017-05-04,2354.0,2391.0,2334.0,2387.0,2170.824219,1121553
2017-05-05,2381.0,2397.5,2374.0,2391.0,2174.462158,872509
2017-05-08,2393.0,2423.0,2388.0,2413.0,2194.469482,1358222
2017-05-09,2413.0,2424.300049,2397.0,2402.0,2184.466064,1356123
2017-05-10,2405.0,2449.0,2405.0,2411.0,2192.650635,1187406
2017-05-11,2406.0,2420.0,2382.0,2405.0,2187.194092,1178373
2017-05-12,2396.0,2413.0,2357.0,2360.0,2146.269531,1444316
2017-05-15,2362.0,2398.0,2342.0,2394.0,2177.19043,1506934
2017-05-16,2398.0,2416.0,2382.0,2401.0,2183.556396,1135611
2017-05-17,2400.0,2435.0,2390.0,2430.0,2209.9301760000003,1290307
2017-05-18,2429.0,2451.0,2410.0,2422.0,2202.654541,1540651
2017-05-19,2417.0,2475.0,2414.0,2431.0,2210.8396,1397270
2017-05-22,2425.0,2458.0,2409.699951,2458.0,2235.394287,1301854
2017-05-23,2460.0,2467.0,2443.0,2456.0,2233.575439,1208662
2017-05-24,2459.0,2474.0,2448.0,2460.0,2237.213135,1304168
2017-05-25,2465.0,2471.0,2439.0,2462.0,2239.031982,770328
2017-05-26,2463.0,2474.0,2433.0,2443.0,2221.752686,1116558
2017-05-30,2443.0,2455.0,2412.0,2453.0,2230.847168,1031624
2017-05-31,2462.0,2481.0,2443.0,2455.0,2232.666016,1743107
2017-06-01,2469.0,2480.0,2402.0,2404.0,2186.284912,1203697
2017-06-02,2420.0,2429.590088,2390.0,2398.0,2180.828125,1418444
2017-06-05,2395.0,2404.0,2370.0,2397.0,2179.918701,1917770
2017-06-06,2384.0,2410.0,2333.0,2345.0,2132.62793,1420499
2017-06-07,2344.0,2400.0,2344.0,2393.0,2176.2810059999997,1575881
2017-06-08,2400.0,2411.0,2368.0,2411.0,2192.650635,1595298
2017-06-09,2390.0,2390.0,2302.639893,2379.0,2163.548828,3385594
2017-06-12,2372.0,2383.0,2363.0,2375.0,2159.910889,1296160
2017-06-13,2380.0,2412.0,2378.0,2391.0,2174.462158,1711836
2017-06-14,2410.0,2442.0,2405.0,2422.0,2202.654541,1559502
2017-06-15,2311.0,2317.0,2214.0,2259.0,2152.1611329999996,2583778
2017-06-16,2261.0,2287.5,2251.0,2275.0,2167.404541,2340450
2017-06-19,2282.0,2306.669922,2276.0,2278.0,2170.262695,1353717
2017-06-20,2290.0,2328.600098,2275.0,2276.0,2168.357178,81286
2017-06-21,2284.0,2290.0,2244.0,2258.0,2151.208496,121801
2017-06-22,2259.0,2274.0,2244.0,2273.0,2165.499023,321225
2017-06-23,2278.0,2287.0,2266.0,2278.0,2170.262695,222101
2017-06-26,2286.0,2409.0,2273.77002,2281.649902,2173.73999,120624
2017-06-27,2279.0,2284.0,2230.0,2258.850098,2152.018311,667291
2017-06-28,2277.0,2303.0,2251.0,2274.0,2166.45166,282786
2017-06-29,2278.0,2291.0,2229.0,2231.0,2125.485352,295026
2017-06-30,2235.0,2265.669922,2227.5,2242.0,2135.965088,240932
2017-07-03,2263.0,2267.0,2243.0,2266.0,2158.830078,1257300
2017-07-04,2270.0,2306.0,2257.0,2291.0,2182.647705,1497572
2017-07-05,2374.0,2405.0,2325.0,2345.0,2234.09375,3266701
2017-07-06,2377.0,2378.0,2319.0,2374.0,2261.722412,2038666
2017-07-07,2378.0,2391.25,2343.0,2366.0,2254.100586,1174884
2017-07-10,2381.0,2391.0,2349.0,2375.0,2262.675049,1721732
2017-07-11,2376.0,2384.0,2337.570068,2352.0,2240.762695,1670831
2017-07-12,2373.0,2381.0,2331.0,2349.0,2237.904785,1781085
2017-07-13,2369.0,2400.5,2312.0,2399.0,2285.540039,3501212
2017-07-14,2386.0,2414.0,2356.0,2362.0,2250.289795,1261287
2017-07-17,2366.0,2386.0,2362.0,2369.0,2256.95874,1029476
2017-07-18,2371.0,2386.199951,2340.5,2386.0,2273.154785,1786240
2017-07-19,2403.0,2442.0,2372.149902,2442.0,2326.506348,1353214
2017-07-20,2452.0,2465.0,2428.0,2462.0,2345.560303,1472579
2017-07-21,2463.0,2463.0,2428.25,2461.0,2344.607666,1107403
2017-07-24,2448.0,2454.0,2411.0,2421.0,2306.4995120000003,1584499
2017-07-25,2428.0,2452.0,2412.0,2441.0,2325.553467,1597351
2017-07-26,2445.0,2480.350098,2442.0,2473.0,2356.040039,1292132
2017-07-27,2475.0,2516.0,2470.0,2496.0,2377.952393,1565702
2017-07-28,2484.0,2491.0,2460.0,2483.0,2365.567139,919394
2017-07-31,2485.0,2511.0,2465.0,2504.0,2385.573975,1137869
2017-08-01,2519.0,2537.0,2501.6201170000004,2529.0,2409.391602,1218767
2017-08-02,2535.0,2545.0,2518.0,2535.0,2415.10791,1021224
2017-08-03,2539.0,2571.0,2525.0,2566.0,2444.641602,1068740
2017-08-04,2560.0,2560.0,2388.0,2464.0,2347.46582,4755532
2017-08-07,2490.0,2519.0,2463.0,2519.0,2399.864502,2030982
2017-08-08,2522.0,2526.040039,2499.639893,2520.0,2400.8173829999996,1456407
2017-08-09,2516.0,2536.0,2488.0,2536.0,2416.060547,1496375
2017-08-10,2519.0,2523.0,2450.280029,2462.0,2345.560303,1662696
2017-08-11,2452.0,2501.5,2428.0,2501.0,2382.71582,1091586
2017-08-14,2501.0,2526.0,2500.0,2514.0,2395.1010739999997,1016908
2017-08-15,2525.0,2528.0,2497.0,2502.0,2383.668457,957766
2017-08-16,2505.0,2541.0,2505.0,2536.0,2416.060547,892332
2017-08-17,2539.0,2576.0,2520.0,2532.0,2412.2497559999997,816438
2017-08-18,2526.0,2542.0,2504.0,2521.0,2401.77002,1133014
2017-08-21,2511.0,2576.73999,2511.0,2556.0,2435.114746,1658157
2017-08-22,2612.0,2650.0,2571.0,2601.0,2477.986328,2192669
2017-08-23,2578.0,2589.0,2547.0,2580.0,2457.9794920000004,1216640
2017-08-24,2595.0,2645.0,2569.76001,2631.0,2506.567627,1545540
2017-08-25,2632.0,2643.0,2615.419922,2616.0,2492.276855,1579161
2017-08-29,2616.0,2626.070068,2587.0,2608.0,2484.655273,1035067
2017-08-30,2626.0,2632.0,2610.0,2621.0,2497.040527,1150410
2017-08-31,2633.0,2669.0,2620.73999,2659.0,2533.243408,1822765
2017-09-01,2651.0,2656.0,2636.0,2636.0,2511.331055,1248047
2017-09-04,2632.0,2642.0,2602.0,2608.0,2484.655273,765494
2017-09-05,2615.0,2627.0,2610.0,2624.0,2499.898682,1315822
2017-09-06,2620.0,2621.0,2552.0,2561.0,2439.878174,1939120
2017-09-07,2570.0,2592.0,2540.0,2589.0,2466.553955,1049411
2017-09-08,2587.0,2588.0,2517.0,2540.0,2419.871338,1472821
2017-09-11,2555.0,2570.0,2539.0,2555.0,2434.161865,1136508
2017-09-12,2517.0,2519.0,2468.0,2503.0,2384.621338,1971324
2017-09-13,2500.0,2519.0,2481.0,2515.0,2396.053711,1626368
2017-09-14,2520.0,2532.0,2431.0,2436.0,2320.790039,2263262
2017-09-15,2430.0,2455.0,2421.0,2440.0,2324.60083,2715104
2017-09-18,2446.0,2463.0,2425.52002,2449.0,2333.175293,893990
2017-09-19,2443.0,2493.0,2441.0,2485.0,2367.472656,2105335
2017-09-20,2488.0,2523.0,2486.23999,2515.0,2396.053711,1912930
2017-09-21,2515.0,2523.0,2471.0,2475.0,2357.945557,1729627
2017-09-22,2471.0,2491.0,2453.0,2484.0,2366.519775,989957
2017-09-25,2472.0,2498.0,2471.959961,2490.0,2372.236084,789617
2017-09-26,2492.0,2499.0,2476.0,2489.0,2371.283447,1255988
2017-09-27,2499.0,2526.0,2487.0,2515.0,2396.053711,1585171
2017-09-28,2522.0,2529.0,2497.0,2529.0,2409.391602,1250031
2017-09-29,2540.0,2596.0,2540.0,2582.0,2459.88501,2027178
2017-10-02,2620.0,2692.0,2620.0,2690.0,2562.7771,2916881
2017-10-03,2680.0,2699.0,2655.0,2685.0,2558.013672,1422659
2017-10-04,2684.0,2689.070068,2653.949951,2688.0,2560.871826,1631827
2017-10-05,2684.0,2734.0,2677.0,2706.0,2578.0205079999996,1617499
2017-10-06,2717.0,2717.98999,2697.0,2707.0,2578.973145,714734
2017-10-09,2698.0,2707.0,2692.0,2698.0,2570.398682,712932
2017-10-10,2712.0,2761.0,2705.0,2761.0,2630.419189,2274771
2017-10-11,2754.0,2782.0,2743.0,2778.0,2646.615234,1447878
2017-10-12,2765.0,2791.0,2754.0,2780.0,2648.520752,1876898
2017-10-13,2780.0,2808.1201170000004,2765.0,2807.0,2674.243652,2014895
2017-10-16,2807.0,2832.0,2779.0,2822.0,2688.53418,1916041
2017-10-17,2831.0,2852.3798829999996,2785.310059,2791.0,2659.0004879999997,1804291
2017-10-18,2802.0,2845.0,2790.0,2840.0,2705.682861,1273326
2017-10-19,2844.0,2847.0,2811.0,2833.0,2699.013916,1513376
2017-10-20,2844.0,2851.0,2831.0,2849.0,2714.2573239999997,1623056
2017-10-23,2838.0,2861.0,2834.0,2857.0,2721.878906,1208437
2017-10-24,2854.0,2884.320068,2851.0,2871.0,2735.216797,1152871
2017-10-25,2877.0,2901.0,2848.0,2872.0,2736.169434,1611920
2017-10-26,2882.0,2890.0,2858.0,2890.0,2753.318115,1021592
2017-10-27,2897.0,2897.0,2813.0,2831.0,2697.108643,1818966
2017-10-30,2762.0,2816.0,2737.0,2813.0,2679.959961,1997103
2017-10-31,2805.0,2825.0,2784.0,2802.0,2669.480225,1357507
2017-11-01,2808.0,2865.0,2795.060059,2858.0,2722.831543,1777969
2017-11-02,2844.0,2856.0,2795.0,2838.0,2703.777588,1595020
2017-11-03,2841.0,2849.0,2817.810059,2831.0,2697.108643,1017832
2017-11-06,2821.0,2879.0,2821.0,2870.0,2734.26416,1163954
2017-11-07,2880.0,2891.0,2851.0,2874.0,2738.074951,1499491
2017-11-08,2840.0,2847.0,2753.0,2772.0,2640.8989260000003,2468619
2017-11-09,2755.0,2756.0,2657.0,2662.0,2536.101318,2959558
2017-11-10,2664.0,2697.0,2646.0,2673.0,2546.581055,1865916
2017-11-13,2684.0,2689.0,2646.0,2657.0,2531.337891,1565016
2017-11-14,2663.0,2717.0,2663.0,2709.0,2580.878662,1319043
2017-11-15,2750.0,2750.0,2657.0,2669.0,2542.770264,1929959
2017-11-16,2683.0,2711.0,2665.0,2678.0,2551.344727,1362826
2017-11-17,2680.0,2701.0,2665.0,2676.0,2549.439209,968010
2017-11-20,2691.0,2711.0,2676.0,2684.0,2557.061035,855378
2017-11-21,2691.0,2695.0,2663.0,2675.0,2548.486572,2150918
2017-11-22,2679.0,2691.0,2597.0,2624.0,2499.898682,2439394
2017-11-23,2610.0,2668.0,2592.0,2651.0,2525.621582,1387029
2017-11-24,2651.0,2652.0,2539.0,2556.0,2435.114746,2164338
2017-11-27,2557.0,2595.0,2544.0,2589.0,2466.553955,1409884
2017-11-28,2584.0,2589.0,2526.0,2540.0,2419.871338,3015285
2017-11-29,2553.0,2625.0,2552.0,2591.0,2468.459229,2341707
2017-11-30,2595.0,2602.0,2513.0,2540.0,2419.871338,4302976
2017-12-01,2526.0,2583.0,2515.0,2552.0,2431.303955,1482670
2017-12-04,2578.0,2591.0,2558.0,2566.0,2444.641602,861537
2017-12-05,2595.0,2633.0,2586.0,2602.0,2478.939209,4656509
2017-12-06,2600.0,2629.0,2572.0,2604.0,2480.844482,991073
2017-12-07,2613.0,2628.0,2582.0,2606.0,2482.75,1060874
2017-12-08,2622.0,2694.0,2617.0,2671.0,2544.675781,1979160
2017-12-11,2681.0,2686.0,2660.0,2682.0,2555.155518,1145398
2017-12-12,2686.0,2686.0,2603.0,2652.0,2526.574463,1557101
2017-12-13,2672.0,2672.0,2583.0,2630.0,2505.614746,1682590
2017-12-14,2646.0,2683.0,2642.0,2652.0,2526.574463,1284473
2017-12-15,2652.0,2660.0,2602.0,2626.0,2501.803955,1851628
2017-12-18,2638.0,2698.0,2631.0,2685.0,2558.013672,1093253
2017-12-19,2697.0,2739.0,2684.0,2719.0,2590.405518,1562701
2017-12-20,2715.0,2728.0,2690.0,2722.0,2593.263672,1052678
2017-12-21,2714.0,2714.0,2665.0,2701.0,2573.256836,1459867
2017-12-22,2705.0,2719.0,2695.0,2719.0,2590.405518,944894
2017-12-27,2719.0,2733.0,2697.0,2731.0,2601.838135,553271
2017-12-28,2740.0,2754.0,2728.0,2739.0,2609.459717,456310
2017-12-29,2730.0,2745.0,2711.0,2738.0,2608.50708,286397
2018-01-02,2738.0,2756.0,2706.0,2751.0,2620.89209,776632
2018-01-03,2760.0,2774.0,2749.0,2753.0,2622.797607,952701
2018-01-04,2768.0,2789.0,2749.0,2754.0,2623.7502440000003,972580
2018-01-05,2757.0,2787.0,2751.0,2778.0,2646.615234,965181
2018-01-08,2770.0,2770.0,2723.0,2748.0,2618.03418,1196318
2018-01-09,2765.0,2808.0,2663.0,2715.0,2586.594727,2299177
2018-01-10,2701.0,2701.0,2606.0,2673.0,2546.581055,1777053
2018-01-11,2673.0,2674.0,2623.0,2643.0,2518.0,1500148
2018-01-12,2654.0,2686.0,2646.0,2647.0,2521.810791,1070318
2018-01-15,2651.0,2660.0,2613.0,2619.0,2495.13501,1203523
2018-01-16,2618.0,2643.0,2606.0,2621.0,2497.040527,1139281
2018-01-17,2623.0,2631.0,2599.0,2610.0,2486.560791,1035142
2018-01-18,2619.0,2633.0,2595.0,2621.0,2497.040527,2218662
2018-01-19,2625.0,2659.0,2625.0,2634.0,2509.425781,1788698
2018-01-22,2627.0,2641.0,2619.0,2630.0,2505.614746,1124543
2018-01-23,2630.0,2653.0,2624.0,2650.0,2524.668945,1041827
2018-01-24,2655.0,2669.0,2631.0,2640.0,2515.141846,965124
2018-01-25,2635.0,2636.0,2588.0,2602.0,2478.939209,978195
2018-01-26,2620.0,2652.0,2606.0,2631.0,2506.567627,932863
2018-01-29,2631.0,2648.0,2618.0,2619.0,2495.13501,1026908
2018-01-30,2605.0,2608.0,2563.0,2571.0,2449.405273,1365820
2018-01-31,2560.0,2560.0,2494.0,2502.0,2383.668457,2245445
2018-02-01,2509.0,2533.0,2495.0,2516.0,2397.006348,1484390
2018-02-02,2505.0,2518.0,2495.0,2504.0,2385.573975,983166
2018-02-05,2476.0,2480.0,2438.0,2470.0,2353.181885,1362068
2018-02-06,2402.0,2475.0,2366.0,2435.0,2319.837402,1691439
2018-02-07,2457.0,2514.0,2434.0,2500.0,2381.763184,2254470
2018-02-08,2483.0,2506.0,2391.0,2394.0,2280.7763670000004,1779616
2018-02-09,2379.0,2413.0,2378.0,2409.0,2295.066895,1625925
2018-02-12,2425.0,2439.0,2396.0,2414.0,2299.830566,1058402
2018-02-13,2408.0,2433.0,2408.0,2418.0,2303.641357,1359898
2018-02-14,2435.0,2457.0,2391.0,2410.0,2296.019775,1175164
2018-02-15,2419.0,2457.0,2413.0,2425.0,2310.310303,1032549
2018-02-16,2441.0,2457.0,2410.0,2423.0,2308.404785,803016
2018-02-19,2431.0,2449.0,2409.0,2425.0,2310.310303,633413
2018-02-20,2429.0,2480.0,2426.0,2465.0,2348.418457,1500297
2018-02-21,2465.0,2493.0,2456.0,2484.0,2366.519775,2061504
2018-02-22,2472.0,2488.0,2435.0,2456.0,2339.8442379999997,1169950
2018-02-23,2476.0,2484.0,2452.0,2472.0,2355.087402,1112487
2018-02-26,2489.0,2505.0,2466.0,2488.0,2370.330811,1438323
2018-02-27,2750.0,2822.0,2604.0,2604.0,2480.844482,5727985
2018-02-28,2619.0,2630.0,2555.0,2601.0,2477.986328,3394877
2018-03-01,2597.0,2606.0,2571.0,2583.0,2460.837646,2106570
2018-03-02,2565.0,2615.0,2565.0,2584.0,2461.790283,1826494
2018-03-05,2598.0,2672.0,2583.0,2642.0,2517.0473629999997,2273462
2018-03-06,2654.0,2675.0,2628.0,2650.0,2524.668945,2350855
2018-03-07,2646.0,2676.0,2641.0,2643.0,2518.0,1862381
2018-03-08,2518.0,2561.0,2515.0,2548.0,2548.0,1845827
2018-03-09,2554.0,2599.0,2547.0,2597.0,2597.0,1811986
