Date,Open,High,Low,Close,Adj Close,Volume
2015-01-02,4124.220215,4124.220215,4006.6899409999996,4027.580078,3771.8256840000004,104915
2015-01-05,3980.570068,4098.100098,3980.570068,4082.429932,3823.1923829999996,85871
2015-01-06,4100.709961,4145.120117,3970.1201170000004,3970.1201170000004,3718.01416,145089
2015-01-07,3944.0,3944.5200200000004,3878.6999509999996,3883.919922,3637.287598,432050
2015-01-08,3915.2700200000004,3928.330078,3861.469971,3904.820068,3656.860596,92594
2015-01-09,3907.429932,3910.040039,3836.9099119999996,3870.8701170000004,3625.06665,139946
2015-01-12,3823.860107,4017.1298829999996,3823.860107,4017.1298829999996,3762.038574,294486
2015-01-13,4030.1899409999996,4030.1899409999996,3842.1298829999996,3876.0900880000004,3629.955322,253235
2015-01-14,3821.23999,3884.5600590000004,3795.1201170000004,3857.8100590000004,3612.835938,125475
2015-01-15,3899.600098,3923.110107,3844.73999,3923.110107,3673.9895020000004,142447
2015-01-16,3878.6999509999996,3934.209961,3878.6999509999996,3917.8798829999996,3669.0913090000004,197499
2015-01-19,3930.9399409999996,3998.860107,3907.429932,3988.399902,3735.133301,314893
2015-01-20,4009.3000490000004,4124.220215,3946.610107,4056.3100590000004,3798.730957,153534
2015-01-21,4045.8701170000004,4090.2700200000004,3991.01001,4053.6999509999996,3796.286865,110772
2015-01-22,4019.73999,4233.919922,3998.860107,4022.360107,3766.937012,171701
2015-01-23,4061.530029,4071.98999,4006.6899409999996,4048.4799799999996,3791.398193,83403
2015-01-26,4179.080078,4179.080078,4100.709961,4158.180176,3894.132324,189389
2015-01-27,4199.970215,4215.640136999999,4126.830078,4166.009765999999,3901.4648439999996,196342
2015-01-28,4163.399902,4194.740234000001,4126.830078,4171.22998,3906.3535159999997,267552
2015-01-29,4137.279785,4236.529785,4134.669922,4205.189941,3938.157227,127040
2015-01-30,4244.370117,4291.390136999999,4184.299805,4210.419922,3943.054688,323625
2015-02-02,4207.799805,4254.169922,4116.390136999999,4139.899902,3877.012939,225382
2015-02-03,4129.439941,4173.859863000001,4071.98999,4098.100098,3837.867432,144615
2015-02-04,4121.609863000001,4145.120117,4048.4799799999996,4113.779785,3852.5517579999996,110930
2015-02-05,4111.169922,4129.439941,4061.530029,4103.330078,3842.765381,88097
2015-02-06,4043.26001,4145.120117,4043.26001,4132.060059,3869.670898,145338
2015-02-09,4126.830078,4147.609863000001,4079.51001,4124.220215,3862.329102,131676
2015-02-10,4111.169922,4197.359863000001,4111.169922,4163.399902,3899.0207520000004,113869
2015-02-11,4210.419922,4220.870117,4134.669922,4147.72998,3884.345703,83257
2015-02-12,4189.52002,4189.52002,4119.0,4134.669922,3872.114746,44664
2015-02-13,4132.060059,4187.330078,4100.709961,4179.080078,3913.705078,160153
2015-02-16,4173.859863000001,4198.97998,4150.339844,4166.009765999999,3901.4648439999996,198338
2015-02-17,4179.080078,4199.970215,4155.569824,4163.399902,3899.0207520000004,66611
2015-02-18,4252.209961,4252.209961,4139.899902,4207.799805,3940.601318,136135
2015-02-19,4215.640136999999,4314.890136999999,4213.029785,4299.220215,4026.2163090000004,224829
2015-02-20,4283.560059,4294.0,4236.529785,4278.319824,4006.643311,131969
2015-02-23,4309.669922,4328.609863000001,4246.990234000001,4296.609863000001,4023.77124,69263
2015-02-24,4296.609863000001,4382.799805,4257.430176,4380.189941,4102.044434,206774
2015-02-25,4390.640136999999,4429.819824,4361.910156,4408.919922,4128.949707,191358
2015-02-26,4382.799805,4440.27002,4382.799805,4435.040039,4153.411621,238256
2015-02-27,4414.140136999999,4560.410156,4401.089844,4549.970215,4261.043457,253138
2015-03-02,4573.47998,4596.97998,4505.040039,4589.140136999999,4297.726074,187252
2015-03-03,4531.680176,4591.100098,4530.759765999999,4555.189941,4265.931640999999,286662
2015-03-04,4531.680176,4691.009765999999,4531.680176,4664.890136999999,4368.666504,164375
2015-03-05,5069.740234000001,5511.160156,4962.660156,5498.089844,5148.957031,991267
2015-03-06,5458.910156,5720.109863000001,5364.890136999999,5396.22998,5053.564453,283374
2015-03-09,5364.890136999999,5696.600098,5357.060059,5631.299805,5273.707031,261413
2015-03-10,5555.560059,5654.810059,5547.720215,5563.390136999999,5210.110352000001,226387
2015-03-11,5610.410156,5636.52002,5451.080078,5558.169922,5205.222168,166028
2015-03-12,5518.990234000001,5699.209961,5490.259765999999,5589.509765999999,5332.428711,154900
2015-03-13,5628.689941,5746.220215,5566.660156,5665.259765999999,5404.694824,259663
2015-03-16,5709.660156,5850.700195,5649.189941,5806.299805,5539.248047,135103
2015-03-17,5855.919922,5855.919922,5691.379883,5782.790039,5516.819336,71133
2015-03-18,5743.609863000001,5835.029785,5743.609863000001,5811.52002,5544.228515999999,113738
2015-03-19,5848.089844,5848.089844,5657.419922,5735.779785,5471.97168,121860
2015-03-20,5772.339844,5797.5,5678.310059,5746.220215,5481.931640999999,154634
2015-03-23,5746.220215,5764.509765999999,5646.97998,5678.310059,5417.14502,163297
2015-03-24,5709.660156,5876.819824,5678.310059,5798.470215,5531.778809,234771
2015-03-25,5754.069824,5916.0,5722.720215,5829.810059,5561.67627,217570
2015-03-26,5829.810059,5829.810059,5714.879883,5814.129883,5546.718261999999,97560
2015-03-27,5871.600098,6012.640136999999,5850.700195,5866.379883,5596.564453,154440
2015-03-30,5926.439941,6064.879883,5915.589844,5968.240234000001,5693.740234000001,275197
2015-03-31,6007.419922,6007.419922,5811.52002,5837.640136999999,5569.146484000001,166686
2015-04-01,5842.870117,5910.779785,5782.790039,5853.310059,5584.095215,202298
2015-04-02,5798.470215,5824.589844,5657.419922,5730.560059,5466.991699,159278
2015-04-07,5730.560059,5785.399902,5688.77002,5764.509765999999,5499.380371,121320
2015-04-08,5777.569824,5827.200195,5717.5,5788.02002,5521.809082,129987
2015-04-09,5848.089844,5916.0,5805.359863000001,5889.879883,5618.983397999999,106542
2015-04-10,5861.160156,5918.609863000001,5819.359863000001,5887.27002,5616.494140999999,107075
2015-04-13,5905.560059,5923.830078,5755.890136999999,5798.470215,5531.778809,125061
2015-04-14,5835.029785,5926.439941,5738.390136999999,5916.0,5643.902344,138939
2015-04-15,5868.990234000001,5911.069824,5767.120117,5782.790039,5516.819336,158817
2015-04-16,5733.169922,5816.740234000001,5657.419922,5761.899902,5496.890136999999,169180
2015-04-17,5743.609863000001,5837.640136999999,5636.52002,5696.600098,5434.593261999999,120158
2015-04-20,5727.939941,5798.470215,5727.939941,5748.830078,5484.421875,82560
2015-04-21,5725.330078,5848.089844,5725.330078,5829.810059,5561.67627,73814
2015-04-22,5803.689941,5931.680176,5803.689941,5855.919922,5586.586426,127744
2015-04-23,5814.129883,6156.299805,5811.52002,6140.620117,5858.191406,290067
2015-04-24,6130.180176,6182.419922,6023.399902,6156.299805,5873.150390999999,169249
2015-04-27,6119.72998,6252.930176,6043.990234000001,6158.910156,5875.640625,121377
2015-04-28,6122.339844,6185.029785,6085.779785,6153.689941,5870.660156,163619
2015-04-29,6140.620117,6221.600098,6096.220215,6096.220215,5815.833984000001,250182
2015-04-30,6161.52002,6164.129883,5978.47998,6091.0,5810.853515999999,421906
2015-05-01,6185.029785,6208.529785,6067.490234000001,6083.169922,5803.383789,82809
2015-05-05,6083.169922,6119.72998,5999.580078,6015.259765999999,5738.59668,165248
2015-05-06,5989.129883,6205.919922,5989.129883,6064.879883,5785.93457,372252
2015-05-07,6085.779785,6255.560059,6075.330078,6192.870117,5908.038086,344201
2015-05-08,6344.359863000001,6532.410156,6286.890136999999,6503.689941,6204.5625,292083
2015-05-11,6485.399902,6545.47998,6446.220215,6464.5,6167.174805,226195
2015-05-12,6399.209961,6438.390136999999,6313.009765999999,6393.97998,6099.898438,245415
2015-05-13,6427.930176,6485.399902,6420.100098,6446.220215,6149.73584,145714
2015-05-14,6451.439941,6527.189941,6407.97998,6495.839844,6197.073242,123712
2015-05-15,6482.790039,6631.669922,6465.310059,6592.490234000001,6289.27832,146176
2015-05-18,5944.990234000001,5975.549805,5883.870117,5923.839844,5651.381836,217960
2015-05-19,5956.75,6135.399902,5937.939941,6111.899902,5830.791992,153139
2015-05-20,6140.100098,6144.810059,6076.629883,6100.140136999999,5819.57373,117726
2015-05-21,6062.529785,6104.839844,6006.109863000001,6039.02002,5761.264647999999,166374
2015-05-22,5992.009765999999,6130.700195,5987.310059,6114.25,5833.033691,107475
2015-05-26,6114.25,6163.609863000001,6097.790039,6156.560059,5873.397949,155903
2015-05-27,6133.049805,6332.859863000001,6133.049805,6292.899902,6003.467285,266995
2015-05-28,6229.430176,6299.950195,6210.629883,6295.25,6005.708984000001,138861
2015-05-29,6283.5,6356.370117,6234.129883,6267.040039,5978.797363000001,274975
2015-06-01,6309.359863000001,6375.180176,6222.379883,6316.410156,6025.896973,217172
2015-06-02,6377.529785,6403.390136999999,6309.359863000001,6342.27002,6050.566895,177023
2015-06-03,6323.459961,6398.680176,6295.25,6295.25,6005.708984000001,298378
2015-06-04,6290.549805,6318.759765999999,6212.97998,6217.680176,5931.707031,318546
2015-06-05,6097.790039,6104.839844,5881.52002,5897.97998,5626.710938,544748
2015-06-08,5923.839844,6015.52002,5883.169922,5954.399902,5680.536133,263797
2015-06-09,5961.450195,6003.759765999999,5848.609863000001,5893.279785,5622.227051,524952
2015-06-10,5919.140136999999,5987.310059,5876.819824,5987.310059,5711.933105,265462
2015-06-11,6003.759765999999,6039.02002,5930.890136999999,5970.850098,5696.22998,188665
2015-06-12,5947.339844,5996.709961,5916.970215,5970.850098,5696.22998,184297
2015-06-15,5963.799805,6010.810059,5897.97998,5900.330078,5628.953125,212211
2015-06-16,5895.629883,5916.779785,5841.560059,5909.72998,5637.920897999999,207304
2015-06-17,5846.259765999999,5865.069824,5672.310059,5679.359863000001,5418.146484000001,606330
2015-06-18,5630.0,5637.049805,5476.660156,5559.470215,5303.770508,596315
2015-06-19,5582.97998,5705.220215,5559.470215,5641.75,5382.266602000001,550367
2015-06-22,5712.27002,5752.22998,5620.589844,5641.75,5382.266602000001,343510
2015-06-23,5705.220215,5740.47998,5634.700195,5674.660156,5413.663086,332673
2015-06-24,5693.470215,5693.470215,5545.370117,5552.419922,5297.044434,307814
2015-06-25,5524.209961,5669.959961,5524.209961,5658.200195,5397.958984000001,295562
2015-06-26,5620.589844,5742.830078,5618.240234000001,5707.569824,5445.058594,300551
2015-06-29,5554.77002,5658.200195,5512.459961,5547.720215,5292.561522999999,285925
2015-06-30,5524.209961,5688.759765999999,5475.879883,5655.850098,5395.717285,346842
2015-07-01,5712.27002,5942.640136999999,5712.27002,5862.720215,5593.073242,418313
2015-07-02,5843.910156,5959.100098,5818.049805,5865.069824,5595.314941,308560
2015-07-03,5822.759765999999,5867.509765999999,5782.790039,5829.810059,5561.67627,279185
2015-07-06,5775.740234000001,5827.459961,5738.129883,5759.290039,5494.399902,153385
2015-07-07,5785.140136999999,5832.160156,5721.669922,5756.939941,5492.157715,237038
2015-07-08,5789.850098,5792.200195,5496.0,5540.669922,5285.835938,319131
2015-07-09,5519.509765999999,5721.669922,5519.509765999999,5695.819824,5433.849121,186462
2015-07-10,5759.290039,5784.959961,5705.220215,5773.390136999999,5507.852051,128465
2015-07-13,5789.850098,5933.240234000001,5775.620117,5912.080078,5640.162598,334679
2015-07-14,5942.640136999999,5942.640136999999,5836.859863000001,5867.419922,5597.557129,198133
2015-07-15,5883.870117,5895.629883,5771.040039,5853.319824,5584.10498,272212
2015-07-16,5893.279785,5937.939941,5853.319824,5937.939941,5664.833496,170828
2015-07-17,5956.75,6083.689941,5930.890136999999,6081.339844,5801.638184,233975
2015-07-20,5933.240234000001,6175.359863000001,5933.240234000001,6135.399902,5853.211914,165794
2015-07-21,6135.399902,6161.259765999999,6062.529785,6095.439941,5815.088867,142142
2015-07-22,6074.279785,6330.509765999999,6074.279785,6196.52002,5911.52002,467337
2015-07-23,6257.640136999999,6410.439941,6224.72998,6354.02002,6061.776367,488354
2015-07-24,6372.830078,6485.660156,6330.509765999999,6393.97998,6099.898438,306071
2015-07-27,6363.419922,6372.830078,6245.890136999999,6274.100098,5985.532715,236611
2015-07-28,6288.200195,6354.02002,6269.390136999999,6344.620117,6052.808594,199450
2015-07-29,6354.02002,6431.589844,6321.109863000001,6417.490234000001,6122.327636999999,328660
2015-07-30,6448.049805,6457.450195,6304.649902,6330.509765999999,6039.348145,236452
2015-07-31,6365.77002,6558.529785,6339.919922,6544.430176,6243.429199,333746
2015-08-03,6520.919922,6582.040039,6452.75,6537.379883,6236.702636999999,274521
2015-08-04,6563.240234000001,6589.089844,6436.299805,6584.390136999999,6281.55127,381402
2015-08-05,6593.790039,6605.549805,6537.379883,6560.879883,6259.12207,538927
2015-08-06,6523.27002,6582.040039,6523.27002,6556.180176,6254.638184,171979
2015-08-07,6579.689941,6579.689941,6398.680176,6422.189941,6126.811035,179316
2015-08-10,6473.910156,6499.77002,6406.060059,6485.660156,6187.362305,133238
2015-08-11,6436.299805,6590.169922,6419.839844,6570.290039,6268.100098,244883
2015-08-12,6535.029785,6542.080078,6384.580078,6448.049805,6151.481445,239354
2015-08-13,6535.029785,6593.790039,6497.410156,6584.390136999999,6281.55127,273383
2015-08-14,6563.240234000001,6718.379883,6563.240234000001,6683.120117,6375.740723,217966
2015-08-17,6734.839844,6734.839844,6483.310059,6638.459961,6333.134277,144224
2015-08-18,6600.850098,6678.419922,6600.850098,6666.669922,6360.046386999999,122101
2015-08-19,6640.810059,6661.970215,6577.339844,6596.149902,6292.769531,116292
2015-08-20,6567.939941,6596.149902,6431.589844,6452.75,6155.965332,141401
2015-08-21,6330.509765999999,6361.069824,6191.819824,6196.52002,5911.52002,265938
2015-08-24,6055.47998,6055.47998,5822.759765999999,5968.5,5693.987793,244646
2015-08-25,5999.060059,6147.160156,5902.680176,6118.950195,5837.518555,345429
2015-08-26,7172.069823999999,7541.140137,7073.339844,7367.180176000001,7028.337890999999,1585734
2015-08-27,7364.830078,7691.589844,7287.259765999999,7585.799805,7236.902344,839698
2015-08-28,7501.180176000001,7653.970215,7421.25,7616.359863,7266.057129000001,410225
2015-09-01,7616.359863,7616.359863,7409.5,7428.299805,7086.645995999999,430307
2015-09-02,7522.330078,7614.009765999999,7451.810059,7517.629883,7171.868164,204127
2015-09-03,7494.120117,7635.169922,7482.370117,7510.580078,7222.789062999999,260266
2015-09-04,7404.799805,7535.259765999999,7353.080078,7353.080078,7071.324219,175424
2015-09-07,7395.390137,7475.319823999999,7350.189941,7371.890137,7089.413573999999,62439
2015-09-08,7355.430176000001,7458.859863,7296.660156,7317.819823999999,7037.415039,324652
2015-09-09,7404.799805,7428.299805,7136.430176000001,7136.810059,6863.341309,354592
2015-09-10,7070.990234000001,7122.709961,6995.77002,7035.72998,6766.134276999999,247119
2015-09-11,7070.990234000001,7146.220215,7040.430176000001,7108.600098000001,6836.212401999999,124034
2015-09-14,7153.27002,7362.47998,7141.509765999999,7315.470215,7035.155273,167418
2015-09-15,7388.339844,7388.339844,7228.490234000001,7247.299805,6969.597168000001,134000
2015-09-16,7306.069823999999,7402.439941,7306.069823999999,7381.290039,7098.453613,216977
2015-09-17,7414.200195,7475.319823999999,7343.680176000001,7463.560059,7177.570801000001,168208
2015-09-18,7385.990234000001,7585.799805,7385.990234000001,7564.649901999999,7274.787109000001,198631
2015-09-21,7491.77002,7604.609863,7491.77002,7545.839844,7256.698242,136052
2015-09-22,7498.830078,7615.259765999999,7498.830078,7524.680176000001,7236.349120999999,188530
2015-09-23,7482.370117,7616.359863,7482.370117,7581.100098000001,7290.606934,77700
2015-09-24,7534.089844,7677.47998,7517.629883,7519.97998,7231.828613,167153
2015-09-25,7581.100098000001,7679.830078,7574.049805,7625.759765999999,7333.555664,143945
2015-09-28,7592.850098000001,7649.27002,7552.890137,7616.359863,7324.515625,139069
2015-09-29,7534.089844,7668.080078,7472.970215,7581.100098000001,7290.606934,264232
2015-09-30,7679.830078,7806.77002,7675.129883,7806.77002,7507.629883,534381
2015-10-01,7877.290039,7926.660156,7837.330078,7898.450195,7595.796875,557492
2015-10-02,7900.799805,7919.609863,7842.029785,7874.939941,7573.187012,180537
2015-10-05,7929.009765999999,8032.439941,7907.850098000001,7914.899901999999,7611.616211,477214
2015-10-06,7757.410156,7951.779785,7621.060059,7677.47998,7383.293456999999,446646
2015-10-07,7691.589844,7703.620117,7390.689941,7475.319823999999,7188.879883,229786
2015-10-08,7475.319823999999,7571.700195,7430.649901999999,7552.890137,7263.478026999999,257615
2015-10-09,7531.740234000001,7606.959961,7268.450195,7357.779785,7075.84375,187893
2015-10-12,7315.470215,7366.430176000001,7223.790039,7282.560059,7003.506348000001,168110
2015-10-13,7423.600098000001,7443.439941,7280.209961,7294.310059,7014.806151999999,131145
2015-10-14,7313.120117,7444.759765999999,7275.410156,7310.77002,7030.635742,123221
2015-10-15,7336.620117,7350.060059,7204.97998,7263.75,6985.417969,163380
2015-10-16,7263.75,7346.029785,7263.75,7346.029785,7064.544434,247039
2015-10-19,7360.129883,7397.740234000001,7315.470215,7397.740234000001,7114.272948999999,128628
2015-10-20,7400.100098000001,7581.100098000001,7400.100098000001,7480.02002,7193.399901999999,111528
2015-10-21,7552.890137,7552.890137,7435.359863,7461.209961,7175.311523,65663
2015-10-22,7425.950195,7455.370117,7329.569823999999,7395.390137,7112.013184,89520
2015-10-23,7378.939941,7550.540039,7346.029785,7538.790039,7249.918456999999,104935
2015-10-26,7364.830078,7536.439941,7364.830078,7501.180176000001,7213.75,80879
2015-10-27,7470.620117,7527.029785,7428.299805,7428.299805,7143.661620999999,95343
2015-10-28,7428.299805,7531.740234000001,7395.390137,7524.680176000001,7236.349120999999,128492
2015-10-29,7498.830078,7614.009765999999,7489.419922,7552.890137,7263.478026999999,138750
2015-10-30,7529.390137,7602.259765999999,7397.740234000001,7585.799805,7295.126953,130889
2015-11-02,7585.799805,7630.470215,7435.359863,7498.830078,7211.489258,122229
2015-11-03,7498.830078,7625.759765999999,7498.830078,7522.330078,7234.088867,105707
2015-11-04,7592.850098000001,7592.850098000001,7437.709961,7522.330078,7234.088867,94842
2015-11-05,7557.589844,7693.939941,7489.419922,7668.080078,7374.254395,160638
2015-11-06,7757.410156,7757.410156,7595.209961,7651.620117,7358.425293000001,350200
2015-11-09,7642.220215,7695.97998,7599.910156,7658.680176000001,7365.214355,141332
2015-11-10,7708.040039,7846.72998,7625.759765999999,7799.720215,7500.850098000001,464360
2015-11-11,7755.049805,8081.810059,7755.049805,7994.830078,7688.483398,298031
2015-11-12,8051.25,8110.009765999999,7968.970215,8110.009765999999,7799.25,211100
2015-11-13,8072.399901999999,8121.77002,8032.439941,8121.77002,7810.55957,128233
2015-11-16,8044.189941,8140.569823999999,7919.609863,8110.009765999999,7799.25,212150
2015-11-17,8110.009765999999,8196.990234,8060.649901999999,8142.919922,7830.898926000001,85369
2015-11-18,8098.259765999999,8192.290039,8098.259765999999,8149.97998,7837.688477,68651
2015-11-19,8201.69043,8227.549805,8114.720215,8145.279785,7833.168945,82053
2015-11-20,8126.470215,8281.620117,8110.100098000001,8274.570313,7957.504883,467614
2015-11-23,8248.709961,8349.790039,8222.849609,8251.05957,7934.89502,189991
2015-11-24,8415.610352,8415.610352,8159.379883,8182.890137,7869.337890999999,404547
2015-11-25,8338.040039,8521.389648,8272.219727,8521.389648,8194.866211,242628
2015-11-26,8523.740234,8544.900391,8448.519531,8467.330078,8142.878418000001,112100
2015-11-27,8556.650391,8660.089844,8523.740234,8615.419922,8285.293945,284762
2015-11-30,8643.629883,8729.05957,8561.360352,8610.719727,8280.774414,289993
2015-12-01,8631.879883,8650.679688,8472.030273,8528.44043,8201.647461,282745
2015-12-02,8596.620117,8723.55957,8526.089844,8683.589844,8350.851563,141002
2015-12-03,8653.030273,8740.009766,8589.55957,8676.540039,8344.071289,222579
2015-12-04,8697.700195,8888.110352,8620.120117,8885.759766,8545.274414,154534
2015-12-07,8843.44043,8968.030273,8817.580078,8968.030273,8624.393555,365439
2015-12-08,8991.540039,9050.30957,8789.379883,8824.639648,8486.49707,449026
2015-12-09,8885.759766,8885.759766,8737.660156,8777.620117,8441.27832,337332
2015-12-10,8735.30957,8805.830078,8645.980469,8782.320313,8445.798828,247897
2015-12-11,8749.410156,8768.219727,8563.709961,8563.709961,8235.56543,260304
2015-12-14,8627.179688,8676.540039,8556.650391,8620.120117,8289.813477,98490
2015-12-15,8669.490234,8758.820313,8528.44043,8678.889648,8346.332031,250466
2015-12-16,8747.05957,8873.339844,8714.150391,8859.900391,8520.40625,205641
2015-12-17,8685.94043,8993.889648,8685.94043,8991.540039,8647.001953,87886
2015-12-18,8895.160156,9092.620117,8895.160156,9080.870117,8732.908203,373535
2015-12-21,8996.240234,9113.780273,8977.429688,9083.219727,8735.168945,311247
2015-12-22,9120.830078,9120.830078,8930.419922,8989.19043,8644.742188,78625
2015-12-23,9085.570313,9085.570313,8857.639648,8958.629883,8615.352539,79441
2015-12-24,8848.139648,8989.19043,8848.139648,8984.490234,8640.22168,16338
2015-12-29,8984.490234,9125.530273,8953.929688,9120.830078,8771.337891,35631
2015-12-30,9047.959961,9156.089844,8941.610352,9097.320313,8748.728516,52757
2015-12-31,9139.629883,9219.55957,9064.320313,9167.839844,8816.545898,60053
2016-01-04,9167.839844,9184.299805,9021.980469,9184.299805,8832.375,111483
2016-01-05,9184.299805,9184.299805,9073.80957,9118.480469,8769.078125,125007
2016-01-06,9156.089844,9254.820313,8958.629883,9228.959961,8875.324219,263603
2016-01-07,9059.709961,9149.040039,9036.200195,9097.320313,8748.728516,243665
2016-01-08,9167.839844,9388.209961,9094.969727,9339.450195,8981.580078,234329
2016-01-11,9355.900391,9379.410156,9228.959961,9327.69043,8970.271484,177587
2016-01-12,9379.410156,9393.509766,9254.820313,9254.820313,8900.193359,367885
2016-01-13,9290.080078,9297.509766,9092.620117,9099.669922,8750.988281,241029
2016-01-14,9125.530273,9125.530273,8521.389648,8566.05957,8237.825195,335936
2016-01-15,8589.55957,8958.629883,8239.299805,8829.339844,8491.016602,718600
2016-01-18,8826.990234,8963.330078,8681.240234,8942.169922,8599.522461,274355
2016-01-19,8984.490234,9217.209961,8957.589844,9193.700195,8841.416016,373632
2016-01-20,9163.139648,9181.950195,8951.580078,9024.450195,8678.651367,307645
2016-01-21,9047.959961,9106.719727,8801.650391,9106.719727,8757.767578,246194
2016-01-22,9231.30957,9250.120117,9106.719727,9144.339844,8793.947266,462359
2016-01-25,9233.660156,9572.169922,9158.44043,9492.240234,9128.517578,523344
2016-01-26,9412.320313,9821.349609,9379.410156,9757.879883,9383.977539,444518
2016-01-27,9826.049805,9962.389648,9758.769531,9922.429688,9542.22168,521827
2016-01-28,9927.129883,10103.400391,9804.889648,10014.099609,9630.378906,640800
2016-01-29,10070.5,10308.0,9974.139648,10308.0,10033.24707,655231
2016-02-01,10265.599609,10557.099609,10206.700195,10390.200195,10113.255859,2716797
2016-02-02,10500.0,10718.0,10200.0,10490.0,10210.395508,759440
2016-02-03,10600.0,10600.0,10150.0,10360.0,10083.860352,3558704
2016-02-04,10300.0,10500.0,9424.259766,10020.0,9752.922852,1236319
2016-02-05,9900.0,10090.0,9820.0,9850.0,9587.455078,462073
2016-02-08,9780.0,10050.0,9170.0,9360.0,9110.514648,481743
2016-02-09,9165.0,9400.0,9019.610352,9260.0,9013.180664,514599
2016-02-10,9360.0,9375.0,9050.0,9120.0,8876.911133,291484
2016-02-11,9050.0,9101.299805,8647.490234,8765.0,8531.375,251193
2016-02-12,8625.0,9042.259766,8625.0,8900.0,8662.776367,210939
2016-02-15,8955.0,9069.259766,8910.0,8985.0,8745.510742,64037
2016-02-16,8960.0,9170.0,8960.0,9145.0,8901.246094,200407
2016-02-17,9245.0,9705.0,9245.0,9600.0,9344.117188,409543
2016-02-18,9600.0,9780.0,9475.0,9600.0,9344.117188,170308
2016-02-19,9540.0,10130.900391,9540.0,10100.0,9830.791016,292053
2016-02-22,10060.0,10459.900391,10060.0,10320.0,10044.926758,216437
2016-02-23,10120.0,10362.799805,10050.0,10170.0,9898.924805,240377
2016-02-24,10100.0,10350.0,8976.129883,10260.0,9986.526367,314736
2016-02-25,10300.0,10690.0,10241.200195,10650.0,10366.130859,221807
2016-02-26,10750.0,10790.0,10580.0,10770.0,10482.931641,133687
2016-02-29,10700.0,11012.700195,10600.0,10800.0,10512.132813,252708
2016-03-01,10830.0,10830.0,10540.0,10550.0,10268.795898,322089
2016-03-02,10640.0,10670.0,10330.0,10350.0,10074.126953,408506
2016-03-03,10400.0,10618.400391,9775.0,9880.0,9616.655273,204033
2016-03-04,9875.0,10073.0,9617.019531,9700.0,9441.452148,211867
2016-03-07,9750.0,9800.0,9542.0,9620.0,9363.584961,169616
2016-03-08,9700.0,9735.0,9355.0,9450.0,9198.116211,483111
2016-03-09,9525.0,9705.110352,9388.75,9600.0,9344.117188,198422
2016-03-10,9685.0,9685.0,9436.290039,9505.0,9251.650391,229324
2016-03-11,9665.0,9665.0,9305.0,9305.0,9056.981445,163942
2016-03-14,9405.0,9435.0,9110.0,9155.0,8910.979492,191620
2016-03-15,9160.0,9220.0,8937.650391,9035.0,8794.177734,311513
2016-03-16,9075.0,9235.0,9025.0,9100.0,8857.445313,328920
2016-03-17,9240.0,9240.0,8965.0,9005.0,8764.977539,201547
2016-03-18,9040.0,9040.0,8705.0,8865.0,8628.708984,2208490
2016-03-21,8815.0,9055.0,8815.0,9025.0,8784.444336,133414
2016-03-22,9020.0,9345.0,9005.30957,9240.0,8993.712891,182873
2016-03-23,9060.0,9245.0,8895.0,9245.0,8998.581055,251550
2016-03-24,9180.0,9384.049805,9155.0,9300.0,9052.114258,103069
2016-03-29,9300.0,9390.530273,9160.0,9360.0,9110.514648,83317
2016-03-30,9480.0,9580.0,9300.0,9570.0,9314.917969,180694
2016-03-31,9570.0,9800.0,9550.0,9705.0,9446.318359,345922
2016-04-01,9640.0,9805.0,9595.0,9715.0,9456.052734,232694
2016-04-04,9750.0,9821.44043,9715.0,9760.0,9499.853516,68290
2016-04-05,9700.0,9745.0,9565.0,9665.0,9407.385742,263348
2016-04-06,9680.0,9760.0,9645.0,9725.0,9465.787109,165922
2016-04-07,9735.0,9760.0,9495.400391,9550.0,9295.450195,121703
2016-04-08,9540.0,9635.0,9505.0,9585.0,9329.517578,115983
2016-04-11,9505.0,9755.0,9395.0,9420.0,9168.916016,90118
2016-04-12,9445.0,9475.0,9290.0,9320.0,9071.582031,88422
2016-04-13,9355.0,9659.759766,9350.0,9590.0,9334.384766,182192
2016-04-14,9595.0,9660.0,9541.200195,9660.0,9402.518555,90990
2016-04-15,9600.0,9698.5,9540.0,9635.0,9378.185547,248271
2016-04-18,9545.0,9690.0,9505.0,9525.0,9271.117188,76111
2016-04-19,9465.0,9525.0,9315.0,9330.0,9081.314453,273661
2016-04-20,9230.0,9260.0,8843.919922,8925.0,8687.109375,230468
2016-04-21,8900.0,8975.0,8700.0,8715.0,8482.707031,189680
2016-04-22,8705.0,8721.740234,8345.0,8375.0,8151.769531,252210
2016-04-25,8395.0,8450.0,8325.0,8375.0,8151.769531,88241
2016-04-26,8485.0,8800.0,8450.0,8765.0,8531.375,212040
2016-04-27,8735.0,9075.0,8725.0,9005.0,8764.977539,256279
2016-04-28,8940.0,9049.669922,8850.0,8995.0,8755.244141,112147
2016-04-29,8950.0,9170.0,8935.0,9150.0,8906.112305,153076
2016-05-03,9150.0,9215.0,9035.730469,9170.0,8925.579102,121456
2016-05-04,9185.0,9250.0,8790.0,8990.0,8750.37793,266653
2016-05-05,9000.0,9067.849609,8895.0,8895.0,8657.908203,100225
2016-05-06,8890.0,8950.0,8777.80957,8885.0,8648.176758,158011
2016-05-09,8905.0,9125.0,8905.0,9085.0,8842.844727,221489
2016-05-10,9090.0,9135.169922,8910.0,8940.0,8701.709961,210116
2016-05-11,8865.0,9090.0,8865.0,8975.0,8735.777344,38918
2016-05-12,8900.0,9110.0,8900.0,8940.0,8701.709961,106353
2016-05-13,8900.0,9045.0,8855.0,8945.0,8706.577148,48728
2016-05-16,8875.0,9010.0,8860.0,9010.0,8769.84375,32570
2016-05-17,9085.0,9085.0,8875.0,8875.0,8638.442383,60056
2016-05-18,8875.0,9142.389648,8825.0,8955.0,8716.30957,148760
2016-05-19,8875.0,8910.0,8633.0,8680.0,8448.640625,123793
2016-05-20,8680.0,8815.0,8642.870117,8760.0,8526.506836,133085
2016-05-23,8735.0,8880.299805,8735.0,8790.0,8555.707031,60962
2016-05-24,8765.0,8925.0,8730.0,8895.0,8657.908203,111580
2016-05-25,8940.0,9137.0,8905.0,9080.0,8837.978516,72215
2016-05-26,9040.0,9170.0,9040.0,9100.0,8857.445313,52882
2016-05-27,9120.0,9251.469727,9044.94043,9145.0,8901.246094,44093
2016-05-31,9145.0,9234.400391,8955.0,9165.0,8920.711914,97483
2016-06-01,9125.0,9275.0,9125.0,9230.0,8983.980469,73887
2016-06-02,9185.0,9300.0,9135.0,9210.0,8964.513672,110357
2016-06-03,9185.0,9400.0,9185.0,9400.0,9149.449219,68226
2016-06-06,9350.0,9415.0,9070.0,9390.0,9139.714844,78848
2016-06-07,9380.0,9637.389648,9340.0,9500.0,9246.783203,127094
2016-06-08,9435.0,9510.0,9359.580078,9375.0,9125.114258,157004
2016-06-09,9285.0,9440.0,9192.519531,9300.0,9052.114258,87775
2016-06-10,9255.0,9280.0,9155.0,9200.0,8954.780273,146556
2016-06-13,9220.0,9250.0,9083.700195,9100.0,8857.445313,86643
2016-06-14,9040.0,9095.0,8930.0,8975.0,8735.777344,96777
2016-06-15,8930.0,9073.040039,8820.0,8860.0,8623.841797,143801
2016-06-16,8720.0,8980.0,8650.0,8675.0,8443.773438,78240
2016-06-17,8700.0,8785.0,8558.0,8630.0,8399.972656,187246
2016-06-20,8785.0,9226.179688,8735.0,9000.0,8760.110352,205877
2016-06-21,9055.0,9056.870117,8805.0,9015.0,8774.709961,80417
2016-06-22,9065.0,9185.0,8880.0,9115.0,8872.044922,131892
2016-06-23,9195.0,9280.0,8700.0,8700.0,8468.106445,330226
2016-06-24,6525.0,8875.0,6525.0,8725.0,8492.44043,295662
2016-06-27,8710.0,8850.0,7835.990234000001,8060.0,7845.165526999999,235164
2016-06-28,7855.0,8335.0,7855.0,7990.0,7777.031738,109623
2016-06-29,7990.0,8125.0,7860.0,7950.0,7738.097656,160759
2016-06-30,7880.0,8010.0,7772.47998,7895.0,7684.563477,161440
2016-07-01,7885.0,8265.0,7880.0,8250.0,8030.102051000001,173855
2016-07-04,8300.0,8317.5,7930.0,7975.0,7762.431640999999,50171
2016-07-05,8040.0,8125.0,7817.660156,7995.0,7781.898437999999,109666
2016-07-06,8060.0,8120.0,7921.52002,7980.0,7767.297852,159971
2016-07-07,8125.0,8128.310059,7915.0,8070.0,7854.899414,150671
2016-07-08,8000.0,8270.0,8000.0,8225.0,8005.768066,104720
2016-07-11,8275.0,8460.0,8202.139648,8460.0,8234.504883,81487
2016-07-12,8380.0,8546.75,8365.0,8475.0,8249.104492,97254
2016-07-13,8445.0,8650.0,8207.599609,8610.0,8380.505859,136911
2016-07-14,8635.0,8715.0,8560.0,8605.0,8375.638672,95479
2016-07-15,8610.0,8635.0,8515.0,8565.0,8336.706055,108912
2016-07-18,8575.0,8630.0,8510.0,8595.0,8365.905273,47180
2016-07-19,8640.0,8855.0,8515.0,8855.0,8618.975586,96306
2016-07-20,8850.0,8890.05957,8785.0,8820.0,8584.908203,80854
2016-07-21,8760.0,8840.0,8738.620117,8755.0,8521.640625,308649
2016-07-22,8710.0,8805.0,8631.049805,8790.0,8555.707031,58446
2016-07-25,8805.0,8845.0,8680.0,8750.0,8516.774414,70355
2016-07-26,8750.0,8795.0,8611.599609,8645.0,8414.573242,43945
2016-07-27,8700.0,8700.0,8451.919922,8500.0,8273.4375,62403
2016-07-28,8550.0,8550.0,8416.450195,8495.0,8268.571289,130295
2016-07-29,8595.0,8865.25,8440.0,8800.0,8565.441406,130013
2016-08-01,8870.0,8900.0,8692.429688,8740.0,8507.040039,74224
2016-08-02,8740.0,8745.0,8545.0,8555.0,8326.972656,106008
2016-08-03,8535.0,8570.0,8285.0,8515.0,8288.038086,226139
2016-08-04,8500.0,8835.0,8485.700195,8830.0,8594.641602,118911
2016-08-05,8755.0,9200.0,8755.0,9150.0,8906.112305,91713
2016-08-08,9040.0,9256.0,9010.0,9235.0,8988.84668,83924
2016-08-09,9235.0,9255.0,9151.200195,9180.0,8935.3125,80535
2016-08-10,9195.0,9280.0,9101.650391,9190.0,8945.045898,93132
2016-08-11,9195.0,9330.0,9155.0,9315.0,9066.714844,105020
2016-08-12,9265.0,9615.0,9230.0,9580.0,9324.651367,70354
2016-08-15,9640.0,9847.049805,9360.0,9800.0,9538.788086,92303
2016-08-16,9775.0,9800.0,9615.0,9655.0,9397.651367,94071
2016-08-17,9655.0,9820.0,9585.0,9720.0,9460.918945,69487
2016-08-18,9800.0,9900.0,9640.0,9820.0,9558.253906,45809
2016-08-19,9780.0,9885.200195,9730.0,9885.0,9621.521484,108110
2016-08-22,9820.0,9853.700195,9740.0,9830.0,9567.988281,39621
2016-08-23,9815.0,10028.599609,9775.0,9950.0,9684.790039,75611
2016-08-24,9900.0,10020.0,9590.0,9735.0,9475.519531,383434
2016-08-25,9645.0,9750.0,9460.030273,9565.0,9310.050781,95568
2016-08-26,9545.0,9675.0,9385.0,9635.0,9378.185547,62779
2016-08-30,9635.0,9635.0,9175.0,9200.0,8954.780273,120475
2016-08-31,9200.0,9217.5,9100.0,9160.0,8915.84668,361034
2016-09-01,9125.0,9207.410156,9040.0,9070.0,8828.244141,63824
2016-09-02,9110.0,9150.0,9015.0,9015.0,8774.709961,167048
2016-09-05,9060.0,9370.0,9055.0,9185.0,8940.179688,75840
2016-09-06,9140.0,9285.0,8960.0,8960.0,8721.176758,46867
2016-09-07,9050.0,9120.0,8953.080078,9035.0,8794.177734,95870
2016-09-08,8915.0,9160.0,8915.0,9125.0,8921.276367,107334
2016-09-09,9075.0,9130.0,8871.700195,8920.0,8720.852539,86863
2016-09-12,8855.0,8990.0,8740.0,8950.0,8750.182617,218236
2016-09-13,8925.0,9090.0,8894.110352,8965.0,8764.847656,310406
2016-09-14,8995.0,9107.290039,8860.0,8860.0,8662.191406,85950
2016-09-15,8850.0,8905.0,8755.0,8825.0,8627.973633,92655
2016-09-16,8940.0,8940.0,8760.0,8760.0,8564.424805,145377
2016-09-19,8865.0,8870.0,8810.0,8810.0,8613.307617,58914
2016-09-20,8790.0,8970.0,8790.0,8940.0,8740.40625,161374
2016-09-21,8975.0,9020.0,8815.0,8885.0,8686.633789,100238
2016-09-22,8910.0,9092.599609,8855.660156,8980.0,8779.512695,97942
2016-09-23,9025.0,9030.0,8845.830078,8930.0,8730.628906,82170
2016-09-26,8930.0,8930.0,8680.0,8680.0,8486.210938,88814
2016-09-27,8720.0,8725.0,8515.0,8675.0,8481.322266,110290
2016-09-28,8690.0,8805.0,8650.0,8725.0,8530.206055,45041
2016-09-29,8735.0,8755.0,8620.969727,8705.0,8510.65332,64590
2016-09-30,8585.0,8739.099609,8560.0,8700.0,8505.764648,149558
2016-10-03,8680.0,8890.0,8680.0,8835.0,8637.75,84739
2016-10-04,8825.0,9072.5,8825.0,8965.0,8764.847656,265154
2016-10-05,8985.0,9035.0,8755.0,8800.0,8603.53125,85658
2016-10-06,8875.0,8875.0,8709.0,8790.0,8593.754883,189514
2016-10-07,8800.0,8885.0,8325.209961,8490.0,8300.452148,127513
2016-10-10,8530.0,8595.0,8440.709961,8530.0,8339.55957,92302
2016-10-11,8510.0,8710.0,8510.0,8650.0,8456.880859,123930
2016-10-12,8630.0,8730.0,8535.0,8625.0,8432.438477,203450
2016-10-13,8630.0,8790.0,8580.0,8775.0,8579.089844,249252
2016-10-14,8760.0,8933.219727,8674.570313,8855.0,8657.303711,85157
2016-10-17,8875.0,8875.0,8690.0,8700.0,8505.764648,46853
2016-10-18,8685.0,8850.099609,8615.0,8655.0,8461.769531,64589
2016-10-19,8685.0,8695.0,8595.0,8650.0,8456.880859,80611
2016-10-20,8650.0,8730.0,8634.0,8665.0,8471.545898,83804
2016-10-21,8615.0,8670.0,8515.0,8570.0,8378.666016,99348
2016-10-24,8620.0,8630.0,8490.0,8505.0,8315.117188,103417
2016-10-25,8545.0,8580.0,8469.69043,8515.0,8324.893555,95626
2016-10-26,8470.0,8520.0,8380.0,8395.0,8207.573242,58413
2016-10-27,8350.0,8540.0,8325.0,8400.0,8212.461914,256901
2016-10-28,8345.0,8500.0,8320.0,8450.0,8261.345703,98208
2016-10-31,8425.0,8505.0,8420.0,8470.0,8280.899414,100143
2016-11-01,8445.0,8595.0,8445.0,8595.0,8403.108398,172270
2016-11-02,8660.0,8670.0,8520.0,8540.0,8349.336914,104152
2016-11-03,8490.0,8685.540039,8490.0,8580.0,8388.443359,99565
2016-11-04,8805.0,8970.0,8805.0,8935.0,8735.517578,335817
2016-11-07,9005.0,9112.669922,8970.0,9100.0,8896.833984,238723
2016-11-08,9140.0,9219.799805,9140.0,9180.0,8975.046875,142830
2016-11-09,8975.0,9155.0,8900.0,9030.0,8828.396484,203128
2016-11-10,8980.0,9195.0,8900.0,8960.0,8759.959961,301698
2016-11-11,8980.0,8995.0,8765.0,8790.0,8593.754883,103687
2016-11-14,8875.0,8900.0,8630.0,8830.0,8632.862305,210100
2016-11-15,8815.0,8875.0,8617.570313,8660.0,8466.657227,112145
2016-11-16,8720.0,8720.0,8570.0,8635.0,8442.214844,110493
2016-11-17,8610.0,8671.410156,8575.0,8610.0,8417.773438,75293
2016-11-18,8600.0,8860.0,8600.0,8775.0,8579.089844,173336
2016-11-21,8765.0,8820.0,8575.0,8610.0,8417.773438,110967
2016-11-22,8705.0,8725.0,8577.799805,8615.0,8422.662109,98895
2016-11-23,8620.0,8725.0,8593.910156,8640.0,8447.104492,114543
2016-11-24,8680.0,8766.129883,8635.0,8720.0,8525.317383,43277
2016-11-25,8705.0,8754.080078,8562.379883,8605.0,8412.884766,97731
2016-11-28,8650.0,8670.0,8405.0,8440.0,8251.568359,55228
2016-11-29,8480.0,8599.400391,8405.0,8530.0,8339.55957,81035
2016-11-30,8560.0,8585.0,8361.900391,8370.0,8183.131836,104167
2016-12-01,8345.0,8460.0,8290.0,8365.0,8178.243164,119976
2016-12-02,8285.0,8363.120117,8265.0,8305.0,8119.583008,58717
2016-12-05,8320.0,8425.0,8255.0,8350.0,8163.577637,74319
2016-12-06,8385.0,8411.0,8135.0,8135.0,7953.378418000001,201094
2016-12-07,8165.0,8240.0,8104.5,8230.0,8046.257323999999,251653
2016-12-08,8220.0,8292.660156,8115.0,8180.0,7997.373535,174765
2016-12-09,8290.0,8375.429688,8225.0,8280.0,8095.141113,71430
2016-12-12,8460.0,8460.0,8295.0,8360.0,8173.355469,192369
2016-12-13,8330.0,8550.0,8330.0,8475.0,8285.788086,96003
2016-12-14,8430.0,8600.0,8355.0,8355.0,8168.466797,108038
2016-12-15,8420.0,8525.0,8375.0,8480.0,8290.675781,378840
2016-12-16,8500.0,8625.0,8425.0,8615.0,8422.662109,180001
2016-12-19,8640.0,8645.0,8535.0,8615.0,8422.662109,134090
2016-12-20,8625.0,8640.0,8545.0,8600.0,8407.99707,84703
2016-12-21,8590.0,8615.0,8450.0,8515.0,8324.893555,63107
2016-12-22,8515.0,8735.0,8483.400391,8735.0,8539.982422,60387
2016-12-23,8720.0,8765.0,8685.0,8700.0,8505.764648,50100
2016-12-28,8700.0,8800.139648,8695.0,8790.0,8593.754883,28009
2016-12-29,8740.0,8765.0,8669.639648,8720.0,8525.317383,29802
2016-12-30,8755.0,8775.0,8630.0,8775.0,8579.089844,47742
2017-01-03,8775.0,8864.169922,8670.0,8775.0,8579.089844,82357
2017-01-04,8810.0,8810.0,8715.0,8770.0,8574.201172,160092
2017-01-05,8710.0,8885.0,8710.0,8885.0,8686.633789,49987
2017-01-06,8800.0,8891.599609,8785.0,8815.0,8618.196289,76005
2017-01-09,8775.0,8870.0,8715.0,8865.0,8667.080078,103344
2017-01-10,8825.0,8935.0,8740.0,8770.0,8574.201172,141803
2017-01-11,8755.0,8785.0,8694.0,8700.0,8505.764648,62115
2017-01-12,8745.0,8785.0,8643.599609,8740.0,8544.871094,55622
2017-01-13,8695.0,8810.0,8620.0,8645.0,8451.992188,106120
2017-01-16,8650.0,8697.490234,8551.709961,8640.0,8447.104492,37856
2017-01-17,8590.0,8639.910156,8475.0,8510.0,8320.005859,53119
2017-01-18,8470.0,8615.0,8470.0,8600.0,8407.99707,52182
2017-01-19,8570.0,8680.0,8445.0,8590.0,8398.220703,108172
2017-01-20,8600.0,8695.0,8455.0,8675.0,8481.322266,209620
2017-01-23,8715.0,8727.400391,8280.0,8295.0,8109.806151999999,315163
2017-01-24,8365.0,8435.790039,7935.0,7940.0,7762.731934,242493
2017-01-25,7900.0,8302.400391,7805.0,7935.0,7757.84375,132374
2017-01-26,7940.0,8019.220215,7874.810059,8015.0,7836.057129000001,145370
2017-01-27,8040.0,8130.0,7965.0,8105.0,7924.047852,149140
2017-01-30,8125.0,8245.0,8090.0,8245.0,8060.922363,344161
2017-01-31,8280.0,8350.0,8195.990234,8345.0,8158.689941,497694
2017-02-01,8375.0,8431.080078,8310.0,8330.0,8144.024901999999,117827
2017-02-02,8295.0,8555.0,8295.0,8535.0,8344.448242,164060
2017-02-03,8570.0,8570.0,8490.0,8535.0,8344.448242,157347
2017-02-06,8495.0,8590.519531,8492.0,8560.0,8368.889648,53280
2017-02-07,8580.0,8605.0,8500.0,8515.0,8324.893555,55350
2017-02-08,8440.0,8709.450195,8440.0,8650.0,8456.880859,181079
2017-02-09,8640.0,8680.709961,8600.0,8680.0,8486.210938,332853
2017-02-10,8625.0,8755.0,8625.0,8700.0,8505.764648,89677
2017-02-13,8655.0,8705.0,8545.0,8560.0,8368.889648,544621
2017-02-14,8555.0,8565.0,8520.910156,8550.0,8359.113281,290673
2017-02-15,8500.0,8545.0,8346.709961,8430.0,8241.791992,272015
2017-02-16,8410.0,8410.410156,8335.0,8390.0,8202.68457,73847
2017-02-17,8260.0,8460.0,8260.0,8445.0,8256.457031,126251
2017-02-20,8465.0,8503.129883,8425.0,8465.0,8276.010742,220063
2017-02-21,8495.0,8495.0,8400.0,8435.0,8246.680664,128887
2017-02-22,8375.0,8510.0,8375.0,8490.0,8300.452148,116843
2017-02-23,8510.0,8599.599609,8470.0,8550.0,8359.113281,65984
2017-02-24,8505.0,8643.650391,8495.0,8635.0,8442.214844,103404
2017-02-27,8650.0,8690.0,8546.469727,8665.0,8471.545898,166163
2017-02-28,8690.0,8825.0,8623.870117,8825.0,8627.973633,255859
2017-03-01,8800.0,8945.0,8695.0,8900.0,8701.298828,170933
2017-03-02,8825.0,8914.099609,8825.0,8885.0,8686.633789,90993
2017-03-03,8880.0,8880.0,8635.0,8720.0,8525.317383,197788
2017-03-06,8765.0,8785.0,8703.099609,8785.0,8588.866211,89806
2017-03-07,8735.0,8735.0,8235.0,8270.0,8085.364258,304359
2017-03-08,8235.0,8450.0,8235.0,8420.0,8232.015625,176504
2017-03-09,8465.0,8660.0,8410.0,8620.0,8427.549805,99029
2017-03-10,8500.0,8855.0,8500.0,8815.0,8618.196289,318343
2017-03-13,8770.0,8901.910156,8770.0,8850.0,8652.415039,89313
2017-03-14,8855.0,8905.0,8837.089844,8860.0,8662.191406,155273
2017-03-15,8815.0,8928.599609,8815.0,8835.0,8637.75,435414
2017-03-16,8820.0,8870.0,8635.0,8795.0,8598.643555,98754
2017-03-17,8795.0,8860.0,8670.0,8745.0,8549.758789,203787
2017-03-20,8760.0,8790.0,8650.0,8735.0,8539.982422,48832
2017-03-21,8705.0,8745.0,8637.790039,8655.0,8461.769531,62182
2017-03-22,8650.0,8710.0,8575.0,8610.0,8417.773438,59935
2017-03-23,8595.0,8750.400391,8485.0,8705.0,8510.65332,58968
2017-03-24,8660.0,8780.0,8660.0,8695.0,8500.875,79375
2017-03-27,8735.0,8735.0,8575.0,8645.0,8451.992188,80978
2017-03-28,8665.0,8725.0,8615.0,8675.0,8481.322266,264555
2017-03-29,8650.0,8745.0,8625.0,8635.0,8442.214844,128894
2017-03-30,8590.0,8705.0,8570.0,8575.0,8383.554688,81575
2017-03-31,8510.0,8720.0,8510.0,8600.0,8407.99707,247885
2017-04-03,8645.0,8650.700195,8440.0,8475.0,8285.788086,263105
2017-04-04,8455.0,8560.0,8445.0,8550.0,8359.113281,68894
2017-04-05,8490.0,8615.0,8490.0,8585.0,8393.332031,64653
2017-04-06,8430.0,8510.0,8315.0,8385.0,8307.139648,68553
2017-04-07,8320.0,8420.0,8315.0,8410.0,8331.907227,62017
2017-04-10,8350.0,8466.009766,8350.0,8385.0,8307.139648,88675
2017-04-11,8420.0,8485.0,8375.0,8405.0,8326.954102,89145
2017-04-12,8420.0,8540.0,8420.0,8510.0,8430.978516,118147
2017-04-13,8480.0,8555.0,8475.0,8525.0,8445.839844,87079
2017-04-18,8525.0,8565.0,8420.0,8430.0,8351.72168,106290
2017-04-19,8525.0,8525.0,8295.0,8295.0,8217.975586,157705
2017-04-20,8305.0,8365.0,8294.200195,8330.0,8252.650391,121302
2017-04-21,8275.0,8340.0,8275.0,8320.0,8242.743164,80493
2017-04-24,8340.0,8725.0,8340.0,8710.0,8629.12207,190599
2017-04-25,8735.0,8800.25,8690.0,8760.0,8678.657227,213449
2017-04-26,8785.0,8841.900391,8735.0,8770.0,8688.564453,288630
2017-04-27,8780.0,8795.0,8610.910156,8615.0,8535.003906,179234
2017-04-28,8615.0,8700.0,8580.0,8600.0,8520.143555,195157
2017-05-02,8555.0,8775.0,8530.629883,8775.0,8693.518555,114389
2017-05-03,8715.0,8755.0,8395.0,8395.0,8317.046875,306774
2017-05-04,8380.0,8470.0,8025.0,8070.0,7995.064453,236219
2017-05-05,8070.0,8157.600098000001,7990.0,8080.0,8004.97168,390773
2017-05-08,8080.0,8308.799805,8065.0,8250.0,8173.393066,162744
2017-05-09,8190.0,8412.299805,8190.0,8375.0,8297.232422,282504
2017-05-10,8375.0,8447.070313,8315.0,8325.0,8247.696289,137512
2017-05-11,8305.0,8365.0,8240.950195,8275.0,8198.161133,100390
2017-05-12,8240.0,8355.0,8240.0,8325.0,8247.696289,142475
2017-05-15,8325.0,8425.0,8296.040039,8415.0,8336.861328,140298
2017-05-16,8400.0,8475.0,8352.139648,8420.0,8341.814453,104227
2017-05-17,8370.0,8505.0,8370.0,8500.0,8421.071289,118676
2017-05-18,8545.0,8545.0,8360.0,8360.0,8282.37207,98824
2017-05-19,8345.0,8410.0,8300.0,8380.0,8302.185547,145025
2017-05-22,8370.0,8560.0,8370.0,8560.0,8480.514648,135205
2017-05-23,8585.0,8585.0,8405.0,8415.0,8336.861328,119959
2017-05-24,8435.0,8445.0,8390.0,8390.0,8312.092773,117220
2017-05-25,8430.0,8470.0,8263.070313,8300.0,8222.928711,186222
2017-05-26,8310.0,8355.0,8224.339844,8315.0,8237.789063,188031
2017-05-30,8315.0,8315.0,8085.0,8095.0,8019.83252,182209
2017-05-31,8150.0,8165.0,7895.0,8070.0,7995.064453,314063
2017-06-01,8130.0,8494.870117,8080.0,8420.0,8341.814453,191761
2017-06-02,8450.0,8560.0,8370.0,8560.0,8480.514648,115222
2017-06-05,8510.0,8575.0,8380.0,8575.0,8495.375,117051
2017-06-06,8440.0,8485.0,8400.120117,8485.0,8406.210938,207950
2017-06-07,8435.0,8575.0,8435.0,8465.0,8386.396484,116293
2017-06-08,8500.0,8500.0,8360.0,8360.0,8282.37207,85865
2017-06-09,8380.0,8505.0,8269.419922,8485.0,8406.210938,81828
2017-06-12,8300.0,8410.0,8200.0,8365.0,8287.325195,181422
2017-06-13,8325.0,8655.0,8325.0,8615.0,8535.003906,175405
2017-06-14,8650.0,8715.0,8577.5,8675.0,8594.446289,138166
2017-06-15,8630.0,8695.0,8560.0,8600.0,8520.143555,148013
2017-06-16,8580.0,8652.030273,8580.0,8620.0,8539.957031,254863
2017-06-19,8700.0,8681.099609,8525.0,8525.0,8445.839844,47584
2017-06-20,8515.0,8709.0,8540.0,8660.0,8579.585938,35648
2017-06-21,8635.0,8757.629883,8570.0,8700.0,8619.214844,26679
2017-06-22,8665.0,8794.169922,8714.370117,8755.0,8673.704102,28344
2017-06-23,8715.0,8763.75,8654.580078,8665.0,8584.539063,27797
2017-06-26,8690.0,8725.0,8630.0,8668.160156,8587.669922,37702
2017-06-27,8630.0,8615.0,8407.5,8469.230469,8390.587891,257115
2017-06-28,8370.5,8370.5,8370.5,8370.5,8292.774414,46829
2017-06-29,8325.0,8410.0,8191.339844,8170.0,8094.135742,94147
2017-06-30,8135.0,8265.0,8055.0,8180.0,8104.042969,117183
2017-07-03,8170.0,8240.0,8099.470215,8100.0,8024.786133,179033
2017-07-04,8055.0,8175.0,8025.0,8100.0,8024.786133,128363
2017-07-05,8090.0,8150.0,8055.0,8055.0,7980.203613,89530
2017-07-06,8040.0,8105.540039,7995.0,8070.0,7995.064453,87133
2017-07-07,8015.0,8120.0,8015.0,8075.0,8000.018066,81592
2017-07-10,8055.0,8085.0,7994.839844,8000.0,7925.714355,123371
2017-07-11,7995.0,8020.0,7852.919922,7865.0,7791.968262,215567
2017-07-12,7860.0,7945.0,7825.0,7835.0,7762.246581999999,135750
2017-07-13,7790.0,7860.0,7690.0,7810.0,7737.479004000001,205045
2017-07-14,7840.0,7840.0,7740.0,7750.0,7678.036133,121257
2017-07-17,7715.0,7765.0,7682.52002,7700.0,7628.5,155213
2017-07-18,7830.0,7830.0,7640.919922,7770.0,7697.850098000001,98997
2017-07-19,7735.0,7740.0,7605.0,7610.0,7539.335937999999,166573
2017-07-20,7615.0,7705.0,7560.0,7705.0,7633.453613,172046
2017-07-21,7605.0,7665.0,7335.0,7540.0,7469.98584,604417
2017-07-24,7425.0,7594.680176000001,7425.0,7525.0,7455.125,173484
2017-07-25,7545.0,7670.0,7500.0,7635.0,7564.104004000001,122829
2017-07-26,7580.0,7675.0,7410.0,7410.0,7341.192870999999,239273
2017-07-27,7395.0,7630.5,7380.0,7630.0,7559.150390999999,317553
2017-07-28,7545.0,7610.0,7510.0,7570.0,7499.70752,131844
2017-07-31,7530.0,7582.060059,7480.0,7570.0,7499.70752,91581
2017-08-01,7620.0,7738.390137,7575.0,7700.0,7628.5,158251
2017-08-02,7755.0,7895.0,7685.0,7875.0,7801.875,181864
2017-08-03,7875.0,7905.0,7773.52002,7845.0,7772.153809,165218
2017-08-04,7810.0,7954.220215,7810.0,7920.0,7846.45752,101189
2017-08-07,7550.0,7835.0,7240.0,7550.0,7479.893066,918708
2017-08-08,7540.0,7565.0,7110.0,7240.0,7172.771484000001,721192
2017-08-09,7235.0,7397.140137,7165.0,7260.0,7192.585937999999,383063
2017-08-10,7300.0,7350.0,7180.0,7245.0,7177.725098000001,205976
2017-08-11,7270.0,7280.0,7145.0,7255.0,7187.632323999999,170393
2017-08-14,7385.0,7397.5,7245.0,7370.0,7301.564453,191919
2017-08-15,7390.0,7525.0,7355.0,7475.0,7405.589355,196347
2017-08-16,7545.0,7647.810059,7500.0,7590.0,7519.521484000001,248198
2017-08-17,7640.0,7655.0,7445.0,7475.0,7405.589355,111629
2017-08-18,7455.0,7455.0,7180.0,7180.0,7113.328613,255555
2017-08-21,7125.0,7180.0,7095.0,7155.0,7088.561035,168777
2017-08-22,7180.0,7250.0,7140.0,7195.0,7128.189453,85997
2017-08-23,7160.0,7210.0,6947.029785,7000.0,6935.0,304610
2017-08-24,6945.0,7100.819823999999,6900.0,6945.0,6945.0,128724
2017-08-25,7015.0,7015.0,6790.0,6805.0,6805.0,269362
2017-08-29,6805.0,6960.0,6622.600098,6665.0,6665.0,261862
2017-08-30,6660.0,6833.810059,6645.0,6745.0,6745.0,173261
2017-08-31,6710.0,6865.0,6710.0,6815.0,6815.0,117656
2017-09-01,6785.0,7024.379883,6785.0,6910.0,6910.0,172689
2017-09-04,6835.0,6993.399901999999,6835.0,6970.0,6970.0,189452
2017-09-05,6900.0,7143.0,6865.0,7110.0,7110.0,302804
2017-09-06,7050.0,7215.0,6958.580078,7210.0,7210.0,192777
2017-09-07,7220.0,7220.0,7100.0,7190.0,7190.0,205224
2017-09-08,7145.0,7195.0,7110.0,7195.0,7195.0,68133
2017-09-11,7165.0,7250.450195,7165.0,7225.0,7225.0,53778
2017-09-12,7155.0,7301.209961,7155.0,7235.0,7235.0,93550
2017-09-13,7190.0,7219.200195,7170.0,7205.0,7205.0,186418
2017-09-14,7240.0,7322.540039,7180.0,7250.0,7250.0,123685
2017-09-15,7240.0,7318.430176000001,7190.0,7245.0,7245.0,328093
2017-09-18,7260.0,7275.0,7115.0,7145.0,7145.0,208740
2017-09-19,7095.0,7225.0,7025.0,7210.0,7210.0,106762
2017-09-20,7210.0,7301.25,7150.0,7285.0,7285.0,112102
2017-09-21,7215.0,7245.0,7130.0,7180.0,7180.0,125353
2017-09-22,7190.0,7275.0,7150.0,7275.0,7275.0,245558
2017-09-25,7210.0,7431.950195,7200.0,7355.0,7355.0,106077
2017-09-26,7315.0,7340.0,7247.459961,7305.0,7305.0,80974
2017-09-27,7320.0,7325.0,7240.0,7300.0,7300.0,136754
2017-09-28,7255.0,7315.0,7230.0,7300.0,7300.0,129144
2017-09-29,7285.0,7435.0,7285.0,7410.0,7410.0,91933
2017-10-02,7400.0,7425.0,7336.660156,7355.0,7355.0,252660
2017-10-03,7315.0,7471.609863,7315.0,7450.0,7450.0,64322
2017-10-04,7385.0,7583.029785,7365.0,7530.0,7530.0,92799
2017-10-05,7475.0,7670.0,7475.0,7665.0,7665.0,224027
2017-10-06,7700.0,7775.0,7644.129883,7685.0,7685.0,203264
2017-10-09,7660.0,7680.0,7550.0,7590.0,7590.0,85354
2017-10-10,7570.0,7630.0,7530.0,7535.0,7535.0,63391
2017-10-11,7615.0,7685.0,7552.459961,7685.0,7685.0,184069
2017-10-12,7680.0,7775.0,7680.0,7735.0,7735.0,140901
2017-10-13,7740.0,7831.720215,7675.0,7725.0,7725.0,93773
2017-10-16,7770.0,7770.0,7695.0,7710.0,7710.0,135384
2017-10-17,7690.0,7740.0,7646.5,7710.0,7710.0,66946
2017-10-18,7760.0,7770.0,7725.0,7745.0,7745.0,57343
2017-10-19,7790.0,7825.0,7745.0,7775.0,7775.0,98459
2017-10-20,7770.0,7815.0,7745.0,7750.0,7750.0,139495
2017-10-23,7715.0,7785.0,7660.0,7715.0,7715.0,76087
2017-10-24,7660.0,7735.0,7456.22998,7505.0,7505.0,110547
2017-10-25,7500.0,7554.439941,7415.0,7495.0,7495.0,122507
2017-10-26,7530.0,7609.009765999999,7500.0,7560.0,7560.0,56537
2017-10-27,7550.0,7620.600098000001,7525.0,7550.0,7550.0,54128
2017-10-30,7590.0,7747.790039,7555.5,7605.0,7605.0,124877
2017-10-31,7570.0,7732.330078,7520.0,7705.0,7705.0,144285
2017-11-01,7840.0,8120.0,7795.0,8050.0,8050.0,596243
2017-11-02,8010.0,8195.5,7988.279785,8150.0,8150.0,301709
2017-11-03,8200.0,8351.5,8120.0,8265.0,8265.0,258916
2017-11-06,8225.0,8412.25,6572.5,8360.0,8360.0,120938
2017-11-07,8350.0,8415.0,8350.0,8355.0,8355.0,173512
2017-11-08,8305.0,8505.0,8305.0,8500.0,8500.0,189537
2017-11-09,8500.0,8570.0,8465.0,8570.0,8570.0,207301
2017-11-10,8615.0,8616.5,8495.0,8560.0,8560.0,105657
2017-11-13,8640.0,8675.0,8497.379883,8550.0,8550.0,202333
2017-11-14,8525.0,8585.0,8394.160156,8535.0,8535.0,98323
2017-11-15,8520.0,8520.0,8390.0,8415.0,8415.0,134430
2017-11-16,8505.0,8839.94043,8450.0,8820.0,8820.0,166165
2017-11-17,8740.0,8820.0,8740.0,8780.0,8780.0,90013
2017-11-20,8750.0,8765.0,8685.0,8700.0,8700.0,64238
2017-11-21,8640.0,8775.0,8640.0,8740.0,8740.0,77812
2017-11-22,8660.0,8730.0,8540.0,8540.0,8540.0,310221
2017-11-23,8575.0,8575.0,8510.0,8535.0,8535.0,222682
2017-11-24,8475.0,8875.0,8475.0,8810.0,8810.0,434401
2017-11-27,8775.0,8890.0,8760.0,8790.0,8790.0,255739
2017-11-28,8795.0,8825.0,8675.0,8675.0,8675.0,114011
2017-11-29,8645.0,8665.0,8460.0,8470.0,8470.0,238017
2017-11-30,8420.0,8500.0,8320.0,8325.0,8325.0,185102
2017-12-01,8310.0,8495.0,8310.0,8430.0,8430.0,138333
2017-12-04,8500.0,8640.0,8475.0,8515.0,8515.0,168249
2017-12-05,8585.0,8640.0,8480.0,8485.0,8485.0,318268
2017-12-06,8500.0,8555.0,8440.0,8470.0,8470.0,162896
2017-12-07,8400.0,8550.0,8400.0,8455.0,8455.0,214030
2017-12-08,8410.0,8680.0,8385.0,8570.0,8570.0,201466
2017-12-11,8655.0,8655.0,8450.0,8495.0,8495.0,119329
2017-12-12,8420.0,8490.0,8340.0,8445.0,8445.0,132156
2017-12-13,8455.0,8650.0,8455.0,8570.0,8570.0,147879
2017-12-14,8605.0,8605.0,8435.0,8540.0,8540.0,131645
2017-12-15,8570.0,8665.0,8515.0,8585.0,8585.0,154106
2017-12-18,8585.0,8675.0,8510.0,8590.0,8590.0,125814
2017-12-19,8530.0,8735.0,8530.0,8735.0,8735.0,124421
2017-12-20,8740.0,8810.0,8710.0,8780.0,8780.0,191814
2017-12-21,8810.0,8810.0,8715.0,8760.0,8760.0,64662
2017-12-22,8665.0,8785.0,8665.0,8740.0,8740.0,49915
2017-12-27,8740.0,8800.0,8630.0,8740.0,8740.0,62763
2017-12-28,8785.0,8890.0,8760.0,8810.0,8810.0,37076
2017-12-29,8800.0,8825.0,8765.0,8825.0,8825.0,52218
2018-01-02,8825.0,8965.0,8800.0,8900.0,8900.0,114633
2018-01-03,8840.0,8880.0,8765.0,8770.0,8770.0,71871
2018-01-04,8775.0,8800.0,8680.0,8760.0,8760.0,91627
2018-01-05,8805.0,8885.0,8775.0,8870.0,8870.0,192208
2018-01-08,8700.0,8795.0,8635.0,8795.0,8795.0,147107
2018-01-09,8815.0,8860.0,8775.0,8800.0,8800.0,129164
2018-01-10,8765.0,8845.0,8420.0,8475.0,8475.0,179109
2018-01-11,8290.0,8460.0,8290.0,8405.0,8405.0,208329
2018-01-12,8390.0,8500.0,8345.0,8460.0,8460.0,195637
2018-01-15,8530.0,8550.0,8420.0,8530.0,8530.0,196399
2018-01-16,8540.0,8630.0,8410.0,8460.0,8460.0,129001
2018-01-17,8470.0,8470.0,8295.0,8360.0,8360.0,207268
2018-01-18,8415.0,8485.0,8265.0,8410.0,8410.0,79246
2018-01-19,8390.0,8485.0,8365.0,8450.0,8450.0,128596
2018-01-22,8350.0,8430.0,8220.0,8275.0,8275.0,324487
2018-01-23,8435.0,8435.0,8290.0,8310.0,8310.0,155930
2018-01-24,8260.0,8330.0,8135.0,8170.0,8170.0,129176
2018-01-25,8115.0,8165.0,8030.0,8030.0,8030.0,291629
2018-01-26,8080.0,8130.0,8035.0,8080.0,8080.0,233678
2018-01-29,8065.0,8150.0,8060.0,8115.0,8115.0,226786
2018-01-30,8080.0,8160.0,8050.0,8120.0,8120.0,80265
2018-01-31,8305.0,8305.0,8075.0,8175.0,8175.0,217808
2018-02-01,8245.0,8245.0,8100.0,8140.0,8140.0,275484
2018-02-02,8110.0,8180.0,8065.0,8135.0,8135.0,201341
2018-02-05,8060.0,8150.0,8025.0,8085.0,8085.0,206673
2018-02-06,7925.0,8040.0,7855.0,7975.0,7975.0,367714
2018-02-07,8000.0,8110.0,7960.0,8105.0,8105.0,134410
2018-02-08,8005.0,8105.0,7990.0,8025.0,8025.0,210006
2018-02-09,7960.0,8150.0,7960.0,8150.0,8150.0,291175
2018-02-12,8135.0,8225.0,8080.0,8080.0,8080.0,119574
2018-02-13,8060.0,8140.0,8030.0,8115.0,8115.0,124566
2018-02-14,8115.0,8220.0,8095.0,8180.0,8180.0,367910
2018-02-15,8180.0,8270.0,8180.0,8250.0,8250.0,155626
2018-02-16,8265.0,8335.0,8265.0,8295.0,8295.0,92049
2018-02-19,8265.0,8360.0,8265.0,8315.0,8315.0,194322
2018-02-20,8355.0,8405.0,8325.0,8400.0,8400.0,115467
2018-02-21,8385.0,8510.0,8305.0,8500.0,8500.0,267247
2018-02-22,8415.0,8500.0,8410.0,8475.0,8475.0,304596
2018-02-23,8490.0,8495.0,8385.0,8435.0,8435.0,289371
2018-02-26,8440.0,8500.0,8430.0,8500.0,8500.0,154522
2018-02-27,8450.0,8605.0,8450.0,8585.0,8585.0,311043
2018-02-28,8530.0,8575.0,8440.0,8440.0,8440.0,512398
2018-03-01,8485.0,8505.0,8230.0,8270.0,8270.0,321115
2018-03-02,8195.0,8335.0,8170.0,8295.0,8295.0,98071
2018-03-05,8310.0,8340.0,8205.0,8260.0,8260.0,392000
2018-03-06,8290.0,8390.0,8220.0,8220.0,8220.0,152023
2018-03-07,8055.0,8055.0,7680.0,7940.0,7940.0,517311
2018-03-08,7930.0,8025.0,7915.0,8000.0,8000.0,315594
2018-03-09,7960.0,8000.0,7865.0,7885.0,7885.0,365554
