Date,Open,High,Low,Close,Adj Close,Volume
2015-01-02,395.0,395.0,383.0,389.100006,389.100006,7346419
2015-01-05,387.0,389.700012,375.799988,378.0,378.0,11267451
2015-01-06,377.600006,380.243988,369.799988,370.0,370.0,10836629
2015-01-07,372.100006,375.0,366.600006,367.399994,367.399994,7489661
2015-01-08,370.899994,379.269989,368.399994,377.700012,377.700012,8700815
2015-01-09,374.600006,375.600006,363.799988,367.700012,367.700012,19681280
2015-01-12,368.399994,370.799988,363.200012,368.5,368.5,7801020
2015-01-13,366.399994,375.0,365.493988,373.700012,373.700012,6289874
2015-01-14,367.700012,371.799988,361.399994,362.700012,362.700012,7748109
2015-01-15,364.5,370.899994,357.864014,362.799988,362.799988,17050367
2015-01-16,359.899994,363.5,359.299988,363.0,363.0,11008347
2015-01-19,362.799988,370.042999,362.416992,369.0,369.0,4865013
2015-01-20,371.799988,381.97000099999997,369.35900899999996,380.5,380.5,12130910
2015-01-21,378.799988,380.53299,372.700012,380.200012,380.200012,9916570
2015-01-22,382.100006,387.100006,379.200012,386.0,386.0,8959320
2015-01-23,387.899994,388.399994,376.899994,380.100006,380.100006,8299632
2015-01-26,379.399994,384.360992,375.299988,383.100006,383.100006,6017468
2015-01-27,384.0,384.049988,373.0,376.299988,376.299988,6014079
2015-01-28,378.0,379.5,371.299988,374.899994,374.899994,7591479
2015-01-29,370.0,373.0,366.100006,369.200012,369.200012,10110155
2015-01-30,371.100006,372.700012,362.0,362.399994,362.399994,10095312
2015-02-02,365.5,366.41299399999997,360.899994,365.5,365.5,9131281
2015-02-03,368.0,376.0,367.700012,375.600006,375.600006,12567662
2015-02-04,376.0,380.799988,373.0,380.799988,380.799988,12194211
2015-02-05,375.0,378.700012,373.200012,377.700012,377.700012,4917302
2015-02-06,376.5,384.600006,375.549988,384.0,384.0,9123524
2015-02-09,380.200012,384.799988,377.899994,381.0,381.0,7391311
2015-02-10,379.0,385.700012,379.0,382.5,382.5,8184285
2015-02-11,381.299988,382.399994,376.5,378.399994,378.399994,7339497
2015-02-12,379.100006,389.799988,379.079987,386.899994,386.899994,9785653
2015-02-13,387.899994,393.01599100000004,385.799988,389.0,389.0,9796594
2015-02-16,386.100006,389.700012,382.700012,384.200012,384.200012,7171125
2015-02-17,380.600006,386.5,378.899994,386.5,386.5,6638638
2015-02-18,389.100006,396.700012,387.980011,396.5,396.5,9809240
2015-02-19,396.399994,398.5,393.200012,395.899994,395.899994,8573883
2015-02-20,394.0,399.700012,393.12399300000004,397.5,397.5,10594085
2015-02-23,400.0,403.0,396.799988,398.799988,398.799988,8557002
2015-02-24,400.0,405.399994,396.5,403.899994,403.899994,11408727
2015-02-25,397.399994,405.299988,397.399994,403.299988,403.299988,12171228
2015-02-26,409.100006,414.0,375.200012,386.600006,386.600006,32460889
2015-02-27,384.5,388.299988,366.299988,367.200012,367.200012,32914978
2015-03-02,367.899994,378.799988,365.300995,378.299988,378.299988,16457893
2015-03-03,378.0,379.899994,369.15499900000003,370.100006,370.100006,11794715
2015-03-04,369.700012,374.899994,368.34500099999997,373.200012,373.200012,9404439
2015-03-05,373.399994,379.299988,371.399994,379.299988,379.299988,11369009
2015-03-06,378.200012,380.700012,375.200012,376.100006,376.100006,17667682
2015-03-09,373.5,376.899994,366.200012,367.799988,367.799988,18678683
2015-03-10,366.799988,370.027008,359.600006,359.799988,359.799988,18573958
2015-03-11,359.299988,362.200012,357.600006,360.100006,360.100006,16111295
2015-03-12,361.100006,366.799988,359.600006,360.200012,360.200012,17360986
2015-03-13,362.899994,364.100006,353.799988,356.200012,356.200012,16153161
2015-03-16,356.600006,358.700012,350.299988,351.5,351.5,17021905
2015-03-17,351.0,352.0,333.247009,350.700012,350.700012,12759913
2015-03-18,350.100006,354.200012,348.299988,351.700012,351.700012,15007151
2015-03-19,352.600006,354.0,348.5,348.5,348.5,12405391
2015-03-20,348.5,357.0,331.872009,356.299988,356.299988,13301355
2015-03-23,356.5,359.299988,353.799988,354.100006,354.100006,11431293
2015-03-24,355.299988,355.600006,351.18798799999996,352.0,352.0,9181365
2015-03-25,353.399994,356.0,351.399994,352.299988,352.299988,9093417
2015-03-26,351.399994,352.899994,345.399994,350.299988,350.299988,10953513
2015-03-27,340.5,350.799988,340.5,343.100006,343.100006,13645188
2015-03-30,345.5,349.01001,342.399994,347.100006,347.100006,9268541
2015-03-31,345.899994,347.700012,340.0,340.0,340.0,11353676
2015-04-01,339.899994,348.600006,339.899994,345.399994,345.399994,12603586
2015-04-02,345.299988,350.299988,345.100006,349.600006,349.600006,8928286
2015-04-07,349.600006,354.600006,349.600006,353.0,353.0,11629483
2015-04-08,354.399994,354.399994,348.5,348.700012,348.700012,12020844
2015-04-09,350.5,351.799988,346.100006,347.799988,347.799988,9074719
2015-04-10,348.299988,350.100006,345.600006,348.899994,348.899994,8433642
2015-04-13,348.600006,354.200012,347.299988,353.200012,353.200012,7866779
2015-04-14,352.5,358.50698900000003,352.0,353.700012,353.700012,13088760
2015-04-15,353.200012,357.399994,352.369995,355.700012,355.700012,6616302
2015-04-16,357.700012,360.799988,354.5,354.5,354.5,10631295
2015-04-17,354.700012,357.299988,349.0,349.200012,349.200012,10580761
2015-04-20,350.0,354.940002,349.0,351.799988,351.799988,11406188
2015-04-21,354.399994,357.100006,351.600006,354.200012,354.200012,8350703
2015-04-22,355.399994,355.5,346.649994,349.399994,349.399994,9514678
2015-04-23,350.0,351.299988,344.674988,351.0,351.0,7401735
2015-04-24,351.799988,356.399994,351.600006,353.899994,353.899994,9816650
2015-04-27,355.299988,357.149994,348.700012,355.899994,355.899994,7902340
2015-04-28,354.799988,355.200012,351.0,355.200012,355.200012,5860380
2015-04-29,356.600006,358.600006,345.759003,349.5,349.5,12748940
2015-04-30,346.0,346.299988,332.5,338.5,338.5,24908190
2015-05-01,336.5,344.5,333.100006,339.799988,339.799988,8482703
2015-05-05,339.799988,344.600006,335.299988,335.299988,335.299988,13138964
2015-05-06,333.5,338.100006,331.700012,333.100006,333.100006,10600936
2015-05-07,330.799988,333.0,326.100006,332.100006,332.100006,12478665
2015-05-08,350.0,356.5,344.5,352.399994,352.399994,37809631
2015-05-11,352.0,359.299988,349.5,357.700012,357.700012,19796899
2015-05-12,356.200012,356.200012,349.899994,350.899994,350.899994,12646141
2015-05-13,351.5,355.700012,351.399994,353.0,353.0,9353492
2015-05-14,352.299988,357.399994,350.600006,355.5,355.5,7501316
2015-05-15,355.5,356.579987,350.149994,351.799988,351.799988,8263275
2015-05-18,352.700012,354.5,349.899994,351.299988,351.299988,9207581
2015-05-19,351.200012,354.100006,347.5,348.5,348.5,8834809
2015-05-20,348.0,356.799988,346.799988,354.700012,354.700012,14075837
2015-05-21,354.100006,356.899994,351.200012,355.0,355.0,10565562
2015-05-22,354.100006,356.630005,353.399994,355.100006,355.100006,7128934
2015-05-26,355.100006,355.100006,344.39898700000003,345.200012,345.200012,9052658
2015-05-27,346.100006,348.899994,343.600006,347.100006,347.100006,8620472
2015-05-28,345.899994,349.600006,344.899994,348.5,348.5,6689116
2015-05-29,348.799988,351.600006,343.399994,345.299988,345.299988,12192759
2015-06-01,345.0,348.299988,341.119995,341.399994,341.399994,7478379
2015-06-02,344.0,345.799988,337.299988,345.200012,345.200012,13058137
2015-06-03,345.5,351.399994,345.200012,349.5,349.5,10194391
2015-06-04,347.600006,353.799988,344.600006,351.799988,351.799988,12217540
2015-06-05,350.899994,359.700012,348.600006,357.0,357.0,16196389
2015-06-08,355.799988,357.5,350.299988,351.899994,351.899994,12094656
2015-06-09,350.5,353.600006,348.299988,352.600006,352.600006,12231112
2015-06-10,352.5,356.230011,349.600006,354.799988,354.799988,13974097
2015-06-11,354.799988,364.940002,352.700012,361.5,361.5,16907417
2015-06-12,359.799988,363.880005,354.950012,357.399994,357.399994,9786490
2015-06-15,354.5,356.600006,347.700012,350.5,350.5,8835484
2015-06-16,349.799988,352.700012,346.0,350.299988,350.299988,15015415
2015-06-17,351.299988,351.600006,347.200012,347.600006,347.600006,8890778
2015-06-18,345.799988,349.100006,342.799988,347.299988,347.299988,10406761
2015-06-19,347.0,350.299988,345.899994,349.600006,349.600006,10866437
2015-06-22,354.399994,355.899994,352.100006,354.799988,354.799988,9752020
2015-06-23,355.899994,360.399994,354.614014,359.5,359.5,11014078
2015-06-24,358.200012,363.700012,358.100006,362.600006,362.600006,18282950
2015-06-25,361.100006,370.0,360.459991,368.700012,368.700012,16139956
2015-06-26,366.700012,369.200012,363.200012,367.200012,367.200012,12162814
2015-06-29,356.0,363.600006,354.911011,357.600006,357.600006,14453756
2015-06-30,357.200012,358.700012,351.5,351.5,351.5,13027868
2015-07-01,354.0,364.5,353.700012,362.700012,362.700012,18782430
2015-07-02,361.5,367.0,360.899994,366.100006,366.100006,10236721
2015-07-03,363.0,363.0,357.5,359.299988,359.299988,9770966
2015-07-06,355.5,356.600006,346.5,346.5,346.5,13854413
2015-07-07,350.899994,350.899994,336.549988,336.799988,336.799988,12604804
2015-07-08,338.0,341.299988,335.100006,338.299988,338.299988,17218014
2015-07-09,338.799988,346.0,338.600006,343.100006,343.100006,13872612
2015-07-10,348.899994,349.200012,344.100006,345.100006,345.100006,8587152
2015-07-13,349.5,351.600006,346.0,351.600006,351.600006,12026067
2015-07-14,352.799988,354.299988,345.5,353.0,353.0,8441396
2015-07-15,353.0,357.399994,351.160004,356.5,356.5,7302862
2015-07-16,357.5,362.0,357.5,360.700012,360.700012,6659461
2015-07-17,361.0,361.0,359.200012,360.200012,360.200012,5086322
2015-07-20,359.799988,361.899994,358.399994,360.299988,360.299988,5253746
2015-07-21,360.0,361.700012,358.100006,361.299988,361.299988,8221501
2015-07-22,358.299988,361.799988,355.700012,359.799988,359.799988,10286311
2015-07-23,362.5,363.24798599999997,353.299988,353.399994,353.399994,8426420
2015-07-24,351.799988,354.100006,348.799988,353.799988,353.799988,10371491
2015-07-27,350.399994,353.200012,346.799988,347.100006,347.100006,7381563
2015-07-28,348.200012,352.600006,347.399994,351.700012,351.700012,6320023
2015-07-29,353.100006,356.600006,349.700012,353.200012,353.200012,9273821
2015-07-30,366.0,370.0,340.299988,342.399994,342.399994,38194617
2015-07-31,341.200012,344.399994,338.420013,342.200012,342.200012,15618614
2015-08-03,340.0,342.200012,334.700012,337.600006,337.600006,24083183
2015-08-04,336.0,341.100006,330.0,339.0,339.0,716368513
2015-08-05,340.799988,348.700012,340.799988,346.700012,346.700012,41037151
2015-08-06,345.5,349.73999,344.200012,348.899994,348.899994,40516840
2015-08-07,349.299988,350.399994,344.600006,345.5,345.5,20898664
2015-08-10,346.5,348.600006,338.0,343.899994,343.899994,25776922
2015-08-11,343.100006,347.440002,341.85699500000004,344.700012,344.700012,21199132
2015-08-12,342.0,344.54699700000003,337.799988,339.0,339.0,85622430
2015-08-13,343.0,344.5,338.5,338.700012,338.700012,16956979
2015-08-14,339.5,342.799988,338.399994,341.399994,341.399994,12619892
2015-08-17,342.700012,343.600006,339.200012,339.899994,339.899994,13975472
2015-08-18,339.200012,342.399994,338.540009,340.700012,340.700012,10835952
2015-08-19,339.5,370.0,332.0,332.200012,332.200012,10402430
2015-08-20,330.299988,334.799988,330.0,332.0,332.0,22887212
2015-08-21,326.0,330.5,323.100006,323.100006,323.100006,14687885
2015-08-24,312.899994,316.100006,300.299988,308.100006,308.100006,40729479
2015-08-25,312.399994,323.0,311.899994,321.200012,321.200012,21079757
2015-08-26,325.299988,328.799988,317.5,324.100006,324.100006,20391508
2015-08-27,332.100006,335.799988,328.899994,333.799988,333.799988,14198489
2015-08-28,333.5,336.799988,324.200012,336.799988,336.799988,17096156
2015-09-01,336.799988,336.799988,322.0,328.0,328.0,19343172
2015-09-02,329.899994,334.299988,324.200012,327.700012,327.700012,10435835
2015-09-03,331.799988,337.200012,331.700012,334.399994,334.399994,10011472
2015-09-04,330.899994,331.600006,322.200012,322.5,322.5,12698274
2015-09-07,325.100006,326.100006,321.799988,324.600006,324.600006,5350338
2015-09-08,326.399994,332.0,320.43798799999996,328.0,328.0,7511622
2015-09-09,333.700012,335.600006,330.600006,331.299988,331.299988,9957590
2015-09-10,329.299988,332.5,327.200012,329.899994,329.899994,8440468
2015-09-11,330.600006,331.559998,327.600006,328.700012,328.700012,6095146
2015-09-14,330.0,331.83401499999997,323.600006,325.399994,325.399994,9230841
2015-09-15,326.5,331.0,322.399994,328.899994,328.899994,14539202
2015-09-16,330.100006,331.0,326.399994,327.700012,327.700012,9248631
2015-09-17,328.200012,328.799988,325.200012,326.0,326.0,22695822
2015-09-18,325.399994,325.399994,312.899994,318.899994,318.899994,20336781
2015-09-21,317.700012,325.100006,317.0,319.5,319.5,7948909
2015-09-22,320.399994,320.899994,309.799988,311.299988,311.299988,13006371
2015-09-23,311.600006,316.899994,310.0,313.299988,313.299988,7420858
2015-09-24,315.0,317.0,310.299988,310.700012,310.700012,9926639
2015-09-25,316.799988,319.700012,315.399994,319.0,319.0,9696138
2015-09-28,317.799988,318.899994,307.399994,309.600006,309.600006,11624797
2015-09-29,305.899994,315.399994,304.399994,308.600006,308.600006,15760007
2015-09-30,314.0,316.299988,312.0,315.0,315.0,9281664
2015-10-01,318.299988,323.299988,317.899994,319.200012,319.200012,10758774
2015-10-02,321.299988,327.5,317.100006,320.799988,320.799988,10517710
2015-10-05,325.600006,328.799988,323.399994,328.799988,328.799988,8667412
2015-10-06,329.899994,332.200012,327.0,330.600006,330.600006,8227697
2015-10-07,332.200012,335.399994,329.600006,331.299988,331.299988,7891188
2015-10-08,330.200012,333.399994,328.06399500000003,330.799988,330.799988,6873209
2015-10-09,333.100006,336.0,330.0,334.299988,334.299988,6114662
2015-10-12,334.399994,334.799988,326.899994,328.299988,328.299988,6961084
2015-10-13,327.600006,328.156006,319.399994,323.200012,323.200012,6832215
2015-10-14,321.600006,323.200012,318.899994,321.200012,321.200012,5055638
2015-10-15,322.0,326.299988,322.0,326.299988,326.299988,6850965
2015-10-16,328.200012,329.700012,325.399994,326.0,326.0,12082394
2015-10-19,324.200012,327.0,322.040009,323.5,323.5,6806384
2015-10-20,324.600006,324.799988,319.540009,323.200012,323.200012,8067478
2015-10-21,323.200012,325.0,319.200012,322.600006,322.600006,7693407
2015-10-22,321.700012,323.600006,319.799988,322.899994,322.899994,9125949
2015-10-23,325.299988,331.299988,323.799988,330.0,330.0,9052183
2015-10-26,328.799988,330.799988,326.299988,327.5,327.5,7301567
2015-10-27,326.899994,328.600006,324.700012,325.100006,325.100006,4972559
2015-10-28,324.0,326.700012,320.700012,326.399994,326.399994,7207760
2015-10-29,325.899994,326.200012,317.200012,320.700012,320.700012,10976227
2015-10-30,312.799988,323.200012,312.799988,317.600006,317.600006,15645656
2015-11-02,320.0,324.600006,317.700012,323.100006,323.100006,10421744
2015-11-03,323.5,323.803986,320.100006,321.5,321.5,7270112
2015-11-04,323.100006,332.0,321.299988,325.299988,325.299988,12854704
2015-11-05,325.100006,325.299988,307.97000099999997,312.0,312.0,20064990
2015-11-06,312.700012,320.299988,309.899994,319.299988,319.299988,11392865
2015-11-09,320.0,325.200012,319.200012,319.600006,319.600006,9692589
2015-11-10,320.600006,320.62600699999996,308.899994,312.299988,312.299988,13814883
2015-11-11,313.5,314.100006,310.899994,312.0,312.0,5826880
2015-11-12,311.700012,312.100006,309.5,310.0,310.0,9148186
2015-11-13,308.200012,313.5,306.899994,308.299988,308.299988,8710581
2015-11-16,305.700012,309.0,304.299988,308.399994,308.399994,8426205
2015-11-17,310.899994,313.299988,309.100006,311.0,311.0,9058650
2015-11-18,311.0,316.100006,309.600006,315.799988,315.799988,8334760
2015-11-19,317.0,320.299988,314.799988,315.200012,315.200012,8835508
2015-11-20,316.200012,317.600006,309.5,309.5,309.5,7995603
2015-11-23,307.100006,309.899994,301.299988,304.399994,304.399994,13067343
2015-11-24,302.700012,304.0,295.899994,302.299988,302.299988,12827453
2015-11-25,302.700012,303.600006,299.399994,300.5,300.5,12353313
2015-11-26,300.0,307.299988,299.899994,307.200012,307.200012,8979426
2015-11-27,305.399994,307.600006,304.700012,306.700012,306.700012,6821183
2015-11-30,306.700012,307.799988,302.378998,302.399994,302.399994,19928497
2015-12-01,308.5,312.700012,308.5,312.200012,312.200012,15077703
2015-12-02,313.100006,314.0,309.100006,309.100006,309.100006,5283070
2015-12-03,311.299988,315.700012,305.700012,305.700012,305.700012,11338448
2015-12-04,304.899994,306.299988,302.100006,303.799988,303.799988,8022606
2015-12-07,306.399994,306.399994,299.100006,299.5,299.5,7883734
2015-12-08,298.399994,299.200012,288.700012,291.100006,291.100006,16762682
2015-12-09,291.399994,292.899994,287.600006,290.299988,290.299988,9838793
2015-12-10,288.799988,293.899994,288.100006,292.600006,292.600006,10945933
2015-12-11,291.700012,292.200012,284.399994,285.5,285.5,10072279
2015-12-14,285.600006,287.399994,281.399994,282.600006,282.600006,12933861
2015-12-15,284.299988,290.0,284.049988,288.799988,288.799988,9567245
2015-12-16,288.700012,293.600006,288.0,289.799988,289.799988,13957676
2015-12-17,294.299988,298.799988,292.700012,294.700012,294.700012,9687146
2015-12-18,293.100006,297.799988,292.100006,294.0,294.0,14427988
2015-12-21,294.0,298.600006,291.700012,294.700012,294.700012,8011038
2015-12-22,299.899994,299.899994,295.5,297.399994,297.399994,6619095
2015-12-23,300.0,304.5,298.0,304.299988,304.299988,5799838
2015-12-24,305.0,307.600006,303.630005,304.799988,304.799988,1081961
2015-12-29,304.799988,310.200012,299.0,310.100006,310.100006,8373615
2015-12-30,308.600006,308.899994,302.700012,302.799988,302.799988,5406029
2015-12-31,306.0,306.299988,301.899994,302.0,302.0,2683622
2016-01-04,302.0,302.0,291.97000099999997,293.5,293.5,8628649
2016-01-05,295.899994,299.700012,294.799988,297.200012,297.200012,9635621
2016-01-06,295.399994,298.43600499999997,292.0,294.200012,294.200012,7776042
2016-01-07,288.399994,290.100006,282.200012,288.5,288.5,11643326
2016-01-08,290.0,293.399994,283.5,283.5,283.5,8007534
2016-01-11,281.899994,288.5,279.899994,280.399994,280.399994,10793769
2016-01-12,282.0,288.5,280.200012,283.399994,283.399994,8175516
2016-01-13,285.200012,287.600006,280.299988,281.799988,281.799988,12335138
2016-01-14,280.0,280.700012,273.0,277.0,277.0,11648580
2016-01-15,274.799988,278.600006,263.600006,264.5,264.5,18125628
2016-01-18,263.399994,267.899994,257.799988,260.200012,260.200012,13206610
2016-01-19,265.0,267.600006,260.200012,264.600006,264.600006,12048649
2016-01-20,259.299988,259.858002,252.100006,254.0,254.0,17824685
2016-01-21,254.69999700000002,262.799988,250.830002,262.5,262.5,17422951
2016-01-22,268.0,268.588013,261.5,262.100006,262.100006,13986274
2016-01-25,264.0,264.0,249.69999700000002,251.30000299999998,251.30000299999998,15196376
2016-01-26,250.0,261.399994,248.80000299999998,260.899994,260.899994,20873971
2016-01-27,248.0,259.200012,246.0,255.69999700000002,255.69999700000002,26318930
2016-01-28,253.0,259.5,246.69999700000002,250.69999700000002,250.69999700000002,14756384
2016-01-29,254.899994,256.713989,249.80000299999998,252.69999700000002,252.69999700000002,18156148
2016-02-01,256.399994,256.799988,244.80000299999998,249.100006,249.100006,15957963
2016-02-02,249.0,250.19999700000002,235.899994,240.600006,240.600006,18472219
2016-02-03,238.30000299999998,240.19999700000002,229.701996,232.80000299999998,232.80000299999998,19433246
2016-02-04,236.399994,243.19999700000002,232.0,241.80000299999998,241.80000299999998,20252382
2016-02-05,243.5,248.600006,239.5,241.899994,241.899994,17065099
2016-02-08,245.0,245.69999700000002,229.80000299999998,230.69999700000002,230.69999700000002,19464644
2016-02-09,230.0,234.600006,222.600006,225.600006,225.600006,19513062
2016-02-10,226.399994,237.5,223.600006,233.0,233.0,22173128
2016-02-11,230.0,230.51199300000002,220.899994,223.5,223.5,20265985
2016-02-12,225.399994,240.100006,225.069,240.100006,240.100006,21698950
2016-02-15,245.399994,247.399994,243.80000299999998,246.30000299999998,246.30000299999998,9634924
2016-02-16,248.5,252.0,242.69999700000002,250.0,250.0,13534998
2016-02-17,249.80000299999998,258.299988,248.19999700000002,257.299988,257.299988,11532656
2016-02-18,258.5,260.899994,250.399994,251.899994,251.899994,12455762
2016-02-19,250.5,254.399994,242.19999700000002,246.0,246.0,15973775
2016-02-22,247.600006,250.600006,243.899994,245.19999700000002,245.19999700000002,14567120
2016-02-23,243.30000299999998,246.5,235.69999700000002,236.0,236.0,18622602
2016-02-24,236.0,237.80000299999998,229.5,232.100006,232.100006,16770268
2016-02-25,236.5,245.794006,234.80000299999998,244.0,244.0,20516028
2016-02-26,220.0,229.722,215.899994,226.600006,226.600006,50178166
2016-02-29,221.0,228.100006,220.850006,223.899994,223.899994,25163268
2016-03-01,223.600006,225.0,219.30000299999998,220.399994,220.399994,35752793
2016-03-02,222.5,226.30000299999998,221.100006,224.80000299999998,224.80000299999998,29508420
2016-03-03,226.600006,231.600006,225.0,229.0,229.0,26320800
2016-03-04,230.0,231.600006,227.69999700000002,230.600006,230.600006,22550511
2016-03-07,230.80000299999998,232.69999700000002,225.19999700000002,230.30000299999998,230.30000299999998,18891067
2016-03-08,230.100006,232.19999700000002,227.100006,230.0,230.0,20850697
2016-03-09,231.80000299999998,234.399994,229.11500499999997,231.399994,231.399994,19609170
2016-03-10,230.80000299999998,232.5,221.5,221.69999700000002,221.69999700000002,37324249
2016-03-11,226.600006,231.61000099999998,225.0,229.600006,229.600006,18102149
2016-03-14,230.399994,232.031998,228.100006,231.19999700000002,231.19999700000002,21013671
2016-03-15,234.0,235.899994,232.25,234.600006,234.600006,23084927
2016-03-16,234.899994,235.399994,232.600006,234.30000299999998,234.30000299999998,20272768
2016-03-17,235.399994,235.899994,226.19999700000002,230.899994,230.899994,12855913
2016-03-18,231.399994,238.399994,230.899994,236.100006,236.100006,21567648
2016-03-21,235.19999700000002,238.5,233.30000299999998,235.5,235.5,11655258
2016-03-22,234.69999700000002,234.69999700000002,229.69999700000002,233.399994,233.399994,13608909
2016-03-23,232.69999700000002,234.30000299999998,228.0,228.19999700000002,228.19999700000002,10696903
2016-03-24,226.19999700000002,227.399994,222.19999700000002,223.600006,223.600006,12193237
2016-03-29,223.600006,227.899994,219.19999700000002,220.69999700000002,220.69999700000002,12051089
2016-03-30,222.19999700000002,225.19999700000002,221.69999700000002,223.69999700000002,223.69999700000002,11569171
2016-03-31,222.600006,223.80000299999998,219.30000299999998,222.69999700000002,222.69999700000002,11413907
2016-04-01,220.600006,225.69999700000002,216.94999700000002,218.5,218.5,15859336
2016-04-04,217.30000299999998,219.19999700000002,215.19999700000002,216.100006,216.100006,14036153
2016-04-05,214.80000299999998,214.80000299999998,208.199997,210.600006,210.600006,17689113
2016-04-06,211.69999700000002,214.100006,207.0,209.0,209.0,14285632
2016-04-07,209.0,209.84599300000002,204.300003,207.0,207.0,15424186
2016-04-08,207.399994,212.30000299999998,207.300003,211.5,211.5,13164195
2016-04-11,212.0,215.399994,209.100006,214.30000299999998,214.30000299999998,13670385
2016-04-12,214.19999700000002,218.600006,213.30000299999998,216.80000299999998,216.80000299999998,15408426
2016-04-13,219.30000299999998,231.100006,218.80000299999998,229.600006,229.600006,23921474
2016-04-14,230.5,233.5,227.0,231.600006,231.600006,17532744
2016-04-15,232.30000299999998,237.0,231.19999700000002,235.0,235.0,18800995
2016-04-18,232.19999700000002,238.19999700000002,229.600006,237.5,237.5,13410666
2016-04-19,237.30000299999998,244.100006,237.19999700000002,243.0,243.0,19290810
2016-04-20,242.399994,250.0,241.69999700000002,249.5,249.5,15187905
2016-04-21,250.80000299999998,257.100006,250.69999700000002,253.600006,253.600006,24586839
2016-04-22,253.600006,255.69999700000002,249.399994,251.69999700000002,251.69999700000002,12462413
2016-04-25,252.30000299999998,253.100006,247.399994,248.30000299999998,248.30000299999998,13631111
2016-04-26,248.30000299999998,253.399994,246.479996,252.399994,252.399994,16095257
2016-04-27,251.600006,253.899994,247.899994,252.100006,252.100006,10945394
2016-04-28,249.100006,252.69999700000002,238.30000299999998,244.80000299999998,244.80000299999998,29940547
2016-04-29,245.0,248.0,229.399994,230.0,230.0,23420964
2016-05-03,230.0,230.100006,218.600006,222.5,222.5,23899049
2016-05-04,220.5,223.600006,218.5,219.19999700000002,219.19999700000002,20833756
2016-05-05,219.0,220.84500099999997,212.5,213.19999700000002,213.19999700000002,11130868
2016-05-06,212.399994,215.80000299999998,207.399994,213.69999700000002,213.69999700000002,14871186
2016-05-09,215.5,217.399994,212.19999700000002,212.899994,212.899994,11827850
2016-05-10,213.69999700000002,217.044998,213.24000499999997,215.19999700000002,215.19999700000002,13656033
2016-05-11,215.19999700000002,216.69999700000002,209.199997,213.69999700000002,213.69999700000002,11185261
2016-05-12,212.30000299999998,214.899994,209.0,209.600006,209.600006,17575202
2016-05-13,208.300003,211.92100499999998,205.666,211.30000299999998,211.30000299999998,12849955
2016-05-16,209.5,212.69999700000002,208.300003,212.5,212.5,7868547
2016-05-17,214.100006,218.399994,212.348007,214.5,214.5,13054883
2016-05-18,212.899994,224.399994,212.69999700000002,223.69999700000002,223.69999700000002,20195271
2016-05-19,223.19999700000002,231.399994,222.58799700000003,226.80000299999998,226.80000299999998,23529984
2016-05-20,230.0,233.80000299999998,228.69999700000002,231.80000299999998,231.80000299999998,17213510
2016-05-23,231.5,236.600006,230.399994,234.100006,234.100006,14318379
2016-05-24,233.600006,246.399994,232.899994,245.30000299999998,245.30000299999998,23729598
2016-05-25,247.100006,257.399994,246.431,256.0,256.0,20374248
2016-05-26,256.899994,256.899994,247.19999700000002,248.600006,248.600006,15541862
2016-05-27,247.69999700000002,252.30000299999998,246.960007,251.19999700000002,251.19999700000002,11925362
2016-05-31,251.19999700000002,253.5,245.5,246.5,246.5,13371524
2016-06-01,246.0,247.30000299999998,234.100006,239.600006,239.600006,14778210
2016-06-02,239.5,246.100006,239.5,239.80000299999998,239.80000299999998,10388525
2016-06-03,241.899994,243.5,234.38999900000002,237.19999700000002,237.19999700000002,10300399
2016-06-06,237.0,241.899994,231.5,232.399994,232.399994,18704845
2016-06-07,233.600006,236.30000299999998,228.5,229.69999700000002,229.69999700000002,21166153
2016-06-08,228.100006,229.600006,223.899994,225.399994,225.399994,14170979
2016-06-09,224.100006,227.05299399999998,221.19999700000002,222.0,222.0,14335491
2016-06-10,221.5,222.0,213.600006,213.899994,213.899994,15370130
2016-06-13,210.600006,218.66400099999998,210.600006,216.100006,216.100006,21880071
2016-06-14,215.30000299999998,216.399994,210.899994,212.0,212.0,18245868
2016-06-15,213.600006,218.69999700000002,212.899994,217.0,217.0,15225136
2016-06-16,213.5,215.69999700000002,210.0,214.19999700000002,214.19999700000002,15430744
2016-06-17,217.0,225.69999700000002,217.0,222.100006,222.100006,31912575
2016-06-20,233.80000299999998,241.69999700000002,232.0,237.69999700000002,237.69999700000002,24986476
2016-06-21,237.0,243.399994,235.0,241.80000299999998,241.80000299999998,12349556
2016-06-22,243.399994,249.19999700000002,239.863998,246.600006,246.600006,14926958
2016-06-23,249.0,255.600006,246.5,250.5,250.5,23699459
2016-06-24,165.0,218.80000299999998,164.931,205.300003,205.300003,73329650
2016-06-27,191.5,208.53999299999998,151.5,174.300003,174.300003,79984282
2016-06-28,182.300003,184.0,158.996002,173.800003,173.800003,48469824
2016-06-29,177.0,181.100006,171.399994,180.199997,180.199997,35454186
2016-06-30,174.399994,176.300003,168.248001,171.600006,171.600006,48524344
2016-07-01,173.399994,176.699997,165.337006,169.699997,169.699997,38748740
2016-07-04,171.800003,172.457993,166.199997,167.5,167.5,19955355
2016-07-05,165.399994,166.699997,158.5,158.5,158.5,30017604
2016-07-06,155.0,156.0,148.399994,148.899994,148.899994,43735628
2016-07-07,150.300003,161.884995,150.300003,158.600006,158.600006,31856802
2016-07-08,157.300003,169.21000700000002,155.0,168.800003,168.800003,28999257
2016-07-11,171.100006,179.300003,168.600006,179.300003,179.300003,28876067
2016-07-12,179.899994,186.610001,178.399994,182.0,182.0,26237061
2016-07-13,182.399994,183.699997,174.0,177.800003,177.800003,25781230
2016-07-14,177.800003,183.759995,175.5,182.199997,182.199997,23449034
2016-07-15,181.300003,188.759995,180.899994,184.0,184.0,21984619
2016-07-18,183.0,191.5,182.800003,189.800003,189.800003,31643438
2016-07-19,189.5,192.300003,186.800003,190.100006,190.100006,19294013
2016-07-20,191.199997,194.699997,189.899994,194.699997,194.699997,22189537
2016-07-21,194.100006,196.600006,190.628006,192.199997,192.199997,25082792
2016-07-22,191.100006,191.899994,188.100006,189.399994,189.399994,21213791
2016-07-25,188.5,190.5,185.016006,190.5,190.5,15256307
2016-07-26,189.600006,189.899994,185.300003,187.0,187.0,12620220
2016-07-27,187.600006,193.5,186.5,192.100006,192.100006,55826441
2016-07-28,193.0,194.5,187.600006,188.0,188.0,23805888
2016-07-29,188.0,195.300003,187.199997,192.399994,192.399994,17717126
2016-08-01,192.300003,193.0,186.899994,189.100006,189.100006,16113401
2016-08-02,187.800003,189.100006,182.100006,185.800003,185.800003,23842016
2016-08-03,186.199997,191.5,185.41000400000001,190.600006,190.600006,20986823
2016-08-04,190.199997,194.699997,189.0,192.0,192.0,21465458
2016-08-05,185.0,186.0,173.800003,178.199997,178.199997,45452794
2016-08-08,177.100006,184.71899399999998,175.399994,184.699997,184.699997,24577765
2016-08-09,185.100006,193.300003,184.100006,192.300003,192.300003,30062551
2016-08-10,189.800003,195.699997,187.380997,194.899994,194.899994,18714483
2016-08-11,195.699997,196.699997,191.5,195.0,195.0,17111184
2016-08-12,195.100006,197.375,193.699997,196.300003,196.300003,13664592
2016-08-15,195.699997,197.300003,190.399994,193.100006,193.100006,10656941
2016-08-16,191.600006,193.0,188.699997,191.600006,191.600006,13988320
2016-08-17,191.600006,193.800003,188.5,190.300003,190.300003,13693702
2016-08-18,191.0,191.5,186.600006,187.300003,187.300003,21845404
2016-08-19,186.5,187.899994,184.399994,187.5,187.5,15445284
2016-08-22,187.300003,190.199997,185.699997,188.199997,188.199997,13274969
2016-08-23,190.600006,197.5,189.100006,196.100006,196.100006,20337931
2016-08-24,195.0,199.5,193.100006,198.600006,198.600006,11957272
2016-08-25,196.300003,198.5,195.399994,195.5,195.5,8765483
2016-08-26,196.100006,197.699997,193.899994,196.699997,196.699997,9738304
2016-08-30,196.699997,200.5,196.100006,200.100006,200.100006,14852457
2016-08-31,199.399994,204.300003,199.399994,201.5,201.5,20970058
2016-09-01,202.5,205.509995,197.550003,201.0,201.0,21727993
2016-09-02,203.0,205.414001,199.199997,204.300003,204.300003,16468516
2016-09-05,200.0,203.0,195.699997,197.100006,197.100006,20505761
2016-09-06,197.899994,199.600006,195.100006,195.399994,195.399994,12515285
2016-09-07,195.300003,197.0,192.0,197.0,197.0,16986395
2016-09-08,197.0,202.619003,195.91000400000001,202.100006,202.100006,17094902
2016-09-09,202.0,208.800003,199.199997,206.699997,206.699997,21394360
2016-09-12,200.100006,202.699997,195.699997,199.600006,199.600006,22346234
2016-09-13,200.300003,201.869003,197.699997,198.0,198.0,14877303
2016-09-14,199.399994,200.100006,196.5,197.399994,197.399994,11470957
2016-09-15,197.100006,198.600006,193.800003,194.199997,194.199997,12736465
2016-09-16,188.699997,189.0,183.300003,185.600006,185.600006,35337856
2016-09-19,188.800003,190.070007,185.5,185.899994,185.899994,20961644
2016-09-20,186.100006,187.300003,183.639999,183.699997,183.699997,16306319
2016-09-21,183.699997,186.5,180.800003,183.199997,183.199997,24461349
2016-09-22,183.899994,187.46000700000002,179.699997,186.5,186.5,17008848
2016-09-23,186.800003,186.800003,181.800003,182.600006,182.600006,14580089
2016-09-26,181.600006,182.0,176.800003,177.5,177.5,17919073
2016-09-27,178.5,179.300003,169.600006,174.600006,174.600006,23381819
2016-09-28,175.199997,178.0,173.0,176.399994,176.399994,16689749
2016-09-29,179.399994,179.520004,176.199997,177.100006,177.100006,12041465
2016-09-30,173.800003,179.199997,168.199997,178.800003,178.800003,32638348
2016-10-03,178.399994,179.699997,171.55299399999998,179.300003,179.300003,17850594
2016-10-04,179.0,184.304001,178.100006,182.399994,182.399994,24806229
2016-10-05,180.600006,184.100006,176.899994,183.800003,183.800003,17399798
2016-10-06,185.300003,189.199997,184.899994,185.5,185.5,21797081
2016-10-07,185.5,186.5,177.5,181.899994,181.899994,27456686
2016-10-10,181.100006,181.699997,176.399994,178.600006,178.600006,17910366
2016-10-11,177.399994,183.699997,176.5,181.0,181.0,22356972
2016-10-12,181.5,182.199997,176.600006,176.899994,176.899994,15797481
2016-10-13,175.100006,176.899994,169.399994,170.399994,170.399994,22447688
2016-10-14,172.0,175.699997,171.100006,172.800003,172.800003,18433477
2016-10-17,171.300003,173.0,169.800003,170.399994,170.399994,16499913
2016-10-18,171.199997,177.929993,171.199997,177.600006,177.600006,19727829
2016-10-19,178.199997,181.399994,176.100006,180.0,180.0,11482579
2016-10-20,181.300003,186.699997,180.199997,186.300003,186.300003,23578282
2016-10-21,186.5,190.5,185.25,190.0,190.0,22386091
2016-10-24,188.100006,190.300003,186.207001,188.0,188.0,15316909
2016-10-25,187.800003,193.199997,181.699997,192.300003,192.300003,25900612
2016-10-26,191.300003,194.300003,189.300003,193.699997,193.699997,16501150
2016-10-27,192.100006,197.389999,188.800003,196.399994,196.399994,20282915
2016-10-28,203.199997,208.0,191.600006,194.0,194.0,38749380
2016-10-31,192.800003,193.899994,188.434998,189.100006,189.100006,20892083
2016-11-01,190.600006,190.699997,185.800003,186.600006,186.600006,13504538
2016-11-02,185.899994,185.91499299999998,181.0,182.699997,182.699997,19077898
2016-11-03,182.399994,197.03599499999999,180.899994,193.899994,193.899994,37577353
2016-11-04,193.699997,195.369995,184.42799399999998,185.0,185.0,22332190
2016-11-07,188.399994,189.600006,184.69799799999998,186.5,186.5,19712696
2016-11-08,185.699997,187.899994,182.600006,187.300003,187.300003,26413792
2016-11-09,181.0,192.699997,180.001999,192.300003,192.300003,23382006
2016-11-10,193.300003,206.0,193.300003,202.699997,202.699997,40741099
2016-11-11,205.0,205.800003,198.899994,201.600006,201.600006,21254533
2016-11-14,204.399994,211.80000299999998,203.300003,210.399994,210.399994,24067999
2016-11-15,211.0,213.399994,206.800003,212.5,212.5,28098629
2016-11-16,210.0,213.0,206.699997,208.399994,208.399994,24656008
2016-11-17,205.399994,208.0,200.899994,208.0,208.0,15171431
2016-11-18,205.100006,207.207993,202.199997,205.100006,205.100006,32822652
2016-11-21,205.399994,206.244995,202.744995,203.600006,203.600006,12941992
2016-11-22,205.699997,211.899994,205.199997,207.800003,207.800003,22661920
2016-11-23,206.699997,209.0,201.300003,205.0,205.0,16574159
2016-11-24,206.5,206.5,201.699997,203.199997,203.199997,8403815
2016-11-25,203.199997,205.0,200.800003,201.5,201.5,8569970
2016-11-28,201.5,202.682007,195.0,196.199997,196.199997,16435755
2016-11-29,193.100006,197.0,191.399994,197.0,197.0,14894007
2016-11-30,192.300003,195.063995,187.100006,194.300003,194.300003,27651522
2016-12-01,192.100006,199.699997,191.699997,199.699997,199.699997,17022837
2016-12-02,198.399994,200.0,193.199997,193.399994,193.399994,14817395
2016-12-05,193.899994,199.699997,191.0,197.800003,197.800003,18556075
2016-12-06,197.5,209.699997,197.300003,209.100006,209.100006,22781129
2016-12-07,211.899994,218.899994,208.699997,217.19999700000002,217.19999700000002,23350230
2016-12-08,217.399994,223.19999700000002,215.0,220.30000299999998,220.30000299999998,18136948
2016-12-09,221.600006,221.80000299999998,214.69999700000002,217.30000299999998,217.30000299999998,15986354
2016-12-12,217.5,220.0,213.19999700000002,213.899994,213.899994,14122608
2016-12-13,212.600006,219.69999700000002,210.5,219.5,219.5,16160453
2016-12-14,220.0,222.399994,216.89700299999998,217.399994,217.399994,12104239
2016-12-15,218.19999700000002,229.80000299999998,217.57899500000002,227.0,227.0,21316290
2016-12-16,228.100006,229.80000299999998,226.19999700000002,227.600006,227.600006,24487719
2016-12-19,228.5,228.69999700000002,222.350006,223.100006,223.100006,9521116
2016-12-20,222.399994,226.600006,221.399994,226.30000299999998,226.30000299999998,12481611
2016-12-21,226.0,229.69999700000002,223.867004,228.399994,228.399994,18356104
2016-12-22,226.19999700000002,228.80000299999998,226.19999700000002,228.0,228.0,9820082
2016-12-23,229.600006,236.19999700000002,228.80000299999998,231.100006,231.100006,7650491
2016-12-28,231.100006,231.600006,224.19999700000002,225.30000299999998,225.30000299999998,11143516
2016-12-29,224.30000299999998,226.834,222.19999700000002,223.69999700000002,223.69999700000002,10552573
2016-12-30,224.600006,224.80000299999998,221.80000299999998,224.600006,224.600006,4665356
2017-01-03,224.600006,232.69999700000002,224.600006,231.0,231.0,16553252
2017-01-04,232.600006,235.80000299999998,230.5,234.399994,234.399994,15660963
2017-01-05,233.899994,236.63999900000002,229.69999700000002,231.100006,231.100006,10770409
2017-01-06,231.5,232.899994,229.294006,232.399994,232.399994,12747204
2017-01-09,232.0,233.899994,225.399994,227.399994,227.399994,14475527
2017-01-10,226.19999700000002,229.100006,222.399994,226.600006,226.600006,16475580
2017-01-11,226.399994,227.69999700000002,221.979996,222.69999700000002,222.69999700000002,17730776
2017-01-12,222.80000299999998,223.899994,217.5,218.5,218.5,21506378
2017-01-13,220.30000299999998,222.0,217.399994,221.100006,221.100006,21884683
2017-01-16,217.399994,218.0,213.399994,214.899994,214.899994,21895595
2017-01-17,215.399994,225.19999700000002,214.30000299999998,220.19999700000002,220.19999700000002,21230514
2017-01-18,220.30000299999998,220.899994,216.69999700000002,219.0,219.0,19373825
2017-01-19,219.0,222.0,217.30000299999998,220.100006,220.100006,15002873
2017-01-20,220.399994,223.0,218.69999700000002,220.899994,220.899994,11488325
2017-01-23,218.5,219.548996,214.80000299999998,215.899994,215.899994,13917037
2017-01-24,217.600006,220.30000299999998,216.19999700000002,220.0,220.0,9867969
2017-01-25,222.0,229.399994,220.46600299999997,227.5,227.5,15989477
2017-01-26,228.0,242.69999700000002,225.309006,232.899994,232.899994,36772177
2017-01-27,233.30000299999998,238.686005,228.5,231.80000299999998,231.80000299999998,16040410
2017-01-30,229.5,237.237,225.100006,225.5,225.5,12862086
2017-01-31,225.0,228.100006,221.600006,221.80000299999998,221.80000299999998,15660523
2017-02-01,223.399994,225.5,222.0,224.19999700000002,224.19999700000002,13561802
2017-02-02,224.80000299999998,224.80000299999998,220.600006,222.5,222.5,12300030
2017-02-03,224.0,229.69999700000002,220.69999700000002,228.5,228.5,14854860
2017-02-06,229.100006,229.600006,223.5,223.899994,223.899994,14820490
2017-02-07,223.80000299999998,227.899994,220.781998,225.399994,225.399994,13421305
2017-02-08,227.19999700000002,231.69999700000002,223.80000299999998,227.399994,227.399994,23692502
2017-02-09,227.600006,233.19999700000002,226.375,233.100006,233.100006,13710903
2017-02-10,234.899994,234.899994,228.600006,228.899994,228.899994,12185303
2017-02-13,228.80000299999998,235.5,228.600006,234.600006,234.600006,14619761
2017-02-14,234.399994,241.19999700000002,233.100006,241.0,241.0,18214469
2017-02-15,242.0,246.899994,240.600006,246.0,246.0,18534915
2017-02-16,244.69999700000002,247.30000299999998,241.83299300000002,243.5,243.5,14351666
2017-02-17,242.899994,243.899994,237.80000299999998,242.399994,242.399994,13392153
2017-02-20,254.600006,260.899994,251.899994,258.899994,258.899994,42916220
2017-02-21,258.0,259.200012,251.80000299999998,251.80000299999998,251.80000299999998,30349418
2017-02-22,252.899994,256.242004,248.399994,251.5,251.5,30725415
2017-02-23,250.80000299999998,253.80000299999998,248.19999700000002,249.399994,249.399994,23434578
2017-02-24,245.0,248.0,235.0,238.19999700000002,238.19999700000002,28661215
2017-02-27,238.30000299999998,241.0,232.80000299999998,233.399994,233.399994,18304773
2017-02-28,232.899994,239.399994,232.899994,237.80000299999998,237.80000299999998,18374597
2017-03-01,239.80000299999998,245.649994,238.69999700000002,243.899994,243.899994,19175764
2017-03-02,250.0,250.19999700000002,241.94999700000002,245.0,245.0,19689576
2017-03-03,244.0,247.30000299999998,241.69999700000002,247.0,247.0,16092827
2017-03-06,245.30000299999998,246.520004,240.30000299999998,240.600006,240.600006,10563564
2017-03-07,242.30000299999998,242.30000299999998,237.600006,238.899994,238.899994,11806957
2017-03-08,239.69999700000002,242.30000299999998,238.19999700000002,240.399994,240.399994,19180405
2017-03-09,240.0,243.600006,237.600006,242.5,242.5,19332530
2017-03-10,244.19999700000002,246.73500099999998,242.0,245.0,245.0,10684583
2017-03-13,245.600006,245.600006,240.30000299999998,241.30000299999998,241.30000299999998,13102576
2017-03-14,241.399994,241.899994,231.30000299999998,235.19999700000002,235.19999700000002,18347520
2017-03-15,235.30000299999998,238.225998,234.352005,237.0,237.0,11486434
2017-03-16,239.30000299999998,240.69999700000002,233.669998,240.600006,240.600006,16179632
2017-03-17,242.399994,246.899994,242.07400499999997,243.899994,243.899994,24687770
2017-03-20,242.69999700000002,244.5,238.80000299999998,239.899994,239.899994,8753196
2017-03-21,241.0,243.600006,236.399994,238.19999700000002,238.19999700000002,13024673
2017-03-22,235.899994,236.809998,231.5,235.0,235.0,14190904
2017-03-23,236.30000299999998,240.5,234.19999700000002,240.0,240.0,17143029
2017-03-24,241.5,241.5,237.399994,239.0,239.0,13013780
2017-03-27,237.100006,239.100006,234.5,238.80000299999998,238.80000299999998,12070867
2017-03-28,239.600006,242.899994,237.5,242.19999700000002,242.19999700000002,12524611
2017-03-29,242.899994,245.899994,240.600006,241.399994,241.399994,14061134
2017-03-30,241.30000299999998,243.013,237.899994,242.399994,242.399994,8764478
2017-03-31,241.100006,243.30000299999998,239.899994,242.100006,242.100006,11237532
2017-04-03,242.399994,243.69999700000002,238.19999700000002,239.899994,239.899994,11824508
2017-04-04,239.399994,241.0,234.69999700000002,236.399994,236.399994,12251194
2017-04-05,235.899994,241.30000299999998,235.19999700000002,239.5,239.5,11982855
2017-04-06,236.19999700000002,238.399994,234.0,237.69999700000002,237.69999700000002,10246449
2017-04-07,235.899994,238.80000299999998,234.19999700000002,238.30000299999998,238.30000299999998,9041864
2017-04-10,237.80000299999998,239.5,235.600006,239.0,239.0,7902892
2017-04-11,237.0,239.399994,234.100006,234.5,234.5,8716436
2017-04-12,235.600006,237.19999700000002,230.5,231.399994,231.399994,15940350
2017-04-13,230.0,231.731995,226.30000299999998,228.399994,228.399994,13830778
2017-04-18,228.399994,228.399994,221.80000299999998,224.69999700000002,224.69999700000002,16018898
2017-04-19,226.5,235.69999700000002,226.100006,235.69999700000002,235.69999700000002,19165135
2017-04-20,234.5,242.19999700000002,232.80000299999998,239.5,239.5,20755971
2017-04-21,240.0,241.69999700000002,237.69999700000002,239.80000299999998,239.80000299999998,13242139
2017-04-24,249.0,250.5,244.30000299999998,249.30000299999998,249.30000299999998,19006585
2017-04-25,249.80000299999998,256.700012,248.899994,253.399994,253.399994,18510904
2017-04-26,253.899994,253.899994,249.651993,252.69999700000002,252.69999700000002,13445715
2017-04-27,255.100006,257.914001,251.69999700000002,253.399994,253.399994,15721086
2017-04-28,260.0,267.700012,254.649994,265.399994,265.399994,39451525
2017-05-02,264.0,267.5,261.100006,264.600006,264.600006,16746577
2017-05-03,263.899994,265.5,263.299988,264.899994,264.899994,11185347
2017-05-04,267.100006,267.299988,263.200012,267.0,267.0,16651026
2017-05-05,267.700012,269.5,264.067993,269.0,269.0,11342465
2017-05-08,269.100006,269.600006,264.700012,266.600006,266.600006,11934496
2017-05-09,266.5,267.600006,263.299988,263.299988,263.299988,9341198
2017-05-10,262.600006,263.899994,261.5,263.100006,263.100006,13245893
2017-05-11,263.0,264.799988,258.200012,260.799988,260.799988,21547429
2017-05-12,260.100006,261.480011,257.700012,258.700012,258.700012,7525460
2017-05-15,260.299988,262.5,259.459991,262.0,262.0,7096090
2017-05-16,261.600006,265.200012,260.899994,263.200012,263.200012,7445834
2017-05-17,261.700012,264.5,257.600006,258.600006,258.600006,9816713
2017-05-18,258.100006,264.299988,257.899994,263.399994,263.399994,17461759
2017-05-19,263.5,267.600006,262.200012,262.899994,262.899994,9329709
2017-05-22,262.799988,264.700012,260.5,261.600006,261.600006,6132827
2017-05-23,261.200012,267.899994,260.24301099999997,264.899994,264.899994,10489426
2017-05-24,265.399994,271.0,264.72000099999997,267.399994,267.399994,11134857
2017-05-25,268.100006,268.700012,264.899994,266.0,266.0,7659037
2017-05-26,266.200012,266.200012,258.864014,261.600006,261.600006,9964393
2017-05-30,261.600006,262.799988,258.600006,260.600006,260.600006,8932387
2017-05-31,261.700012,265.399994,259.5,260.0,260.0,13020888
2017-06-01,260.5,261.100006,255.19999700000002,258.899994,258.899994,12144306
2017-06-02,262.200012,264.100006,257.390015,258.399994,258.399994,8592772
2017-06-05,259.0,260.700012,258.5,259.700012,259.700012,6017604
2017-06-06,258.899994,259.067993,251.600006,251.69999700000002,251.69999700000002,12656004
2017-06-07,252.0,258.700012,252.0,255.100006,255.100006,11725612
2017-06-08,254.0,258.200012,253.19999700000002,257.200012,257.200012,13593828
2017-06-09,255.0,255.08799700000003,246.0,250.899994,250.899994,30508956
2017-06-12,248.600006,252.5,247.399994,250.100006,250.100006,11793486
2017-06-13,252.0,258.0,251.100006,252.19999700000002,252.19999700000002,12036881
2017-06-14,252.30000299999998,253.32200600000002,249.80000299999998,249.899994,249.899994,9037338
2017-06-15,249.80000299999998,255.753998,247.69999700000002,251.5,251.5,13856859
2017-06-16,253.0,254.940002,248.399994,249.69999700000002,249.69999700000002,19496198
2017-06-19,251.0,253.94999700000002,250.100006,250.100006,250.100006,5913799
2017-06-20,251.0,252.626007,248.19999700000002,248.30000299999998,248.30000299999998,599695
2017-06-21,248.30000299999998,248.44999700000002,245.399994,246.80000299999998,246.80000299999998,509859
2017-06-22,246.80000299999998,247.69999700000002,244.69999700000002,246.80000299999998,246.80000299999998,956751
2017-06-23,246.5,247.30000299999998,244.30000299999998,245.600006,245.600006,2918496
2017-06-26,245.899994,252.0,246.0,250.34399399999998,250.34399399999998,1939585
2017-06-27,249.69999700000002,251.899994,247.899994,251.272995,251.272995,5244129
2017-06-28,251.5,253.19999700000002,249.69999700000002,252.19999700000002,252.19999700000002,4457797
2017-06-29,253.69999700000002,256.200012,252.5,252.899994,252.899994,2825503
2017-06-30,252.30000299999998,253.0,246.69999700000002,247.19999700000002,247.19999700000002,1165662
2017-07-03,248.19999700000002,256.100006,247.600006,255.5,255.5,12106341
2017-07-04,253.600006,258.700012,253.600006,255.80000299999998,255.80000299999998,8895902
2017-07-05,255.899994,257.399994,254.32800299999997,255.69999700000002,255.69999700000002,10289629
2017-07-06,257.200012,261.299988,252.91700699999998,259.899994,259.899994,15007596
2017-07-07,259.700012,261.0,257.700012,258.700012,258.700012,7633849
2017-07-10,260.0,260.0,255.399994,256.399994,256.399994,7500247
2017-07-11,257.299988,257.700012,254.149002,256.5,256.5,7669945
2017-07-12,257.600006,265.5,250.899994,251.5,251.5,23118609
2017-07-13,252.19999700000002,257.600006,251.600006,256.799988,256.799988,11904672
2017-07-14,256.799988,257.700012,251.399994,252.399994,252.399994,10308216
2017-07-17,252.19999700000002,253.899994,250.0,253.399994,253.399994,5636604
2017-07-18,252.69999700000002,254.399994,249.600006,250.899994,250.899994,6340363
2017-07-19,251.600006,251.600006,248.399994,249.80000299999998,249.80000299999998,12073978
2017-07-20,250.30000299999998,262.299988,248.598007,249.19999700000002,249.19999700000002,14319360
2017-07-21,248.80000299999998,249.100006,245.5,246.600006,246.600006,12218704
2017-07-24,246.0,247.600006,243.5,245.899994,245.899994,9518830
2017-07-25,247.0,252.399994,246.0,251.19999700000002,251.19999700000002,9751818
2017-07-26,250.399994,253.69999700000002,249.399994,252.30000299999998,252.30000299999998,8313273
2017-07-27,250.30000299999998,252.899994,249.5,251.30000299999998,251.30000299999998,8364135
2017-07-28,249.399994,252.5,246.781998,246.80000299999998,246.80000299999998,9250065
2017-07-31,246.600006,249.5,245.30000299999998,248.600006,248.600006,9824269
2017-08-01,250.0,253.399994,248.67799399999998,250.600006,250.600006,8393173
2017-08-02,251.19999700000002,252.399994,248.5,250.899994,250.899994,7093765
2017-08-03,247.0,258.100006,247.0,256.200012,256.200012,18309912
2017-08-04,260.0,269.0,259.299988,261.200012,261.200012,31201762
2017-08-07,260.899994,264.5,259.100006,261.5,261.5,12749289
2017-08-08,261.100006,264.799988,261.0,264.600006,264.600006,9828386
2017-08-09,264.0,264.100006,258.100006,259.100006,259.100006,10536380
2017-08-10,258.600006,263.5,257.299988,258.200012,258.200012,11102957
2017-08-11,258.100006,258.5,253.36000099999998,257.100006,257.100006,14332387
2017-08-14,258.100006,262.450012,257.299988,259.600006,259.600006,11307939
2017-08-15,261.600006,265.600006,258.899994,263.100006,263.100006,8476514
2017-08-16,264.100006,266.5,262.5,263.899994,263.899994,10269663
2017-08-17,262.799988,263.0,255.80000299999998,258.100006,258.100006,11029383
2017-08-18,256.899994,257.600006,253.100006,257.5,257.5,9915172
2017-08-21,256.200012,256.700012,253.600006,255.19999700000002,255.19999700000002,7922927
2017-08-22,256.299988,257.200012,253.0,254.0,254.0,7162631
2017-08-23,254.600006,256.799988,253.30000299999998,256.0,256.0,9719918
2017-08-24,256.399994,257.734985,253.80000299999998,255.899994,255.899994,7846223
2017-08-25,256.100006,257.5,255.600006,255.80000299999998,255.80000299999998,6489218
2017-08-29,255.80000299999998,255.80000299999998,249.80000299999998,250.80000299999998,250.80000299999998,8011777
2017-08-30,252.600006,253.100006,248.5,248.5,248.5,11228400
2017-08-31,249.600006,251.899994,248.600006,251.899994,251.899994,10934345
2017-09-01,253.19999700000002,253.528,250.80000299999998,252.80000299999998,252.80000299999998,5410566
2017-09-04,252.69999700000002,252.69999700000002,249.0,250.0,250.0,5818669
2017-09-05,249.899994,250.600006,247.80000299999998,248.399994,248.399994,7580616
2017-09-06,247.5,248.623993,244.19999700000002,244.600006,244.600006,8332556
2017-09-07,244.5,245.923004,240.69999700000002,241.19999700000002,241.19999700000002,16129760
2017-09-08,241.600006,244.80000299999998,239.600006,244.399994,244.399994,8937177
2017-09-11,245.600006,246.399994,241.86999500000002,243.80000299999998,243.80000299999998,10440797
2017-09-12,245.19999700000002,250.100006,243.100006,249.69999700000002,249.69999700000002,11500140
2017-09-13,248.5,252.0,248.5,249.600006,249.600006,11788811
2017-09-14,249.0,255.13000499999998,246.600006,253.30000299999998,253.30000299999998,21606538
2017-09-15,252.399994,252.80000299999998,249.559998,251.69999700000002,251.69999700000002,22079632
2017-09-18,253.5,253.80000299999998,251.399994,252.899994,252.899994,14544472
2017-09-19,252.5,256.299988,252.25,255.5,255.5,13835821
2017-09-20,254.0,256.399994,253.19999700000002,256.299988,256.299988,9515232
2017-09-21,257.0,262.600006,255.371994,260.5,260.5,16353837
2017-09-22,261.899994,262.700012,259.700012,262.299988,262.299988,10769559
2017-09-25,260.0,262.700012,259.799988,261.399994,261.399994,11215623
2017-09-26,260.200012,262.600006,259.799988,261.799988,261.799988,7838664
2017-09-27,265.700012,271.799988,264.299988,270.799988,270.799988,19204041
2017-09-28,266.0,271.100006,261.100006,266.399994,266.399994,18279918
2017-09-29,267.700012,270.200012,264.700012,268.299988,268.299988,11534181
2017-10-02,267.700012,269.5,266.5,268.100006,268.100006,15253747
2017-10-03,268.5,271.799988,267.899994,271.5,271.5,7363064
2017-10-04,271.399994,274.200012,270.299988,271.299988,271.299988,10947479
2017-10-05,273.600006,276.100006,271.77099599999997,274.200012,274.200012,11985999
2017-10-06,275.600006,276.100006,271.200012,272.600006,272.600006,8925913
2017-10-09,271.5,273.700012,270.700012,272.200012,272.200012,8308026
2017-10-10,276.200012,278.600006,274.100006,277.5,277.5,14939918
2017-10-11,277.700012,279.0,273.399994,275.399994,275.399994,16849782
2017-10-12,274.600006,277.200012,274.0,274.200012,274.200012,11453146
2017-10-13,273.600006,275.799988,271.5,275.200012,275.200012,10245230
2017-10-16,276.600006,276.600006,272.440002,274.100006,274.100006,7743130
2017-10-17,273.5,277.200012,273.100006,273.399994,273.399994,8859806
2017-10-18,274.0,280.0,272.299988,279.200012,279.200012,10511873
2017-10-19,277.899994,281.299988,276.600006,280.100006,280.100006,24270356
2017-10-20,281.600006,286.200012,280.84500099999997,282.299988,282.299988,15378822
2017-10-23,282.100006,282.200012,278.0,279.5,279.5,11451429
2017-10-24,278.899994,281.700012,277.799988,281.0,281.0,11137160
2017-10-25,280.799988,282.600006,279.0,280.100006,280.100006,13890367
2017-10-26,279.799988,281.112,277.299988,281.0,281.0,22272051
2017-10-27,286.600006,290.5,280.230011,285.799988,285.799988,35212139
2017-10-30,285.600006,288.799988,283.600006,284.200012,284.200012,13158215
2017-10-31,283.0,284.700012,282.0,282.5,282.5,10494288
2017-11-01,283.5,285.0,282.399994,284.5,284.5,11668072
2017-11-02,283.600006,284.399994,278.0,281.799988,281.799988,17938410
2017-11-03,281.799988,281.799988,277.299988,278.600006,278.600006,11630052
2017-11-06,278.299988,278.299988,275.5,277.399994,277.399994,7896180
2017-11-07,278.700012,280.200012,275.799988,276.399994,276.399994,10436227
2017-11-08,275.299988,276.0,273.399994,275.799988,275.799988,9689133
2017-11-09,275.0,277.5,272.5,273.700012,273.700012,10064598
2017-11-10,273.700012,275.899994,273.399994,275.299988,275.299988,7655404
2017-11-13,275.5,276.190002,272.660004,274.700012,274.700012,8300471
2017-11-14,275.200012,277.100006,273.399994,274.899994,274.899994,7020785
2017-11-15,274.100006,275.100006,271.5,274.899994,274.899994,8997461
2017-11-16,275.899994,276.0,272.600006,274.0,274.0,9235318
2017-11-17,272.299988,275.100006,272.100006,274.399994,274.399994,7529274
2017-11-20,273.0,276.299988,272.799988,273.600006,273.600006,7067558
2017-11-21,273.200012,276.100006,272.299988,273.200012,273.200012,8337669
2017-11-22,272.700012,274.200012,269.399994,269.5,269.5,16188130
2017-11-23,268.200012,271.0,267.399994,269.600006,269.600006,6248195
2017-11-24,269.0,272.899994,268.5,270.799988,270.799988,7628289
2017-11-27,269.899994,272.0,267.600006,267.600006,267.600006,12056214
2017-11-28,267.700012,271.899994,266.399994,271.200012,271.200012,15789084
2017-11-29,272.299988,282.5,272.299988,281.600006,281.600006,25352021
2017-11-30,280.5,283.899994,276.0,276.600006,276.600006,19663732
2017-12-01,276.399994,276.399994,269.899994,270.100006,270.100006,13752189
2017-12-04,276.0,276.799988,272.100006,274.200012,274.200012,10011033
2017-12-05,274.799988,274.799988,271.299988,274.200012,274.200012,15639556
2017-12-06,272.600006,276.5,269.700012,274.700012,274.700012,15005062
2017-12-07,274.100006,275.799988,273.0,275.100006,275.100006,19678043
2017-12-08,276.799988,281.700012,276.700012,281.0,281.0,18462221
2017-12-11,281.799988,282.799988,279.799988,280.700012,280.700012,13532116
2017-12-12,280.5,281.0,279.0,280.899994,280.899994,10464591
2017-12-13,280.299988,282.600006,280.0,280.899994,280.899994,9581408
2017-12-14,280.200012,281.100006,277.100006,277.899994,277.899994,8480634
2017-12-15,278.299988,278.299988,274.0,276.299988,276.299988,14439729
2017-12-18,276.799988,277.799988,274.5,276.700012,276.700012,10833146
2017-12-19,276.0,277.600006,275.200012,277.299988,277.299988,8164898
2017-12-20,277.200012,278.299988,273.299988,274.700012,274.700012,9807478
2017-12-21,273.700012,277.100006,272.299988,276.5,276.5,7515706
2017-12-22,275.299988,275.899994,273.299988,275.799988,275.799988,2428186
2017-12-27,275.799988,276.899994,274.899994,275.799988,275.799988,5392385
2017-12-28,276.600006,277.399994,275.399994,276.200012,276.200012,3747189
2017-12-29,276.299988,279.299988,275.100006,278.0,278.0,3748848
2018-01-02,278.0,279.700012,276.100006,277.299988,277.299988,6870581
2018-01-03,277.0,278.600006,275.5,275.5,275.5,10660425
2018-01-04,276.299988,279.399994,275.600006,278.0,278.0,12082941
2018-01-05,278.0,279.299988,276.100006,276.299988,276.299988,9925316
2018-01-08,276.5,279.5,275.799988,278.700012,278.700012,12129375
2018-01-09,276.0,281.299988,274.700012,280.5,280.5,10644412
2018-01-10,285.5,293.600006,283.600006,293.399994,293.399994,27692422
2018-01-11,293.0,297.5,289.600006,296.799988,296.799988,14965757
2018-01-12,297.0,303.0,296.5,302.399994,302.399994,22772057
2018-01-15,301.600006,302.0,298.5,300.100006,300.100006,17951608
2018-01-16,294.0,299.799988,291.700012,298.700012,298.700012,18437123
2018-01-17,297.100006,298.700012,293.399994,294.799988,294.799988,12288183
2018-01-18,295.5,297.799988,294.100006,297.299988,297.299988,7547833
2018-01-19,296.200012,298.299988,294.799988,297.299988,297.299988,10925120
2018-01-22,296.5,298.200012,294.799988,296.700012,296.700012,14893237
2018-01-23,298.600006,300.100006,295.600006,296.0,296.0,14650551
2018-01-24,295.399994,298.200012,295.299988,297.700012,297.700012,11752077
2018-01-25,297.299988,299.5,296.100006,299.100006,299.100006,10054841
2018-01-26,299.0,304.200012,298.700012,301.600006,301.600006,16536539
2018-01-29,302.200012,302.799988,299.399994,300.200012,300.200012,10537659
2018-01-30,297.5,298.200012,291.5,292.0,292.0,21666707
2018-01-31,291.899994,291.899994,287.5,287.700012,287.700012,17501689
2018-02-01,290.600006,291.600006,285.299988,286.899994,286.899994,9933822
2018-02-02,286.399994,288.299988,284.299988,286.600006,286.600006,10214061
2018-02-05,283.899994,284.5,280.700012,281.700012,281.700012,10147440
2018-02-06,272.5,281.100006,271.200012,274.399994,274.399994,29651356
2018-02-07,277.100006,283.299988,273.299988,280.700012,280.700012,21738675
2018-02-08,279.899994,288.299988,276.5,283.600006,283.600006,24848347
2018-02-09,282.899994,283.600006,273.5,274.5,274.5,24228197
2018-02-12,277.299988,282.600006,275.100006,277.0,277.0,20452248
2018-02-13,278.100006,278.799988,275.200012,275.200012,275.200012,12432652
2018-02-14,276.799988,277.899994,274.100006,274.899994,274.899994,14487132
2018-02-15,278.5,280.399994,272.799988,275.100006,275.100006,19388885
2018-02-16,276.200012,276.700012,273.799988,275.399994,275.399994,14037949
2018-02-19,276.0,277.100006,274.899994,275.600006,275.600006,11326313
2018-02-20,276.899994,277.0,273.700012,274.899994,274.899994,13712937
2018-02-21,279.299988,279.299988,273.399994,277.399994,277.399994,18285256
2018-02-22,279.600006,282.399994,277.5,282.0,282.0,25340871
2018-02-23,272.0,274.0,268.399994,268.399994,268.399994,33314456
2018-02-26,270.600006,271.899994,267.700012,268.100006,268.100006,19169242
2018-02-27,269.799988,271.399994,268.100006,270.399994,270.399994,18041830
2018-02-28,269.299988,270.299988,267.200012,267.700012,267.700012,27341138
2018-03-01,266.0,267.200012,263.399994,265.700012,265.700012,24319139
2018-03-02,263.0,264.0,254.30000299999998,257.600006,257.600006,23683951
2018-03-05,257.700012,262.399994,257.0,261.600006,261.600006,30020644
2018-03-06,264.0,264.700012,260.100006,260.100006,260.100006,16726797
2018-03-07,259.399994,262.200012,258.100006,261.0,261.0,12300738
2018-03-08,260.700012,264.5,259.899994,263.0,263.0,23946121
2018-03-09,263.100006,263.700012,259.100006,261.799988,261.799988,15204670
