Date,Open,High,Low,Close,Adj Close,Volume
2015-01-02,2173.5,2176.5,2125.0,2168.0,1761.4125980000001,3251273.0
2015-01-05,2157.5,2161.0,2076.0,2080.0,1689.9158940000002,8741887.0
2015-01-06,2080.0,2123.5,2033.0,2079.5,1689.5097660000001,7476529.0
2015-01-07,2087.5,2128.0,2055.5,2098.0,1704.540405,6579382.0
2015-01-08,2134.5,2150.5,2112.0,2142.5,1740.694824,4549799.0
2015-01-09,2143.5,2147.0,2093.0,2106.5,1711.446045,4167176.0
2015-01-12,2115.0,2115.5,2048.0,2078.5,1688.6971440000002,4580648.0
2015-01-13,2045.0,2089.5,2038.5,2077.0,1687.4787600000002,5522141.0
2015-01-14,2054.0,2054.5,2003.0,2008.0,1631.418701,10334336.0
2015-01-15,2044.5,2077.5,1974.0,2066.0,1678.541382,13311135.0
2015-01-16,2054.0,2105.0,2044.5,2102.5,1708.1961670000003,8595747.0
2015-01-19,2103.5,2126.5,2083.0,2121.0,1723.226685,4177221.0
2015-01-20,2141.5,2154.5,2105.5,2117.0,1719.976929,6293026.0
2015-01-21,2127.5,2178.5,2126.5,2163.5,1757.75647,8385284.0
2015-01-22,2170.0,2215.25,2153.5,2176.5,1768.3183589999999,7633009.0
2015-01-23,2200.0,2200.0,2132.5,2185.0,1775.224243,7816599.0
2015-01-26,2157.5,2213.0,2140.0,2211.5,1796.754639,7329643.0
2015-01-27,2205.5,2216.5,2150.0,2191.0,1780.0989989999998,7428294.0
2015-01-28,2211.0,2211.399902,2140.5,2153.5,1749.631714,8746903.0
2015-01-29,2079.0,2090.0,2042.5,2060.0,1673.666748,12011958.0
2015-01-30,2066.0,2079.0,2014.0,2018.0,1639.543579,11576055.0
2015-02-02,2044.0,2086.0,2037.5,2069.0,1680.9787600000002,8283212.0
2015-02-03,2094.0,2180.0,2055.0,2180.0,1771.161743,19045298.0
2015-02-04,2181.0,2187.5,2124.0,2157.0,1752.4753420000002,10249808.0
2015-02-05,2127.0,2183.0,2100.0,2169.0,1762.2248539999998,13271060.0
2015-02-06,2173.0,2189.0,2157.5,2165.0,1758.9748539999998,13051195.0
2015-02-09,2163.0,2195.5,2148.5,2186.5,1776.442993,22035113.0
2015-02-10,2192.0,2192.0,2138.0,2152.5,1748.819214,5818286.0
2015-02-11,2161.0,2161.5,2122.5,2146.5,1743.94458,4187108.0
2015-02-12,2123.5,2162.340088,2105.5,2112.5,1741.635864,5992885.0
2015-02-13,2122.5,2154.5,2118.5,2149.0,1771.7281489999998,4805815.0
2015-02-16,2155.0,2155.0,2125.0,2131.5,1757.300415,3151460.0
2015-02-17,2119.5,2170.0,2110.0,2151.5,1773.789429,4322655.0
2015-02-18,2164.5,2173.5,2142.5,2154.0,1775.8503420000002,6374275.0
2015-02-19,2145.0,2150.0,2105.0,2109.0,1738.750732,6570301.0
2015-02-20,2122.5,2128.5,2103.0,2127.0,1753.590576,6379700.0
2015-02-23,2139.0,2139.0,2100.0,2114.0,1742.872925,4219074.0
2015-02-24,2111.0,2138.0,2098.5,2129.5,1755.651611,5615671.0
2015-02-25,2131.0,2132.0,2100.0,2122.5,1749.880493,4375750.0
2015-02-26,2120.0,2125.5,2095.5,2105.5,1735.864868,4038544.0
2015-02-27,2101.0,2128.5,2094.5,2118.0,1746.170654,5512092.0
2015-03-02,2113.0,2119.5,2087.5,2090.0,1723.08606,4131173.0
2015-03-03,2095.0,2100.0,2037.0,2047.0,1687.6348879999998,11031218.0
2015-03-04,2060.5,2066.5,2029.0,2043.5,1684.749634,6308589.0
2015-03-05,2055.5,2062.5,2033.8299559999998,2040.0,1681.864014,5783897.0
2015-03-06,2040.0,2042.0,2023.5,2030.0,1673.619385,5235419.0
2015-03-09,2025.5,2035.5,2005.5,2030.0,1673.619385,4854451.0
2015-03-10,2020.0,2020.0,1936.5,1936.5,1596.534058,7660512.0
2015-03-11,1945.5,1952.0,1929.219971,1936.0,1596.121826,5717749.0
2015-03-12,1948.0,1993.5,1948.0,1961.0,1616.73291,7023507.0
2015-03-13,1965.0,1966.5,1918.5,1921.5,1584.16748,6261605.0
2015-03-16,1925.0,1942.0,1916.790039,1935.5,1595.709717,4457071.0
2015-03-17,1941.5,1979.5,1941.5,1975.0,1628.2751460000002,6102188.0
2015-03-18,1975.5,2023.0,1975.5,2022.5,1667.436157,6155708.0
2015-03-19,2031.0,2044.5,2007.0,2042.0,1683.512939,7977303.0
2015-03-20,2054.0,2069.5,2043.5,2064.0,1701.6503910000001,16619009.0
2015-03-23,2073.5,2106.5,1990.3499760000002,2094.0,1726.383911,3723837.0
2015-03-24,2085.0,2107.0,2078.5,2078.5,1713.60498,5206417.0
2015-03-25,2074.5,2112.5,2067.5,2096.5,1728.44519,3305674.0
2015-03-26,2102.5,2118.0,2060.0,2069.0,1705.772827,5315464.0
2015-03-27,2061.0,2061.75,2025.0,2034.5,1677.329468,8247561.0
2015-03-30,2049.0,2072.0,2027.0,2052.0,1691.757202,4615925.0
2015-03-31,2055.5,2063.0,2006.5,2008.0,1655.481812,5562018.0
2015-04-01,2007.5,2053.5,2006.5,2031.0,1674.44397,4718827.0
2015-04-02,2037.0,2050.0,2017.5,2024.5,1669.085205,2819298.0
2015-04-07,2024.5,2099.800049,2024.5,2094.0,1726.383911,4796372.0
2015-04-08,2075.0,2080.0,1974.5,1982.5,1634.458252,15724063.0
2015-04-09,2001.5,2008.0,1971.0,2004.0,1652.1838380000002,10980485.0
2015-04-10,2017.5,2028.5,2001.5,2026.5,1670.734009,4623186.0
2015-04-13,2034.5,2046.0,2023.0,2038.5,1680.6271969999998,5772260.0
2015-04-14,2025.5,2055.0,2025.5,2045.5,1686.398438,6537858.0
2015-04-15,2034.0,2083.0,2034.0,2071.5,1707.8338620000002,4246419.0
2015-04-16,2088.0,2115.0,2081.5,2109.0,1738.750732,8327238.0
2015-04-17,2114.0,2119.0,2077.5,2089.0,1722.261353,5222746.0
2015-04-20,2098.0,2122.0,2093.0,2121.0,1748.643921,4225873.0
2015-04-21,2120.0,2120.0,2092.5,2100.0,1731.330688,4281542.0
2015-04-22,2106.0,2110.0,2063.0,2070.5,1707.0093989999998,4529657.0
2015-04-23,2065.0,2098.5,2059.5,2091.5,1724.3225100000002,12877464.0
2015-04-24,2091.5,2098.5,2063.5,2066.0,1703.299438,5588064.0
2015-04-27,2066.5,2089.139893,2042.0,2076.5,1711.956177,4697459.0
2015-04-28,2074.5,2085.5,2050.5,2061.0,1699.177368,5260893.0
2015-04-29,2055.5,2071.5,2033.5,2052.0,1691.757202,5286983.0
2015-04-30,2094.5,2094.5,2055.0,2059.5,1697.940552,8772171.0
2015-05-01,2071.5,2075.5,2045.5,2060.0,1698.3527829999998,3218156.0
2015-05-05,2060.0,2119.5,2060.0,2091.5,1724.3225100000002,7155535.0
2015-05-06,2092.0,2102.0,2075.5,2082.5,1716.90271,4353739.0
2015-05-07,2076.0,2080.5,2023.5,2043.0,1684.33728,7668235.0
2015-05-08,2028.0,2077.0,2001.5,2072.0,1708.246216,8123331.0
2015-05-11,2066.5,2094.5,2047.0,2052.0,1691.757202,6584581.0
2015-05-12,2047.5,2054.5,2018.839966,2033.5,1676.505127,5833935.0
2015-05-13,2046.0,2053.0,2030.5,2045.5,1686.398438,7124317.0
2015-05-14,2015.0,2027.0,2003.5,2018.5,1689.5372309999998,4394685.0
2015-05-15,2017.0,2019.0,1985.5,1991.5,1666.9376220000001,4608844.0
2015-05-18,1998.5,2019.5,1974.5,1981.5,1658.567383,4248577.0
2015-05-19,1992.5,2000.0,1970.0,1971.0,1649.778564,6572054.0
2015-05-20,1976.0,1980.5,1956.5,1970.0,1648.9415279999998,5897560.0
2015-05-21,1976.0,1995.0,1974.0,1985.0,1661.496826,4637333.0
2015-05-22,1998.5,2000.5,1969.5,1970.5,1649.359985,5468813.0
2015-05-26,1970.5,1970.5,1924.0,1931.0,1616.297485,5540983.0
2015-05-27,1934.0,1962.0,1934.0,1957.5,1638.47876,4910637.0
2015-05-28,1954.0,1967.5,1942.5,1954.0,1635.549072,3729164.0
2015-05-29,1962.0,1973.5,1943.0,1943.0,1626.341797,7435976.0
2015-06-01,1956.0,1958.5,1915.5,1922.5,1609.182739,6283894.0
2015-06-02,1930.0,1949.0,1905.0,1934.0,1618.8085939999999,7829912.0
2015-06-03,1944.5,1950.0,1923.5,1938.0,1622.156616,6859961.0
2015-06-04,1928.0,1929.0,1901.5,1901.5,1591.605225,7158152.0
2015-06-05,1895.0,1921.5,1886.5,1902.5,1592.442383,6928452.0
2015-06-08,1913.5,1914.0,1886.0,1902.0,1592.023804,4123024.0
2015-06-09,1900.0,1904.0,1874.0,1883.0,1576.120361,7703743.0
2015-06-10,1885.0,1906.5,1885.0,1898.5,1589.0939939999998,8067273.0
2015-06-11,1905.0,1915.5,1890.0,1897.0,1587.838623,4790010.0
2015-06-12,1893.0,1899.0,1851.5,1858.0,1555.194458,4669968.0
2015-06-15,1851.0,1866.050049,1835.819946,1854.5,1552.264893,4947057.0
2015-06-16,1845.0,1860.0,1825.5,1850.5,1548.91687,4749786.0
2015-06-17,1856.0,1857.5,1840.5,1844.5,1543.8948970000001,4021011.0
2015-06-18,1845.0,1845.02002,1826.0,1844.0,1543.476318,5167957.0
2015-06-19,1838.0,1860.5,1825.699951,1843.5,1543.057739,6949961.0
2015-06-22,1870.5,1876.5,1862.0,1875.0,1569.424194,4756783.0
2015-06-23,1867.0,1872.0,1855.5,1855.5,1553.101929,6212587.0
2015-06-24,1869.5,1902.5,1869.5,1898.5,1589.0939939999998,5908970.0
2015-06-25,1891.5,1918.0,1882.5,1883.0,1576.120361,5707295.0
2015-06-26,1880.0,1882.5,1856.5,1858.0,1555.194458,6327041.0
2015-06-29,1835.0,1838.0,1809.5,1819.0,1522.5505369999998,6675961.0
2015-06-30,1822.0,1822.0,1786.5,1786.5,1495.3474119999998,8737625.0
2015-07-01,1811.0,1827.5,1795.5,1803.5,1509.57666,6931953.0
2015-07-02,1805.0,1828.5,1800.0,1816.5,1520.457764,6044942.0
2015-07-03,1821.5,1823.9000239999998,1796.5,1812.0,1516.6911619999998,2655414.0
2015-07-06,1799.5,1804.0,1783.5,1788.0,1496.602661,4227532.0
2015-07-07,1789.0,1789.0,1753.0,1753.0,1467.306763,5469358.0
2015-07-08,1765.5,1815.5,1763.0,1801.5,1507.902832,7567102.0
2015-07-09,1801.5,1816.5,1764.069946,1804.5,1510.413696,8199132.0
2015-07-10,1833.5,1842.0,1810.5,1822.0,1525.061401,4644474.0
2015-07-13,1844.0,1845.5,1809.0,1818.0,1521.713501,3832645.0
2015-07-14,1807.5,1839.0,1803.5,1838.0,1538.453979,4742627.0
2015-07-15,1830.5,1841.5,1821.0,1824.5,1527.154175,4256262.0
2015-07-16,1828.5,1840.0,1814.0,1835.5,1536.361572,4745669.0
2015-07-17,1832.0,1832.5,1808.0,1814.0,1518.3654789999998,4067372.0
2015-07-20,1818.5,1835.0,1808.0,1819.0,1522.5505369999998,3547528.0
2015-07-21,1817.0,1838.5,1807.300049,1836.0,1536.780029,3466286.0
2015-07-22,1817.0,1820.5,1784.0,1787.0,1495.7657470000001,5115287.0
2015-07-23,1799.0,1803.5,1775.0,1784.0,1493.254639,4547057.0
2015-07-24,1783.5,1791.5,1752.5,1755.5,1469.399536,4346231.0
2015-07-27,1753.0,1768.560059,1728.5,1735.5,1452.658813,6021888.0
2015-07-28,1737.5,1751.0,1725.5,1740.0,1456.425415,4860727.0
2015-07-29,1751.5,1764.5,1730.0,1764.5,1476.932373,7342292.0
2015-07-30,1807.0,1851.5,1797.5,1839.0,1539.291138,9144289.0
2015-07-31,1846.0,1864.0,1827.0,1840.0,1540.128174,6190919.0
2015-08-03,1837.0,1848.5,1822.0,1832.0,1533.432007,4644031.0
2015-08-04,1821.0,1840.0,1811.5,1830.5,1532.17627,14175574.0
2015-08-05,1828.5,1863.5,1824.0,1861.0,1557.705566,5637429.0
2015-08-06,1854.0,1875.5,1843.0,1873.5,1568.168457,8256605.0
2015-08-07,1875.0,1902.5,1870.0,1885.5,1578.212769,5601592.0
2015-08-10,1888.5,1893.0,1849.0,1879.5,1573.190674,5342991.0
2015-08-11,1871.0,1893.119995,1864.5,1867.0,1562.727783,8934581.0
2015-08-12,1870.0,1879.0,1845.5,1877.5,1571.516724,8641627.0
2015-08-13,1872.0,1887.430054,1821.0,1821.5,1550.172485,6766089.0
2015-08-14,1816.0,1843.0999760000002,1794.5,1797.0,1529.321899,4443885.0
2015-08-17,1805.0,1805.5,1781.0,1793.0,1525.9178470000002,3993157.0
2015-08-18,1800.0,1800.0,1759.5,1764.0,1501.237427,5021995.0
2015-08-19,1765.0,1765.0,1726.0,1729.0,1471.451294,4976457.0
2015-08-20,1728.0,1753.5,1713.5,1738.5,1479.535889,7775509.0
2015-08-21,1720.0,1735.0,1684.839966,1686.0,1434.856201,8179356.0
2015-08-24,1638.0,1657.98999,1542.5,1579.0,1343.7948,17101627.0
2015-08-25,1611.5,1646.640015,1593.0,1619.0,1377.836548,10135451.0
2015-08-26,1600.5,1633.5,1573.0,1575.0,1340.390625,8570852.0
2015-08-27,1612.0,1665.5,1593.5,1653.5,1407.19751,10750594.0
2015-08-28,1673.0,1705.5,1654.0,1695.0,1442.5157470000001,9183006.0
2015-09-01,1695.0,1721.5,1628.5,1638.0,1394.0061039999998,12431720.0
2015-09-02,1634.0,1663.5,1605.5,1631.0,1388.049072,8794389.0
2015-09-03,1656.0,1675.5,1642.0,1659.5,1412.303589,7592261.0
2015-09-04,1653.5,1656.5,1597.0,1605.0,1365.9219970000001,9056482.0
2015-09-07,1624.5,1644.5,1603.5,1604.0,1365.070923,3356585.0
2015-09-08,1609.5,1641.5,1609.5,1629.5,1386.772705,7659819.0
2015-09-09,1666.0,1668.619995,1637.5,1642.0,1397.4105220000001,5425054.0
2015-09-10,1626.0,1646.5,1600.0,1614.0,1373.581177,7132461.0
2015-09-11,1621.5,1627.0,1604.5,1612.0,1371.8789060000001,5405912.0
2015-09-14,1616.0,1633.0,1593.5,1607.5,1368.049438,4964227.0
2015-09-15,1609.0,1636.5,1584.0,1627.0,1384.644775,5225756.0
2015-09-16,1635.5,1662.0,1619.5,1658.0,1411.0272220000002,6232462.0
2015-09-17,1660.5,1669.0,1637.5,1644.5,1399.538086,6393241.0
2015-09-18,1632.0,1638.5,1578.5,1582.0,1346.348145,10358376.0
2015-09-21,1574.0,1598.0,1566.5,1577.5,1342.518311,5936031.0
2015-09-22,1582.5,1582.5,1526.0,1535.5,1306.774658,7522426.0
2015-09-23,1541.0,1583.0,1537.0,1561.0,1328.475952,6044241.0
2015-09-24,1552.0,1552.0,1519.0,1522.5,1295.7110599999999,5286101.0
2015-09-25,1545.0,1559.0,1541.5,1552.0,1320.8167720000001,4544787.0
2015-09-28,1562.0,1562.0,1508.5,1508.5,1283.7963869999999,4209401.0
2015-09-29,1500.0,1550.0,1497.5,1537.0,1308.0509029999998,6021026.0
2015-09-30,1555.0,1557.969971,1534.5,1554.0,1322.518799,7953861.0
2015-10-01,1573.0,1618.5,1571.0,1587.0,1350.603149,4966035.0
2015-10-02,1590.5,1635.98999,1587.0,1608.0,1368.474976,5906580.0
2015-10-05,1645.5,1689.5,1635.0,1689.5,1437.834839,6727528.0
2015-10-06,1693.0,1754.5,1667.5,1746.0,1485.918823,7265562.0
2015-10-07,1769.5,1810.5,1755.0,1786.0,1519.960571,10617570.0
2015-10-08,1780.0,1808.0,1770.5,1806.0,1536.981323,6508939.0
2015-10-09,1822.5,1833.0,1797.5,1811.0,1541.23645,8628280.0
2015-10-12,1804.5,1820.5,1784.0,1791.5,1524.641235,3378755.0
2015-10-13,1777.0,1788.5,1753.0,1779.0,1514.003174,3309601.0
2015-10-14,1763.0,1794.5,1750.0,1768.5,1505.067261,4624418.0
2015-10-15,1790.0,1798.0,1758.5,1779.0,1514.003174,6434105.0
2015-10-16,1798.0,1824.0,1797.5,1808.0,1538.6834720000002,4899754.0
2015-10-19,1807.5,1816.5,1767.0,1774.5,1510.17334,4973246.0
2015-10-20,1770.0,1798.0999760000002,1746.0,1771.5,1507.620483,3819664.0
2015-10-21,1779.0,1806.5,1767.5,1797.0,1529.321899,4769208.0
2015-10-22,1780.5,1799.5,1766.5,1787.0,1520.811401,5372013.0
2015-10-23,1800.0,1804.5,1755.0,1762.5,1499.9609380000002,5804997.0
2015-10-26,1768.5,1777.5,1740.5,1742.0,1482.514648,6303898.0
2015-10-27,1736.5,1741.75,1695.5,1709.5,1454.855591,6304337.0
2015-10-28,1706.5,1753.0,1702.5,1738.0,1479.110352,6030195.0
2015-10-29,1713.0,1723.0,1689.0,1711.5,1456.557739,5930683.0
2015-10-30,1711.5,1718.5,1684.0,1690.0,1438.260376,6217148.0
2015-11-02,1681.5,1710.5,1673.0,1707.0,1452.7280269999999,4872792.0
2015-11-03,1721.5,1757.5,1713.0,1757.5,1495.705811,7702725.0
2015-11-04,1769.0,1794.0,1755.5,1757.0,1495.280273,5747902.0
2015-11-05,1750.5,1750.5,1707.5,1719.0,1462.940796,7681664.0
2015-11-06,1721.5,1731.0,1694.5,1712.0,1456.983154,6340986.0
2015-11-09,1712.0,1739.5,1698.0,1700.5,1447.196289,5616693.0
2015-11-10,1703.0,1711.680054,1681.0,1686.0,1434.856201,5055915.0
2015-11-11,1684.0,1695.5,1654.0,1656.5,1409.7504880000001,4845732.0
2015-11-12,1620.5,1632.0,1584.390015,1584.5,1374.251587,6331214.0
2015-11-13,1581.5,1601.5,1559.0,1568.0,1359.940918,6206622.0
2015-11-16,1566.5,1617.0,1566.5,1576.0,1366.879395,6092441.0
2015-11-17,1605.5,1629.5,1602.5,1618.0,1403.306519,8343946.0
2015-11-18,1608.0,1653.5,1602.0,1640.0,1422.387207,8597055.0
2015-11-19,1656.5,1692.0,1654.0,1666.0,1444.937134,8482035.0
2015-11-20,1662.5,1664.680054,1632.5,1635.0,1418.050659,6295104.0
2015-11-23,1614.5,1656.5,1604.0,1626.5,1410.678467,5999852.0
2015-11-24,1617.0,1651.5,1613.140015,1650.0,1431.060303,5965175.0
2015-11-25,1654.5,1670.5,1637.5,1648.5,1429.7592769999999,6266904.0
2015-11-26,1653.5,1678.0,1648.0,1672.5,1450.574585,4832835.0
2015-11-27,1670.5,1673.859985,1649.5,1656.5,1436.697876,3282659.0
2015-11-30,1644.5,1668.0,1636.0,1643.0,1424.989136,7565941.0
2015-12-01,1655.5,1658.0,1639.0,1644.0,1425.856567,5106574.0
2015-12-02,1645.0,1685.0,1637.5,1663.5,1442.769043,6124845.0
2015-12-03,1661.5,1679.5,1624.0,1624.5,1408.943726,8696147.0
2015-12-04,1625.5,1657.5,1576.0,1585.5,1375.119019,7200532.0
2015-12-07,1584.5,1584.5,1513.5,1518.5,1317.009155,6897327.0
2015-12-08,1517.0,1536.0,1486.5,1517.5,1316.141602,9396667.0
2015-12-09,1521.5,1566.0,1487.0,1541.0,1336.523682,7366450.0
2015-12-10,1542.0,1549.5,1512.5,1522.0,1320.044556,7735208.0
2015-12-11,1517.0,1520.0,1453.5,1453.5,1260.633911,10850674.0
2015-12-14,1465.5,1470.5,1415.5,1418.5,1230.278198,9572196.0
2015-12-15,1437.0,1473.5,1432.5,1463.5,1269.306885,8281361.0
2015-12-16,1471.5,1486.0,1457.0,1462.0,1268.006226,7121971.0
2015-12-17,1486.5,1489.5,1447.0,1450.0,1257.598633,7480018.0
2015-12-18,1440.0,1475.5,1438.0,1463.5,1269.306885,10957957.0
2015-12-21,1460.0,1472.0,1442.0,1442.0,1250.660034,8954138.0
2015-12-22,1455.5,1490.0,1448.5,1486.0,1288.821533,6869427.0
2015-12-23,1496.0,1556.5,1494.0,1551.0,1345.1967769999999,7314964.0
2015-12-24,1564.0,1571.0,1553.0,1557.0,1350.4003910000001,1055237.0
2015-12-29,1557.0,1566.5,1533.5,1561.0,1353.869873,5365924.0
2015-12-30,1560.0,1562.5,1492.869995,1545.0,1339.992798,3973197.0
2015-12-31,1542.5,1545.0,1524.5,1526.0,1323.514038,1864955.0
2016-01-04,1526.0,1547.0,1491.5,1516.0,1314.84082,9153230.0
2016-01-05,1555.0,1560.0,1510.5,1526.0,1323.514038,7015234.0
2016-01-06,1525.5,1528.48999,1475.5,1497.5,1298.795532,7207889.0
2016-01-07,1449.5,1467.0,1408.5,1454.5,1261.501343,12961501.0
2016-01-08,1453.5,1456.5,1374.5,1375.0,1192.550293,14597957.0
2016-01-11,1368.5,1391.0,1348.0,1354.0,1174.336792,14085300.0
2016-01-12,1349.0,1394.5,1338.0,1351.0,1171.734985,10755613.0
2016-01-13,1364.5,1396.5,1338.0,1346.0,1167.3983150000001,16629247.0
2016-01-14,1337.5,1405.0,1326.0,1391.5,1206.86084,14169880.0
2016-01-15,1387.5,1395.5,1341.5,1351.0,1171.734985,14441637.0
2016-01-18,1346.0,1373.5,1335.52002,1338.5,1160.893555,7876434.0
2016-01-19,1363.5,1389.0,1346.030029,1365.0,1183.877197,10928535.0
2016-01-20,1327.5,1328.400024,1260.5,1266.0,1098.013672,16535139.0
2016-01-21,1272.0,1319.0,1256.0,1316.5,1141.8127439999998,12344131.0
2016-01-22,1364.5,1401.0,1358.0,1387.0,1202.958008,11204126.0
2016-01-25,1409.0,1411.5,1366.02002,1398.5,1212.9321289999998,10494291.0
2016-01-26,1368.5,1428.5,1349.0,1422.5,1233.747437,10574819.0
2016-01-27,1416.0,1463.0,1382.5,1463.0,1268.873535,15843362.0
2016-01-28,1469.5,1540.5,1466.0,1495.0,1296.627441,16887901.0
2016-01-29,1517.0,1526.0,1470.0,1518.0,1316.575562,11897039.0
2016-02-01,1526.0,1531.0,1471.0,1494.5,1296.193726,11114785.0
2016-02-02,1483.5,1484.5,1413.5,1433.5,1243.287964,9288592.0
2016-02-03,1432.0,1454.0,1408.0,1438.0,1247.190674,7397641.0
2016-02-04,1493.5,1545.0,1480.0,1525.5,1323.080444,15319072.0
2016-02-05,1528.5,1563.5,1520.0,1535.0,1331.31958,11273256.0
2016-02-08,1547.0,1554.0,1493.030029,1522.0,1320.044556,8659809.0
2016-02-09,1536.5,1545.5,1461.0,1461.0,1267.138794,12005997.0
2016-02-10,1462.0,1488.0,1440.0,1454.5,1261.501343,11520022.0
2016-02-11,1442.5,1458.5,1405.5,1441.5,1250.226196,14494279.0
2016-02-12,1465.5,1527.030029,1463.0,1525.5,1323.080444,18515611.0
2016-02-15,1545.0,1559.0,1516.0,1542.0,1337.390991,7810201.0
2016-02-16,1570.5,1606.0,1547.5,1567.0,1359.07373,11633002.0
2016-02-17,1569.5,1642.0,1555.0,1642.0,1424.121704,13447709.0
2016-02-18,1626.0,1630.0,1584.5,1589.0,1406.227539,14352370.0
2016-02-19,1587.5,1603.0,1554.5,1563.0,1383.2182619999999,8108868.0
2016-02-22,1584.0,1637.0,1581.5,1617.0,1431.006958,6256084.0
2016-02-23,1611.5,1617.0,1576.0,1576.0,1394.7227779999998,11393753.0
2016-02-24,1565.0,1568.0,1531.0,1545.0,1367.288696,19857383.0
2016-02-25,1575.5,1618.0,1567.5,1588.0,1405.342651,10630238.0
2016-02-26,1613.5,1650.51001,1607.5,1641.5,1452.688965,9320305.0
2016-02-29,1628.0,1658.0,1619.5,1647.5,1457.998657,8083037.0
2016-03-01,1641.5,1657.5,1634.5,1645.5,1456.228882,9750139.0
2016-03-02,1660.0,1662.0,1622.0,1657.0,1466.4060060000002,8008519.0
2016-03-03,1660.5,1670.0,1642.5,1665.0,1473.48584,7949945.0
2016-03-04,1674.0,1683.0,1655.0,1677.5,1484.548096,8641748.0
2016-03-07,1673.5,1692.0,1634.5,1674.0,1481.450562,6896078.0
2016-03-08,1680.5,1688.5,1639.98999,1659.0,1468.1759029999998,7308829.0
2016-03-09,1655.5,1694.5,1647.5,1689.5,1495.167725,5689294.0
2016-03-10,1694.0,1694.0,1636.5,1638.5,1450.033813,9727757.0
2016-03-11,1676.5,1682.0,1654.5,1669.0,1477.0258789999998,5113664.0
2016-03-14,1673.5,1689.1700440000002,1647.0,1666.5,1474.813354,4895556.0
2016-03-15,1660.5,1665.5,1637.5,1657.5,1466.848389,4884275.0
2016-03-16,1671.0,1711.0,1671.0,1703.5,1507.557373,4509188.0
2016-03-17,1723.0,1750.25,1700.5,1730.0,1531.0092769999999,5046876.0
2016-03-18,1732.5,1736.5,1697.5,1697.5,1502.247437,8137951.0
2016-03-21,1691.5,1706.0,1680.0,1697.5,1502.247437,4264160.0
2016-03-22,1699.0,1705.0,1673.5,1702.0,1506.22998,5653412.0
2016-03-23,1705.0,1710.0,1682.5,1696.0,1500.920044,5129886.0
2016-03-24,1680.0,1685.5,1649.52002,1677.0,1484.1054689999999,5932645.0
2016-03-29,1677.0,1694.5,1642.5,1650.0,1460.211304,3863759.0
2016-03-30,1661.5,1727.0,1661.5,1706.5,1510.21228,6589385.0
2016-03-31,1696.0,1699.0,1681.0,1684.0,1490.300293,5064257.0
2016-04-01,1670.0,1673.5,1635.0,1668.0,1476.140625,5503459.0
2016-04-04,1660.5,1690.0,1652.619995,1677.5,1484.548096,4665148.0
2016-04-05,1654.0,1654.0,1622.0,1644.0,1454.901367,4728580.0
2016-04-06,1656.5,1674.5,1645.0,1663.0,1471.715698,5749704.0
2016-04-07,1681.0,1686.5,1660.0,1666.5,1474.813354,3998090.0
2016-04-08,1684.5,1737.0,1680.5,1733.0,1533.6641849999999,3910577.0
2016-04-11,1734.5,1738.5,1712.0,1732.0,1532.779175,3283392.0
2016-04-12,1738.0,1763.5,1722.0,1759.0,1556.673584,4573431.0
2016-04-13,1777.0,1801.0,1768.0,1801.0,1593.842529,6403011.0
2016-04-14,1805.0,1820.5,1787.0,1817.5,1608.444824,5538732.0
2016-04-15,1817.5,1827.5,1805.5,1814.0,1605.3474119999998,6757272.0
2016-04-18,1774.0,1804.0,1744.030029,1804.0,1596.497437,5380053.0
2016-04-19,1803.5,1826.5,1768.0,1800.5,1593.4001460000002,8661868.0
2016-04-20,1794.5,1820.0,1778.0,1813.0,1604.4624019999999,4697929.0
2016-04-21,1820.0,1837.5,1810.0,1832.5,1621.71936,6080091.0
2016-04-22,1822.0,1822.5,1787.819946,1814.0,1605.3474119999998,5832213.0
2016-04-25,1808.5,1813.430054,1753.0,1760.0,1557.5585939999999,8248772.0
2016-04-26,1767.0,1774.5,1749.0,1766.0,1562.868286,5577756.0
2016-04-27,1761.0,1813.0,1761.0,1810.0,1601.807495,6542644.0
2016-04-28,1795.5,1823.5,1787.5,1812.5,1604.0196529999998,5647710.0
2016-04-29,1800.0,1805.5,1777.5,1779.5,1574.815674,6209500.0
2016-05-03,1779.5,1780.5,1737.0,1755.0,1553.133545,5605115.0
2016-05-04,1765.5,1777.0,1701.5,1710.5,1513.752075,8477617.0
2016-05-05,1715.5,1741.0,1704.0,1726.5,1527.911743,4470285.0
2016-05-06,1713.5,1745.5,1691.0,1742.5,1542.071411,6327745.0
2016-05-09,1749.119995,1756.0,1697.0,1703.0,1507.114868,5100445.0
2016-05-10,1711.0,1725.6500239999998,1699.0,1719.5,1521.717041,5237431.0
2016-05-11,1718.5,1738.5,1697.5,1734.5,1534.991699,4286717.0
2016-05-12,1724.0,1769.0,1718.0,1724.0,1525.6994630000002,4090985.0
2016-05-13,1716.5,1726.0,1701.0,1726.0,1527.469482,5371289.0
2016-05-16,1714.0,1753.0,1713.5,1745.0,1544.284058,3825999.0
2016-05-17,1751.0,1762.5,1729.5,1752.0,1550.478882,3772225.0
2016-05-18,1739.0,1745.0,1717.5,1733.0,1533.6641849999999,6354827.0
2016-05-19,1698.5,1698.5,1644.099976,1648.0,1486.734741,7494898.0
2016-05-20,1673.0,1686.5,1650.550049,1680.0,1515.6032710000002,6836878.0
2016-05-23,1678.5,1678.5,1655.5,1659.0,1496.658203,5934572.0
2016-05-24,1655.5,1668.0,1652.0,1655.0,1493.049683,6040563.0
2016-05-25,1672.5,1691.5,1665.5,1685.0,1520.113892,6577320.0
2016-05-26,1700.5,1711.0,1674.0,1682.5,1517.858765,4636485.0
2016-05-27,1683.0,1691.0,1665.5,1675.0,1511.092651,4672203.0
2016-05-31,1675.0,1684.5,1657.5,1657.5,1495.304932,17768030.0
2016-06-01,1657.5,1668.0,1645.0,1666.0,1502.973145,6631959.0
2016-06-02,1665.0,1688.5,1651.5,1661.0,1498.462524,6062146.0
2016-06-03,1673.0,1692.5,1670.5,1676.0,1511.994751,5385188.0
2016-06-06,1685.5,1714.0,1685.5,1701.0,1534.54834,11520582.0
2016-06-07,1710.5,1756.5,1710.0,1756.0,1584.166138,7413621.0
2016-06-08,1758.0,1812.0,1756.0,1800.0,1623.860718,7540075.0
2016-06-09,1802.5,1816.5,1763.0,1784.5,1609.877319,3695389.0
2016-06-10,1775.5,1789.0,1768.5,1780.0,1605.817749,4852802.0
2016-06-13,1770.0,1784.0,1760.5,1772.0,1598.600586,7255502.0
2016-06-14,1760.0,1766.0,1717.5,1722.0,1553.493408,6792370.0
2016-06-15,1728.0,1737.5,1701.5,1715.0,1547.1782230000001,6060643.0
2016-06-16,1710.0,1732.0,1695.0,1727.5,1558.455078,6897370.0
2016-06-17,1738.0,1772.5,1702.5799559999998,1766.0,1593.187866,11016152.0
2016-06-20,1780.5,1818.0,1775.5,1794.0,1618.4477539999998,8485613.0
2016-06-21,1790.0,1822.0,1774.0,1808.5,1631.528809,5707679.0
2016-06-22,1821.5,1835.0,1803.5,1810.5,1633.33313,7290009.0
2016-06-23,1823.0,1856.0,1819.02002,1852.0,1670.772095,7628039.0
2016-06-24,1752.5,1901.5,1752.5,1872.0,1688.815063,16856634.0
2016-06-27,1868.5,1929.0,1852.0,1907.0,1720.390137,9747835.0
2016-06-28,1937.0,1937.0,1898.050049,1921.0,1733.020264,5516944.0
2016-06-29,1943.0,2000.0,1942.0,2000.0,1804.289551,8088176.0
2016-06-30,2005.0,2049.0,1981.0,2047.5,1847.141357,9898799.0
2016-07-01,2045.5,2080.5,2039.5,2076.0,1872.852661,7097338.0
2016-07-04,2077.5,2094.5,2043.5,2051.0,1850.29895,3679441.0
2016-07-05,2051.0,2115.5,2046.0,2103.5,1897.6616210000002,7749744.0
2016-07-06,2094.5,2113.5,2042.5,2082.0,1878.265503,9606810.0
2016-07-07,2094.0,2116.0,2078.5,2097.0,1891.797729,7040050.0
2016-07-08,2089.0,2109.0,2050.0,2102.0,1896.30835,7132413.0
2016-07-11,2115.5,2115.5,2077.5,2101.0,1895.406128,5589382.0
2016-07-12,2100.0,2122.5,2085.669922,2107.5,1901.269897,6200548.0
2016-07-13,2095.0,2118.0,2076.5,2088.0,1883.678345,7390872.0
2016-07-14,2105.5,2127.399902,2079.0,2083.5,1879.6186519999999,5558029.0
2016-07-15,2069.0,2085.5,2053.5,2085.5,1881.422729,6229456.0
2016-07-18,2083.5,2088.0,2061.5,2071.5,1868.792725,3556197.0
2016-07-19,2079.0,2106.5,2072.25,2095.5,1890.4444579999997,3765828.0
2016-07-20,2112.5,2112.5,2059.0,2084.5,1880.520752,3931458.0
2016-07-21,2078.0,2093.5,2060.5,2082.5,1878.7165530000002,3637807.0
2016-07-22,2074.5,2097.5,2054.5,2092.0,1887.2868649999998,2590720.0
2016-07-25,2082.0,2089.5,2027.319946,2038.5,1839.0222170000002,5410370.0
2016-07-26,2035.0,2069.0,2016.0,2059.0,1857.516235,6891603.0
2016-07-27,2065.5,2080.0,2042.5,2043.5,1843.5328370000002,5359128.0
2016-07-28,1978.0,2000.0,1962.0,1984.5,1790.3061519999999,10529932.0
2016-07-29,1966.0,1967.0,1915.5,1944.0,1753.769531,9212834.0
2016-08-01,1947.0,1971.77002,1887.5,1888.5,1703.700439,5744252.0
2016-08-02,1874.5,1876.5,1843.0,1849.0,1668.065796,6421597.0
2016-08-03,1851.5,1862.5,1828.0,1836.5,1656.788818,4457989.0
2016-08-04,1855.5,1910.5,1850.0,1894.5,1709.113281,12748258.0
2016-08-05,1898.5,1917.0,1886.5,1899.0,1713.172852,7750967.0
2016-08-08,1907.5,1920.5,1892.5,1919.0,1731.2159420000003,4084244.0
2016-08-09,1919.0,1932.640015,1916.0,1918.5,1730.764648,3348474.0
2016-08-10,1915.0,1916.5,1894.0,1916.5,1728.960449,4357910.0
2016-08-11,1884.5,1927.0,1855.5,1922.5,1766.890015,7705066.0
2016-08-12,1932.0,1966.25,1882.180054,1919.0,1763.6734620000002,5472002.0
2016-08-15,1925.0,1957.0,1914.0,1932.5,1776.080566,8425491.0
2016-08-16,1923.5,1953.0,1916.5,1930.0,1773.782959,5642695.0
2016-08-17,1938.0,1942.5,1918.5,1927.5,1771.485352,10314768.0
2016-08-18,1938.0,1943.5,1913.0,1932.0,1775.621094,5339224.0
2016-08-19,1940.0,1940.0,1920.5,1926.5,1770.566406,6213880.0
2016-08-22,1920.0,1971.6700440000002,1892.0,1901.0,1747.1303710000002,4938306.0
2016-08-23,1900.0,1905.5,1886.5,1893.0,1739.777832,3620293.0
2016-08-24,1888.5,1890.5,1869.5,1878.5,1726.451416,6141654.0
2016-08-25,1877.5,1886.5,1863.5,1877.0,1725.0728760000002,6912916.0
2016-08-26,1880.5,1910.0,1875.0,1895.5,1742.0753170000003,4712186.0
2016-08-30,1895.5,1910.0,1885.5,1901.0,1747.1303710000002,4659894.0
2016-08-31,1892.5,1902.0,1856.0,1860.5,1709.9084469999998,10380618.0
2016-09-01,1858.5,1866.0,1812.0,1820.5,1673.1459960000002,5151861.0
2016-09-02,1824.0,1884.0,1818.5,1870.5,1719.0989989999998,11131947.0
2016-09-05,1873.5,1912.5,1864.5,1890.5,1737.480225,4025311.0
2016-09-06,1894.5,1901.0,1853.0,1862.0,1711.2869870000002,4134149.0
2016-09-07,1867.0,1902.5,1867.0,1896.0,1742.535034,5557191.0
2016-09-08,1907.0,1922.5,1899.5,1914.5,1759.5375980000001,6225252.0
2016-09-09,1909.5,1918.5,1871.5,1880.0,1727.8299559999998,3355712.0
2016-09-12,1850.0,1859.0,1835.5,1857.0,1706.691772,5222373.0
2016-09-13,1854.5,1862.5,1826.0,1831.5,1683.2558589999999,7790763.0
2016-09-14,1833.0,1841.5,1809.449951,1815.5,1668.5507810000001,3332685.0
2016-09-15,1806.0,1817.5,1792.5,1814.5,1667.631714,4770298.0
2016-09-16,1815.0,1822.5,1794.5,1798.5,1652.92688,22309509.0
2016-09-19,1818.5,1847.0,1818.5,1832.5,1684.174805,6048177.0
2016-09-20,1820.5,1843.5,1818.0,1826.5,1678.660522,6836067.0
2016-09-21,1835.0,1839.5,1822.5,1830.0,1681.877075,4129319.0
2016-09-22,1845.5,1881.5,1845.5,1854.0,1703.934448,5412684.0
2016-09-23,1851.5,1876.0,1843.5,1865.0,1714.044189,4144469.0
2016-09-26,1843.0,1850.5,1831.0,1839.0,1690.14856,4779077.0
2016-09-27,1850.0,1852.5,1791.0,1800.5,1654.765015,8203187.0
2016-09-28,1803.0,1826.5,1801.5,1805.5,1659.360229,5762372.0
2016-09-29,1894.5,1924.5,1886.0,1924.5,1768.7281489999998,8992826.0
2016-09-30,1903.5,1925.0,1887.5,1914.0,1759.078125,5744959.0
2016-10-03,1930.0,1971.0,1925.0,1952.5,1794.4617920000003,6910174.0
2016-10-04,1963.5,2017.0,1960.0,2004.0,1841.793335,14313881.0
2016-10-05,2003.5,2027.0,1992.0,2026.5,1862.472168,4960859.0
2016-10-06,2031.5,2038.0,2020.0,2024.5,1860.634155,4487776.0
2016-10-07,2043.0,2089.100098,2030.0,2068.5,1901.072632,6430751.0
2016-10-10,2076.0,2120.090088,2067.0,2116.0,1944.727905,6672236.0
2016-10-11,2114.0,2140.0,2096.0,2102.5,1932.320435,8746225.0
2016-10-12,2084.0,2106.0,2073.5,2084.0,1915.317993,5678422.0
2016-10-13,2079.0,2079.709961,2049.820068,2073.0,1905.2083739999998,5303608.0
2016-10-14,2065.0,2110.5,2062.8798829999996,2084.5,1915.777466,3348808.0
2016-10-17,2077.0,2077.0,2045.5,2050.0,1884.070068,4800899.0
2016-10-18,2071.5,2079.5,2049.5,2054.0,1887.746338,3587947.0
2016-10-19,2060.5,2079.5,2050.5,2075.0,1907.046509,3566402.0
2016-10-20,2081.0,2088.5,2065.5,2077.0,1908.8845210000002,3601765.0
2016-10-21,2071.5,2079.0,2067.5,2076.0,1907.965698,4417233.0
2016-10-24,2081.0,2094.5,2066.0,2068.0,1900.612915,3899804.0
2016-10-25,2064.5,2099.0,2064.5,2083.5,1914.858643,4997602.0
2016-10-26,2071.0,2072.0,2027.0,2048.5,1882.691528,4135226.0
2016-10-27,2040.0,2081.709961,2032.199951,2081.5,1913.020386,4444705.0
2016-10-28,2065.0,2079.0,2041.0,2071.0,1903.370361,6006460.0
2016-10-31,2049.0,2058.0,2026.5,2038.5,1873.500977,6854511.0
2016-11-01,2110.0,2131.0,2093.5,2115.0,1943.808838,8862758.0
2016-11-02,2102.5,2114.5,2053.0,2054.5,1888.205811,5581558.0
2016-11-03,2061.5,2107.5,2034.5,2038.5,1873.500977,5965183.0
2016-11-04,2030.5,2036.0,2006.0,2016.5,1853.281616,6978599.0
2016-11-07,2048.0,2059.5,2039.5,2055.5,1889.124878,4595825.0
2016-11-08,2064.0,2090.5,2062.0,2084.0,1915.317993,5077429.0
2016-11-09,2028.5,2078.0,2022.0,2073.0,1905.2083739999998,11859519.0
2016-11-10,2074.5,2116.350098,2035.0,2038.0,1907.229858,8296293.0
2016-11-11,2038.0,2048.5,1940.0,1949.0,1823.940674,7925367.0
2016-11-14,1964.5,1969.5,1922.5,1928.0,1804.287964,5694356.0
2016-11-15,1960.0,2003.0,1960.0,1989.5,1861.8419190000002,8434381.0
2016-11-16,1998.0,1998.5,1965.0,1975.5,1848.7401120000002,6548262.0
2016-11-17,1988.5,2002.5,1963.0,1993.0,1865.11731,8898408.0
2016-11-18,1989.0,2000.5,1958.5,1985.0,1857.6307370000002,9493640.0
2016-11-21,2001.0,2037.5,1995.5,2013.5,1884.3017579999998,6548351.0
2016-11-22,2023.5,2047.0,2015.72998,2026.0,1895.999756,7917618.0
2016-11-23,2034.5,2046.0,2013.5,2020.0,1890.3847660000001,6195772.0
2016-11-24,2020.0,2027.0,2011.5,2021.0,1891.320679,3735903.0
2016-11-25,2016.0,2025.0,2005.0,2011.0,1881.9624019999999,4509385.0
2016-11-28,2000.0,2002.0,1972.089966,1989.5,1861.8419190000002,5303991.0
2016-11-29,1985.0,2002.800049,1929.5,1949.0,1823.940674,5715460.0
2016-11-30,1958.5,2047.0,1954.0,2026.0,1895.999756,13563422.0
2016-12-01,2066.0,2082.5,2036.02002,2073.0,1939.984009,9641775.0
2016-12-02,2050.5,2057.0,2027.0,2048.0,1916.5881350000002,4459662.0
2016-12-05,2020.5,2066.0,1956.8299559999998,2054.0,1922.203247,5795366.0
2016-12-06,2042.0,2061.0,2033.5,2052.0,1920.331543,6134761.0
2016-12-07,2073.0,2103.5,2042.310059,2095.5,1961.040161,5377191.0
2016-12-08,2082.5,2107.0,2078.0,2090.0,1955.893066,6390927.0
2016-12-09,2094.5,2097.5,2082.5,2087.5,1953.553711,4495942.0
2016-12-12,2120.0,2165.5,2113.0,2118.5,1982.5643309999998,7657943.0
2016-12-13,2115.0,2138.5,2108.5,2133.0,1996.1340329999998,5020105.0
2016-12-14,2128.0,2159.01001,2126.5,2136.0,1998.941528,4859148.0
2016-12-15,2129.0,2160.5,2108.0,2155.0,2016.72229,7630489.0
2016-12-16,2167.0,2175.219971,2151.77002,2175.0,2035.4390870000002,11222612.0
2016-12-19,2174.0,2200.179932,2169.1298829999996,2200.0,2058.834961,7824500.0
2016-12-20,2184.0,2217.5,2172.0,2206.5,2064.917969,4998997.0
2016-12-21,2197.0,2210.0,2186.0,2197.5,2056.495361,4254526.0
2016-12-22,2191.5,2213.5,2191.5,2213.5,2071.46875,4122712.0
2016-12-23,2207.0,2213.5,2200.320068,2213.5,2071.46875,1216650.0
2016-12-28,2213.5,2242.5,2209.5,2233.5,2090.185303,3171931.0
2016-12-29,2222.0,2246.5,2220.5,2246.5,2102.351318,2477262.0
2016-12-30,2240.0,2243.0,2225.0,2242.5,2098.60791,3482502.0
2017-01-03,2242.5,2273.5,2240.899902,2256.0,2111.241455,5775822.0
2017-01-04,2267.0,2280.5,2261.0,2275.0,2129.022705,4755974.0
2017-01-05,2275.5,2279.0,2251.0,2263.5,2118.260254,3927799.0
2017-01-06,2258.5,2267.5,2246.5,2267.5,2122.003662,3017074.0
2017-01-09,2272.5,2280.0,2244.0,2255.0,2110.305908,4269854.0
2017-01-10,2261.0,2270.0,2241.5,2249.0,2104.690674,4067850.0
2017-01-11,2238.0,2286.0,2232.0,2274.0,2128.0864260000003,3745420.0
2017-01-12,2270.0,2287.5,2226.73999,2282.5,2136.04126,5821202.0
2017-01-13,2288.0,2295.0,2271.0,2281.5,2135.105469,4430581.0
2017-01-16,2289.0,2295.5,2273.5,2281.0,2134.637695,2812775.0
2017-01-17,2278.0,2280.0,2241.5,2241.5,2097.671875,4333079.0
2017-01-18,2251.0,2260.5,2212.350098,2242.5,2098.60791,5486445.0
2017-01-19,2234.0,2243.0,2194.0,2208.5,2066.7895510000003,5494791.0
2017-01-20,2219.0,2238.5,2214.0,2223.0,2080.3591309999997,4570625.0
2017-01-23,2208.0,2220.0,2183.5,2194.0,2053.219971,7631521.0
2017-01-24,2203.0,2216.5,2199.419922,2199.5,2058.3671879999997,4241369.0
2017-01-25,2210.5,2217.5,2202.5,2202.5,2061.174561,3938857.0
2017-01-26,2204.5,2208.5,2180.5,2189.0,2048.540527,4330380.0
2017-01-27,2197.5,2200.5,2178.0,2191.0,2050.412598,2813700.0
2017-01-30,2176.5,2182.0,2141.5,2154.0,2015.786743,3690633.0
2017-01-31,2151.5,2191.0,2144.0,2147.5,2009.703735,5325695.0
2017-02-01,2162.5,2180.5,2127.5,2137.0,1999.8773190000002,8095384.0
2017-02-02,2172.0,2196.5,2157.0,2165.5,2026.5487059999998,9678994.0
2017-02-03,2175.0,2205.0,2168.5,2193.0,2052.28418,4922838.0
2017-02-06,2190.0,2197.0,2166.52002,2175.0,2035.4390870000002,4087688.0
2017-02-07,2166.5,2189.0,2146.5,2154.0,2015.786743,5093491.0
2017-02-08,2147.5,2147.5,2095.0,2121.5,1985.371826,5508168.0
2017-02-09,2122.5,2151.5,2114.5,2142.5,2005.024414,5373876.0
2017-02-10,2153.0,2180.0,2146.5,2166.5,2027.484375,5325340.0
2017-02-13,2174.5,2182.5,2163.1201170000004,2173.5,2034.035278,4343578.0
2017-02-14,2168.5,2206.01001,2167.0,2172.5,2033.0994870000002,14056327.0
2017-02-15,2192.5,2193.0,2168.0,2170.5,2031.2277829999998,4052525.0
2017-02-16,2152.0,2153.0,2123.0,2123.0,2022.786255,5430991.0
2017-02-17,2118.0,2142.75,2093.0,2095.0,1996.1077879999998,6296741.0
2017-02-20,2107.5,2112.5,2080.0,2080.0,1981.815918,4708767.0
2017-02-21,2079.0,2114.5,2078.5,2094.0,1995.1551510000002,7261254.0
2017-02-22,2101.5,2108.929932,2075.0,2084.0,1985.6269530000002,5392798.0
2017-02-23,2088.0,2103.73999,2079.5,2088.5,1989.914551,8231946.0
2017-02-24,2087.0,2088.0,2057.0,2073.0,1975.1462399999998,4522632.0
2017-02-27,2096.0,2111.080078,2074.5,2074.5,1976.575439,4012250.0
2017-02-28,2083.5,2088.5,2061.5,2079.5,1981.339478,8400998.0
2017-03-01,2093.5,2127.699951,2086.5,2123.5,2023.262573,8469665.0
2017-03-02,2121.5,2134.5,2115.5,2130.5,2029.9322510000002,12887576.0
2017-03-03,2128.5,2144.5,2123.5,2137.5,2036.601563,5286819.0
2017-03-06,2129.0,2141.5,2122.0,2138.5,2037.554321,3184526.0
2017-03-07,2144.0,2153.0,2138.5,2145.5,2044.223877,5748325.0
2017-03-08,2142.5,2149.5,2124.5,2126.0,2025.644653,3836814.0
2017-03-09,2107.0,2110.0,2036.5,2089.5,1990.867554,9683008.0
2017-03-10,2107.5,2142.0,2100.5,2113.5,2013.734497,6580642.0
2017-03-13,2114.5,2128.5,2098.5,2120.5,2020.4042969999998,4135220.0
2017-03-14,2131.5,2140.0,2084.5,2092.0,1993.249512,4668339.0
2017-03-15,2094.5,2111.0,2094.5,2097.0,1998.0134280000002,4353993.0
2017-03-16,2129.0,2147.5,2106.5,2117.5,2017.545532,5826564.0
2017-03-17,2123.0,2147.0,2120.0,2123.0,2022.786255,12027723.0
2017-03-20,2118.0,2122.149902,2108.0,2116.0,2016.116577,3731029.0
2017-03-21,2122.5,2138.0,2100.5,2112.5,2012.781616,5595780.0
2017-03-22,2107.5,2111.5,2084.0,2104.5,2005.159424,5358438.0
2017-03-23,2103.5,2105.0,2082.5,2097.5,1998.489868,4024295.0
2017-03-24,2093.0,2099.5,2063.219971,2083.0,1984.6741940000002,3086341.0
2017-03-27,2075.5,2081.0,2058.47998,2078.0,1979.910278,2611370.0
2017-03-28,2082.5,2115.5,2072.5,2111.0,2011.352539,4409200.0
2017-03-29,2123.5,2131.0,2093.5,2130.0,2029.4559329999997,4993389.0
2017-03-30,2133.0,2144.5,2114.5,2123.0,2022.786255,8549478.0
2017-03-31,2120.5,2127.5,2094.5,2096.0,1997.0605469999998,6300984.0
2017-04-03,2110.0,2114.0,2075.0,2076.0,1978.004639,4555374.0
2017-04-04,2088.0,2103.0,2079.5,2099.5,2000.3955079999998,3337436.0
2017-04-05,2122.5,2137.5,2112.0,2113.5,2013.734497,3808055.0
2017-04-06,2102.5,2128.5,2084.5,2115.5,2015.639893,4143968.0
2017-04-07,2132.0,2147.0,2122.0,2145.5,2044.223877,4191108.0
2017-04-10,2141.5,2152.0,2127.5,2143.5,2042.3182370000002,3105426.0
2017-04-11,2140.0,2153.0,2125.5,2142.0,2040.8890379999998,4375486.0
2017-04-12,2149.5,2156.25,2131.0,2131.0,2030.4085690000002,3577908.0
2017-04-13,2122.0,2125.5,2095.5,2106.5,2007.065063,4652292.0
2017-04-18,2106.5,2106.5,2048.0,2049.5,1952.7556149999998,6274442.0
2017-04-19,2029.5,2031.0,2004.5,2004.5,1909.879761,7662641.0
2017-04-20,2001.5,2038.0,1986.0,2001.0,1906.5449219999998,9617193.0
2017-04-21,1994.0,2003.5,1982.5,1992.5,1898.446289,5194887.0
2017-04-24,2053.5,2053.5,2031.0,2033.0,1937.034546,5461245.0
2017-04-25,2046.5,2050.0,2036.5,2044.5,1947.991577,4159976.0
2017-04-26,2041.5,2055.030029,2034.5,2045.0,1948.46814,5455058.0
2017-04-27,2034.0,2034.0,1996.5,2010.5,1915.5965579999997,5239214.0
2017-04-28,2016.5,2053.5,2002.5,2002.5,1907.9741210000002,5508763.0
2017-05-02,2018.0,2028.5,2006.0,2012.0,1917.0256350000002,4494479.0
2017-05-03,2006.0,2018.199951,1999.869995,2018.0,1922.742432,3890566.0
2017-05-04,2071.0,2088.5,2011.5,2025.0,1929.4121089999999,8453789.0
2017-05-05,2007.5,2068.5,1996.0,2067.5,1969.905884,6871526.0
2017-05-08,2078.5,2103.0,2062.5,2082.0,1983.721436,6409906.0
2017-05-09,2098.5,2108.0,2088.0,2091.0,1992.296509,4783490.0
2017-05-10,2090.0,2127.0,2084.0,2112.5,2012.781616,4585889.0
2017-05-11,2121.5,2142.5,2120.0,2132.5,2031.8378910000001,5386621.0
2017-05-12,2130.5,2145.0,2123.5,2145.0,2043.747559,4568026.0
2017-05-15,2156.0,2172.0,2147.5,2154.5,2052.799072,5536102.0
2017-05-16,2158.5,2176.5,2136.969971,2168.0,2065.661865,5024203.0
2017-05-17,2157.0,2191.110107,2151.0,2185.0,2081.859375,5229958.0
2017-05-18,2139.0,2153.550049,2099.0,2108.5,2043.6898190000002,8553630.0
2017-05-19,2127.0,2163.169922,2114.5,2118.0,2052.8979489999997,7720445.0
2017-05-22,2128.0,2136.5,2107.649902,2109.5,2044.65918,5461067.0
2017-05-23,2116.5,2129.0,2109.0,2112.0,2047.082275,4700274.0
2017-05-24,2116.0,2127.5,2110.5,2118.0,2052.8979489999997,8280771.0
2017-05-25,2120.0,2124.5,2096.0,2111.5,2046.597778,3257670.0
2017-05-26,2108.5,2128.810059,2100.100098,2118.0,2052.8979489999997,4954659.0
2017-05-30,2118.0,2122.5,2103.939941,2115.0,2049.990234,3784819.0
2017-05-31,2122.0,2127.5,2098.949951,2100.0,2035.4511719999998,11392563.0
2017-06-01,2115.5,2119.0,2100.0,2111.5,2046.597778,5540532.0
2017-06-02,2105.0,2118.5,2085.0,2087.0,2022.8507079999997,6301340.0
2017-06-05,2097.5,2105.0,2080.0,2089.5,2025.273926,4299449.0
2017-06-06,2092.5,2100.0,2076.0,2096.5,2032.058716,5512717.0
2017-06-07,2107.0,2116.5,2065.5,2069.5,2005.8887940000002,6343754.0
2017-06-08,2073.5,2078.0,2055.0,2058.5,1995.226807,6908179.0
2017-06-09,2094.0,2106.5,2073.0,2106.5,2041.7514649999998,6266315.0
2017-06-12,2121.5,2157.5,2094.350098,2132.0,2066.467529,6172426.0
2017-06-13,2149.5,2149.5,2121.5,2129.5,2064.044434,4745148.0
2017-06-14,2129.5,2145.5,2101.5,2101.5,2036.905029,7634803.0
2017-06-15,2100.0,2102.5,2067.5,2082.5,2018.489014,8300289.0
2017-06-16,2090.0,2115.0,2088.0,2115.0,2049.990234,14425199.0
2017-06-19,2125.5,2141.5,2121.050049,2130.5,2065.013672,4241238.0
2017-06-20,2129.5,2130.75,2084.0,2090.5,2026.243164,180561.0
2017-06-21,2082.5,2088.0,2059.459961,2064.5,2001.042358,212722.0
2017-06-22,2054.5,2067.0,2017.0,2065.5,2002.011719,417038.0
2017-06-23,2058.5,2067.0,2040.5,2066.5,2002.980835,553386.0
2017-06-26,2075.0,2088.899902,2062.050049,2084.090088,2020.030396,430537.0
2017-06-27,2065.0,2096.5,2049.719971,2077.310059,2013.4587399999998,682016.0
2017-06-28,2081.5,2098.0,2060.5,2074.0,2010.250366,702833.0
2017-06-29,2083.5,2087.5,2057.959961,2061.5,1998.1346440000002,326211.0
2017-06-30,2050.0,2057.0,2031.5,2035.0,1972.449097,247505.0
2017-07-03,2047.0,2079.5,2040.5,2071.5,2007.827271,4361876.0
2017-07-04,2066.5,2086.0,2061.0,2073.0,2009.281128,4101946.0
2017-07-05,2079.0,2082.0,2039.5,2050.5,1987.472656,5980330.0
2017-07-06,2052.5,2063.5,2025.5,2051.0,1987.957275,6448100.0
2017-07-07,2041.0,2051.5,2028.5,2044.0,1981.172485,5463841.0
2017-07-10,2050.5,2055.5,2033.5,2041.0,1978.264648,3801035.0
2017-07-11,2045.0,2052.5,2022.040039,2044.5,1981.657104,5704220.0
2017-07-12,2063.0,2095.709961,2061.5,2076.5,2012.6734620000002,6443345.0
2017-07-13,2071.5,2079.679932,2053.5,2063.5,2000.07312,15297109.0
2017-07-14,2064.0,2077.0,2046.0,2050.0,1986.988037,4289890.0
2017-07-17,2058.5,2072.98999,2052.5,2057.5,1994.257568,3960139.0
2017-07-18,2051.0,2075.110107,2040.5,2060.0,1996.680664,5369029.0
2017-07-19,2069.5,2069.5,2049.0,2061.5,1998.1346440000002,4489609.0
2017-07-20,2068.5,2098.5,2063.5,2093.5,2029.151123,5012514.0
2017-07-21,2093.5,2114.5,2069.090088,2079.0,2015.09668,5955984.0
2017-07-24,2073.0,2073.0,2046.5,2058.0,1994.742188,22198275.0
2017-07-25,2067.5,2089.5,2061.5,2079.5,2015.581421,3877393.0
2017-07-26,2084.0,2101.0,2079.0,2086.0,2021.88147,7006381.0
2017-07-27,2097.0,2112.5,2078.5,2097.0,2032.543457,6234047.0
2017-07-28,2102.5,2129.0,2097.0,2115.5,2050.474609,6987415.0
2017-07-31,2124.0,2147.0,2089.580078,2133.0,2067.436768,6926874.0
2017-08-01,2147.0,2151.5,2131.0,2134.5,2068.8908690000003,6397967.0
2017-08-02,2143.5,2162.5,2127.0,2158.5,2092.153076,4765396.0
2017-08-03,2154.0,2184.0,2141.0,2175.5,2108.630371,5212381.0
2017-08-04,2166.0,2193.0,2165.0,2183.0,2115.900146,4303550.0
2017-08-07,2186.0,2201.0,2186.0,2197.5,2129.954346,3731197.0
2017-08-08,2200.5,2223.5,2200.5,2213.5,2145.462646,8755133.0
2017-08-09,2202.5,2222.5,2199.5,2213.0,2144.977783,6471533.0
2017-08-10,2183.5,2209.72998,2159.429932,2163.5,2131.950684,5281916.0
2017-08-11,2149.0,2159.860107,2109.959961,2135.0,2103.866211,6522580.0
2017-08-14,2144.0,2149.5,2122.5,2135.0,2103.866211,5431128.0
2017-08-15,2132.0,2144.0,2119.0,2126.0,2094.997559,6591702.0
2017-08-16,2139.5,2148.5,2122.419922,2127.0,2095.98291,5312507.0
2017-08-17,2125.0,2132.5,2115.5,2125.0,2094.011963,4378648.0
2017-08-18,2119.0,2134.459961,2101.5,2114.5,2083.665039,6460013.0
2017-08-21,2114.5,2120.0,2100.5,2109.5,2078.738037,5225002.0
2017-08-22,2115.5,2130.0,2114.199951,2121.5,2090.5629879999997,5599081.0
2017-08-23,2121.5,2139.5,2116.0,2139.5,2108.300537,5488762.0
2017-08-24,2141.0,2145.5,2133.0,2134.5,2103.373535,7042197.0
2017-08-25,2143.5,2151.5,2132.0,2142.5,2111.256836,3815325.0
2017-08-29,2142.5,2142.5,2104.5,2127.5,2096.475586,4667010.0
2017-08-30,2135.0,2149.3798829999996,2115.5,2126.0,2094.997559,3828516.0
2017-08-31,2131.0,2136.5,2115.959961,2127.0,2095.98291,7752487.0
2017-09-01,2132.0,2132.0,2109.5,2122.0,2091.055664,3080492.0
2017-09-04,2110.0,2129.5,2110.0,2123.0,2092.04126,7673744.0
2017-09-05,2129.0,2139.5,2123.0,2130.5,2099.431885,3740509.0
2017-09-06,2121.5,2139.5,2108.6201170000004,2133.5,2102.388184,7928006.0
2017-09-07,2145.0,2163.0,2135.5,2157.5,2126.038086,4260759.0
2017-09-08,2153.5,2161.0,2133.0,2138.0,2106.82251,3943960.0
2017-09-11,2146.0,2153.5,2133.0,2144.5,2113.227783,3359234.0
2017-09-12,2148.0,2148.0,2120.0,2135.5,2104.3588870000003,4666596.0
2017-09-13,2128.5,2164.5,2121.5,2152.0,2120.618408,6586362.0
2017-09-14,2155.5,2177.0,2136.419922,2143.5,2112.2421879999997,7663891.0
2017-09-15,2142.0,2146.649902,2096.5,2102.5,2071.840088,10659380.0
2017-09-18,2110.5,2119.5,2102.0,2112.5,2081.694336,3715226.0
2017-09-19,2112.0,2139.0,2111.5,2130.5,2099.431885,6195786.0
2017-09-20,2136.5,2228.97998,2122.5,2155.0,2123.574463,8853263.0
2017-09-21,2157.5,2176.5,2156.5,2165.5,2133.9213870000003,7065793.0
2017-09-22,2170.0,2193.5,2157.5,2190.0,2158.064209,4741552.0
2017-09-25,2174.5,2212.0,2172.0,2209.5,2177.279785,5734085.0
2017-09-26,2210.0,2236.5,2207.0,2228.0,2195.51001,13042540.0
2017-09-27,2230.0,2236.0,2208.0,2225.0,2192.553711,5680738.0
2017-09-28,2230.0,2254.909912,2223.5,2242.0,2209.305908,5619609.0
2017-09-29,2249.5,2263.0,2242.0,2248.5,2215.711182,4390555.0
2017-10-02,2258.5,2270.570068,2251.0,2262.5,2229.506836,5307264.0
2017-10-03,2263.5,2297.0,2253.0,2297.0,2263.503906,5313360.0
2017-10-04,2286.5,2290.5,2275.3798829999996,2283.5,2250.200684,5470736.0
2017-10-05,2287.0,2310.5,2287.0,2309.0,2275.328857,5490869.0
2017-10-06,,,,,,
2017-10-09,2289.0,2306.139893,2283.5,2296.5,2263.01123,2881877.0
2017-10-10,2294.0,2308.030029,2281.0,2295.5,2262.025635,4636365.0
2017-10-11,2298.0,2309.5,2289.5,2305.0,2271.387207,7487785.0
2017-10-12,2300.5,2310.5,2263.669922,2300.5,2266.9528809999997,3869918.0
2017-10-13,2279.0,2310.139893,2277.0,2285.5,2252.1716309999997,3758564.0
2017-10-16,,,,,,
2017-10-17,2286.0,2307.75,2280.0,2289.0,2255.620605,3713400.0
2017-10-18,2294.0,2309.0,2289.5,2300.0,2266.459961,3439290.0
2017-10-19,2301.0,2314.5,2293.5,2311.5,2277.79248,4549653.0
2017-10-20,2320.0,2322.5,2307.0,2313.5,2279.763184,4612050.0
2017-10-23,2306.0,2325.5,2299.0,2313.0,2279.2705079999996,3791844.0
2017-10-24,2303.0,2345.5,2303.0,2343.0,2308.8330079999996,6274902.0
2017-10-25,2337.5,2341.5,2306.0,2312.0,2278.285156,6057840.0
2017-10-26,2309.5,2328.100098,2298.5,2308.0,2274.3435059999997,4041088.0
2017-10-27,2307.5,2339.5,2305.5,2327.0,2293.066406,4458511.0
2017-10-30,2325.5,2355.0,2325.5,2346.0,2311.789307,5264843.0
2017-10-31,2355.0,2375.5,2353.0,2365.5,2331.0048829999996,9529490.0
2017-11-01,2364.5,2380.5,2359.5,2359.5,2325.092529,11061769.0
2017-11-02,2381.5,2435.5,2358.0,2434.0,2398.506104,9352106.0
2017-11-03,2441.5,2458.0,2412.699951,2435.0,2399.491455,4721150.0
2017-11-06,2440.0,2463.0,2435.0,2458.0,2422.1560059999997,3810136.0
2017-11-07,2470.0,2516.320068,2449.5,2449.5,2413.780029,5871338.0
2017-11-08,2447.5,2468.439941,2443.5,2459.5,2423.634277,8421525.0
2017-11-09,2449.0,2478.5,2444.5,2455.5,2419.6923829999996,8723539.0
2017-11-10,2443.0,2458.5,2410.75,2418.0,2382.7392579999996,5663280.0
2017-11-13,2438.0,2455.5,2429.0,2435.0,2399.491455,4390491.0
2017-11-14,,,,,,
2017-11-15,2409.0,2412.5,2392.0,2401.5,2366.47998,4839375.0
2017-11-16,2379.5,2407.699951,2328.949951,2331.0,2331.0,8353001.0
2017-11-17,2326.0,2359.959961,2292.909912,2337.5,2337.5,6925835.0
2017-11-20,2326.0,2346.0,2323.0,2331.0,2331.0,4422078.0
2017-11-21,2326.5,2352.0,2322.5,2330.0,2330.0,7452357.0
2017-11-22,2332.5,2350.5,2327.0,2331.5,2331.5,7838065.0
2017-11-23,2331.5,2344.5,2322.5,2339.0,2339.0,3959805.0
2017-11-24,2342.5,2342.5,2325.0,2337.5,2337.5,3856166.0
2017-11-27,2338.0,2345.5,2314.0,2315.5,2315.5,5956074.0
2017-11-28,2347.5,2427.5,2343.5,2408.0,2408.0,11741907.0
2017-11-29,2391.0,2391.0,2360.5,2366.0,2366.0,7126944.0
2017-11-30,2359.5,2380.5,2342.0,2357.5,2357.5,13703178.0
2017-12-01,2366.0,2382.5,2348.5,2364.0,2364.0,7424009.0
2017-12-04,2377.5,2382.5,2357.5,2374.0,2374.0,4712736.0
2017-12-05,2385.5,2394.0,2369.0,2369.0,2369.0,7315145.0
2017-12-06,2366.0,2382.5,2361.5,2366.0,2366.0,5730762.0
2017-12-07,2362.0,2366.5,2342.5,2342.5,2342.5,5540005.0
2017-12-08,2340.5,2363.0,2325.0,2357.5,2357.5,4700337.0
2017-12-11,2355.5,2392.5,2355.5,2385.5,2385.5,5017281.0
2017-12-12,2389.5,2426.0,2389.0,2426.0,2426.0,9811420.0
2017-12-13,2416.0,2429.75,2403.5,2407.75,2407.75,6928653.0
2017-12-14,2409.0,2417.0,2395.0,2395.0,2395.0,7091911.0
2017-12-15,2399.0,2428.5,2390.5,2428.5,2428.5,16049214.0
2017-12-18,2434.5,2443.5,2409.5,2422.5,2422.5,3539128.0
2017-12-19,2421.5,2430.0,2410.0,2415.5,2415.5,3262956.0
2017-12-20,2416.0,2421.0,2396.0,2410.5,2410.5,4260873.0
2017-12-21,2408.0,2459.5,2408.0,2455.0,2455.0,4054112.0
2017-12-22,2453.5,2459.5,2447.5,2452.5,2452.5,2012605.0
2017-12-27,2452.5,2477.0,2452.5,2463.5,2463.5,2852771.0
2017-12-28,2468.5,2468.5,2454.0,2461.0,2461.0,1626722.0
2017-12-29,2456.5,2481.0,2453.5,2480.0,2480.0,2676389.0
2018-01-02,2480.0,2480.0,2450.0,2475.5,2475.5,4590120.0
2018-01-03,2481.0,2520.0,2477.0,2511.5,2511.5,4047541.0
2018-01-04,2526.5,2537.0,2515.0,2533.0,2533.0,4265619.0
2018-01-05,2533.0,2537.5,2521.5,2530.0,2530.0,3920005.0
2018-01-08,2530.0,2541.5,2523.5,2525.5,2525.5,3502480.0
2018-01-09,2529.5,2542.0,2520.5,2535.0,2535.0,4158105.0
2018-01-10,2536.0,2557.0,2534.5,2557.0,2557.0,4507732.0
2018-01-11,2550.0,2570.5,2546.5,2570.5,2570.5,6352929.0
2018-01-12,2568.0,2579.5,2554.0,2573.5,2573.5,5014025.0
2018-01-15,,,,,,
2018-01-16,2568.0,2577.0,2542.5,2542.5,2542.5,5713318.0
2018-01-17,2535.5,2547.0,2510.5,2523.5,2523.5,5309447.0
2018-01-18,2528.0,2534.5,2514.5,2520.0,2520.0,5041688.0
2018-01-19,2515.5,2524.0,2499.0,2517.0,2517.0,5617493.0
2018-01-22,2517.0,2536.0,2513.0,2521.0,2521.0,3974202.0
2018-01-23,2535.0,2539.0,2524.0,2533.0,2533.0,4912749.0
2018-01-24,2537.5,2539.5,2503.5,2503.5,2503.5,5156816.0
2018-01-25,2504.0,2530.5,2503.5,2511.0,2511.0,4371728.0
2018-01-26,2517.5,2525.0,2505.5,2510.0,2510.0,4135491.0
2018-01-29,2510.5,2530.0,2506.0,2522.0,2522.0,8154269.0
2018-01-30,2515.0,2525.5,2481.5,2481.5,2481.5,6615597.0
2018-03-09,2268.0,2271.0,2243.5,2261.5,2261.5,4350428.0
