Date,Open,High,Low,Close,Adj Close,Volume
2015-01-02,1105.0,1106.0,1085.0,1092.0,1014.837158,1574518
2015-01-05,1087.0,1107.0,1078.0,1081.0,1004.6145630000001,4182956
2015-01-06,1081.0,1086.0,1065.780029,1066.0,990.6745,2772240
2015-01-07,1074.0,1082.0,1067.0,1077.0,1000.8970949999999,2397437
2015-01-08,1086.0,1098.0,1086.0,1093.0,1015.7666019999999,2649618
2015-01-09,1092.0,1107.0,1086.0,1090.0,1012.978394,2312187
2015-01-12,1092.0,1107.0,1091.0,1100.0,1022.27179,1463551
2015-01-13,1100.0,1119.5,1098.0,1106.0,1027.8479,2160906
2015-01-14,1092.0,1111.0,1092.0,1104.0,1025.989136,3560964
2015-01-15,1107.0,1110.0,1077.0,1102.0,1024.130493,5434308
2015-01-16,1095.0,1104.0,1086.0,1102.0,1024.130493,3157758
2015-01-19,1101.0,1114.0,1096.0,1114.0,1035.282593,2909013
2015-01-20,1121.0,1124.0,1108.0,1115.0,1036.211914,2912454
2015-01-21,1116.0,1136.0,1116.0,1127.0,1047.364014,4148603
2015-01-22,1131.0,1136.0,1117.0,1134.0,1053.869507,5335322
2015-01-23,1136.0,1160.0,1135.0,1160.0,1078.031982,3664150
2015-01-26,1152.0,1164.0,1150.0,1158.0,1076.173584,2662196
2015-01-27,1158.0,1162.0,1141.0,1151.0,1069.668091,2475315
2015-01-28,1153.0,1156.0,1132.26001,1145.0,1064.092041,3762801
2015-01-29,1138.0,1162.0,1136.920044,1162.0,1079.8908689999998,3835568
2015-01-30,1164.0,1171.0,1151.0,1156.0,1074.314819,3487428
2015-02-02,1161.0,1166.0,1145.0,1157.0,1075.244263,3182557
2015-02-03,1156.0,1167.0,1151.0,1164.0,1081.7495119999999,3239197
2015-02-04,1165.0,1179.0,1153.0,1179.0,1095.689697,4243950
2015-02-05,1173.0,1185.0,1162.0,1169.0,1086.39624,2915315
2015-02-06,1161.0,1168.0,1157.0,1168.0,1085.466919,3433483
2015-02-09,1163.0,1163.780029,1143.349976,1155.0,1073.38562,2638298
2015-02-10,1155.0,1182.0,1155.0,1178.0,1094.7602539999998,5335105
2015-02-11,1175.0,1187.0,1167.0,1186.0,1102.194824,2660656
2015-02-12,1187.0,1197.0,1171.0,1173.0,1090.113525,5995724
2015-02-13,1176.0,1178.0,1155.0,1160.0,1078.031982,4448210
2015-02-16,1160.0,1166.0,1156.0,1158.0,1076.173584,4187792
2015-02-17,1156.0,1163.0,1150.0,1160.0,1078.031982,3124753
2015-02-18,1160.0,1173.0,1159.880005,1169.0,1086.39624,4800680
2015-02-19,1171.0,1184.0,1171.0,1178.0,1094.7602539999998,3290340
2015-02-20,1175.0,1184.0,1171.0,1182.0,1098.477417,3457338
2015-02-23,1187.0,1199.0,1182.0,1188.0,1104.053589,3020971
2015-02-24,1187.0,1191.0,1178.0,1187.0,1103.124268,3473985
2015-02-25,1184.0,1192.0,1179.0,1187.0,1103.124268,4053786
2015-02-26,1150.0,1189.0,1113.0,1130.0,1050.1519779999999,8411216
2015-02-27,1127.0,1147.75,1103.0,1118.0,1038.9998779999999,8003373
2015-03-02,1118.0,1134.0,1117.0,1130.0,1050.1519779999999,4983529
2015-03-03,1131.0,1138.0,1103.0,1104.0,1025.989136,4634789
2015-03-04,1106.0,1132.0,1094.0,1130.0,1050.1519779999999,6437380
2015-03-05,1130.0,1141.0,1120.209961,1139.0,1058.515991,8271627
2015-03-06,1134.0,1142.0,1128.0,1137.0,1056.657349,4108428
2015-03-09,1132.0,1138.25,1124.0,1132.0,1052.010742,2714018
2015-03-10,1129.0,1145.0,1116.0,1117.0,1038.070679,3275499
2015-03-11,1117.0,1128.0,1112.0,1122.0,1042.717407,3341348
2015-03-12,1124.0,1130.0,1117.0,1123.0,1043.6467289999998,4224677
2015-03-13,1127.0,1136.0,1122.0,1125.0,1045.505249,3734397
2015-03-16,1129.0,1148.0,1129.0,1145.0,1064.092041,2443545
2015-03-17,1147.0,1156.0,1142.0,1150.0,1068.738892,5099400
2015-03-18,1150.0,1175.0,1146.0,1173.0,1090.113525,4298939
2015-03-19,1170.0,1180.0,1160.0,1174.0,1091.0428470000002,6371775
2015-03-20,1176.0,1187.0,1172.0,1173.0,1090.113525,7760020
2015-03-23,1176.0,1181.0,1166.0,1170.0,1087.325562,4541335
2015-03-24,1169.0,1194.0,1169.0,1187.0,1103.124268,4051837
2015-03-25,1188.0,1198.0,1167.0,1170.0,1087.325562,3676531
2015-03-26,1170.0,1172.280029,1150.0,1163.0,1080.8203130000002,5347739
2015-03-27,1167.0,1174.0,1152.0,1162.0,1079.8908689999998,5212241
2015-03-30,1173.0,1183.0,1162.75,1181.0,1097.548462,3878684
2015-03-31,1181.0,1193.0,1155.0,1159.0,1077.102905,5099438
2015-04-01,1157.0,1175.0,1149.0,1152.0,1070.5974119999998,6497276
2015-04-02,1152.0,1159.0,1147.0,1156.0,1074.314819,4403793
2015-04-07,1156.0,1170.0,1156.0,1168.0,1085.466919,3299699
2015-04-08,1161.0,1165.0,1151.25,1160.0,1078.031982,3426651
2015-04-09,1163.0,1178.0,1161.0,1172.0,1089.184204,6037721
2015-04-10,1174.0,1181.0,1170.0,1179.0,1095.689697,5351408
2015-04-13,1177.0,1182.359985,1173.0,1178.0,1094.7602539999998,2252978
2015-04-14,1174.0,1178.25,1165.0,1169.0,1086.39624,2783348
2015-04-15,1166.0,1170.0,1147.0,1150.0,1068.738892,4996976
2015-04-16,1152.0,1152.0,1130.0,1142.0,1061.304077,4229441
2015-04-17,1142.0,1149.0,1128.5,1130.0,1050.1519779999999,4314742
2015-04-20,1129.0,1140.0,1125.0,1133.0,1052.940063,4839422
2015-04-21,1136.0,1150.0,1132.0,1138.0,1057.58667,5315010
2015-04-22,1138.0,1146.0,1114.0,1123.0,1043.6467289999998,6295920
2015-04-23,1125.0,1138.449951,1115.0,1129.0,1049.2227779999998,5357399
2015-04-24,1126.0,1133.0,1110.0,1116.0,1037.1411130000001,4014347
2015-04-27,1118.0,1122.0,1100.0,1113.0,1034.3532710000002,4714614
2015-04-28,1109.0,1110.0,1082.0,1093.0,1015.7666019999999,5416382
2015-04-29,1098.0,1107.199951,1089.0,1089.0,1012.0491939999999,6272678
2015-04-30,1074.0,1084.0,1057.25,1082.0,1023.399292,7386330
2015-05-01,1085.0,1109.0,1079.0,1108.0,1047.990967,3914362
2015-05-05,1108.0,1121.0,1081.0,1081.0,1022.453491,6945219
2015-05-06,1079.0,1097.0,1069.0,1075.0,1016.7783810000001,9016471
2015-05-07,1075.0,1078.0,1059.0,1072.0,1013.9407960000001,7095953
2015-05-08,1084.0,1100.0,1061.0,1094.0,1034.749268,7237411
2015-05-11,1096.0,1100.0,1084.0,1085.0,1026.236816,5219174
2015-05-12,1083.0,1085.0,1065.0,1068.0,1010.1574099999999,5236303
2015-05-13,1072.0,1085.0,1065.0,1080.0,1021.5074460000001,5453717
2015-05-14,1075.0,1097.0,1072.0,1094.0,1034.749268,3441800
2015-05-15,1099.0,1108.0,1094.0,1097.0,1037.586914,3099291
2015-05-18,1101.0,1107.0,1091.75,1101.0,1041.370117,2455902
2015-05-19,1116.0,1129.0,1115.0,1124.0,1063.1245119999999,4883983
2015-05-20,1123.0,1126.0,1115.0,1118.0,1057.4494630000002,4336642
2015-05-21,1121.0,1122.0,1106.0,1106.0,1046.099487,3746057
2015-05-22,1110.0,1113.0,1104.0,1104.0,1044.207642,4808079
2015-05-26,1104.0,1108.0,1090.0,1091.0,1031.911865,4876412
2015-05-27,1090.0,1104.0,1089.0,1099.0,1039.478638,5555256
2015-05-28,1107.0,1119.0,1100.0,1106.0,1046.099487,5384978
2015-05-29,1105.0,1108.0,1082.0,1085.0,1026.236816,5197472
2015-06-01,1084.0,1096.0,1081.0,1084.0,1025.2910160000001,4490599
2015-06-02,1089.0,1090.0,1073.0,1077.0,1018.670105,5576409
2015-06-03,1080.0,1093.0,1077.0,1088.0,1029.074341,5706088
2015-06-04,1085.0,1085.0,1069.0,1075.0,1016.7783810000001,3613149
2015-06-05,1071.0,1071.0,1053.0,1059.0,1001.644958,4129826
2015-06-08,1059.0,1071.0,1055.0,1062.0,1004.482483,3962387
2015-06-09,1075.0,1092.0,1071.0,1077.0,1018.670105,6341848
2015-06-10,1071.0,1082.0,1067.0,1078.0,1019.615906,3817230
2015-06-11,1072.0,1087.0,1072.0,1081.0,1022.453491,3429839
2015-06-12,1080.0,1080.0,1065.0,1069.0,1011.103333,3711544
2015-06-15,1063.0,1070.0,1060.0,1066.0,1008.265808,2322935
2015-06-16,1062.0,1072.0,1055.0,1071.0,1012.9950560000001,3893475
2015-06-17,1071.0,1074.0,1057.0,1061.0,1003.536682,3891674
2015-06-18,1062.0,1063.0,1049.0,1059.0,1001.644958,3761048
2015-06-19,1059.0,1068.0,1050.0,1052.0,995.0239869999999,4549321
2015-06-22,1073.0,1079.0,1065.0,1071.0,1012.9950560000001,5025338
2015-06-23,1075.0,1079.0,1069.0,1074.0,1015.832581,2309148
2015-06-24,1073.0,1081.0,1071.0,1075.0,1016.7783810000001,2706683
2015-06-25,1072.0,1080.0,1070.0,1077.0,1018.670105,3146534
2015-06-26,1074.0,1078.349976,1065.0,1072.0,1013.9407960000001,2308543
2015-06-29,1045.0,1062.0,1037.0,1046.0,989.348999,4015486
2015-06-30,1044.0,1052.0,1035.0,1035.0,978.9447630000001,5024733
2015-07-01,1039.0,1063.0,1039.0,1063.0,1005.428223,6398530
2015-07-02,1062.0,1068.0,1058.0,1060.0,1002.5906980000001,4309826
2015-07-03,1058.0,1065.0,1050.0,1052.0,995.0239869999999,2391715
2015-07-06,1032.0,1050.0,1026.0,1042.0,985.5656130000001,3511295
2015-07-07,1045.0,1046.0,1023.0,1024.0,968.540527,3040418
2015-07-08,1030.0,1039.0,1026.0,1035.0,978.9447630000001,2888148
2015-07-09,1037.0,1052.0,1033.0,1051.0,994.078125,2377402
2015-07-10,1065.0,1078.0,1056.0,1077.0,1018.670105,3192147
2015-07-13,1086.0,1088.0,1078.0,1085.0,1026.236816,1988104
2015-07-14,1089.0,1104.0,1087.0,1104.0,1044.207642,2943762
2015-07-15,1102.0,1106.0,1097.0,1103.0,1043.261841,2294295
2015-07-16,1109.0,1113.0,1100.5,1111.0,1050.8286130000001,1993370
2015-07-17,1109.0,1116.0,1106.0,1108.0,1047.990967,2387876
2015-07-20,1111.0,1113.0,1102.0,1109.0,1048.93689,2417163
2015-07-21,1112.0,1117.0,1104.0,1108.0,1047.990967,1916298
2015-07-22,1098.0,1104.0,1090.0,1093.0,1033.803467,2410225
2015-07-23,1120.0,1125.0,1096.0,1104.0,1044.207642,2888865
2015-07-24,1098.0,1115.0,1096.75,1099.0,1039.478638,3344631
2015-07-27,1094.0,1096.650024,1069.0,1070.0,1012.0491939999999,4255228
2015-07-28,1075.0,1083.0,1071.0,1074.0,1015.832581,3859582
2015-07-29,1081.0,1101.0,1077.0,1101.0,1041.370117,5445035
2015-07-30,1101.0,1108.0,1093.0,1097.0,1037.586914,3398366
2015-07-31,1099.0,1120.0,1099.0,1118.0,1057.4494630000002,3263153
2015-08-03,1114.0,1127.0,1113.0,1124.0,1063.1245119999999,2883613
2015-08-04,1122.0,1133.0,1117.0,1132.0,1070.6911619999998,2502869
2015-08-05,1131.0,1134.0,1117.0,1121.0,1060.286987,3550810
2015-08-06,1111.0,1113.0,1099.0,1100.0,1047.338135,2545121
2015-08-07,1097.0,1102.0,1087.0,1093.0,1040.67334,1998908
2015-08-10,1100.0,1103.0,1085.699951,1095.0,1042.577515,4358815
2015-08-11,1092.0,1093.0,1083.0,1084.0,1032.104126,2877679
2015-08-12,1077.0,1088.180054,1063.0,1070.0,1018.7742310000001,3491715
2015-08-13,1081.0,1091.0,1080.0,1084.0,1032.104126,2876404
2015-08-14,1087.0,1090.0,1080.0,1083.0,1031.1519779999999,2722790
2015-08-17,1091.0,1094.0,1079.0,1084.0,1032.104126,2219263
2015-08-18,1085.0,1092.0,1081.0,1084.0,1032.104126,2448850
2015-08-19,1082.0,1083.0,1068.0,1069.0,1017.822266,2569391
2015-08-20,1063.0,1078.0,1063.0,1065.0,1014.013855,3368710
2015-08-21,1053.0,1068.0,1052.0,1053.0,1002.588257,4867239
2015-08-24,1030.0,1039.0,988.5,1016.0,967.359619,8640828
2015-08-25,1026.0,1035.369995,1016.0,1025.0,975.9287720000001,6138770
2015-08-26,1017.0,1034.0,1004.0,1011.0,962.5989380000001,5345197
2015-08-27,1035.0,1041.400024,1027.5,1035.0,985.4499509999999,5377435
2015-08-28,1034.0,1047.420044,1034.0,1045.0,994.9712519999999,4004887
2015-09-01,1045.0,1045.0,1015.0,1019.0,970.215942,3877678
2015-09-02,1022.0,1038.0,1019.0,1030.0,980.689331,3009717
2015-09-03,1038.0,1061.0,1033.0,1060.0,1009.2531130000001,4896005
2015-09-04,1048.0,1056.0,1042.0,1043.0,993.066956,3420667
2015-09-07,1052.0,1055.0,1046.0,1050.0,999.7318119999999,1521192
2015-09-08,1055.0,1069.0,1052.0,1060.0,1009.2531130000001,1738072
2015-09-09,1076.0,1081.0,1071.0,1074.0,1022.582825,3009582
2015-09-10,1066.0,1080.0,1061.0,1066.0,1014.9658199999999,2736029
2015-09-11,1069.0,1069.400024,1053.0,1054.0,1003.5404050000001,2018486
2015-09-14,1079.0,1079.0,1054.0,1054.0,1003.5404050000001,3258595
2015-09-15,1054.0,1064.0,1044.709961,1057.0,1006.396851,3243024
2015-09-16,1064.0,1079.0,1064.0,1070.0,1018.7742310000001,2708205
2015-09-17,1071.0,1081.0,1071.0,1073.0,1021.630859,2109306
2015-09-18,1071.0,1074.0,1054.0,1065.0,1014.013855,4207406
2015-09-21,1058.0,1081.0,1058.0,1068.0,1016.8701779999999,2066203
2015-09-22,1062.0,1070.0,1052.0,1052.0,1001.636108,3049360
2015-09-23,1050.0,1077.0,1047.0,1070.0,1018.7742310000001,2429687
2015-09-24,1082.0,1099.0,1074.0,1077.0,1025.439331,4922250
2015-09-25,1089.0,1112.0,1084.0,1108.0,1054.954956,3842336
2015-09-28,1108.0,1115.5,1102.0,1106.0,1053.0507810000001,4543680
2015-09-29,1096.0,1108.0,1093.0,1095.0,1042.577515,4181506
2015-09-30,1114.0,1135.949951,1106.0,1132.0,1077.8061519999999,5411716
2015-10-01,1141.0,1151.0,1117.0,1119.0,1065.428589,4499374
2015-10-02,1128.0,1139.0,1114.0,1129.0,1074.949707,3478653
2015-10-05,1147.0,1148.0,1134.0,1142.0,1087.327393,3058628
2015-10-06,1145.0,1153.0,1143.0,1148.0,1093.040161,2743558
2015-10-07,1152.0,1156.0,1129.0,1134.0,1079.710327,4184474
2015-10-08,1133.0,1144.0,1130.0,1142.0,1087.327393,4003267
2015-10-09,1148.0,1148.0,1127.0,1134.0,1079.710327,3345027
2015-10-12,1133.0,1134.420044,1118.0,1132.0,1077.8061519999999,2558716
2015-10-13,1133.0,1135.0,1121.199951,1130.0,1075.9019779999999,2054014
2015-10-14,1128.0,1131.0,1119.0,1126.0,1072.093384,1901224
2015-10-15,1131.0,1148.0,1123.0,1146.0,1091.135864,2679797
2015-10-16,1151.0,1153.400024,1138.0,1152.0,1096.848633,3731198
2015-10-19,1147.0,1158.0,1146.0,1157.0,1101.609375,1948240
2015-10-20,1157.0,1165.0,1154.0,1157.0,1101.609375,2355641
2015-10-21,1158.0,1163.0,1148.0,1153.0,1097.8007810000001,3049165
2015-10-22,1147.0,1160.0,1139.800049,1157.0,1101.609375,3269803
2015-10-23,1160.0,1181.0,1158.0,1174.0,1117.79541,2834221
2015-10-26,1174.0,1174.0,1156.0,1168.0,1112.082642,2123649
2015-10-27,1170.0,1178.0,1158.0,1158.0,1102.561401,1767580
2015-10-28,1165.0,1167.0,1159.0,1160.0,1104.465698,2348647
2015-10-29,1162.0,1165.0,1154.0,1163.0,1107.3220210000002,2580665
2015-10-30,1166.0,1169.0,1156.0,1162.0,1106.369873,2603724
2015-11-02,1159.0,1164.0,1157.0,1158.0,1102.561401,1797934
2015-11-03,1164.0,1168.0,1159.0,1162.0,1106.369873,1709664
2015-11-04,1166.0,1174.0,1159.0,1163.0,1107.3220210000002,1863266
2015-11-05,1161.0,1176.0,1159.0,1170.0,1113.986816,4952663
2015-11-06,1170.0,1171.0,1157.0,1161.0,1105.417725,3352023
2015-11-09,1164.0,1171.0,1155.0,1155.0,1099.705078,1824771
2015-11-10,1161.0,1162.0,1141.0,1149.0,1093.9923099999999,2113714
2015-11-11,1155.0,1171.0,1151.0,1171.0,1114.939087,2166569
2015-11-12,1168.0,1178.0,1164.0,1165.0,1109.226196,2707466
2015-11-13,1162.0,1162.0,1141.400024,1147.0,1092.088013,1823118
2015-11-16,1136.0,1150.0,1136.0,1147.0,1092.088013,1760876
2015-11-17,1156.0,1173.0,1151.0,1170.0,1113.986816,3000670
2015-11-18,1170.0,1177.0,1160.0,1175.0,1118.747437,2598904
2015-11-19,1181.0,1191.0,1176.0,1186.0,1129.220825,1867344
2015-11-20,1188.0,1191.0,1177.0,1179.0,1122.55603,2497965
2015-11-23,1173.0,1183.0,1168.0,1169.0,1113.03479,2364974
2015-11-24,1165.0,1167.599976,1147.0,1156.0,1100.657104,2961467
2015-11-25,1158.0,1179.0,1158.0,1176.0,1119.699707,1995983
2015-11-26,1178.0,1185.130005,1173.0,1183.0,1126.364502,1972864
2015-11-27,1180.0,1200.0,1180.0,1197.0,1139.694336,1802191
2015-11-30,1198.0,1208.0,1189.0,1198.0,1140.646362,3410492
2015-12-01,1201.0,1208.199951,1198.0,1204.0,1146.3591310000002,1779504
2015-12-02,1210.0,1223.0,1206.0,1220.0,1161.59314,2270958
2015-12-03,1223.0,1232.0,1193.0,1194.0,1136.8378910000001,3808519
2015-12-04,1186.0,1188.0,1174.0,1183.0,1126.364502,2903265
2015-12-07,1193.0,1205.0,1190.0,1193.0,1135.885742,1875098
2015-12-08,1195.0,1204.0,1181.0,1186.0,1129.220825,2557217
2015-12-09,1183.0,1186.599976,1168.199951,1170.0,1113.986816,2339219
2015-12-10,1167.0,1167.0,1153.0,1157.0,1101.609375,2230525
2015-12-11,1162.0,1166.0,1138.0,1139.0,1084.471069,2380019
2015-12-14,1139.0,1153.0,1137.0,1137.0,1082.5667720000001,2890791
2015-12-15,1147.0,1167.0,1142.0,1164.0,1108.27417,2953735
2015-12-16,1169.0,1176.0,1164.0,1172.0,1115.8911130000001,2461772
2015-12-17,1195.0,1195.0,1153.930054,1174.0,1117.79541,2971765
2015-12-18,1168.0,1169.0,1155.0,1159.0,1103.513428,2715421
2015-12-21,1154.0,1177.0,1154.0,1163.0,1107.3220210000002,1947461
2015-12-22,1171.0,1171.0,1146.800049,1163.0,1107.3220210000002,1734006
2015-12-23,1169.0,1183.199951,1169.0,1182.0,1125.4123539999998,1422438
2015-12-24,1185.0,1186.0,1173.0,1180.0,1123.508179,240805
2015-12-29,1180.0,1210.0,1172.0,1201.0,1143.50293,2236408
2015-12-30,1201.0,1207.800049,1197.0,1203.0,1145.407104,1146369
2015-12-31,1197.0,1204.0,1195.0,1197.0,1139.694336,553737
2016-01-04,1197.0,1197.0,1165.0,1170.0,1113.986816,2814380
2016-01-05,1172.0,1185.0,1164.0,1175.0,1118.747437,1601081
2016-01-06,1171.0,1173.0,1153.0,1168.0,1112.082642,1489764
2016-01-07,1141.0,1167.0,1137.0,1166.0,1110.178345,3855835
2016-01-08,1171.0,1177.0,1165.0,1169.0,1113.03479,3157398
2016-01-11,1163.0,1167.0,1152.0,1160.0,1104.465698,2689533
2016-01-12,1164.0,1181.0,1158.0,1176.0,1119.699707,2175710
2016-01-13,1184.0,1186.0,1175.0,1180.0,1123.508179,2630201
2016-01-14,1170.0,1175.0,1155.0,1171.0,1114.939087,2999549
2016-01-15,1170.0,1178.0,1148.0,1159.0,1103.513428,3944842
2016-01-18,1159.0,1164.0,1140.0,1144.0,1089.231689,3044779
2016-01-19,1160.0,1168.0,1154.0,1165.0,1109.226196,1875718
2016-01-20,1146.0,1150.0,1128.0,1135.0,1080.662476,3314701
2016-01-21,1137.0,1158.0,1136.0,1146.0,1091.135864,4096485
2016-01-22,1166.0,1188.0,1162.0,1186.0,1129.220825,2633873
2016-01-25,1195.0,1195.0,1181.0,1189.0,1132.077271,2316213
2016-01-26,1176.0,1179.0,1167.0,1173.0,1116.8432619999999,2618167
2016-01-27,1177.0,1201.0,1174.0,1199.0,1141.598633,3869645
2016-01-28,1197.0,1202.0,1180.0,1189.0,1132.077271,2378899
2016-01-29,1201.0,1230.0,1196.0,1230.0,1171.11438,3489404
2016-02-01,1239.0,1239.0,1214.0,1228.0,1169.210205,2833195
2016-02-02,1229.0,1236.0,1208.0,1220.0,1161.59314,3685921
2016-02-03,1217.0,1222.0,1194.0,1199.0,1141.598633,2815956
2016-02-04,1215.0,1220.0,1196.0,1199.0,1141.598633,4030421
2016-02-05,1205.0,1208.0,1167.0,1170.0,1113.986816,3627593
2016-02-08,1173.0,1175.0,1119.0,1126.0,1072.093384,4500437
2016-02-09,1127.0,1152.0,1125.0,1149.0,1093.9923099999999,4911097
2016-02-10,1152.0,1163.0,1138.0,1151.0,1095.8964839999999,2700418
2016-02-11,1143.0,1145.0,1125.0,1132.0,1077.8061519999999,3636796
2016-02-12,1132.0,1140.0,1121.0,1139.0,1084.471069,6522391
2016-02-15,1155.0,1170.0,1149.0,1162.0,1106.369873,2822178
2016-02-16,1163.0,1186.0,1157.0,1183.0,1126.364502,3397142
2016-02-17,1185.0,1207.0,1185.0,1207.0,1149.215576,3065823
2016-02-18,1211.0,1216.0,1203.0,1209.0,1151.119873,2879412
2016-02-19,1209.0,1220.359985,1207.0,1216.0,1157.784546,2255033
2016-02-22,1230.0,1241.0,1226.0,1231.0,1172.06665,1673989
2016-02-23,1222.0,1230.0,1216.0,1216.0,1157.784546,2833529
2016-02-24,1212.0,1229.0,1211.0,1217.0,1158.736938,2927066
2016-02-25,1224.0,1255.0,1199.0,1253.0,1193.013428,3610796
2016-02-26,1269.0,1269.0,1246.0,1249.0,1189.204834,4031708
2016-02-29,1240.0,1248.0,1236.810059,1242.0,1182.539917,4494736
2016-03-01,1241.0,1268.0,1235.0,1268.0,1207.295044,3335905
2016-03-02,1276.0,1279.0,1227.0,1234.0,1174.922852,3936914
2016-03-03,1236.0,1245.0,1225.0,1226.0,1167.305908,3331819
2016-03-04,1228.0,1238.0,1223.0,1227.0,1168.258057,2230943
2016-03-07,1223.0,1232.0,1218.219971,1224.0,1165.401611,2497393
2016-03-08,1218.0,1231.0,1210.0,1228.0,1169.210205,2396649
2016-03-09,1232.0,1247.0,1228.0,1244.0,1184.444214,2055382
2016-03-10,1247.0,1259.0,1231.0,1231.0,1172.06665,4063261
2016-03-11,1250.0,1256.0,1243.0,1247.0,1187.300659,2583842
2016-03-14,1249.0,1259.0,1247.0,1255.0,1194.9176029999999,4592883
2016-03-15,1258.0,1270.73999,1252.0,1267.0,1206.34314,2224397
2016-03-16,1272.0,1278.0,1242.910034,1272.0,1211.103638,2325292
2016-03-17,1283.0,1286.0,1259.0,1271.0,1210.151611,2885215
2016-03-18,1274.0,1278.0,1260.0,1260.0,1199.678101,2623362
2016-03-21,1259.0,1271.0,1253.0,1262.0,1201.5823970000001,1910537
2016-03-22,1262.0,1279.0,1250.0,1278.0,1216.8164060000001,2348155
2016-03-23,1278.0,1289.0,1277.0,1286.0,1224.4334720000002,2108121
2016-03-24,1278.0,1287.0,1276.0,1277.0,1215.86438,2123269
2016-03-29,1277.0,1295.0,1277.0,1290.0,1228.2420650000001,1926970
2016-03-30,1299.0,1307.0,1294.0,1306.0,1243.475952,2446580
2016-03-31,1306.0,1306.0,1289.0,1294.0,1232.0505369999998,3223187
2016-04-01,1284.0,1299.0,1272.0,1299.0,1236.811157,2398574
2016-04-04,1301.0,1310.0,1294.0,1302.0,1239.66748,2472515
2016-04-05,1295.0,1298.0,1286.0,1295.0,1233.002563,2871092
2016-04-06,1296.0,1303.0,1282.0,1301.0,1238.715454,2553944
2016-04-07,1299.0,1314.0,1294.0,1299.0,1236.811157,1630244
2016-04-08,1305.0,1309.0,1295.0,1304.0,1241.5717769999999,1347595
2016-04-11,1296.0,1304.0,1290.0,1294.0,1232.0505369999998,1862177
2016-04-12,1294.0,1303.0,1283.0,1302.0,1239.66748,1425603
2016-04-13,1314.0,1314.25,1304.0,1309.0,1246.3323970000001,2003932
2016-04-14,1314.0,1318.0,1308.0,1310.0,1247.284546,2452003
2016-04-15,1310.0,1314.0,1301.0,1304.0,1241.5717769999999,3049108
2016-04-18,1292.0,1311.0,1292.0,1305.0,1242.523804,1636947
2016-04-19,1305.0,1323.0,1304.0,1319.0,1255.8535160000001,2402528
2016-04-20,1317.0,1320.0,1293.0,1296.0,1233.954712,2316731
2016-04-21,1294.0,1296.0,1250.0,1262.0,1201.5823970000001,4296723
2016-04-22,1256.0,1257.0,1230.0,1236.0,1176.827148,4449853
2016-04-25,1235.0,1254.0,1234.0,1245.0,1185.396362,3027861
2016-04-26,1247.0,1252.0,1219.0,1229.0,1170.1623539999998,3383183
2016-04-27,1229.0,1247.0,1217.0,1222.0,1163.497314,5127165
2016-04-28,1199.0,1217.0,1185.0,1215.0,1178.3358150000001,4887672
2016-04-29,1205.0,1216.0,1194.0,1210.0,1173.486572,3956113
2016-05-03,1210.0,1216.0,1203.0,1208.0,1171.5469970000001,5536106
2016-05-04,1207.0,1216.0,1195.0,1209.0,1172.516846,3852312
2016-05-05,1214.0,1225.0,1203.75,1213.0,1176.396118,3128476
2016-05-06,1213.0,1221.0,1208.0,1221.0,1184.154663,3032774
2016-05-09,1228.0,1243.0,1226.0,1236.0,1198.702026,2863388
2016-05-10,1238.0,1266.689941,1228.0,1232.0,1194.822632,3068108
2016-05-11,1226.0,1244.0,1224.0,1229.0,1191.91333,2959129
2016-05-12,1225.0,1248.0,1218.0,1231.0,1193.852905,2710456
2016-05-13,1223.0,1235.0,1215.0,1234.0,1196.762329,2067805
2016-05-16,1226.0,1233.0,1217.0,1233.0,1195.7926029999999,1342507
2016-05-17,1236.0,1244.0,1229.0,1231.0,1193.852905,2183362
2016-05-18,1224.0,1229.0,1209.0,1224.0,1187.064209,3307415
2016-05-19,1215.0,1221.0,1205.0,1214.0,1177.365845,2498142
2016-05-20,1226.0,1236.0,1225.0,1233.0,1195.7926029999999,3293412
2016-05-23,1234.0,1240.0,1231.0,1233.0,1195.7926029999999,2132083
2016-05-24,1232.0,1250.0,1226.0,1248.0,1210.339966,2351678
2016-05-25,1255.0,1255.0,1238.0,1243.0,1205.490967,2230729
2016-05-26,1242.0,1244.0,1237.0,1241.0,1203.55127,2384849
2016-05-27,1238.0,1250.0,1237.0,1250.0,1212.279663,1961027
2016-05-31,1250.0,1254.0,1247.0,1250.0,1212.279663,3267519
2016-06-01,1251.0,1265.0,1250.0,1262.0,1223.9176029999999,2760251
2016-06-02,1266.0,1270.0,1254.0,1255.0,1217.1286619999998,3099054
2016-06-03,1262.0,1268.0,1248.0,1260.0,1221.977905,2045128
2016-06-06,1265.0,1276.0,1260.0,1270.0,1231.676025,2061886
2016-06-07,1268.0,1275.0,1266.0,1271.0,1232.645874,2572704
2016-06-08,1269.0,1269.0,1253.0,1259.0,1221.008057,2003531
2016-06-09,1250.0,1254.0,1245.0,1250.0,1212.279663,2645369
2016-06-10,1245.0,1246.0,1226.0,1227.0,1189.973633,2386995
2016-06-13,1222.0,1230.0,1211.97998,1212.0,1175.42627,1806614
2016-06-14,1211.0,1213.0,1191.0,1192.0,1156.029785,2891213
2016-06-15,1202.0,1210.0,1197.0,1204.0,1167.667725,3875178
2016-06-16,1197.0,1204.0,1189.0,1194.0,1157.969482,2709834
2016-06-17,1200.0,1206.0,631.02002,1205.0,1168.637573,5596911
2016-06-20,1224.0,1236.0,1213.0,1227.0,1189.973633,2410854
2016-06-21,1224.0,1234.0,1216.0,1231.0,1193.852905,3459529
2016-06-22,1238.0,1240.0,1224.0,1230.0,1192.883179,2948591
2016-06-23,1242.0,1250.0,1230.0,1243.0,1205.490967,2220447
2016-06-24,1241.0,1302.0,1199.0,1283.0,1244.283813,10708878
2016-06-27,1268.0,1305.0,1268.0,1290.0,1251.072632,6759597
2016-06-28,1323.0,1323.0,1289.0,1301.0,1261.7407230000001,4681191
2016-06-29,1313.0,1351.0,1312.0,1351.0,1310.231812,3807261
2016-06-30,1355.0,1376.0,1341.0,1376.0,1334.477417,5497839
2016-07-01,1384.0,1408.0,1371.0,1395.0,1352.904053,3696404
2016-07-04,1405.0,1408.0,1382.0,1390.0,1348.055054,2186125
2016-07-05,1389.0,1419.0,1386.0,1419.0,1376.1798099999999,4239924
2016-07-06,1415.0,1432.0,1394.0,1404.0,1361.632446,4005056
2016-07-07,1410.0,1425.5,1397.0,1411.0,1368.421143,3120030
2016-07-08,1410.0,1425.0,1394.0,1412.0,1369.3911130000001,3503816
2016-07-11,1420.0,1435.0,1403.0,1425.0,1381.998779,3785693
2016-07-12,1427.0,1436.0,1405.0,1411.0,1368.421143,4480641
2016-07-13,1405.0,1430.109985,1300.949951,1421.0,1378.119385,3890264
2016-07-14,1425.0,1429.0,1387.0,1390.0,1348.055054,4389714
2016-07-15,1384.0,1394.0,1373.0,1394.0,1351.934204,4875349
2016-07-18,1394.0,1403.0,1391.0,1395.0,1352.904053,2866821
2016-07-19,1396.0,1404.0,1393.0,1398.0,1355.813477,3899573
2016-07-20,1409.0,1417.0,1404.0,1411.0,1368.421143,2198259
2016-07-21,1403.0,1407.0,1397.0,1397.0,1354.8436279999999,2542582
2016-07-22,1397.0,1414.0,1392.0,1408.0,1365.511841,1949105
2016-07-25,1405.0,1414.0,1403.0,1409.0,1366.481567,2326978
2016-07-26,1416.0,1420.0,1406.0,1409.0,1366.481567,2031298
2016-07-27,1415.0,1419.0,1402.0,1406.0,1363.572144,2253124
2016-07-28,1417.0,1461.0,1417.0,1456.0,1412.063232,4396785
2016-07-29,1460.0,1460.0,1422.0,1435.0,1391.6970210000002,4530197
2016-08-01,1439.0,1444.0,1427.0,1438.0,1394.606445,3724659
2016-08-02,1433.0,1441.109985,1426.430054,1434.0,1390.727173,2729988
2016-08-03,1433.0,1439.0,1406.0,1406.0,1363.572144,2589081
2016-08-04,1389.0,1421.0,1379.0,1421.0,1388.23999,3188044
2016-08-05,1418.0,1436.0,1415.0,1431.0,1398.0095210000002,2207758
2016-08-08,1431.0,1434.0,1410.0,1419.0,1386.286133,2383163
2016-08-09,1422.0,1449.0,1419.0,1447.0,1413.640625,1951922
2016-08-10,1441.0,1455.0,1437.0,1455.0,1421.456177,2224033
2016-08-11,1458.0,1468.0,1449.0,1468.0,1434.1564939999998,2112725
2016-08-12,1460.0,1467.0,1455.0,1465.0,1431.225586,1821438
2016-08-15,1472.0,1473.0,1461.0,1471.0,1437.08728,1530169
2016-08-16,1466.0,1466.0,1445.0,1451.0,1417.54834,2084559
2016-08-17,1453.0,1454.0,1434.0,1442.0,1408.7558589999999,2399441
2016-08-18,1455.0,1460.0,1445.0,1454.0,1420.479248,2487511
2016-08-19,1452.0,1458.0,1444.5,1454.0,1420.479248,2388389
2016-08-22,1452.0,1457.0,1441.0,1449.0,1415.594482,1890275
2016-08-23,1452.0,1464.0,1448.0,1457.0,1423.410034,1483649
2016-08-24,1450.0,1459.0,1440.0,1443.0,1409.732788,1473963
2016-08-25,1443.0,1450.0,1435.0,1443.0,1409.732788,1750950
2016-08-26,1441.0,1448.0,1435.0,1445.0,1411.686646,1739575
2016-08-30,1445.0,1457.0,1441.0,1447.0,1413.640625,2690996
2016-08-31,1443.0,1456.0,1441.0,1445.0,1411.686646,3843873
2016-09-01,1444.0,1456.0,1425.349976,1436.0,1402.894165,3222102
2016-09-02,1441.0,1467.0,1436.0,1461.0,1427.317749,4559257
2016-09-05,1465.0,1471.900024,1456.0,1465.0,1431.225586,2049901
2016-09-06,1464.0,1468.02002,1451.0,1455.0,1421.456177,1953498
2016-09-07,1459.0,1471.0,1455.0,1470.0,1436.110352,2010282
2016-09-08,1466.0,1472.0,1448.0,1457.0,1423.410034,2826948
2016-09-09,1451.0,1456.0,1424.0,1427.0,1394.1015630000002,2766513
2016-09-12,1409.0,1424.0,1404.0,1414.0,1381.401367,2566880
2016-09-13,1418.0,1428.0,1408.0,1420.0,1387.263062,2810147
2016-09-14,1423.0,1433.0,1418.0,1418.0,1385.309204,2271878
2016-09-15,1416.0,1437.0,1415.0,1437.0,1403.8710939999999,2846925
2016-09-16,1431.0,1437.0,1423.0,1430.0,1397.032593,3906436
2016-09-19,1443.0,1452.0,1440.0,1451.0,1417.54834,1737279
2016-09-20,1445.0,1475.0,1445.0,1468.0,1434.1564939999998,2642249
2016-09-21,1463.0,1465.0,1446.0,1449.0,1415.594482,3607928
2016-09-22,1456.0,1468.0,1448.0,1460.0,1426.34082,2220338
2016-09-23,1460.0,1468.189941,1456.0,1464.0,1430.248657,1557459
2016-09-26,1458.0,1459.0,1448.0,1450.0,1416.571411,1745546
2016-09-27,1459.0,1461.0,1430.280029,1443.0,1409.732788,3115492
2016-09-28,1445.0,1466.0,1445.0,1455.0,1421.456177,2095542
2016-09-29,1463.0,1469.0,1460.0,1465.0,1431.225586,3005595
2016-09-30,1456.0,1468.0,1447.0,1463.0,1429.271606,2632413
2016-10-03,1467.0,1491.0,1467.0,1485.0,1450.764526,2405275
2016-10-04,1490.0,1514.0,1486.0,1502.0,1467.372559,4205000
2016-10-05,1503.0,1509.0,1467.869995,1468.0,1434.1564939999998,3630583
2016-10-06,1479.0,1479.0,1462.880005,1463.0,1429.271606,2949342
2016-10-07,1470.0,1482.0,1462.0,1468.0,1434.1564939999998,3226828
2016-10-10,1477.0,1482.0,1470.209961,1475.0,1440.994995,2175470
2016-10-11,1478.0,1484.0,1455.0,1456.0,1422.433105,2813814
2016-10-12,1457.0,1457.0,1434.0,1447.0,1413.640625,3056870
2016-10-13,1451.0,1458.0,1441.0,1453.0,1419.502319,2666109
2016-10-14,1458.0,1466.0,1451.0,1460.0,1426.34082,3474929
2016-10-17,1462.0,1462.0,1443.0,1451.0,1417.54834,2838510
2016-10-18,1452.0,1465.0,1448.0,1448.0,1414.617554,2499285
2016-10-19,1449.0,1463.0,1444.0,1460.0,1426.34082,2454874
2016-10-20,1458.0,1463.0,1450.0,1459.0,1425.363892,2553041
2016-10-21,1458.0,1464.0,1450.0,1454.0,1420.479248,2374447
2016-10-24,1457.0,1464.0,1440.0,1441.0,1407.778931,2917301
2016-10-25,1451.0,1468.0,1447.0,1459.0,1425.363892,2846168
2016-10-26,1458.0,1459.0,1427.0,1429.0,1396.055664,2492497
2016-10-27,1429.0,1462.0,1425.0,1462.0,1428.294678,4694575
2016-10-28,1457.0,1472.0,1442.0,1472.0,1438.064209,2915982
2016-10-31,1465.0,1469.050049,1460.0,1461.0,1427.317749,2770801
2016-11-01,1462.0,1469.0,1444.0,1446.0,1412.663574,2448328
2016-11-02,1440.0,1442.0,1429.0,1431.0,1398.0095210000002,2535678
2016-11-03,1423.0,1429.0,1382.0,1391.0,1358.9316410000001,4848475
2016-11-04,1383.0,1385.0,1375.0,1383.0,1351.116089,2693285
2016-11-07,1400.0,1402.0,1389.790039,1397.0,1364.793335,3344748
2016-11-08,1394.0,1405.0,1392.0,1403.0,1370.654907,2835384
2016-11-09,1368.0,1395.0,1368.0,1373.0,1341.34668,4102631
2016-11-10,1383.0,1387.0,1294.5,1299.0,1269.052612,7418068
2016-11-11,1298.0,1300.109985,1273.0,1298.0,1268.075684,5419696
2016-11-14,1308.0,1312.0,1276.0,1282.0,1252.44458,3723380
2016-11-15,1290.0,1314.0,1289.0,1294.0,1264.1678470000002,3911029
2016-11-16,1298.0,1342.0,1293.0,1332.0,1301.291748,4787663
2016-11-17,1337.0,1355.0,1329.0,1343.0,1312.038208,5126580
2016-11-18,1337.0,1361.0,1337.0,1354.0,1322.784668,3420099
2016-11-21,1358.0,1361.0,1344.0,1357.0,1325.715454,3767504
2016-11-22,1372.0,1388.0,1365.0,1365.0,1333.5310060000002,4357096
2016-11-23,1369.0,1387.0,1362.0,1373.0,1341.34668,3359631
2016-11-24,1369.0,1376.0,1363.0,1374.0,1342.323608,1691328
2016-11-25,1376.0,1383.0,1371.0,1381.0,1349.1621089999999,1415051
2016-11-28,1380.0,1391.0,1373.0,1376.0,1344.277466,1889383
2016-11-29,1378.0,1381.0,1368.0,1379.0,1347.208252,2241346
2016-11-30,1380.0,1394.0,1371.0,1375.0,1343.3005369999998,3456313
2016-12-01,1367.0,1375.0,1341.0,1348.0,1316.922974,4642094
2016-12-02,1342.0,1343.0,1321.0,1337.0,1306.176636,3403483
2016-12-05,1333.0,1353.0,1322.0,1336.0,1305.199585,3199317
2016-12-06,1335.0,1341.0,1326.0,1336.0,1305.199585,3480795
2016-12-07,1346.0,1347.880005,1326.0,1333.0,1302.268677,5275011
2016-12-08,1338.0,1371.0,1334.780029,1356.0,1324.738525,4996556
2016-12-09,1356.0,1378.099976,1356.0,1373.0,1341.34668,2786108
2016-12-12,1372.0,1380.0,1359.0,1364.0,1332.554077,4514699
2016-12-13,1365.0,1388.0,1364.0,1384.0,1352.093018,4117287
2016-12-14,1384.0,1387.0,1359.0,1379.0,1347.208252,4431309
2016-12-15,1379.0,1392.0,1363.0,1390.0,1357.95459,4236349
2016-12-16,1392.0,1402.0,1381.0,1391.0,1358.9316410000001,3641612
2016-12-19,1396.0,1416.0,1392.0,1414.0,1381.401367,2389109
2016-12-20,1416.0,1421.0,1410.0,1417.0,1384.3321529999998,2742812
2016-12-21,1416.0,1425.0,1415.0,1418.0,1385.309204,2349732
2016-12-22,1417.0,1434.0,1414.0,1433.0,1399.9633789999998,2528255
2016-12-23,1433.0,1440.0,1425.0,1438.0,1404.8480220000001,717317
2016-12-28,1438.0,1444.0,1434.0,1441.0,1407.778931,1459022
2016-12-29,1435.0,1450.0,1435.0,1447.0,1413.640625,1805416
2016-12-30,1450.0,1450.0,1439.0,1449.0,1415.594482,1317417
2017-01-03,1449.0,1460.0,1440.0,1447.0,1413.640625,2508841
2017-01-04,1452.0,1452.0,1432.0,1437.0,1403.8710939999999,2400757
2017-01-05,1446.0,1450.0,1427.0,1432.0,1398.98645,2715998
2017-01-06,1434.0,1440.0,1429.0,1439.0,1405.824951,1819341
2017-01-09,1444.0,1455.0,1439.0,1455.0,1421.456177,1878950
2017-01-10,1462.0,1471.0,1445.0,1451.0,1417.54834,2675607
2017-01-11,1449.0,1458.0,1437.0,1452.0,1418.525269,3234121
2017-01-12,1448.0,1462.0,1439.0,1461.0,1427.317749,2331061
2017-01-13,1479.0,1484.0,1458.849976,1464.0,1430.248657,2394746
2017-01-16,1469.0,1477.0,1463.0,1471.0,1437.08728,2340901
2017-01-17,1464.0,1472.420044,1441.0,1441.0,1407.778931,3191343
2017-01-18,1445.0,1450.0,1415.0,1426.0,1393.124634,3505559
2017-01-19,1426.0,1435.0,1415.0,1421.0,1388.23999,3089822
2017-01-20,1422.0,1428.0,1410.079956,1425.0,1392.147705,3156071
2017-01-23,1422.0,1426.949951,1411.0,1420.0,1387.263062,2077551
2017-01-24,1422.0,1422.0,1409.0,1413.0,1380.424438,3106618
2017-01-25,1417.0,1418.0,1407.0,1410.0,1377.4936519999999,3102447
2017-01-26,1411.0,1413.0,1398.0,1398.0,1365.770264,4388088
2017-01-27,1400.0,1415.0,1397.0,1412.0,1379.44751,3424392
2017-01-30,1404.0,1425.0,1404.0,1421.0,1388.23999,4397855
2017-01-31,1421.0,1439.0,1419.0,1423.0,1390.1938480000001,3170472
2017-02-01,1424.0,1430.0,1410.0,1415.0,1382.378296,2927453
2017-02-02,1412.0,1445.0,1407.0,1438.0,1404.8480220000001,3229074
2017-02-03,1440.0,1451.0,1436.0,1442.0,1408.7558589999999,3441616
2017-02-06,1441.0,1456.0,1439.0,1444.0,1410.709717,2008727
2017-02-07,1443.0,1465.359985,1440.0,1459.0,1425.363892,2448161
2017-02-08,1454.0,1458.0,1445.0,1455.0,1421.456177,3334202
2017-02-09,1452.0,1468.0,1451.719971,1466.0,1432.2026369999999,2418388
2017-02-10,1467.0,1477.0,1466.0,1469.0,1435.133423,2351930
2017-02-13,1468.0,1477.0,1449.819946,1471.0,1437.08728,2213228
2017-02-14,1468.0,1475.0,1461.0,1463.0,1429.271606,2762817
2017-02-15,1466.0,1471.199951,1455.0,1468.0,1434.1564939999998,2730673
2017-02-16,1469.0,1475.0,1463.0,1471.0,1437.08728,1827560
2017-02-17,1473.0,1485.0,1467.0,1484.0,1449.7875980000001,2832486
2017-02-20,1492.0,1495.0,1480.0,1483.0,1448.810547,2051879
2017-02-21,1483.0,1487.0,1471.0,1472.0,1438.064209,2871683
2017-02-22,1476.0,1481.0,1469.0,1479.0,1444.902832,3870043
2017-02-23,1484.0,1497.0,1473.0,1497.0,1462.487793,3894075
2017-02-24,1494.0,1509.0,1493.0,1494.0,1459.557007,5283487
2017-02-27,1503.0,1508.0,1493.0,1502.0,1467.372559,4113134
2017-02-28,1502.0,1510.0,1498.0,1505.0,1470.303467,4058901
2017-03-01,1506.0,1526.0,1502.0,1520.0,1484.95752,3577881
2017-03-02,1515.0,1535.0,1515.0,1535.0,1499.611816,3251957
2017-03-03,1531.0,1542.0,1526.0,1532.0,1496.680908,3383243
2017-03-06,1533.0,1537.0,1522.969971,1536.0,1500.588745,2596662
2017-03-07,1539.0,1540.0,1530.0,1533.0,1497.657837,1824342
2017-03-08,1532.0,1540.0,1524.670044,1537.0,1501.565674,3166514
2017-03-09,1535.0,1547.0,1529.0,1547.0,1511.335205,3136043
2017-03-10,1544.0,1545.0,1534.0,1535.0,1499.611816,2811304
2017-03-13,1534.0,1543.0,1532.0,1539.0,1503.5195310000001,2174976
2017-03-14,1541.0,1544.0,1534.0,1542.0,1506.450439,2729932
2017-03-15,1537.0,1541.0,1534.329956,1539.0,1503.5195310000001,2125428
2017-03-16,1547.0,1547.0,1524.0,1539.0,1503.5195310000001,3540246
2017-03-17,1537.0,1543.0,1527.0,1536.0,1500.588745,5210215
2017-03-20,1538.0,1541.0,1531.0,1540.0,1504.496582,2193582
2017-03-21,1544.0,1544.0,1533.0,1538.0,1502.5426029999999,3459150
2017-03-22,1537.0,1545.670044,1530.0,1545.0,1509.3813480000001,3551470
2017-03-23,1542.0,1556.5,1540.0,1555.0,1519.150635,3871283
2017-03-24,1552.0,1564.0,1552.0,1560.0,1524.0355220000001,3346598
2017-03-27,1554.0,1562.0,1551.0,1561.0,1525.012451,3180370
2017-03-28,1565.0,1565.0,1554.0,1564.0,1527.943237,2627256
2017-03-29,1569.0,1569.0,1557.0,1563.0,1526.966309,3640508
2017-03-30,1564.0,1567.0,1560.0,1566.0,1529.897095,2664693
2017-03-31,1565.0,1567.0,1556.0,1564.0,1527.943237,3331185
2017-04-03,1572.0,1581.0,1561.0,1561.0,1525.012451,3277456
2017-04-04,1568.0,1576.0,1562.0,1567.0,1530.874023,3547864
2017-04-05,1571.0,1578.0,1565.0,1574.0,1537.7126460000002,2185753
2017-04-06,1566.0,1577.0,1564.0,1570.0,1533.804932,2918198
2017-04-07,1571.0,1580.150024,1564.0,1578.0,1541.620483,1869985
2017-04-10,1575.0,1588.0,1570.0,1584.0,1547.482178,2195216
2017-04-11,1580.0,1591.0,1577.0,1584.0,1547.482178,2842405
2017-04-12,1582.0,1594.0,1580.0,1592.0,1555.297729,2911133
2017-04-13,1591.0,1591.0,1579.0,1583.0,1546.505249,2632146
2017-04-18,1583.0,1588.0,1562.0,1564.0,1527.943237,5013456
2017-04-19,1560.0,1570.0,1542.0,1544.0,1508.404297,5074517
2017-04-20,1548.0,1558.0,1540.0,1558.0,1522.081543,3371644
2017-04-21,1553.0,1565.0,1552.0,1562.0,1525.98938,4648285
2017-04-24,1584.0,1596.0,1565.5,1593.0,1556.274658,3355819
2017-04-25,1588.0,1595.0,1569.849976,1592.0,1555.297729,2357878
2017-04-26,1590.0,1603.0,1582.0,1596.0,1559.205566,2836136
2017-04-27,1569.0,1577.0,1560.0,1576.0,1564.8652339999999,3754741
2017-04-28,1577.0,1598.0,1564.0,1566.0,1554.935791,2806590
2017-05-02,1565.0,1585.0,1565.0,1584.0,1572.808716,3317383
2017-05-03,1583.0,1593.0,1577.0,1581.0,1569.829834,2264840
2017-05-04,1582.0,1592.0,1572.0,1591.0,1579.759155,2264410
2017-05-05,1592.0,1596.0,1588.0,1596.0,1584.723877,2855388
2017-05-08,1594.0,1595.0,1584.900024,1587.0,1575.787476,2625447
2017-05-09,1588.0,1608.0,1588.0,1607.0,1595.646118,3535834
2017-05-10,1608.0,1611.0,1592.0,1605.0,1593.6602779999998,2972326
2017-05-11,1602.0,1609.0,1596.0,1604.0,1592.667358,4002082
2017-05-12,1608.0,1625.0,1606.0,1625.0,1613.519043,2733964
2017-05-15,1620.0,1634.849976,1606.0,1612.0,1600.61084,3030798
2017-05-16,1615.0,1657.400024,1610.0,1637.0,1625.434204,3816278
2017-05-17,1637.0,1642.0,1622.0,1625.0,1613.519043,3019464
2017-05-18,1625.0,1625.0,1604.0,1613.0,1601.60376,3626864
2017-05-19,1618.0,1627.0,1615.0,1626.0,1614.5119630000002,3687675
2017-05-22,1623.0,1637.0,1622.0,1634.0,1622.455444,2889273
2017-05-23,1634.0,1645.0,1632.0,1642.0,1630.398926,3729353
2017-05-24,1638.0,1645.0,1631.0,1641.0,1629.4060060000002,3034478
2017-05-25,1641.0,1644.0,1628.0,1636.0,1624.441284,2697043
2017-05-26,1636.0,1654.0,1636.0,1654.0,1642.314087,2785798
2017-05-30,1654.0,1654.0,1637.0,1652.0,1640.3282470000001,3044301
2017-05-31,1656.0,1676.0,1654.0,1663.0,1651.2504880000001,5855832
2017-06-01,1673.0,1686.0,1664.0,1680.0,1668.1303710000002,3928596
2017-06-02,1688.0,1690.0,1674.0,1680.0,1668.1303710000002,4355264
2017-06-05,1680.0,1688.0,1674.0,1679.0,1667.137451,3048854
2017-06-06,1676.0,1685.0,1674.0,1685.0,1673.095093,2480293
2017-06-07,1682.0,1692.0,1681.0,1685.0,1673.095093,2718580
2017-06-08,1690.0,1690.0,1670.0,1670.0,1658.20105,3217897
2017-06-09,1689.0,1705.0,1681.0,1694.0,1682.031494,3877912
2017-06-12,1685.0,1689.0,1681.0,1684.0,1672.102173,2269890
2017-06-13,1690.0,1691.0,1675.0,1676.0,1664.158691,2843148
2017-06-14,1677.0,1700.0,1677.0,1692.0,1680.045654,6602297
2017-06-15,1692.0,1692.0,1674.0,1690.0,1678.0596920000003,2828594
2017-06-16,1692.0,1715.0,1690.0,1715.0,1702.883179,5066335
2017-06-19,1723.0,1726.0,1704.0,1713.0,1700.8972170000002,2613217
2017-06-20,1714.0,1728.0,1713.0,1717.0,1704.8690190000002,3147238
2017-06-21,1716.0,1720.0,1706.0,1710.0,1697.918457,200644
2017-06-22,1713.0,1711.0,1693.0,1694.0,1682.031494,349267
2017-06-23,1688.0,1704.0,1687.0,1701.0,1688.9820559999998,218468
2017-06-26,1702.0,1716.0,1700.780029,1708.4899899999998,1696.4190670000003,204039
2017-06-27,1707.0,1707.0,1685.0,1694.339966,1682.3690190000002,618557
2017-06-28,1690.0,1692.890015,1672.0,1675.0,1663.1657710000002,168034
2017-06-29,1678.0,1679.47998,1638.0,1649.0,1637.349365,342779
2017-06-30,1645.0,1672.0,1644.0,1660.0,1648.2717289999998,998861
2017-07-03,1660.0,1669.0,1647.0,1655.0,1643.307007,3014793
2017-07-04,1649.0,1662.0,1646.0,1652.0,1640.3282470000001,2980089
2017-07-05,1650.0,1665.0,1647.0,1664.0,1652.243408,2661357
2017-07-06,1661.0,1662.0,1631.0,1643.0,1631.391846,3444645
2017-07-07,1641.0,1645.0,1630.0,1632.0,1620.469482,2797857
2017-07-10,1629.0,1640.0,1623.0,1635.0,1623.448364,2903155
2017-07-11,1636.0,1638.0,1613.0,1621.0,1609.547241,2746505
2017-07-12,1630.0,1641.0,1624.0,1637.0,1625.434204,2937509
2017-07-13,1637.0,1640.0,1629.109985,1637.0,1625.434204,2170040
2017-07-14,1635.0,1643.0,1627.0,1633.0,1621.462524,2548826
2017-07-17,1632.0,1638.0,1623.0,1628.0,1616.497803,2016786
2017-07-18,1625.0,1637.0,1619.0,1628.0,1616.497803,2998225
2017-07-19,1634.0,1637.0,1620.0,1636.0,1624.441284,1848316
2017-07-20,1640.0,1658.0,1637.0,1655.0,1643.307007,2538982
2017-07-21,1659.0,1662.0,1642.0,1644.0,1632.3847660000001,2192292
2017-07-24,1643.0,1645.0,1620.959961,1629.0,1617.4907230000001,4162466
2017-07-25,1628.0,1647.0,1628.0,1633.0,1621.462524,2756375
2017-07-26,1635.0,1648.0,1630.0,1632.0,1620.469482,2790448
2017-07-27,1633.0,1667.400024,1632.0,1665.0,1653.236328,3895415
2017-07-28,1661.0,1666.0,1648.0,1651.0,1639.335327,4830929
2017-07-31,1647.0,1660.0,1644.0,1652.0,1640.3282470000001,3263647
2017-08-01,1656.0,1664.0,1651.0,1661.0,1649.264648,2188601
2017-08-02,1663.0,1668.0,1655.0,1656.0,1644.299927,2548819
2017-08-03,1645.0,1668.0,1642.0,1663.0,1663.0,3084521
2017-08-04,1665.0,1679.209961,1658.0,1678.0,1678.0,1933862
2017-08-07,1678.0,1687.969971,1673.0,1676.0,1676.0,2358805
2017-08-08,1674.0,1680.0,1670.0,1671.0,1671.0,1655466
2017-08-09,1661.0,1676.0,1657.0,1676.0,1676.0,1876202
2017-08-10,1672.0,1674.0,1664.0,1667.0,1667.0,1865039
2017-08-11,1667.0,1667.0,1654.0,1655.0,1655.0,1248613
2017-08-14,1657.0,1661.0,1651.109985,1659.0,1659.0,1746183
2017-08-15,1665.0,1679.0,1660.0,1675.0,1675.0,1984787
2017-08-16,1680.0,1693.0,1679.0,1690.0,1690.0,2635722
2017-08-17,1693.0,1705.0,1690.0,1695.0,1695.0,1666624
2017-08-18,1688.0,1689.0,1669.0,1670.0,1670.0,1889407
2017-08-21,1665.0,1672.0,1658.0,1671.0,1671.0,1391701
2017-08-22,1678.0,1697.02002,1675.0,1688.0,1688.0,2150550
2017-08-23,1682.0,1690.0,1680.0,1683.0,1683.0,1783836
2017-08-24,1681.0,1691.0,1676.0,1679.0,1679.0,1831344
2017-08-25,1679.0,1680.0,1666.880005,1667.0,1667.0,1513890
2017-08-29,1667.0,1667.0,1621.0,1661.0,1661.0,2470736
2017-08-30,1669.0,1673.0,1661.0,1665.0,1665.0,1698856
2017-08-31,1668.0,1693.0,1664.0,1691.0,1691.0,2752633
2017-09-01,1689.0,1701.0,1687.0,1687.0,1687.0,1733509
2017-09-04,1680.0,1697.0,1679.0,1689.0,1689.0,1181261
2017-09-05,1687.0,1697.0,1680.0,1682.0,1682.0,1345160
2017-09-06,1680.0,1683.0,1660.0,1662.0,1662.0,2277835
2017-09-07,1664.0,1680.890015,1659.0,1680.0,1680.0,1862961
2017-09-08,1677.0,1678.25,1665.0,1675.0,1675.0,1625915
2017-09-11,1681.0,1688.300049,1674.849976,1687.0,1687.0,1589175
2017-09-12,1688.0,1694.0,1675.0,1679.0,1679.0,3561688
2017-09-13,1673.0,1684.0,1669.170044,1677.0,1677.0,2952986
2017-09-14,1674.0,1690.0,1655.0,1655.0,1655.0,3417463
2017-09-15,1650.0,1652.0,1629.0,1634.0,1634.0,4750206
2017-09-18,1639.0,1642.0,1634.0,1637.0,1637.0,1592136
2017-09-19,1635.0,1644.0,1631.0,1631.0,1631.0,2869610
2017-09-20,1631.0,1639.0,1625.0,1625.0,1625.0,1560581
2017-09-21,1624.0,1628.0,1609.300049,1615.0,1615.0,2476389
2017-09-22,1612.0,1627.0,1612.0,1617.0,1617.0,2619847
2017-09-25,1616.0,1634.0,1613.599976,1626.0,1626.0,1613204
2017-09-26,1625.0,1625.0,1614.0,1620.0,1620.0,1601101
2017-09-27,1624.0,1624.0,1600.52002,1603.0,1603.0,2238045
2017-09-28,1607.0,1622.0,1599.0,1622.0,1622.0,2262988
2017-09-29,1622.0,1641.0,1619.0,1637.0,1637.0,2101423
2017-10-02,1643.0,1670.0,1638.0,1668.0,1668.0,3032300
2017-10-03,1665.0,1670.0,1655.0,1668.0,1668.0,1767082
2017-10-04,1672.0,1677.0,1667.0,1668.0,1668.0,1972172
2017-10-05,1673.0,1687.0,1670.0,1680.0,1680.0,2001603
2017-10-06,1681.0,1693.0,1681.0,1691.0,1691.0,1540399
2017-10-09,1689.0,1695.25,1678.0,1687.0,1687.0,3191456
2017-10-10,1683.0,1696.5,1683.0,1688.0,1688.0,1974132
2017-10-11,1696.0,1696.0,1682.0,1683.0,1683.0,3644970
2017-10-12,1679.0,1700.0,1678.0,1698.0,1698.0,1966703
2017-10-13,1689.0,1689.0,1672.0,1680.0,1680.0,2752336
2017-10-16,1680.0,1681.0,1672.0,1678.0,1678.0,2491649
2017-10-17,1678.0,1688.0,1670.0,1682.0,1682.0,1842761
2017-10-18,1690.0,1698.0,1684.0,1695.0,1695.0,1842139
2017-10-19,1694.0,1703.0,1687.0,1697.0,1697.0,2229173
2017-10-20,1697.0,1709.0,1691.0,1691.0,1691.0,2788547
2017-10-23,1688.0,1695.0,1688.0,1691.0,1691.0,1585416
2017-10-24,1693.0,1705.0,1686.0,1702.0,1702.0,2906140
2017-10-25,1703.0,1705.0,1684.0,1684.0,1684.0,3255567
2017-10-26,1683.0,1735.0,1683.0,1733.0,1733.0,3968801
2017-10-27,1742.0,1751.0,1727.0,1731.0,1731.0,2660096
2017-10-30,1724.0,1738.0,1722.0,1732.0,1732.0,2508177
2017-10-31,1724.0,1737.8499760000002,1724.0,1733.0,1733.0,2443215
2017-11-01,1735.0,1741.0,1711.0,1711.0,1711.0,3823764
2017-11-02,1705.0,1732.0,1705.0,1717.0,1717.0,3619601
2017-11-03,1727.0,1741.0,1722.0,1741.0,1741.0,2432412
2017-11-06,1735.0,1740.0,1731.0,1731.0,1731.0,1894325
2017-11-07,1731.0,1734.0,1724.0,1724.0,1724.0,1707000
2017-11-08,1725.0,1732.0,1720.0,1726.0,1726.0,2682302
2017-11-09,1724.0,1737.0,1724.0,1727.0,1727.0,2189732
2017-11-10,1731.0,1732.0,1716.0,1720.0,1720.0,1791321
2017-11-13,1729.0,1741.0,1725.0,1730.0,1730.0,2402658
2017-11-14,1728.0,1746.0,1728.0,1738.0,1738.0,2124600
2017-11-15,1735.0,1741.0,1725.0,1728.0,1728.0,2516141
2017-11-16,1736.0,1749.0,1730.0,1748.0,1748.0,2986981
2017-11-17,1750.0,1756.0,1739.0,1745.0,1745.0,2360909
2017-11-20,1758.0,1765.0,1754.0,1762.0,1762.0,1902449
2017-11-21,1758.0,1773.0,1754.0,1769.0,1769.0,2586369
2017-11-22,1764.0,1771.0,1754.0,1756.0,1756.0,2906539
2017-11-23,1754.0,1772.0,1746.0,1765.0,1765.0,1345570
2017-11-24,1763.0,1770.0,1756.0,1764.0,1764.0,1636241
2017-11-27,1765.0,1776.0,1757.0,1762.0,1762.0,4045665
2017-11-28,1761.0,1784.0,1756.0,1782.0,1782.0,2153702
2017-11-29,1767.0,1770.0,1748.0,1750.0,1750.0,3598872
2017-11-30,1746.0,1750.0,1728.0,1728.0,1728.0,4468859
2017-12-01,1725.0,1738.0,1714.0,1714.0,1714.0,2767516
2017-12-04,1731.0,1734.0,1715.0,1718.0,1718.0,2910813
2017-12-05,1724.0,1735.0,1715.0,1719.0,1719.0,2830442
2017-12-06,1720.0,1734.0,1710.0,1728.0,1728.0,3148378
2017-12-07,1733.0,1744.0,1715.0,1715.0,1715.0,3040848
2017-12-08,1716.0,1717.0,1701.0,1712.0,1712.0,2978061
2017-12-11,1718.0,1720.0,1707.0,1715.0,1715.0,3630946
2017-12-12,1718.0,1719.0,1708.0,1715.0,1715.0,5195079
2017-12-13,1709.0,1739.0,1709.0,1738.0,1738.0,4942067
2017-12-14,1735.0,1744.0,1727.0,1727.0,1727.0,3870341
2017-12-15,1728.0,1735.0,1721.0,1729.0,1729.0,3366513
2017-12-18,1730.0,1743.0,1727.0,1731.0,1731.0,1988754
2017-12-19,1730.0,1735.0,1721.0,1722.0,1722.0,3215299
2017-12-20,1717.0,1730.0,1717.0,1728.0,1728.0,2362136
2017-12-21,1723.0,1731.0,1719.0,1730.0,1730.0,2363348
2017-12-22,1722.0,1734.0,1719.0,1732.0,1732.0,1943121
2017-12-27,1732.0,1737.0,1726.0,1732.0,1732.0,1598813
2017-12-28,1734.0,1743.0,1731.0,1735.0,1735.0,992569
2017-12-29,1739.0,1741.0,1730.0,1739.0,1739.0,1100858
2018-01-02,1739.0,1740.0,1707.0,1715.0,1715.0,2469289
2018-01-03,1715.5,1723.5,1705.5,1708.0,1708.0,2384002
2018-01-04,1709.5,1714.0,1701.0,1711.5,1711.5,2918414
2018-01-05,1709.0,1721.5,1709.0,1713.5,1713.5,3309033
2018-01-08,1709.0,1713.0,1698.0,1700.0,1700.0,2940489
2018-01-09,1700.0,1707.5,1694.0,1694.0,1694.0,2942820
2018-01-10,1705.0,1707.0,1677.5,1678.5,1678.5,3556404
2018-01-11,1678.5,1680.5,1661.5,1661.5,1661.5,4606922
2018-01-12,1667.5,1670.0,1653.5,1659.0,1659.0,4163481
2018-01-15,1653.5,1660.5,1645.5,1647.0,1647.0,3173471
2018-01-16,1642.5,1655.5,1642.5,1654.5,1654.5,3920927
2018-01-17,1656.0,1656.5,1638.0,1640.0,1640.0,5325299
2018-01-18,1646.0,1648.5,1621.0,1623.5,1623.5,4183145
2018-01-19,1630.5,1649.5,1624.5,1646.5,1646.5,4644579
2018-01-22,1612.0,1621.5,1585.0,1603.0,1603.0,6490477
2018-01-23,1595.0,1619.5,1592.0,1607.0,1607.0,3838271
2018-01-24,1605.0,1608.0,1586.0,1586.0,1586.0,5335880
2018-01-25,1574.0,1580.5,1555.5,1557.0,1557.0,7459811
2018-01-26,1567.5,1575.5,1560.0,1561.5,1561.5,4222148
2018-01-29,1562.5,1569.0,1559.0,1560.5,1560.5,5893354
2018-01-30,1562.5,1575.5,1556.0,1557.5,1557.5,7935563
2018-01-31,1560.5,1571.0,1557.5,1558.0,1558.0,6452591
2018-02-01,1550.0,1559.5,1500.5,1520.0,1520.0,11334606
2018-02-02,1520.0,1526.5,1511.5,1511.5,1511.5,15965203
2018-02-05,1505.5,1508.5,1494.5,1495.0,1495.0,5814540
2018-02-06,1465.0,1491.5,1462.0,1465.0,1465.0,9309969
2018-02-07,1479.0,1509.5,1469.5,1500.0,1500.0,8474406
2018-02-08,1494.5,1496.0,1472.5,1474.0,1474.0,6164864
2018-02-09,1484.5,1502.5,1479.5,1482.0,1482.0,7122602
2018-02-12,1482.0,1494.5,1478.0,1489.5,1489.5,5211737
2018-02-13,1488.0,1491.5,1455.0,1455.0,1455.0,7395945
2018-02-14,1469.5,1472.5,1451.0,1456.5,1456.5,5583851
2018-02-15,1485.5,1504.5,1399.0,1466.0,1466.0,13544560
2018-02-16,1466.0,1500.5,1465.0,1491.0,1491.0,6995055
2018-02-19,1493.5,1495.5,1465.5,1470.0,1470.0,4330041
2018-02-20,1475.0,1495.5,1472.5,1493.0,1493.0,3497814
2018-02-21,1491.5,1526.0,1487.5,1522.5,1522.5,8017934
2018-02-22,1508.0,1519.0,1500.5,1518.0,1518.0,6376476
2018-02-23,1517.5,1521.0,1505.0,1518.0,1518.0,4552760
2018-02-26,1523.5,1525.0,1493.0,1502.0,1502.0,3855449
2018-02-27,1508.0,1517.5,1487.0,1491.0,1491.0,4880966
2018-02-28,1484.0,1502.5,1480.0,1493.0,1493.0,3814756
2018-03-01,1493.0,1496.5,1477.5,1480.0,1480.0,4984957
2018-03-02,1474.0,1484.5,1465.0,1467.5,1467.5,3086050
2018-03-05,1468.0,1478.5,1460.5,1472.5,1472.5,7104600
2018-03-06,1484.5,1491.5,1479.5,1482.5,1482.5,4415496
2018-03-07,1481.5,1490.5,1476.0,1486.5,1486.5,3787928
2018-03-08,1491.0,1512.0,1484.5,1506.0,1506.0,4183145
2018-03-09,1503.5,1514.5,1500.5,1512.5,1512.5,2536851
