Date,Open,High,Low,Close,Adj Close,Volume
2015-01-02,3018.0,3029.5,2945.0,2970.0,2450.6201170000004,2698600
2015-01-05,2972.0,2990.0,2870.0,2883.5,2379.246826,4141115
2015-01-06,2899.5,2975.5,2873.0,2944.5,2429.57959,7118388
2015-01-07,2952.0,2982.5,2919.0,2962.5,2444.431885,3612881
2015-01-08,3015.0,3039.0,2986.850098,3027.5,2498.064697,4640881
2015-01-09,3015.5,3021.0,2962.0,2985.0,2462.99707,3824114
2015-01-12,2992.0,3000.0,2882.5,2924.5,2413.077148,4238402
2015-01-13,2912.0,2928.5,2893.0,2920.0,2409.36377,3531958
2015-01-14,2812.0,2815.0,2746.0,2804.5,2314.061768,7613324
2015-01-15,2825.0,2849.5,2716.0,2842.5,2345.4169920000004,7825399
2015-01-16,2819.0,2895.0,2786.0,2888.5,2383.372559,5093992
2015-01-19,2888.0,2891.0,2815.0,2856.0,2356.555908,3404896
2015-01-20,2860.0,2885.5,2808.5,2885.5,2380.896973,4606225
2015-01-21,2893.0,2924.5,2851.5,2924.5,2413.077148,3991933
2015-01-22,2944.5,3009.0,2934.439941,2966.5,2447.732178,5305897
2015-01-23,2981.5,2982.169922,2867.5,2883.0,2378.834229,5445307
2015-01-26,2812.0,2966.5,2795.0,2887.5,2382.5473629999997,4110154
2015-01-27,2881.0,2925.0,2840.5,2872.5,2370.17041,4806207
2015-01-28,2902.0,2913.5,2864.0,2894.5,2388.3232420000004,8380857
2015-01-29,2887.0,2926.5,2864.5,2886.0,2381.30957,4377338
2015-01-30,2928.5,2959.0,2873.5,2925.0,2413.489746,5342209
2015-02-02,2910.0,2963.0,2873.5,2961.0,2443.193848,5475391
2015-02-03,3010.0,3080.0,2973.72998,3076.0,2538.083252,8279669
2015-02-04,3079.5,3131.0,3018.0,3053.5,2519.518066,5537398
2015-02-05,3034.0,3101.0,3001.25,3080.5,2541.7966309999997,3715224
2015-02-06,3068.0,3074.5,3020.5,3028.5,2498.889893,4595352
2015-02-09,3030.0,3103.0,3017.5,3095.0,2553.760986,4732246
2015-02-10,3098.0,3100.0,2980.5,2992.5,2469.185791,6470580
2015-02-11,3010.0,3071.399902,2932.5,2971.5,2451.85791,4591131
2015-02-12,3010.0,3098.0,2983.350098,3039.5,2507.966309,6192248
2015-02-13,3090.0,3162.0,3082.0,3151.5,2600.3798829999996,6269555
2015-02-16,3151.5,3178.5,3126.0,3163.5,2610.281982,3091806
2015-02-17,3133.5,3253.0,3107.0,3180.0,2623.896484,6294039
2015-02-18,3193.5,3274.669922,3120.3701170000004,3201.5,2641.636475,4881605
2015-02-19,3180.0,3241.0,3161.909912,3220.0,2656.9013670000004,5758642
2015-02-20,3208.5,3280.0,3195.639893,3237.5,2671.341064,6249055
2015-02-23,3183.5,3217.0,3139.0,3150.5,2599.55542,4746443
2015-02-24,3153.0,3237.409912,3097.689941,3193.5,2635.0354,4735657
2015-02-25,3195.0,3232.5,3156.5,3170.5,2616.0576170000004,3117065
2015-02-26,3187.0,3250.0,3174.5,3192.0,2633.797607,4071059
2015-02-27,3190.0,3203.5,3150.0,3192.0,2633.797607,3461077
2015-03-02,3244.0,3248.22998,3133.5,3154.0,2602.442871,6431480
2015-03-03,3146.0,3192.469971,3115.5,3135.0,2586.765625,3795986
2015-03-04,3124.5,3133.0,3052.0,3073.5,2536.0205079999996,5251049
2015-03-05,2995.0,3020.0,2941.0,2985.0,2527.1142579999996,6510169
2015-03-06,2970.5,2973.0,2908.5,2917.5,2469.9685059999997,5933337
2015-03-09,2916.5,2917.5,2860.5,2910.5,2464.042236,4381788
2015-03-10,2890.0,2894.5,2829.5,2830.0,2395.890625,5185260
2015-03-11,2832.0,2855.0,2811.5,2844.0,2407.743164,4538660
2015-03-12,2870.0,2921.5,2852.5,2857.0,2418.748779,5030625
2015-03-13,2854.0,2873.5,2796.5,2809.5,2378.535156,5748463
2015-03-16,2825.0,2855.540039,2812.0,2848.0,2411.129639,4347552
2015-03-17,2860.0,2910.23999,2853.75,2873.5,2432.717773,5289203
2015-03-18,2851.5,2865.0,2817.5,2830.5,2396.314209,5526462
2015-03-19,2855.0,2893.0,2824.820068,2845.5,2409.012695,5308088
2015-03-20,2854.5,2918.5,2820.5,2914.5,2467.428467,8435540
2015-03-23,2924.5,2953.5,2812.949951,2942.5,2491.133789,4927295
2015-03-24,2915.0,2943.25,2877.0,2884.0,2441.607422,4602402
2015-03-25,2898.0,2945.8701170000004,2779.449951,2926.0,2477.1645510000003,3748297
2015-03-26,2901.0,2975.5,2861.5,2877.0,2435.681152,4120422
2015-03-27,2864.5,2873.060059,2778.1201170000004,2809.5,2378.535156,7122913
2015-03-30,2822.0,2859.5,2721.189941,2816.5,2384.4614260000003,3575593
2015-03-31,2857.5,2874.0,2772.0,2772.0,2346.787354,5414923
2015-04-01,2780.0,2812.5,2752.5,2762.0,2338.322021,5516849
2015-04-02,2752.0,2788.949951,2739.5,2751.0,2329.008789,5609194
2015-04-07,2751.0,2865.199951,2751.0,2862.0,2422.982178,5094282
2015-04-08,2925.0,2941.459961,2847.0,2853.5,2415.785889,4904324
2015-04-09,2820.0,2874.0,2762.0,2852.5,2414.939453,4495064
2015-04-10,2864.0,2881.0,2807.5,2837.0,2401.816895,3675649
2015-04-13,2813.0,2847.0,2769.0,2814.0,2382.344971,2825731
2015-04-14,2800.0,2903.0,2790.300049,2892.5,2448.803467,7130344
2015-04-15,2870.0,2946.0,2857.5,2912.0,2465.3122559999997,5792346
2015-04-16,2901.5,2912.0,2839.0,2842.0,2406.049805,5663516
2015-04-17,2820.5,2869.5,2780.5,2801.0,2371.3388670000004,5065226
2015-04-20,2806.5,2883.5,2796.389893,2874.0,2433.141357,3778488
2015-04-21,2860.0,2861.5,2798.0,2812.0,2380.651611,4936733
2015-04-22,2835.5,2866.0,2805.5,2863.5,2424.251953,7338325
2015-04-23,2873.0,2960.5,2813.1201170000004,2958.0,2504.256348,6564249
2015-04-24,2974.5,3040.0,2949.5,3003.5,2542.776611,7887350
2015-04-27,3065.0,3072.0,2968.5,3014.0,2551.666016,4995312
2015-04-28,2990.5,3013.5,2957.0,2979.5,2522.458252,8702814
2015-04-29,2939.0,2945.5,2894.5,2915.5,2468.275146,5603789
2015-04-30,2915.5,2923.5,2848.5,2885.0,2442.453857,6343458
2015-05-01,2935.0,3043.0,2928.0,2997.0,2537.2734379999997,6408003
2015-05-05,2997.0,3050.0,2953.810059,3011.0,2549.125977,4580873
2015-05-06,3006.0,3036.0,2981.5,3008.0,2546.586182,5437216
2015-05-07,2980.0,3000.0,2950.0,2967.5,2512.298828,5695838
2015-05-08,2968.0,3015.5,2950.0,2998.5,2538.543457,4561942
2015-05-11,2990.0,3061.5,2970.5,3030.0,2565.2114260000003,4701468
2015-05-12,3004.5,3056.0,2959.0,2995.0,2535.580566,4505401
2015-05-13,2993.5,3033.5,2964.5,2978.5,2521.611084,3833339
2015-05-14,2949.0,2977.0,2916.5,2955.0,2501.716309,3491614
2015-05-15,2976.5,2990.0,2916.5,2930.5,2480.974365,5578402
2015-05-18,2921.0,2969.5,2918.1201170000004,2925.0,2476.318115,3369696
2015-05-19,2927.0,2935.0,2833.0,2847.0,2410.282959,5960726
2015-05-20,2825.0,2893.5,2806.5,2867.0,2427.214844,4488572
2015-05-21,2885.0,2927.0,2865.5,2873.5,2432.717773,3077680
2015-05-22,2878.0,2932.98999,2866.0,2902.5,2457.269287,3061392
2015-05-26,2902.5,2959.5,2859.5,2874.5,2433.564209,3294693
2015-05-27,2875.0,2897.0,2855.0,2881.0,2439.067627,2597266
2015-05-28,2871.5,2884.290039,2835.5,2884.0,2441.607422,3016359
2015-05-29,2884.0,2899.5,2842.5,2856.0,2417.902344,3906107
2015-06-01,2856.5,2882.0,2826.5,2834.5,2399.700439,3528958
2015-06-02,2844.5,2923.0,2818.5,2902.0,2456.846191,5025155
2015-06-03,2915.0,2917.5,2864.1201170000004,2881.5,2439.490967,4365056
2015-06-04,2870.0,2880.5,2831.0,2850.0,2412.82251,3833739
2015-06-05,2847.5,2894.0,2825.5,2852.5,2414.939453,5193587
2015-06-08,2850.0,2855.0,2810.0,2818.5,2386.154785,3138268
2015-06-09,2810.0,2832.600098,2753.5,2781.0,2354.406982,5179965
2015-06-10,2779.0,2857.0,2776.0,2841.5,2405.626465,5937142
2015-06-11,2850.0,2886.5,2818.5,2839.0,2403.51001,3675806
2015-06-12,2827.0,2856.0,2811.439941,2831.5,2397.1604,3331803
2015-06-15,2815.0,2840.5,2790.5,2806.5,2375.995361,4909012
2015-06-16,2760.5,2782.0,2738.0,2745.5,2324.352539,4954160
2015-06-17,2744.5,2750.0,2708.5,2722.5,2304.880859,4697285
2015-06-18,2702.0,2776.0,2694.0,2749.5,2327.73877,5300207
2015-06-19,2734.0,2764.8798829999996,2722.5,2732.0,2312.92334,4096191
2015-06-22,2757.5,2845.709961,2719.959961,2770.0,2345.094482,3166835
2015-06-23,2768.0,2782.169922,2729.5,2758.5,2335.358154,4011117
2015-06-24,2775.0,2804.699951,2774.5,2780.5,2353.9838870000003,3603912
2015-06-25,2759.0,2784.5,2727.0,2733.0,2313.77002,3806488
2015-06-26,2716.5,2746.0,2678.0,2708.5,2293.028076,4323101
2015-06-29,2675.5,2714.5,2669.439941,2691.5,2278.635986,4346864
2015-06-30,2691.5,2696.0,2614.0,2614.0,2213.02417,5860568
2015-07-01,2635.0,2658.0,2608.5,2621.0,2218.950439,4348968
2015-07-02,2600.5,2667.5,2590.0,2633.0,2229.1096190000003,4245778
2015-07-03,2612.5,2626.0,2576.0,2606.0,2206.250977,3014515
2015-07-06,2560.0,2591.0,2545.0,2578.0,2182.546143,3354723
2015-07-07,2577.0,2578.5,2481.0,2492.5,2110.161621,5644563
2015-07-08,2458.0,2513.5,2438.0,2484.5,2103.388916,7505532
2015-07-09,2520.5,2560.0,2501.0,2528.5,2140.639404,5097297
2015-07-10,2600.0,2610.0,2501.550049,2539.5,2149.952148,5174398
2015-07-13,2555.0,2600.5,2504.0,2600.5,2201.594971,5867715
2015-07-14,2609.0,2617.0,2575.0,2580.5,2184.662842,4032514
2015-07-15,2590.0,2642.179932,2571.5,2597.0,2198.631836,4925083
2015-07-16,2606.5,2646.0,2568.5,2622.5,2220.220215,3870964
2015-07-17,2616.5,2626.0,2580.5,2593.0,2195.245361,3558487
2015-07-20,2597.5,2609.0,2577.0,2591.0,2193.552246,2558059
2015-07-21,2585.0,2610.0,2562.0,2597.0,2198.631836,2987419
2015-07-22,2540.0,2550.5,2489.679932,2502.5,2118.627686,5676288
2015-07-23,2499.5,2528.5,2473.5,2488.0,2106.3520510000003,3827181
2015-07-24,2495.0,2513.5,2377.0,2400.5,2032.274048,6568553
2015-07-27,2414.0,2440.0,2373.0,2394.0,2026.7709960000002,5963309
2015-07-28,2400.0,2433.159912,2383.5,2406.0,2036.930298,6744345
2015-07-29,2435.0,2463.0,2407.5,2454.0,2077.567627,4684602
2015-07-30,2463.0,2478.0,2433.0,2456.5,2079.683838,4402093
2015-07-31,2469.0,2492.0,2425.5,2486.5,2105.081787,5604908
2015-08-03,2476.0,2480.0,2402.5,2432.5,2059.365479,4929196
2015-08-04,2432.5,2498.0,2416.0,2470.5,2091.536377,4704410
2015-08-05,2500.0,2594.0,2491.5,2567.5,2173.657227,6976350
2015-08-06,2616.0,2623.0,2541.0,2575.5,2180.4296879999997,6018797
2015-08-07,2574.0,2629.5,2562.0,2587.5,2190.589111,6824812
2015-08-10,2581.0,2635.0,2545.5,2635.0,2230.80249,5430274
2015-08-11,2588.0,2640.5,2548.5,2553.5,2161.804443,8311209
2015-08-12,2495.5,2585.0,2467.0,2554.5,2162.651123,10021746
2015-08-13,2509.5,2543.5,2447.5,2459.0,2139.524658,5710244
2015-08-14,2463.5,2499.0,2434.5,2462.5,2142.5698239999997,3553688
2015-08-17,2459.0,2474.5,2425.5,2445.0,2127.3432620000003,4184172
2015-08-18,2420.0,2445.5,2387.5,2412.0,2098.630615,3746742
2015-08-19,2414.5,2425.5,2311.5,2323.0,2021.1937260000002,6547119
2015-08-20,2310.5,2386.0,2310.0,2361.0,2054.256592,5609549
2015-08-21,2331.0,2378.0,2312.0,2315.0,2014.233032,4171954
2015-08-24,2209.0,2240.5,2107.780029,2154.5,1874.585449,9856403
2015-08-25,2210.0,2300.0,2188.5,2244.5,1952.8925780000002,10234660
2015-08-26,2230.0,2270.0,2183.790039,2200.0,1914.1738280000002,6318048
2015-08-27,2255.5,2366.0,2234.5,2349.0,2043.815918,6736767
2015-08-28,2384.0,2403.5,2323.5,2388.0,2077.748779,6266439
2015-09-01,2388.0,2388.0,2246.0,2271.0,1975.949463,6702507
2015-09-02,2288.5,2330.0,2257.0,2266.5,1972.03418,4804701
2015-09-03,2284.0,2376.5,2284.0,2341.0,2036.855225,6305288
2015-09-04,2321.0,2352.0,2227.5,2235.0,1944.6264649999998,5032402
2015-09-07,2285.5,2294.0,2241.5,2251.0,1958.548096,3949475
2015-09-08,2270.5,2316.5,2270.0,2309.5,2009.447998,4037039
2015-09-09,2380.5,2420.0,2358.5,2377.5,2068.613037,5591736
2015-09-10,2360.0,2401.5,2316.0,2365.0,2057.737061,6042651
2015-09-11,2386.5,2446.5,2376.5,2383.0,2073.3984379999997,5931892
2015-09-14,2394.5,2450.0,2359.0,2397.5,2086.014648,6939486
2015-09-15,2380.0,2402.5,2319.5,2388.5,2078.184082,5233739
2015-09-16,2402.0,2415.5,2327.5,2395.5,2084.274414,6285144
2015-09-17,2407.5,2437.5,2338.5,2341.5,2037.290039,5361367
2015-09-18,2330.0,2361.5,2235.0,2299.5,2000.746826,8333632
2015-09-21,2285.0,2323.0,2269.820068,2274.5,1978.994873,3474582
2015-09-22,2268.0,2273.0,2154.0,2194.0,1908.953491,5871137
2015-09-23,2189.5,2263.0,2177.5,2222.0,1933.315674,4330725
2015-09-24,2212.5,2254.0,2177.0,2185.5,1901.557861,5235981
2015-09-25,2222.5,2256.0,2199.0,2217.0,1928.965332,4740094
2015-09-28,2220.5,2220.5,2100.5,2111.0,1836.736938,6851034
2015-09-29,2096.5,2168.5,2090.5,2149.5,1870.235107,6128245
2015-09-30,2230.0,2233.5,2180.5,2210.0,1922.874634,6175013
2015-10-01,2261.0,2283.0,2205.5,2220.0,1931.575562,5122616
2015-10-02,2219.0,2259.0,2195.0,2242.0,1950.7171629999998,4231823
2015-10-05,2300.0,2321.5,2287.0,2315.5,2014.668213,5084660
2015-10-06,2332.5,2334.5,2283.5,2314.0,2013.363037,4241788
2015-10-07,2400.0,2538.0,2387.560059,2487.0,2163.886475,13597264
2015-10-08,2459.5,2523.0,2433.5,2520.0,2192.599365,6116521
2015-10-09,2554.5,2621.0,2552.0,2599.5,2261.7705079999996,7690543
2015-10-12,2605.0,2613.5,2519.0,2537.0,2207.3908690000003,4849612
2015-10-13,2549.0,2550.0,2488.0,2522.5,2194.774658,3850515
2015-10-14,2495.0,2575.5,2478.0,2528.0,2199.559814,4923220
2015-10-15,2556.0,2591.5,2511.5,2513.0,2186.508545,4481138
2015-10-16,2530.0,2535.0,2480.0,2492.5,2168.6723629999997,3455367
2015-10-19,2475.0,2486.0,2433.5,2440.0,2122.99292,3445074
2015-10-20,2422.5,2437.0,2390.0,2428.0,2112.552246,3565845
2015-10-21,2426.0,2465.5,2380.5,2426.0,2110.811768,3367090
2015-10-22,2430.0,2481.5,2405.5,2468.5,2147.790283,3891801
2015-10-23,2491.0,2555.0,2441.5,2506.5,2180.853027,6109722
2015-10-26,2493.0,2531.0,2464.5,2487.5,2164.321533,3282187
2015-10-27,2470.0,2478.5,2419.0,2432.5,2116.467285,3755206
2015-10-28,2400.0,2428.5,2348.0,2415.0,2101.240967,6352790
2015-10-29,2375.0,2375.0,2322.5,2357.5,2051.2114260000003,5943336
2015-10-30,2351.5,2398.5,2340.300049,2358.5,2052.081787,4214109
2015-11-02,2334.0,2370.0,2303.5,2321.5,2019.8886719999998,4378077
2015-11-03,2326.0,2348.100098,2278.5,2347.5,2042.5107420000002,5771689
2015-11-04,2369.5,2434.0,2367.5,2370.5,2062.522705,5770941
2015-11-05,2350.0,2363.5,2284.5,2299.0,2000.31189,6179973
2015-11-06,2329.5,2352.0,2257.0,2282.0,1985.5205079999998,7262784
2015-11-09,2276.5,2346.0,2265.5,2291.0,1993.351196,6051153
2015-11-10,2308.0,2324.0,2257.5,2318.5,2017.2784420000003,6034063
2015-11-11,2320.0,2358.5,2286.5,2307.0,2007.272339,4236558
2015-11-12,2315.0,2348.5,2235.5,2238.0,1947.237061,6022998
2015-11-13,2240.0,2283.0,2224.0,2244.0,1952.457642,4765244
2015-11-16,2233.5,2302.0,2215.0,2221.0,1932.445679,5168875
2015-11-17,2245.0,2288.5,2204.5,2214.0,1926.355347,6176430
2015-11-18,2200.0,2272.5,2190.5,2260.5,1966.8135989999998,4913987
2015-11-19,2283.0,2328.5,2277.0,2290.0,1992.480957,6959279
2015-11-20,2296.0,2331.5,2276.5,2296.0,1997.701416,4659432
2015-11-23,2270.0,2325.0,2239.0,2280.0,1983.780029,5680967
2015-11-24,2265.5,2294.0,2230.0,2274.0,1978.559814,4419797
2015-11-25,2271.5,2291.5,2227.5,2249.5,1957.242798,4022421
2015-11-26,2246.0,2300.0,2237.5,2271.0,1975.949463,3305915
2015-11-27,2250.0,2250.0,2182.52002,2199.0,1913.3038329999997,4716586
2015-11-30,2190.0,2221.0,2151.0,2208.5,1921.56958,6328973
2015-12-01,2222.0,2242.0,2195.5,2214.5,1926.790161,4074033
2015-12-02,2220.0,2231.5,2174.0,2188.5,1904.168091,4406829
2015-12-03,2180.0,2180.0,2114.0,2114.0,1839.347168,7065005
2015-12-04,2100.0,2145.5,2063.5,2081.0,1810.6346440000002,6529057
2015-12-07,2080.5,2102.5,2056.0,2066.0,1797.5834960000002,4565512
2015-12-08,2020.0,2050.0,1893.0,1893.0,1647.05957,11090097
2015-12-09,1945.0,2001.2600100000002,1872.0,1966.5,1711.010498,10425515
2015-12-10,1975.0,2032.5,1945.5,1971.0,1714.926025,5711692
2015-12-11,1971.5,2005.5,1871.0,1885.5,1640.534058,6349231
2015-12-14,1892.0,1920.0,1843.0,1848.0,1607.9061279999999,5244019
2015-12-15,1870.0,1910.0,1860.0,1879.5,1635.313721,4885768
2015-12-16,1890.0,1937.5,1871.5,1899.5,1652.71521,5590658
2015-12-17,1920.0,1933.0,1859.0,1859.0,1617.477051,5102430
2015-12-18,1852.0,1891.5,1848.0,1862.5,1620.522095,10248310
2015-12-21,1853.0,1938.0,1853.0,1863.0,1620.957275,4865825
2015-12-22,1875.0,1902.5,1873.5,1898.5,1651.845215,2749556
2015-12-23,1940.5,2025.0,1940.5,2014.5,1752.7742920000003,5280053
2015-12-24,2018.0,2032.449951,1986.5,2006.5,1745.8135989999998,770844
2015-12-29,2006.5,2014.5,1952.0,1978.0,1721.016479,3612334
2015-12-30,1966.0,1989.0,1941.5,1959.0,1704.484985,2735289
2015-12-31,1959.0,1981.5,1959.0,1979.5,1722.321411,887165
2016-01-04,1979.5,1979.5,1892.5,1902.5,1655.325317,5641577
2016-01-05,1926.0,1970.5,1897.5,1939.5,1687.5184329999997,4257560
2016-01-06,1926.0,1927.0,1820.0,1846.5,1606.601074,6030597
2016-01-07,1780.0,1801.5,1740.0,1784.5,1552.65625,7370506
2016-01-08,1815.0,1831.0,1739.0,1739.0,1513.067505,5984515
2016-01-11,1723.5,1758.0,1693.0,1697.0,1476.524292,6158561
2016-01-12,1682.5,1730.5,1637.5,1652.0,1437.370605,6504489
2016-01-13,1671.5,1738.5,1665.680054,1683.5,1464.778076,6226491
2016-01-14,1672.0,1755.5,1652.5,1735.0,1509.58728,6571019
2016-01-15,1714.0,1724.0,1636.0,1643.5,1429.974976,7765539
2016-01-18,1629.5,1670.0,1611.5,1632.5,1420.404053,5100741
2016-01-19,1677.0,1726.0,1647.5,1657.0,1441.721069,5743394
2016-01-20,1610.5,1617.0,1557.0,1577.5,1372.549683,6175607
2016-01-21,1593.5,1680.5,1576.5,1672.0,1454.772339,6804801
2016-01-22,1711.5,1742.0,1637.5,1653.5,1438.6757810000001,8044698
2016-01-25,1667.0,1669.5,1594.5,1609.0,1399.957275,5908710
2016-01-26,1584.0,1693.5,1570.5,1688.5,1469.128418,5970001
2016-01-27,1670.5,1717.0,1646.5,1717.0,1493.9257810000001,6066383
2016-01-28,1704.5,1765.0,1684.5,1700.0,1479.1345210000002,6969482
2016-01-29,1731.0,1742.5,1651.5,1714.0,1491.315552,5844873
2016-02-01,1720.0,1724.5,1646.5,1696.0,1475.654053,3967486
2016-02-02,1668.5,1677.0,1589.0,1617.5,1407.352905,6409968
2016-02-03,1616.5,1706.030029,1607.0,1685.0,1466.083252,6060807
2016-02-04,1780.0,1891.5,1747.5,1858.0,1616.607056,9236049
2016-02-05,1851.0,1886.0,1766.0,1818.0,1581.803711,8904052
2016-02-08,1850.0,1893.0,1793.0,1840.5,1601.380493,7536073
2016-02-09,1822.5,1830.5,1705.0,1751.0,1523.508423,5838871
2016-02-10,1771.0,1788.5,1732.5,1765.0,1535.689575,5005338
2016-02-11,1715.0,1732.5,1604.5,1705.0,1483.4848630000001,7873208
2016-02-12,1705.5,1851.0,1701.5,1847.5,1607.470947,10174792
2016-02-15,1872.0,1898.0,1800.5,1851.0,1610.516357,5597163
2016-02-16,1888.5,1926.5,1813.5,1852.0,1611.386475,5148167
2016-02-17,1869.5,1953.5,1853.5,1951.0,1697.52417,6198252
2016-02-18,1940.0,1943.0,1868.5,1888.5,1643.1442869999998,7634467
2016-02-19,1868.5,1911.5,1848.5,1891.5,1645.754639,5496305
2016-02-22,1965.0,2065.5,1936.0,2051.0,1784.532227,6878322
2016-02-23,2029.5,2045.5,1979.0,1988.0,1729.7171629999998,6703630
2016-02-24,1972.5,1976.97998,1869.0,1874.0,1630.528198,8069495
2016-02-25,1850.0,1866.0,1795.0,1806.5,1636.607178,5252100
2016-02-26,1836.0,1919.589966,1835.5,1860.5,1685.528687,5380579
2016-02-29,1834.5,1914.0,1816.0,1904.0,1724.937744,5827840
2016-03-01,1891.5,1988.5,1884.0,1940.0,1757.5521239999998,5191439
2016-03-02,1960.0,2015.160034,1953.5,2007.5,1818.704102,7097469
2016-03-03,2032.5,2107.5,1985.5,2012.0,1822.780884,8415202
2016-03-04,2050.0,2134.5,2037.5,2130.0,1929.68335,7318754
2016-03-07,2156.0,2262.0,2085.0,2237.0,2026.620605,12486218
2016-03-08,2158.0,2158.0,2015.0,2026.0,1835.464233,9736352
2016-03-09,2016.0,2048.0,1979.5,2030.5,1839.5410160000001,6555324
2016-03-10,2035.5,2072.5,1955.5,1957.0,1772.953369,6382424
2016-03-11,2000.0,2027.0,1959.5,2000.0,1811.909302,5304073
2016-03-14,2018.0,2081.0,1966.0,2001.5,1813.268311,4840871
2016-03-15,1933.0,1941.5,1898.5,1921.5,1740.7919920000002,4999395
2016-03-16,1927.5,1959.0,1911.0,1929.5,1748.039551,4343370
2016-03-17,1998.0,2048.0,1992.0,2034.0,1842.7117920000003,9608334
2016-03-18,2040.5,2067.0,2004.119995,2015.0,1825.4985350000002,8287124
2016-03-21,1999.0,2036.0,1980.0,2014.0,1824.592773,3675082
2016-03-22,2006.5,2010.5,1952.0,1993.0,1805.567627,4691092
2016-03-23,1999.0,2009.0,1946.0,1969.0,1783.824707,4196129
2016-03-24,1927.0,1945.0,1877.0,1937.5,1755.2872309999998,4360227
2016-03-29,1937.5,1951.0,1845.0,1863.0,1687.793579,5656475
2016-03-30,1900.0,2001.5,1900.0,1973.0,1787.448608,7146056
2016-03-31,1952.0,1984.0,1915.0,1955.5,1771.59436,4912900
2016-04-01,1943.0,1988.0,1909.0,1943.0,1760.269897,4373820
2016-04-04,1950.5,2008.5,1939.219971,1975.5,1789.7135010000002,4613147
2016-04-05,1934.0,1939.219971,1891.0,1927.5,1746.227661,6110385
2016-04-06,1940.0,1967.0,1892.0,1934.5,1752.5694579999997,3913963
2016-04-07,1956.0,1976.5,1910.0,1917.5,1737.168213,5826347
2016-04-08,1936.5,1993.0,1933.5,1987.5,1800.584839,3991838
2016-04-11,2000.0,2044.5,1984.0,2030.5,1839.5410160000001,3848754
2016-04-12,2050.0,2108.5,2050.0,2086.5,1890.274414,4824543
2016-04-13,2157.5,2245.0,2147.540039,2245.0,2033.868164,8085487
2016-04-14,2241.5,2286.5,2203.0,2242.5,2031.6032710000002,5914298
2016-04-15,2236.0,2260.149902,2192.0,2230.5,2020.731934,5759136
2016-04-18,2187.0,2273.0,2168.0,2268.5,2055.158203,5143098
2016-04-19,2320.0,2345.0,2258.5,2333.0,2113.592285,5963066
2016-04-20,2360.0,2431.0,2338.5,2423.5,2195.581299,7863099
2016-04-21,2450.5,2487.5,2363.5,2404.5,2178.36792,7945713
2016-04-22,2333.0,2357.5,2311.800049,2334.5,2114.951416,6316461
2016-04-25,2315.0,2315.0,2225.0,2237.5,2027.073853,6090233
2016-04-26,2201.0,2236.5,2175.0,2220.5,2011.672363,6366736
2016-04-27,2178.0,2244.5,2163.5,2234.0,2023.90271,5457150
2016-04-28,2227.5,2332.5,2223.0,2329.5,2110.4213870000003,6547972
2016-04-29,2300.0,2355.0,2282.0,2300.5,2084.1489260000003,5162129
2016-05-03,2300.5,2300.5,2136.0,2154.5,1951.879395,8298498
2016-05-04,2115.0,2144.5,2092.5,2102.0,1904.31665,7939688
2016-05-05,2113.0,2142.5,2079.5,2114.5,1915.641113,3320711
2016-05-06,2099.0,2142.0,2051.0,2133.5,1932.85437,5058150
2016-05-09,2058.639893,2065.0,1954.5,1964.5,1779.747925,7932436
2016-05-10,1975.5,2018.0,1938.5,2001.0,1812.8153079999997,5751107
2016-05-11,2006.5,2050.5,1999.5,2031.5,1840.4470210000002,4365424
2016-05-12,2025.0,2034.0,1953.5,1972.0,1786.542603,6630750
2016-05-13,1948.5,1999.0,1929.0,1992.0,1804.6618649999998,5036773
2016-05-16,1980.0,2048.5,1980.0,2012.0,1822.780884,3078029
2016-05-17,2031.5,2071.0,1989.0,2034.0,1842.7117920000003,4647808
2016-05-18,2008.0,2010.0,1949.5,1993.5,1806.020752,4394522
2016-05-19,1930.0,1942.0,1885.5,1939.5,1757.0991210000002,6848765
2016-05-20,1966.5,1999.0,1952.0,1952.5,1768.8765870000002,3551070
2016-05-23,1940.0,1950.0,1910.5,1944.0,1761.175903,3734580
2016-05-24,1935.0,1987.0,1926.0,1963.0,1778.3890379999998,3861924
2016-05-25,1992.0,2005.0,1950.5,1982.5,1796.055176,3449741
2016-05-26,2010.5,2035.0,1958.5,1969.0,1783.824707,3887054
2016-05-27,1982.0,2018.0,1943.5,1964.0,1779.2950440000002,4274540
2016-05-31,1964.0,2010.910034,1932.5,1942.5,1759.817017,5600827
2016-06-01,1928.5,1930.0,1858.5,1868.0,1692.323364,8301077
2016-06-02,1875.0,1890.0,1853.0,1865.5,1690.058472,6766708
2016-06-03,1883.5,1912.0,1876.5,1895.0,1716.78418,5004947
2016-06-06,1970.5,2032.0,1964.0,2015.5,1825.9516600000002,6702120
2016-06-07,2032.5,2077.0,2001.0,2014.0,1824.592773,4955148
2016-06-08,2009.0,2064.5,2008.810059,2040.0,1848.1475829999997,3845702
2016-06-09,2040.0,2060.0,1961.0,1967.5,1782.46582,3957104
2016-06-10,1960.0,1973.5,1922.339966,1942.0,1759.364014,4042938
2016-06-13,1922.5,1964.5,1922.5,1951.5,1767.9707030000002,3702654
2016-06-14,1933.5,1957.5,1891.0,1895.5,1717.237061,4892562
2016-06-15,1911.5,1993.0,1911.5,1969.5,1784.277832,5348145
2016-06-16,1938.5,1962.0,1926.0,1955.0,1771.141357,4721494
2016-06-17,1960.0,2018.0,1958.0,2005.5,1816.8920899999998,6589272
2016-06-20,2054.0,2055.0,2013.5,2040.5,1848.600586,3721460
2016-06-21,2003.5,2043.5,1990.0,2031.5,1840.4470210000002,3474847
2016-06-22,2058.0,2086.0,2021.5,2067.5,1873.061279,4719692
2016-06-23,2071.0,2127.0,2051.5,2090.0,1893.445435,3739073
2016-06-24,1932.0,2119.0,1932.0,2077.5,1882.120972,8439581
2016-06-27,2105.0,2125.919922,2061.0,2085.5,1889.36853,6534233
2016-06-28,2134.0,2166.5,2025.0,2132.5,1931.948364,5027502
2016-06-29,2166.0,2216.5,2150.0,2216.5,2008.0487059999998,4619458
2016-06-30,2214.5,2296.0,2179.0,2294.0,2078.26001,6188505
2016-07-01,2313.0,2351.5,2286.0,2345.0,2124.463623,4121197
2016-07-04,2392.0,2407.0,2354.0,2356.0,2134.4291989999997,3177080
2016-07-05,2351.5,2368.0,2292.0,2326.5,2107.703857,4042978
2016-07-06,2318.5,2396.0,2270.5,2330.0,2110.874268,5005679
2016-07-07,2361.5,2394.449951,2334.0,2340.0,2119.934082,3939980
2016-07-08,2377.5,2405.0,2341.0,2368.0,2145.300781,4303794
2016-07-11,2416.0,2462.0,2411.5,2445.0,2215.059082,4272400
2016-07-12,2445.0,2497.5,2432.5,2486.5,2252.6564940000003,5026167
2016-07-13,2485.0,2543.0,2460.5,2460.5,2229.1015629999997,5658208
2016-07-14,2489.5,2543.0,2480.5,2490.5,2256.280273,3933309
2016-07-15,2490.0,2496.5,2445.0,2469.5,2237.2548829999996,4068755
2016-07-18,2425.0,2469.0,2410.72998,2462.5,2230.91333,5227867
2016-07-19,2440.0,2440.0,2355.0,2377.0,2153.454102,5517498
2016-07-20,2346.0,2355.0,2298.0,2339.0,2119.028076,4869655
2016-07-21,2355.0,2405.5,2352.0,2377.0,2153.454102,4436738
2016-07-22,2369.5,2383.5,2324.5,2363.0,2140.770752,2911795
2016-07-25,2372.5,2394.5,2331.5,2350.5,2129.446533,2277493
2016-07-26,2371.5,2426.0,2370.0,2423.0,2195.128174,3158631
2016-07-27,2445.0,2493.0,2438.0,2456.5,2225.477783,3648456
2016-07-28,2475.5,2507.5,2415.97998,2460.5,2229.1015629999997,4348955
2016-07-29,2450.0,2466.5,2417.5,2461.5,2230.0073239999997,4561375
2016-08-01,2484.0,2519.5,2475.0,2486.0,2252.2033690000003,5838199
2016-08-02,2440.0,2496.5,2421.0,2441.5,2211.888428,3807267
2016-08-03,2452.0,2462.0,2403.5,2423.0,2195.128174,4505420
2016-08-04,2399.0,2441.5,2374.0,2420.5,2192.863037,5902941
2016-08-05,2472.5,2517.0,2456.5,2484.5,2250.844482,5821035
2016-08-08,2511.0,2562.5,2457.0,2525.5,2287.988525,4298838
2016-08-09,2528.5,2542.0,2507.72998,2525.0,2287.535645,3930621
2016-08-10,2520.0,2536.399902,2492.5,2501.0,2265.79248,3290958
2016-08-11,2484.5,2516.0,2445.0,2489.0,2285.8129879999997,4462871
2016-08-12,2494.0,2509.5,2401.5,2409.0,2212.34375,5951740
2016-08-15,2402.0,2442.5,2397.0,2435.5,2236.680664,2677796
2016-08-16,2442.0,2522.0,2442.0,2486.5,2283.516846,5363603
2016-08-17,2484.0,2497.0,2411.669922,2436.5,2237.5986329999996,2832498
2016-08-18,2466.0,2492.0,2459.0,2465.0,2263.772461,3389286
2016-08-19,2470.0,2473.0,2420.0,2446.0,2246.3232420000004,2447879
2016-08-22,2435.0,2435.0,2365.5,2386.5,2191.68042,3631580
2016-08-23,2400.0,2454.5,2386.790039,2450.0,2249.996582,3043229
2016-08-24,2434.0,2437.0,2380.0,2390.0,2194.894775,3424695
2016-08-25,2375.0,2398.5,2336.0,2389.0,2193.9765629999997,3481613
2016-08-26,2404.5,2471.5,2401.5,2467.5,2266.068115,4769190
2016-08-30,2467.5,2467.5,2345.0,2350.5,2158.619385,5072765
2016-08-31,2314.0,2331.0,2281.5,2301.0,2113.160156,6198012
2016-09-01,2315.0,2339.0,2274.0,2299.0,2111.323486,5461920
2016-09-02,2318.5,2347.0,2287.0,2327.0,2137.037598,4922651
2016-09-05,2340.0,2370.5,2318.5,2327.0,2137.037598,2115321
2016-09-06,2332.5,2356.0,2313.0,2323.0,2133.3642579999996,2512322
2016-09-07,2330.0,2336.5,2296.0,2334.0,2143.466309,3167976
2016-09-08,2337.0,2387.0,2326.0,2369.5,2176.068115,4896235
2016-09-09,2365.5,2398.0,2337.0,2350.0,2158.160156,3672520
2016-09-12,2292.5,2305.0,2256.0,2294.5,2107.190674,4989657
2016-09-13,2291.0,2318.0,2253.5,2257.0,2072.751953,3839004
2016-09-14,2273.0,2320.0,2263.0,2277.0,2091.119385,3680128
2016-09-15,2270.0,2301.0,2258.0,2297.0,2109.486816,5818651
2016-09-16,2280.5,2302.5,2260.5,2279.5,2093.415527,4978021
2016-09-19,2305.5,2365.5,2305.5,2359.0,2166.425537,3868271
2016-09-20,2366.0,2398.0,2353.5,2360.0,2167.3439940000003,3510235
2016-09-21,2390.5,2424.100098,2368.3798829999996,2411.0,2214.18042,4078933
2016-09-22,2524.5,2524.5,2434.810059,2490.0,2286.731445,6514633
2016-09-23,2450.0,2521.0,2449.5,2519.0,2313.364014,3612040
2016-09-26,2510.0,2525.0,2473.0,2483.5,2280.761963,3994703
2016-09-27,2500.5,2515.0,2434.5,2460.0,2259.180664,3746966
2016-09-28,2490.0,2545.5,2482.0,2525.5,2319.333252,6080103
2016-09-29,2596.5,2635.0,2575.5,2634.0,2418.9760739999997,7723578
2016-09-30,2584.0,2614.6298829999996,2560.0,2574.5,2364.333252,5190327
2016-10-03,2561.0,2618.0,2561.0,2606.5,2393.720947,3552444
2016-10-04,2622.0,2685.5,2592.070068,2619.0,2405.200684,7748197
2016-10-05,2612.5,2642.5,2590.5,2640.5,2424.945557,3809053
2016-10-06,2647.0,2647.0,2605.5,2619.5,2405.659912,3107109
2016-10-07,2645.0,2717.0,2613.679932,2676.5,2458.006592,5202725
2016-10-10,2692.5,2736.0,2677.0,2732.5,2509.435303,3600242
2016-10-11,2744.0,2800.0,2673.5,2679.5,2460.761475,5780654
2016-10-12,2704.5,2719.0,2656.5,2707.5,2486.4760739999997,5066261
2016-10-13,2600.0,2623.0,2550.050049,2576.0,2365.7109379999997,6877500
2016-10-14,2652.5,2664.639893,2593.100098,2596.0,2384.078125,4535171
2016-10-17,2607.5,2623.0,2581.5,2588.5,2377.19043,4345121
2016-10-18,2616.5,2654.5,2609.0,2615.5,2401.986572,4702345
2016-10-19,2620.0,2637.0,2592.0,2623.5,2409.333252,3229976
2016-10-20,2635.0,2662.5,2588.5,2618.5,2404.741455,2633167
2016-10-21,2625.0,2677.5,2616.0,2668.5,2450.659668,3810758
2016-10-24,2695.0,2734.5,2671.0,2675.5,2457.088135,3719194
2016-10-25,2721.0,2818.5,2721.0,2796.0,2567.751465,5943802
2016-10-26,2768.0,2791.0,2756.0,2791.0,2563.159424,4326674
2016-10-27,2763.0,2806.0,2752.0,2796.5,2568.2104489999997,4762859
2016-10-28,2801.0,2832.0,2771.5,2831.5,2600.353516,4546186
2016-10-31,2822.0,2856.5,2818.830078,2839.5,2607.700195,3607245
2016-11-01,2863.0,2890.0,2833.5,2844.0,2611.8330079999996,3791122
2016-11-02,2816.5,2845.5,2797.0,2830.0,2598.97583,3839158
2016-11-03,2792.5,2815.570068,2764.5,2788.5,2560.863525,4145951
2016-11-04,2765.0,2792.060059,2709.5,2727.5,2504.8435059999997,7556931
2016-11-07,2798.0,2836.5,2797.0,2825.0,2594.384033,4612966
2016-11-08,2836.0,2878.5,2818.820068,2872.0,2637.5471190000003,4001350
2016-11-09,2798.0,3069.419922,2775.0,3068.5,2818.006104,10690725
2016-11-10,3155.0,3217.0,3121.5,3147.5,2890.557129,13612936
2016-11-11,3151.0,3172.5,3028.0,3069.0,2818.465088,6513063
2016-11-14,3112.0,3180.0,3071.0,3145.5,2888.720215,5309661
2016-11-15,3095.0,3098.8798829999996,2982.5,3004.0,2758.771484,6598640
2016-11-16,3024.0,3047.0,2963.22998,2963.5,2721.5776370000003,5172282
2016-11-17,2990.0,3022.0,2968.0,3021.0,2774.383789,4757884
2016-11-18,2976.0,2981.0,2919.0,2934.0,2694.48584,3953002
2016-11-21,2982.5,3000.5,2939.5,2969.5,2727.087891,3475003
2016-11-22,3085.0,3085.0,3038.0,3073.0,2822.138672,4759957
2016-11-23,3125.0,3138.5,3021.5,3099.5,2846.475586,4335467
2016-11-24,3100.0,3118.0,3065.5,3103.0,2849.689697,4945880
2016-11-25,3190.0,3190.0,3096.5,3113.0,2858.873291,3737322
2016-11-28,3149.0,3158.580078,3095.5,3140.0,2883.669189,4444719
2016-11-29,3100.0,3100.0,3029.0,3067.0,2816.628662,3669423
2016-11-30,2998.0,3079.949951,2952.0,2990.0,2745.914307,7149794
2016-12-01,3024.5,3050.5,2946.5,3028.0,2780.8122559999997,4929012
2016-12-02,3000.0,3023.5,2934.5,3005.5,2760.14917,3062942
2016-12-05,3033.5,3085.5,2954.73999,3054.0,2804.689941,4196125
2016-12-06,3044.5,3044.5,2982.5,3021.5,2774.843018,3805055
2016-12-07,3113.0,3240.75,3113.0,3221.5,2958.5161129999997,7898475
2016-12-08,3250.0,3340.5,3202.5,3294.0,3025.097656,6412281
2016-12-09,3315.0,3315.0,3221.860107,3223.5,2960.352783,3941746
2016-12-12,3240.0,3276.0,3220.0,3245.0,2980.097656,4485164
2016-12-13,3190.0,3232.0,3134.5,3171.0,2912.138672,4518226
2016-12-14,3173.0,3217.5,3137.0,3167.5,2908.924561,3455627
2016-12-15,3138.0,3142.5,3039.0,3088.5,2836.373535,6226282
2016-12-16,3094.0,3130.5,3062.0,3091.5,2839.128662,6061907
2016-12-19,3068.0,3088.23999,3025.0,3050.0,2801.016357,3522668
2016-12-20,3054.0,3098.5,3019.5,3093.5,2840.965332,3566791
2016-12-21,3112.0,3115.5,3042.0,3111.5,2857.49585,2603515
2016-12-22,3094.5,3095.5,3057.0,3081.0,2829.485596,2054427
2016-12-23,3050.0,3085.5,3042.0,3064.0,2813.873535,695603
2016-12-28,3064.0,3190.0,3064.0,3166.5,2908.006104,2934492
2016-12-29,3127.5,3190.0,3127.5,3150.0,2892.852783,1824197
2016-12-30,3137.0,3159.0,3119.0,3158.5,2900.658936,1225428
2017-01-03,3158.5,3193.5,3128.5,3136.5,2880.455078,4051346
2017-01-04,3150.5,3153.0,3050.0,3110.0,2856.118408,3155591
2017-01-05,3150.0,3150.0,3067.0,3110.5,2856.577393,4955625
2017-01-06,3100.0,3118.0,3070.5,3095.0,2842.342773,2890501
2017-01-09,3131.0,3140.5,3094.0,3133.0,2877.240723,3462506
2017-01-10,3175.0,3310.360107,3173.0,3293.5,3024.638428,5490629
2017-01-11,3296.0,3375.5,3181.139893,3346.0,3072.852539,4485392
2017-01-12,3367.5,3468.5,3366.0,3404.5,3126.576904,6957116
2017-01-13,3393.0,3452.98999,3361.0,3417.5,3138.515625,4016831
2017-01-16,3460.0,3498.0,3424.5,3488.0,3203.260498,2919448
2017-01-17,3462.5,3474.5,3405.4399409999996,3410.5,3132.087158,4070173
2017-01-18,3400.0,3499.0,3400.0,3499.0,3213.362793,4804247
2017-01-19,3464.0,3514.040039,3437.0500490000004,3458.5,3176.168945,4327252
2017-01-20,3416.5,3471.9799799999996,3385.0,3450.0,3168.362549,4659657
2017-01-23,3407.0,3478.5,3391.320068,3474.5,3190.862793,3323570
2017-01-24,3550.0,3643.0,3399.3000490000004,3615.0,3319.893311,7473941
2017-01-25,3661.0,3685.0,3540.600098,3575.0,3283.158691,4951342
2017-01-26,3620.0,3650.8400880000004,3523.5,3533.5,3245.0463870000003,5138854
2017-01-27,3525.0,3591.5,3525.0,3567.5,3276.2705079999996,3838021
2017-01-30,3566.5,3566.5,3491.0,3501.0,3215.199463,3247530
2017-01-31,3506.0,3567.0,3491.0,3491.0,3206.015625,3912946
2017-02-01,3520.0,3556.5,3507.0,3519.5,3232.189209,2684447
2017-02-02,3515.0,3545.0,3493.179932,3515.0,3228.056641,4165322
2017-02-03,3435.5,3444.0,3378.0,3390.5,3113.720215,5090574
2017-02-06,3413.5,3435.0,3359.5,3385.0,3108.669189,4234144
2017-02-07,3417.0,3467.0,3364.540039,3435.0,3154.587402,4563140
2017-02-08,3550.0,3565.530029,3347.0,3377.5,3101.78125,6488166
2017-02-09,3425.0,3430.9799799999996,3311.5,3382.0,3105.913818,5856244
2017-02-10,3460.0,3578.5,3451.5,3572.5,3280.862549,8194058
2017-02-13,3638.0,3718.5,3336.8798829999996,3679.5,3379.1279299999997,6930719
2017-02-14,3645.0,3679.0,3614.0,3640.0,3342.8520510000003,4116791
2017-02-15,3644.0,3683.0,3617.5,3654.5,3356.1687009999996,3181373
2017-02-16,3661.5,3661.5,3615.5,3647.0,3349.2807620000003,3690970
2017-02-17,3612.5,3632.0,3579.0,3599.5,3305.658447,4038097
2017-02-20,3647.5,3656.5,3588.5,3646.0,3348.362793,2572386
2017-02-21,3656.0,3717.3798829999996,3638.5,3645.5,3347.903564,5076481
2017-02-22,3638.5,3653.5,3556.5,3608.0,3313.464844,4168043
2017-02-23,3480.0,3515.5,3409.5,3418.0,3228.970703,4280654
2017-02-24,3371.5,3398.5,3253.5,3315.5,3132.139648,6250591
2017-02-27,3335.0,3367.0,3307.0,3340.5,3155.75708,3193377
2017-02-28,3300.5,3318.0,3275.0,3297.0,3114.662598,3970400
2017-03-01,3325.0,3411.110107,3314.0,3406.0,3217.634521,5341004
2017-03-02,3470.0,3479.5,3348.0,3354.5,3168.982666,5749921
2017-03-03,3299.0,3360.5,3282.0,3340.0,3155.284668,5682479
2017-03-06,3314.0,3317.0,3260.5,3270.5,3089.628174,3609653
2017-03-07,3296.0,3346.0,3281.0,3289.5,3107.577393,4505851
2017-03-08,3285.0,3353.0,3251.5,3261.0,3080.653564,4576093
2017-03-09,3215.0,3230.5,3168.0,3202.5,3025.388916,6106523
2017-03-10,3200.0,3250.5,3173.5,3178.5,3002.716309,4806470
2017-03-13,3270.0,3311.0,3255.0,3304.5,3121.748047,4291827
2017-03-14,3276.0,3320.0,3246.5,3315.0,3131.667236,5772999
2017-03-15,3368.5,3404.0,3343.5,3346.5,3161.425049,5330532
2017-03-16,3479.5,3542.0,3440.5,3454.5,3263.452148,6478667
2017-03-17,3400.0,3488.0,3392.0,3453.5,3262.507568,10320111
2017-03-20,3440.0,3470.350098,3427.0,3470.0,3278.095215,2524156
2017-03-21,3435.0,3446.5,3305.0,3327.0,3143.003662,4719618
2017-03-22,3261.0,3322.5,3222.0,3309.5,3126.471436,4702082
2017-03-23,3305.0,3336.0,3235.649902,3266.5,3085.849365,4105201
2017-03-24,3275.0,3305.0,3246.5,3257.5,3077.347168,2541330
2017-03-27,3195.0,3229.0,3112.5,3132.0,2958.787842,6009661
2017-03-28,3175.0,3235.5,3146.0,3220.0,3041.920898,4644839
2017-03-29,3250.0,3270.5,3208.0,3258.5,3078.2919920000004,3913873
2017-03-30,3255.0,3290.5,3238.0,3290.0,3108.049805,3285185
2017-03-31,3240.0,3244.5,3189.5,3209.5,3032.001953,4031058
2017-04-03,3233.0,3256.5,3183.5,3186.5,3010.2739260000003,3382643
2017-04-04,3199.0,3273.0,3192.0,3264.5,3083.959961,4008450
2017-04-05,3320.0,3336.5,3263.0,3268.0,3087.266602,3915754
2017-04-06,3244.0,3292.0,3217.5,3257.5,3077.347168,6003567
2017-04-07,3220.0,3255.0,3173.5,3255.0,3074.985352,4275764
2017-04-10,3300.0,3313.5,3251.5,3262.0,3081.598389,3241024
2017-04-11,3276.0,3343.5,3245.0,3275.5,3094.3515629999997,6391917
2017-04-12,3261.5,3288.0,3137.0,3145.0,2971.068848,6079600
2017-04-13,3150.0,3150.0,3081.939941,3121.0,2948.39624,4244872
2017-04-18,3121.0,3121.0,3002.399902,3003.0,2836.9221190000003,5802000
2017-04-19,3037.5,3061.0,3014.5,3030.5,2862.901123,4602197
2017-04-20,3030.0,3085.0,3020.5,3068.0,2898.327393,5050427
2017-04-21,3176.5,3185.050049,3053.0,3058.5,2889.352783,6146677
2017-04-24,3140.0,3162.0,3095.5,3112.5,2940.366211,3724012
2017-04-25,3080.0,3133.0,3070.5,3099.5,2928.085205,3876397
2017-04-26,3110.0,3126.0,3060.5,3112.0,2939.893799,4276298
2017-04-27,3087.0,3089.5,3010.0,3030.0,2862.428711,4384275
2017-04-28,3061.0,3094.5,3059.5,3062.0,2892.65918,3636187
2017-05-02,3084.0,3099.060059,3019.0,3046.0,2877.543945,4394389
2017-05-03,3030.0,3033.0,2949.719971,2962.5,2798.661865,5554721
2017-05-04,2945.0,2962.5,2886.0,2910.0,2749.065186,6283729
2017-05-05,2899.0,2989.0,2882.5,2979.0,2814.249268,4893571
2017-05-08,2965.0,2965.0,2901.5,2935.0,2772.6826170000004,3811175
2017-05-09,2948.5,2995.0,2931.5,2968.5,2804.330078,4195668
2017-05-10,2985.0,2997.5,2960.0,2978.0,2813.3046879999997,3700996
2017-05-11,2991.0,3046.5,2978.5,2990.0,2824.6411129999997,7560413
2017-05-12,3005.5,3011.0,2955.0,2970.0,2805.74707,3879044
2017-05-15,3000.0,3033.0,2966.02002,3019.5,2852.509521,4104562
2017-05-16,3020.0,3110.5,2993.5,3100.5,2929.029785,5959999
2017-05-17,3125.5,3157.5,3073.0,3095.5,2924.306396,5788006
2017-05-18,3102.0,3105.0,3031.5,3101.5,2929.974609,5865826
2017-05-19,3150.0,3178.0,3075.050049,3167.5,2992.324463,4467186
2017-05-22,3190.0,3228.5,3185.5,3211.0,3033.418945,5425178
2017-05-23,3184.0,3232.5,3163.949951,3192.5,3015.941895,4184678
2017-05-24,3088.5,3218.699951,3042.0,3175.5,2999.88208,5138147
2017-05-25,3196.5,3212.0,3126.5,3165.5,2990.435059,3075994
2017-05-26,3170.0,3212.5,3158.5,3190.0,3013.580322,3490441
2017-05-30,3190.0,3195.0,3158.5,3183.0,3006.967285,2804654
2017-05-31,3159.5,3183.5,3101.26001,3102.5,2930.919434,5257696
2017-06-01,3091.0,3146.0,3080.5,3143.0,2969.179443,4141990
2017-06-02,3159.0,3161.0,3107.5,3156.0,2981.4604489999997,3930930
2017-06-05,3151.5,3152.5,3105.0,3113.0,2940.838379,2206589
2017-06-06,3112.5,3148.5,3084.199951,3148.5,2974.3752440000003,3016309
2017-06-07,3148.0,3202.0,3111.159912,3166.5,2991.3798829999996,3771238
2017-06-08,3167.0,3228.5,3159.0,3224.0,3045.699951,3849919
2017-06-09,3267.0,3297.5,3103.669922,3264.5,3083.959961,5003937
2017-06-12,3247.5,3288.179932,3222.0,3246.0,3066.483154,4145889
2017-06-13,3240.0,3247.5,3206.5,3217.5,3039.559326,6439995
2017-06-14,3214.5,3235.5,3142.5,3142.5,2968.707275,4595215
2017-06-15,3122.0,3125.0,3043.5,3073.0,2903.050781,5302315
2017-06-16,3084.5,3124.5,3044.0,3044.0,2875.654785,7929236
2017-06-19,3084.5,3108.0,3071.5,3088.0,2917.221191,193756
2017-06-20,3091.0,3113.0,2994.0,3000.0,2834.087891,1053382
2017-06-21,3001.0,3058.100098,2985.5,3020.0,2852.981934,173045
2017-06-22,3013.5,3042.709961,2970.0,3038.5,2870.45874,1606714
2017-06-23,3049.5,3072.5,3029.5,3052.5,2883.684326,1473047
2017-06-26,3066.0,3094.5,3043.5,3084.399902,2913.820068,956023
2017-06-27,3100.5,3185.639893,3100.5,3149.189941,2975.0271,584465
2017-06-28,3162.5,3206.5,3124.5,3155.5,2980.988281,1528325
2017-06-29,3239.5,3269.5,3212.5,3232.5,3053.72998,626278
2017-06-30,3237.5,3301.5,3223.0,3242.0,3062.704346,539929
2017-07-03,3230.0,3380.0,3230.0,3374.5,3187.876709,6071882
2017-07-04,3310.0,3395.5,3304.5,3378.5,3191.655518,4278240
2017-07-05,3390.0,3444.0,3344.5,3370.5,3184.097656,6527955
2017-07-06,3338.0,3385.0,3291.570068,3347.5,3162.369629,4400831
2017-07-07,3347.0,3381.0,3331.5,3362.0,3176.067871,2857155
2017-07-10,3368.5,3403.5,3300.0,3398.5,3210.549316,4814579
2017-07-11,3408.0,3450.0,3347.169922,3425.5,3236.056152,4323510
2017-07-12,3450.0,3466.5,3412.5,3453.0,3262.035156,5672333
2017-07-13,3449.0,3489.580078,3407.5,3420.0,3230.860107,4333828
2017-07-14,3446.0,3475.9499509999996,3421.0,3448.0,3257.311768,3646430
2017-07-17,3464.5,3506.5,3457.0,3472.5,3280.456787,3970257
2017-07-18,3449.0,3451.4499509999996,3391.5,3448.0,3257.311768,4711207
2017-07-19,3450.5,3474.0,3418.5,3446.5,3255.894775,3759765
2017-07-20,3445.0,3450.0,3370.0,3385.5,3198.268066,5934403
2017-07-21,3384.0,3407.5,3348.5,3353.0,3167.565674,4140231
2017-07-24,3350.0,3367.0,3301.5,3324.0,3140.169434,5322193
2017-07-25,3355.0,3481.0,3354.0,3475.0,3282.818604,5458898
2017-07-26,3493.5,3507.5,3449.0,3460.0,3268.648193,4850240
2017-07-27,3469.0,3515.5,3454.0,3496.0,3302.657227,4202628
2017-07-28,3454.0,3519.830078,3431.5,3504.0,3310.2146,4111371
2017-07-31,3561.0,3589.0,3514.5,3520.0,3325.329834,5115540
2017-08-01,3540.5,3543.5,3478.5,3502.0,3308.325195,3645880
2017-08-02,3425.0,3449.5,3381.919922,3403.0,3214.800537,4947462
2017-08-03,3413.0,3489.5,3368.0,3486.5,3293.6826170000004,5111061
2017-08-04,3483.0,3577.0,3407.3000490000004,3546.0,3349.891846,4924592
2017-08-07,3571.0,3644.5,3426.5200200000004,3637.0,3435.859375,5215647
2017-08-08,3575.0,3630.5,3575.0,3625.0,3424.522949,4828996
2017-08-09,3601.5,3628.5,3521.8701170000004,3599.0,3399.960938,4712248
2017-08-10,3505.5,3544.0,3459.0,3479.5,3364.790039,3457690
2017-08-11,3330.0,3395.0,3255.5,3370.0,3258.899902,6220172
2017-08-14,3375.0,3477.959961,3370.0,3413.0,3300.482422,4317999
2017-08-15,3382.5,3397.0,3354.0,3375.5,3264.2185059999997,3365230
2017-08-16,3407.0,3477.5,3407.0,3456.0,3342.064697,3387626
2017-08-17,3463.0,3478.5,3416.0,3429.5,3316.438232,2813723
2017-08-18,3435.0,3476.0,3377.5,3429.5,3316.438232,4413156
2017-08-21,3448.0,3486.0,3434.5,3455.5,3341.581299,3376317
2017-08-22,3500.0,3560.5,3434.76001,3539.5,3422.812012,4662503
2017-08-23,3533.0,3624.0,3494.5,3615.0,3495.8229979999996,4568645
2017-08-24,3645.0,3656.0,3548.5600590000004,3645.5,3525.3173829999996,4614453
2017-08-25,3649.0,3742.5,3649.0,3661.0,3540.306396,4495946
2017-08-29,3661.0,3662.0,3582.5,3661.5,3540.789795,5551696
2017-08-30,3691.0,3695.0,3648.5,3679.0,3557.7128909999997,4182182
2017-08-31,3695.0,3770.0,3678.6298829999996,3746.5,3622.987793,5195838
2017-09-01,3770.0,3784.5,3748.0,3759.5,3635.559082,3250353
2017-09-04,3723.0,3752.5,3713.0,3735.5,3612.350342,2332147
2017-09-05,3746.0,3765.0,3684.5,3695.5,3573.6689450000003,3600904
2017-09-06,3683.0,3718.0,3644.7299799999996,3701.0,3578.987793,3638459
2017-09-07,3703.5,3734.5,3691.0,3715.5,3593.0097659999997,3038163
2017-09-08,3692.5,3695.0,3598.6999509999996,3600.5,3481.801025,5096368
2017-09-11,3630.0,3685.0,3600.179932,3678.0,3556.74585,3594037
2017-09-12,3680.0,3721.3100590000004,3665.0,3690.5,3568.83374,5844573
2017-09-13,3675.5,3679.0,3607.5,3624.5,3505.0097659999997,4833688
2017-09-14,3588.5,3596.0,3494.5,3500.0,3384.6142579999996,6631158
2017-09-15,3500.5,3525.0,3443.5,3452.5,3338.6801760000003,10459197
2017-09-18,3485.0,3500.0,3449.5,3500.0,3384.6142579999996,3693060
2017-09-19,3505.0,3528.0,3477.0,3518.0,3402.0207520000004,3644710
2017-09-20,3498.0,3518.0,3470.5,3507.0,3391.383301,3327568
2017-09-21,3454.0,3485.540039,3428.5,3465.5,3351.251465,6210981
2017-09-22,3446.5,3515.0,3424.5,3500.0,3384.6142579999996,4007740
2017-09-25,3492.5,3493.0,3433.0,3436.0,3322.724121,3350316
2017-09-26,3453.0,3480.5,3412.5,3417.0,3304.350342,3422399
2017-09-27,3460.0,3498.5,3417.0,3424.5,3311.603271,3450092
2017-09-28,3411.5,3432.5,3374.1999509999996,3417.0,3304.350342,4698600
2017-09-29,3454.0,3486.5,3438.8100590000004,3473.0,3358.50415,3877764
2017-10-02,3501.0,3555.5,3493.0,3552.5,3435.383301,3859700
2017-10-03,3550.0,3601.0,3544.5,3590.0,3471.646973,2847206
2017-10-04,3578.5,3656.969971,3573.0,3611.5,3492.438232,3492813
2017-10-05,3603.5,3683.5,3600.0,3676.0,3554.811768,3058181
2017-10-06,3688.0,3710.0,3610.0,3710.0,3587.690918,4540101
2017-10-09,3690.0,4110.290039,3621.5,3627.0,3507.427246,4247844
2017-10-10,3633.0,3690.0,3585.5,3610.0,3490.987793,4803822
2017-10-11,3605.0,3617.5,3563.0,3569.0,3451.3393549999996,6356240
2017-10-12,3583.0,3601.5,3563.169922,3581.0,3462.943848,2828439
2017-10-13,3599.0,3707.0500490000004,3593.0,3688.5,3566.899902,4298311
2017-10-16,3750.0,3805.5,3707.0,3718.0,3595.427246,4835599
2017-10-17,3720.0,3744.5,3697.5,3709.5,3587.2075200000004,4958656
2017-10-18,3701.0,3730.5,3593.0,3599.0,3480.350342,4676383
2017-10-19,3597.0,3619.5,3541.5,3600.5,3481.801025,4093851
2017-10-20,3660.0,3686.5,3573.5,3600.0,3481.3173829999996,3769848
2017-10-23,3616.0,3621.0,3563.5,3586.0,3467.779053,2275170
2017-10-24,3627.5,3627.5,3565.0,3590.0,3471.646973,3304425
2017-10-25,3574.5,3582.5,3482.0,3496.5,3381.2294920000004,3876479
2017-10-26,3501.0,3587.0,3500.5,3565.5,3447.9548340000006,3752094
2017-10-27,3480.0,3554.5,3475.5,3554.5,3437.3173829999996,4860486
2017-10-30,3537.5,3575.5,3508.600098,3564.0,3446.50415,3949865
2017-10-31,3538.0,3563.459961,3509.0,3548.5,3431.515137,2634293
2017-11-01,3590.0,3688.5,3543.080078,3652.5,3532.08667,5494208
2017-11-02,3660.0,3749.0,3655.0,3743.5,3620.08667,5257261
2017-11-03,3743.0,3774.5,3696.5,3725.0,3602.196533,2335153
2017-11-06,3748.0,3806.5,3734.6599119999996,3773.5,3649.0976560000004,2530992
2017-11-07,3785.0,3831.5,3719.5,3733.5,3610.41626,4604600
2017-11-08,3761.5,3788.5,3737.5,3773.0,3648.614014,3236761
2017-11-09,3785.0,3794.0,3652.5,3678.0,3556.74585,4847519
2017-11-10,3702.0,3721.5,3678.0,3695.0,3573.185547,2650237
2017-11-13,3738.0,3749.0,3655.0,3699.0,3577.053711,3111570
2017-11-14,3685.0,4226.560059,3588.0,3592.0,3473.5810549999997,5408102
2017-11-15,3520.0,3563.5,3480.5,3560.5,3443.119629,5407840
2017-11-16,3575.5,3589.5,3514.0,3549.0,3431.998779,7140582
2017-11-17,3550.0,3561.5,3497.5,3546.0,3429.0976560000004,3655444
2017-11-20,3513.0,3559.0,3497.6899409999996,3547.5,3430.548096,2446890
2017-11-21,3559.0,3595.5,3534.5,3573.0,3455.2075200000004,5088893
2017-11-22,3580.0,3645.0,3578.5,3633.0,3513.2294920000004,4338554
2017-11-23,3607.0,3679.5,3589.5,3664.0,3543.2075200000004,2091031
2017-11-24,3650.0,3662.0,3628.5,3655.0,3534.50415,2852609
2017-11-27,3630.0,3685.5,3600.0,3611.0,3491.9548340000006,3094916
2017-11-28,3600.0,3604.5,3554.0,3585.0,3466.812012,4529448
2017-11-29,3567.0,3585.0,3511.5,3518.0,3402.0207520000004,3332778
2017-11-30,3507.5,3552.5,3488.0,3501.5,3386.064697,5391935
2017-12-01,3493.0,3560.5,3464.0,3502.0,3386.548096,4809403
2017-12-04,3553.0,3584.0,3522.0,3540.0,3423.29541,3910530
2017-12-05,3530.5,3533.0,3459.0,3468.5,3354.152588,4129756
2017-12-06,3416.5,3500.0,3399.0,3498.5,3383.163574,4576489
2017-12-07,3423.5,3476.0,3406.5,3440.5,3327.075684,7743121
2017-12-08,3450.0,3488.0,3421.0,3468.5,3354.152588,3620736
2017-12-11,3462.5,3554.5,3451.5,3538.0,3421.361328,4231829
2017-12-12,3530.0,3548.5,3492.0,3541.0,3424.2624509999996,5490571
2017-12-13,3536.5,3563.0,3512.5500490000004,3530.0,3413.625,6483184
2017-12-14,3534.5,3596.0,3534.5,3562.0,3444.570068,9823862
2017-12-15,3555.5,3624.5,3540.0,3624.5,3505.0097659999997,6954819
2017-12-18,3648.0,3684.0,3634.0,3672.0,3550.943848,2815083
2017-12-19,3681.0,3685.0,3636.0,3644.5,3524.350342,4420223
2017-12-20,3674.0,3710.0,3662.0,3710.0,3587.690918,3168993
2017-12-21,3714.0,3774.0,3713.5,3773.0,3648.614014,3196578
2017-12-22,3775.0,3779.0,3746.5,3746.5,3622.987793,1152401
2017-12-27,3746.5,3829.5,3746.5,3799.5,3674.240479,3115584
2017-12-28,3800.0,3861.0,3800.0,3858.0,3730.811768,2349873
2017-12-29,3866.0,3942.0,3849.0,3942.0,3812.0424799999996,2351684
2018-01-02,3942.0,3988.5,3853.0,3988.5,3857.009521,4164697
2018-01-03,3960.0,3994.0,3952.5,3986.5,3855.075439,3772746
2018-01-04,4000.0,4003.5,3949.0,3986.5,3855.075439,4736830
2018-01-05,3981.0,3995.0,3939.5,3959.5,3828.9655759999996,3453708
2018-01-08,3971.0,4037.5,3958.5,4037.5,3904.3942869999996,4624883
2018-01-09,4067.5,4099.0,4063.0,4094.0,3959.031494,6068981
2018-01-10,4062.5,4094.0,4050.0,4089.0,3954.196289,5376551
2018-01-11,4096.0,4167.5,4084.5,4165.5,4028.1743159999996,5287375
2018-01-12,4150.0,4173.5,4117.0,4170.0,4032.525879,5050605
2018-01-15,4187.0,4189.5,4140.0,4172.5,4034.943604,2465238
2018-01-16,4137.0,4161.5,4024.0,4046.5,3913.0974119999996,5690036
2018-01-17,4017.0,4069.5,3998.5,4004.5,3872.482178,4557542
2018-01-18,4006.0,4045.0,3981.0,4009.5,3877.317139,4355364
2018-01-19,4024.0,4062.0,4008.5,4016.5,3884.086426,3104707
2018-01-22,3986.5,4025.0,3963.0,3999.0,3867.16333,5041728
2018-01-23,3980.0,3989.5,3907.0,3941.0,3811.075439,5089315
2018-01-24,3950.5,3962.0,3918.5,3918.5,3789.3173829999996,4228989
2018-01-25,3932.0,3952.0,3911.5,3937.5,3807.690918,3271716
2018-01-26,3940.0,3948.5,3878.0,3942.5,3812.5261229999996,3661133
2018-01-29,3971.5,4040.5,3968.0,4024.5,3891.822754,5569485
2018-01-30,3963.0,4005.5,3940.0,3957.0,3826.548096,4361217
2018-01-31,3917.0,3950.5,3867.5,3922.0,3792.701904,4338561
2018-02-01,3915.0,3976.0,3914.5,3929.0,3799.4711909999996,4284979
2018-02-02,3951.0,3968.0,3882.5,3901.5,3772.877686,4969735
2018-02-05,3868.0,3944.0,3840.0,3898.0,3769.493164,6015575
2018-02-06,3761.0,3950.0,3720.5,3845.0,3718.240479,8085384
2018-02-07,3968.0,3970.0,3824.5,3880.5,3752.570068,7652168
2018-02-08,3831.0,3840.0,3750.0,3757.0,3633.141602,7792022
2018-02-09,3765.0,3837.5,3754.0,3788.5,3663.603027,7498276
2018-02-12,3861.0,3921.0,3860.0,3895.5,3767.075439,5803314
2018-02-13,3911.0,3975.0,3892.5,3955.0,3824.614014,4769636
2018-02-14,3981.0,4042.5,3915.0,4026.0,3893.273193,6176321
2018-02-15,4111.5,4157.5,4083.0,4125.5,3989.49292,6250245
2018-02-16,4149.0,4152.0,4087.5,4102.0,3966.767822,5462697
2018-02-19,4096.5,4105.5,4046.5,4055.0,3921.317139,5029501
2018-02-20,4040.0,4056.5,3954.0,3990.5,3858.943604,5065240
2018-02-21,3957.0,4016.0,3937.0,4016.0,3883.603027,6502060
2018-02-22,3966.0,4034.0,3926.0,4023.0,3890.372314,4589672
2018-02-23,4020.5,4030.0,3978.0,4001.5,3869.5810549999997,3175156
2018-02-26,4029.5,4077.5,4010.0,4064.0,3930.0205079999996,3238732
2018-02-27,4066.0,4087.0,4031.0,4047.5,3914.064453,4881520
2018-02-28,4008.0,4017.5,3916.5,3926.0,3796.570068,8818222
2018-03-01,3825.0,3834.0,3763.0,3780.5,3780.5,6135171
2018-03-02,3760.5,3763.5,3631.5,3638.5,3638.5,6605401
2018-03-05,3640.0,3708.0,3632.0,3695.0,3695.0,6328267
2018-03-06,3743.0,3786.5,3722.0,3748.0,3748.0,5127218
2018-03-07,3711.0,3759.5,3655.5,3740.5,3740.5,5439935
2018-03-08,3720.5,3741.0,3672.5,3693.0,3693.0,4606556
2018-03-09,3656.5,3752.5,3625.5,3726.5,3726.5,4346881
