Date,Open,High,Low,Close,Adj Close,Volume
2015-01-02,45.73,45.91,45.41,45.720001,37.824089,1573200
2015-01-05,44.259997999999996,44.509997999999996,43.84,44.43,36.75687,3017700
2015-01-06,44.610001000000004,45.299999,44.34,44.959998999999996,37.195332,4357200
2015-01-07,44.77,45.66,44.700001,45.380001,37.542805,2919200
2015-01-08,45.5,46.080002,45.380001,45.689999,37.799267,2797100
2015-01-09,45.330002,45.619999,45.049999,45.529999,37.666897,1919900
2015-01-12,44.330002,44.720001,43.900002,44.57,36.872692,2781700
2015-01-13,44.380001,44.57,43.599998,43.880001,36.301853,2684400
2015-01-14,42.330002,43.009997999999996,42.07,42.950001,35.532471,5529200
2015-01-15,43.240002000000004,43.439999,42.970001,43.099998,35.656563,2895700
2015-01-16,43.68,44.200001,43.59,44.200001,36.566593,2623200
2015-01-20,43.860001000000004,44.09,43.59,43.970001,36.376312,2007500
2015-01-21,43.700001,44.610001000000004,43.619999,44.560001,36.864418,1833900
2015-01-22,45.09,45.25,44.490002000000004,44.900002,37.145702,2776100
2015-01-23,43.52,43.669998,43.02,43.080002,35.640018,2708100
2015-01-26,43.029999,43.900002,42.830002,43.669998,36.12812,2466200
2015-01-27,43.5,43.889998999999996,43.23,43.759997999999996,36.202576,1322300
2015-01-28,44.080002,44.080002,43.220001,43.27,35.797203,1748300
2015-01-29,43.970001,44.360001000000004,43.349998,44.290001000000004,36.641048,4091500
2015-01-30,43.720001,44.700001,43.529999,44.130001,36.508682,2459800
2015-02-02,44.349998,45.240002000000004,44.259997999999996,45.18,37.377342,2683800
2015-02-03,45.93,47.419998,45.669998,47.330002,39.156033,7895200
2015-02-04,46.380001,46.650002,46.060001,46.27,38.279102,2698200
2015-02-05,46.959998999999996,47.57,46.740002000000004,47.439999,39.247032,4201500
2015-02-06,46.279999,46.599998,46.09,46.240002000000004,38.25428,2390000
2015-02-09,46.639998999999996,47.380001,46.630001,47.0,38.883026,1965800
2015-02-10,46.060001,46.119999,45.439999,45.790001000000004,37.881996,2738600
2015-02-11,45.529999,45.970001,44.849998,45.799999,37.89027,3110200
2015-02-12,47.310001,47.380001,46.740002000000004,47.150002,39.007121999999995,5140400
2015-02-13,48.150002,49.41,48.150002,49.369999,40.843723,4302900
2015-02-17,49.130001,49.52,48.849998,49.369999,40.843723,2844400
2015-02-18,48.790001000000004,49.830002,48.73,49.349998,40.827179,3354200
2015-02-19,49.639998999999996,50.029999,49.209998999999996,49.610001000000004,41.042274,2903100
2015-02-20,49.68,50.07,49.59,49.939999,41.315281,1993600
2015-02-23,49.0,49.110001000000004,48.400002,48.57,40.181881,3227200
2015-02-24,49.110001000000004,49.720001,48.93,49.419998,40.885086,1996400
2015-02-25,49.27,49.459998999999996,48.950001,49.169998,40.678261,1597800
2015-02-26,49.380001,49.509997999999996,49.0,49.299999,40.785809,1577900
2015-02-27,49.169998,49.669998,49.130001,49.330002,40.810631,3348900
2015-03-02,48.66,48.84,48.189999,48.470001,40.099154999999996,2501300
2015-03-03,48.27,48.599998,48.09,48.25,39.917149,2532300
2015-03-04,46.09,46.27,45.68,46.119999,39.126476000000004,2667200
2015-03-05,45.720001,45.799999,45.360001000000004,45.470001,38.575039000000004,4409000
2015-03-06,44.240002000000004,44.549999,43.939999,44.23,37.523075,3675200
2015-03-09,44.040001000000004,44.220001,43.82,44.119999,37.429745000000004,1741300
2015-03-10,43.389998999999996,43.5,42.82,42.91,36.403233,2799200
2015-03-11,42.790001000000004,42.849998,42.279999,42.529999,36.080853000000005,2689900
2015-03-12,43.59,43.619999,42.5,42.68,36.208110999999995,1714100
2015-03-13,42.060001,42.080002,41.369999,41.900002,35.546387,2030400
2015-03-16,42.080002,42.540001000000004,41.709998999999996,42.509997999999996,36.063885,2153800
2015-03-17,42.77,43.080002,42.400002,42.549999,36.09782,1894000
2015-03-18,41.689999,43.080002,41.5,42.939999,36.42868,3193800
2015-03-19,42.5,42.509997999999996,41.959998999999996,42.080002,35.699093,1974300
2015-03-20,42.950001,43.84,42.810001,43.580002,36.971638,3862600
2015-03-23,44.16,44.369999,43.860001000000004,44.189999,37.489132,2491700
2015-03-24,43.669998,43.830002,42.919998,43.040001000000004,36.513519,3195700
2015-03-25,43.82,44.029999,43.25,43.299999,36.7341,2159600
2015-03-26,43.209998999999996,43.459998999999996,42.610001000000004,42.720001,36.242046,2024500
2015-03-27,41.950001,42.110001000000004,41.560001,41.880001,35.529419,2098000
2015-03-30,42.080002,42.75,41.73,42.369999,35.945118,3280800
2015-03-31,41.32,41.689999,41.18,41.400002,35.122208,2451400
2015-04-01,41.029999,41.43,40.959998999999996,41.099998,34.867695,3280400
2015-04-02,41.049999,41.23,40.75,41.200001,34.952529999999996,2993000
2015-04-06,41.490002000000004,42.040001000000004,41.459998999999996,41.68,35.359745000000004,1991300
2015-04-07,42.25,43.139998999999996,42.099998,42.48,36.038433000000005,3252600
2015-04-08,43.639998999999996,43.669998,42.349998,42.549999,36.09782,1994000
2015-04-09,42.119999,42.57,41.990002000000004,42.130001,35.741508,2258600
2015-04-10,41.580002,41.75,41.369999,41.450001,35.164623,4080500
2015-04-13,41.52,41.669998,40.799999,40.959998999999996,34.748928,3306300
2015-04-14,42.650002,43.07,42.470001,42.82,36.326881,3666100
2015-04-15,42.82,43.369999,41.16,42.59,36.131756,5642200
2015-04-16,43.07,43.220001,42.16,42.450001,36.012985,4571400
2015-04-17,41.709998999999996,42.110001000000004,41.689999,42.02,35.648193,1913400
2015-04-20,42.450001,43.080002,42.360001000000004,42.599998,36.140240000000006,2187100
2015-04-21,41.98,42.209998999999996,41.459998999999996,41.709998999999996,35.385201,3154400
2015-04-22,42.790001000000004,43.470001,42.610001000000004,43.389998999999996,36.810444,4577500
2015-04-23,44.0,45.009997999999996,43.919998,44.869999,38.066021,4008400
2015-04-24,45.919998,46.18,45.540001000000004,45.720001,38.787128,5026800
2015-04-27,45.540001000000004,46.09,45.459998999999996,45.630001,38.710784999999994,2505000
2015-04-28,45.880001,45.990002000000004,45.450001,45.68,38.753197,2648500
2015-04-29,44.919998,45.389998999999996,44.639998999999996,45.16,38.31205,2617900
2015-04-30,44.119999,45.09,43.950001,44.790001000000004,37.998154,4398300
2015-05-01,46.32,46.349998,45.259997999999996,45.869999,38.914387,2837400
2015-05-04,45.98,46.080002,45.580002,45.790001000000004,38.846519,1223600
2015-05-05,45.950001,46.43,45.740002000000004,45.91,38.948322,2258900
2015-05-06,46.110001000000004,46.169998,45.450001,45.669998,38.744709,2193100
2015-05-07,45.419998,45.619999,44.93,45.619999,38.702293,2733600
2015-05-08,46.34,46.450001,45.59,46.110001000000004,39.117992,1915700
2015-05-11,47.029999,47.369999,46.650002,46.880001,39.771236,3326900
2015-05-12,46.5,47.09,46.349998,46.77,39.67791,1816400
2015-05-13,46.790001000000004,47.130001,46.419998,46.48,39.431877,2415200
2015-05-14,46.709998999999996,46.98,46.27,46.360001000000004,39.330082,1590200
2015-05-15,46.240002000000004,46.330002,45.950001,46.130001,39.13496,2112200
2015-05-18,45.919998,46.16,45.560001,45.639998999999996,38.719260999999996,1591500
2015-05-19,44.349998,44.529999,43.91,44.25,37.540039,3195900
2015-05-20,44.709998999999996,45.0,44.349998,44.630001,37.862419,1825900
2015-05-21,45.25,45.27,44.84,44.970001,38.150859999999994,1652800
2015-05-22,45.07,45.34,44.799999,44.880001,38.074509,2335500
2015-05-26,44.75,44.790001000000004,44.02,44.299999,37.582458,1733100
2015-05-27,44.040001000000004,44.509997999999996,43.91,44.43,37.692745,2088200
2015-05-28,43.93,44.23,43.560001,44.139998999999996,37.44672,1795900
2015-05-29,43.860001000000004,44.099998,43.5,43.77,37.132828,1435900
2015-06-01,43.77,43.880001,42.919998,43.169998,36.623798,1833500
2015-06-02,43.860001000000004,45.0,43.799999,44.689999,37.913315000000004,2481800
2015-06-03,44.400002,44.650002,43.939999,44.099998,37.412781,2674800
2015-06-04,44.09,44.32,43.630001,43.84,37.192211,1341300
2015-06-05,43.450001,44.099998,43.299999,43.630001,37.014053000000004,1371100
2015-06-08,43.459998999999996,43.66,43.02,43.25,36.691677,1587300
2015-06-09,42.98,43.09,42.389998999999996,42.419998,35.98753,2748800
2015-06-10,44.02,44.439999,43.630001,43.900002,37.243114,3348800
2015-06-11,44.02,44.23,43.669998,44.169998,37.472164,1839300
2015-06-12,44.029999,44.200001,43.73,44.040001000000004,37.361885,1435100
2015-06-15,43.610001000000004,43.869999,43.509997999999996,43.610001000000004,36.997089,1349500
2015-06-16,43.060001,43.139998999999996,42.810001,43.009997999999996,36.488068,1625000
2015-06-17,43.110001000000004,43.439999,42.66,43.27,36.708645000000004,1652500
2015-06-18,43.669998,43.869999,43.290001000000004,43.68,37.056473,1564000
2015-06-19,43.509997999999996,43.700001,43.130001,43.16,36.615322,1555800
2015-06-22,43.75,43.93,43.48,43.529999,36.929214,1189000
2015-06-23,43.18,43.849998,43.16,43.799999,37.158276,1834100
2015-06-24,43.880001,44.189999,43.509997999999996,43.59,36.980125,1506700
2015-06-25,43.380001,43.490002000000004,42.84,42.900002,36.394745,1343100
2015-06-26,42.720001,42.98,42.599998,42.84,36.343845,1018200
2015-06-29,42.360001000000004,42.610001000000004,42.009997999999996,42.040001000000004,35.665157,1415900
2015-06-30,42.110001000000004,42.110001000000004,40.849998,41.209998999999996,34.961014,4930600
2015-07-01,41.049999,41.139998999999996,40.619999,40.73,34.553806,2832800
2015-07-02,41.279999,41.639998999999996,40.849998,41.040001000000004,34.816792,2034100
2015-07-06,39.959998999999996,40.490002000000004,39.669998,40.139998999999996,34.053265,2696100
2015-07-07,39.16,39.880001,38.259997999999996,39.720001,33.69696,4327600
2015-07-08,38.400002,38.650002,37.959998999999996,38.169998,32.381996,4235500
2015-07-09,39.25,39.439999,38.529999,38.529999,32.687401,2650500
2015-07-10,39.810001,39.82,39.099998,39.139998999999996,33.204906,3449500
2015-07-13,39.869999,40.98,39.5,40.669998,34.502899,6235200
2015-07-14,40.68,40.689999,40.09,40.509997999999996,34.367160999999996,3119700
2015-07-15,40.66,40.66,40.139998999999996,40.470001,34.333228999999996,3610200
2015-07-16,41.060001,41.200001,40.560001,40.810001,34.62167,2228000
2015-07-17,40.580002,40.59,40.16,40.349998,34.231421999999995,1721500
2015-07-20,40.279999,40.419998,39.919998,40.009997999999996,33.942982,2209000
2015-07-21,39.91,40.610001000000004,39.810001,39.990002000000004,33.926021999999996,4651100
2015-07-22,38.98,39.400002,38.810001,39.029999,33.111588,2784600
2015-07-23,39.080002,39.27,38.400002,38.529999,32.687401,2546200
2015-07-24,38.080002,38.099998,37.09,37.389998999999996,31.720271999999998,4963900
2015-07-27,37.34,37.59,36.799999,36.970001,31.363958,3139800
2015-07-28,37.799999,37.970001,37.450001,37.779999,32.051128000000006,3475300
2015-07-29,38.009997999999996,38.669998,37.970001,38.490002000000004,32.653473,2595600
2015-07-30,38.490002000000004,38.619999,37.98,38.200001,32.407444,2057500
2015-07-31,38.959998999999996,39.040001000000004,38.52,38.619999,32.76376,2036500
2015-08-03,37.869999,38.080002,37.580002,37.77,32.042648,2385300
2015-08-04,38.650002,39.049999,38.25,38.5,32.661957,2127600
2015-08-05,40.110001000000004,40.240002000000004,39.459998999999996,39.470001,33.484863,4045800
2015-08-06,39.82,40.470001,39.509997999999996,40.27,34.163551,2963900
2015-08-07,39.950001,40.220001,39.700001,39.799999,33.764824,2638100
2015-08-10,40.110001000000004,41.689999,39.939999,41.599998,35.291882,3416700
2015-08-11,40.18,40.299999,39.689999,40.07,33.993885,3276300
2015-08-12,38.880001,39.330002,38.5,39.290001000000004,34.245781,2929100
2015-08-13,38.59,38.740002000000004,38.18,38.439999,33.504906,1607800
2015-08-14,38.41,38.830002,38.400002,38.59,33.635647,1328800
2015-08-17,38.220001,38.330002,37.970001,38.240002000000004,33.330585,1839400
2015-08-18,37.59,37.91,37.48,37.77,32.920921,1851200
2015-08-19,36.790001000000004,37.110001000000004,36.07,36.57,31.874987,3512800
2015-08-20,37.23,37.299999,36.740002000000004,36.740002000000004,32.023163000000004,2153500
2015-08-21,36.650002,36.900002,35.98,35.990002000000004,31.369453000000004,2516700
2015-08-24,33.59,35.209998999999996,33.25,34.139998999999996,29.756958,5314900
2015-08-25,35.580002,35.580002,34.299999,34.299999,29.896418,3737100
2015-08-26,35.119999,35.130001,33.82,34.709998999999996,30.253778000000004,2852500
2015-08-27,35.23,36.799999,35.23,36.560001,31.866272,4499300
2015-08-28,35.799999,36.950001,35.799999,36.599998,31.901134000000003,2924400
2015-08-31,36.139998999999996,36.939999,35.790001000000004,36.720001,32.00573,1759300
2015-09-01,34.709998999999996,35.290001000000004,34.119999,34.32,29.913851,3433800
2015-09-02,35.599998,35.630001,34.48,35.200001,30.680874,3172400
2015-09-03,35.450001,36.32,35.380001,35.59,31.020803000000004,3029700
2015-09-04,34.139998999999996,34.450001,33.830002,34.23,29.835407,3201500
2015-09-08,35.299999,36.009997999999996,35.18,35.93,31.317154,3341200
2015-09-09,37.130001,37.310001,35.860001000000004,35.990002000000004,31.369453000000004,3134200
2015-09-10,36.360001000000004,36.830002,36.049999,36.380001,31.709377000000003,3349200
2015-09-11,37.25,37.279999,36.68,37.209998999999996,32.432823,5021400
2015-09-14,36.849998,37.470001,36.34,37.439999,32.633289000000005,3141000
2015-09-15,36.720001,36.990002000000004,36.43,36.900002,32.162624,5615300
2015-09-16,36.810001,37.369999,36.799999,37.209998999999996,32.432823,4327900
2015-09-17,36.59,37.419998,36.41,36.759997999999996,32.040592,4249600
2015-09-18,35.849998,36.169998,35.27,35.52,30.959792999999998,5074100
2015-09-21,35.380001,35.580002,35.060001,35.32,30.785469,2836000
2015-09-22,34.099998,34.189999,33.619999,34.040001000000004,29.669796,4488500
2015-09-23,34.459998999999996,34.59,33.540001000000004,33.540001000000004,29.233991999999997,3781900
2015-09-24,33.490002000000004,34.09,33.279999,34.02,29.652365000000003,5438800
2015-09-25,33.93,34.02,33.459998999999996,33.599998,29.286286999999998,2685400
2015-09-28,32.380001,32.419998,31.969998999999998,32.060001,27.944,3199400
2015-09-29,32.830002,32.900002,32.369999,32.650002,28.458253999999997,3409200
2015-09-30,33.389998999999996,33.860001000000004,33.259997999999996,33.82,29.478046000000003,4655300
2015-10-01,34.220001,34.450001,33.380001,33.759997999999996,29.425746999999998,2907800
2015-10-02,33.790001000000004,34.830002,33.439999,34.779999,30.314795,5048800
2015-10-05,35.119999,35.73,35.080002,35.27,30.741884000000002,4294000
2015-10-06,35.23,35.59,35.099998,35.419998,30.872627,2584500
2015-10-07,38.57,38.869999,37.830002,38.189999,33.287003000000006,7571400
2015-10-08,38.23,38.959998999999996,37.959998999999996,38.810001,33.827404,5707100
2015-10-09,39.790001000000004,40.049999,39.529999,39.740002000000004,34.638008,5070300
2015-10-12,39.360001000000004,39.369999,38.66,38.950001,33.949432,2533400
2015-10-13,37.959998999999996,38.599998,37.959998999999996,38.169998,33.269569,2474600
2015-10-14,39.150002,39.369999,38.889998999999996,39.240002000000004,34.202202,5407300
2015-10-15,39.139998999999996,39.27,38.75,39.209998999999996,34.176048,2699300
2015-10-16,39.009997999999996,39.099998,38.27,38.360001000000004,33.435177,2790200
2015-10-19,38.029999,38.099998,37.459998999999996,37.759997999999996,32.912205,2488600
2015-10-20,37.119999,37.66,37.049999,37.5,32.685584999999996,2786600
2015-10-21,37.599998,37.650002,37.080002,37.18,32.406673,1827200
2015-10-22,37.450001,38.240002000000004,37.439999,37.959998999999996,33.086533,2052400
2015-10-23,38.540001000000004,38.66,38.099998,38.290001000000004,33.374168,1978200
2015-10-26,38.509997999999996,38.540001000000004,37.759997999999996,37.799999,32.947071,2018600
2015-10-27,37.209998999999996,37.59,36.900002,37.009997999999996,32.258492,2697800
2015-10-28,36.009997999999996,37.18,35.970001,36.700001,31.988296999999996,3535800
2015-10-29,35.580002,36.209998999999996,35.57,35.860001000000004,31.256140000000002,3598500
2015-10-30,36.48,36.689999,36.259997999999996,36.509997999999996,31.822687,3174400
2015-11-02,35.830002,36.279999,35.580002,36.150002,31.508907,2823300
2015-11-03,35.610001000000004,36.669998,35.540001000000004,36.41,31.735529,4063000
2015-11-04,37.099998,37.25,36.16,36.400002,31.726814,2937200
2015-11-05,35.32,35.41,34.709998999999996,34.939999,30.454247,3134900
2015-11-06,34.619999,34.799999,34.169998,34.720001,30.262496999999996,2642900
2015-11-09,35.009997999999996,35.189999,34.470001,34.759997999999996,30.297359000000004,2345500
2015-11-10,34.889998999999996,35.400002,34.540001000000004,35.259997999999996,30.733168,3839000
2015-11-11,35.669998,35.669998,34.73,34.950001,30.462969,2001400
2015-11-12,34.029999,34.57,33.970001,33.990002000000004,29.626216999999997,2641200
2015-11-13,34.290001000000004,34.509997999999996,33.830002,34.240002000000004,29.844122,2536800
2015-11-16,34.080002,34.52,33.689999,34.189999,29.800537,2148700
2015-11-17,34.080002,34.080002,33.279999,33.43,29.138111,2846400
2015-11-18,34.259997999999996,34.68,34.18,34.630001,30.184052,2676800
2015-11-19,34.950001,35.220001,34.860001000000004,34.950001,30.462969,1832400
2015-11-20,35.470001,35.48,34.580002,34.68,30.227633,2016300
2015-11-23,34.450001,34.75,34.09,34.220001,29.826689000000002,2780000
2015-11-24,34.080002,34.52,34.049999,34.330002,29.922571,2228700
2015-11-25,34.0,34.080002,33.529999,33.669998,29.347298,2491300
2015-11-27,32.970001,33.18,32.830002,33.110001000000004,28.859194,2406800
2015-11-30,33.049999,33.41,32.82,33.080002,28.833047999999998,3522900
2015-12-01,33.139998999999996,33.470001,33.07,33.400002,29.111963,2647900
2015-12-02,32.700001,32.990002000000004,32.360001000000004,32.48,28.310078000000004,2583300
2015-12-03,32.41,32.52,31.52,31.799999,27.717378999999998,3866000
2015-12-04,31.549999,31.76,31.23,31.75,27.6738,3399300
2015-12-07,31.27,31.280001000000002,30.790001,31.01,27.028803000000003,3936800
2015-12-08,28.940001000000002,29.09,28.24,28.5,24.841047,7861100
2015-12-09,30.09,30.26,29.1,29.41,25.634216000000002,5725000
2015-12-10,29.620001000000002,30.26,29.450001,29.9,26.061308,3517100
2015-12-11,28.65,29.0,28.450001,28.530001000000002,24.867195000000002,4758000
2015-12-14,28.48,28.59,27.879998999999998,28.15,24.535982,4906600
2015-12-15,28.24,28.719998999999998,28.129998999999998,28.18,24.562132000000002,3719300
2015-12-16,28.92,29.049999,28.450001,28.959999,25.241989,3390500
2015-12-17,28.49,28.5,27.51,27.52,23.986864,4352500
2015-12-18,27.99,28.110001,27.32,27.379998999999998,23.864838,6799500
2015-12-21,28.23,28.26,27.450001,27.639999,24.091457000000002,4834100
2015-12-22,28.030001000000002,28.389999,27.799999,28.26,24.631857,4143100
2015-12-23,29.91,30.07,29.58,29.860001,26.026445000000002,4817400
2015-12-24,29.889999,29.9,29.559998999999998,29.719998999999998,25.904417000000002,818800
2015-12-28,29.4,29.43,29.1,29.4,25.625501999999997,2647700
2015-12-29,29.280001000000002,29.549999,28.93,29.27,25.512192000000002,2153100
2015-12-30,29.09,29.24,28.870001000000002,29.09,25.355299,2324900
2015-12-31,28.940001000000002,29.290001,28.91,29.120001000000002,25.381451000000002,1473100
2016-01-04,28.24,28.58,27.77,28.41,24.762601999999998,4876100
2016-01-05,28.879998999999998,28.92,28.24,28.65,24.97179,2958300
2016-01-06,26.99,27.139999,26.690001000000002,27.030001000000002,23.559772,6231200
2016-01-07,25.76,26.34,25.700001,25.809998999999998,22.496401000000002,5113000
2016-01-08,25.85,25.940001000000002,25.0,25.07,21.851404000000002,6100400
2016-01-11,25.540001,25.559998999999998,24.4,24.74,21.563772,8642600
2016-01-12,24.67,24.67,23.49,24.02,20.936208999999998,7465500
2016-01-13,24.82,24.93,23.719998999999998,23.809998999999998,20.753166,4975600
2016-01-14,24.809998999999998,25.379998999999998,24.32,25.200001,21.964716,8703800
2016-01-15,23.51,23.9,23.23,23.620001000000002,20.587564,5599300
2016-01-19,23.870001000000002,23.93,23.07,23.32,20.326078,4864100
2016-01-20,22.68,23.0,21.889999,22.700001,19.785675,6152600
2016-01-21,23.219998999999998,24.08,23.01,23.870001000000002,20.805466,6741700
2016-01-22,24.5,24.65,23.450001,23.77,20.718306,7717600
2016-01-25,23.17,23.309998999999998,22.709999,22.83,19.898986999999998,6438600
2016-01-26,23.75,24.43,23.559998999999998,24.389999,21.258705,5715200
2016-01-27,23.98,24.709999,23.809998999999998,24.1,21.005938,4756900
2016-01-28,25.18,25.200001,24.200001,24.459999,21.319719,4477000
2016-01-29,23.950001,24.700001,23.91,24.65,21.485326999999998,3615700
2016-02-01,24.09,24.66,23.75,24.5,21.354585999999998,2804800
2016-02-02,23.08,23.34,22.879998999999998,23.25,20.265064000000002,3998500
2016-02-03,24.48,25.07,23.77,25.049999,21.833973,6284900
2016-02-04,26.58,27.58,26.51,26.959999,23.498758,10771200
2016-02-05,26.059998999999998,26.66,25.99,26.209999,22.845045000000002,4727500
2016-02-08,25.98,26.709999,25.870001000000002,26.43,23.036804,6066400
2016-02-09,25.030001000000002,25.6,24.879998999999998,25.360001,22.104174,5596800
2016-02-10,25.33,25.76,25.059998999999998,25.25,22.008297,5037400
2016-02-11,24.52,25.0,24.290001,24.59,21.433031,7738700
2016-02-12,26.26,26.73,25.969998999999998,26.52,23.11525,6439500
2016-02-16,26.280001000000002,26.889999,25.860001,26.84,23.394165,5003500
2016-02-17,27.110001,27.99,27.110001,27.629998999999998,24.082741,5674300
2016-02-18,27.23,27.309998999999998,26.879998999999998,27.16,23.673079,4758800
2016-02-19,26.73,27.4,26.67,27.370001000000002,23.856123,5103100
2016-02-22,28.43,29.24,28.360001,29.110001,25.372732,6848800
2016-02-23,28.469998999999998,28.639999,27.780001000000002,27.99,24.396523000000002,7086400
2016-02-24,25.42,26.030001000000002,25.059998999999998,25.950001,23.520075,7945400
2016-02-25,25.620001000000002,25.790001,25.07,25.66,23.257227,4726100
2016-02-26,26.030001000000002,26.33,25.440001000000002,25.52,23.130337,4312000
2016-02-29,26.23,26.67,26.07,26.1,23.656029,4090600
2016-03-01,27.129998999999998,27.190001000000002,26.559998999999998,26.959999,24.435495,5164800
2016-03-02,27.629998999999998,28.559998999999998,27.58,28.559998999999998,25.885673999999998,5464900
2016-03-03,28.67,28.91,28.09,28.889999,26.184773999999997,6106200
2016-03-04,29.5,30.860001,29.309998999999998,30.32,27.480871,11020000
2016-03-07,31.16,32.220001,31.120001000000002,31.950001,28.958240999999997,14249300
2016-03-08,29.879998999999998,29.889999,28.73,28.98,26.266347999999997,7580600
2016-03-09,28.809998999999998,29.110001,28.200001,29.059998999999998,26.338853999999998,3176800
2016-03-10,28.34,28.83,27.969998999999998,28.59,25.912867000000002,6457400
2016-03-11,28.719998999999998,29.190001000000002,28.49,29.110001,26.384171999999996,4654300
2016-03-14,28.780001000000002,29.059998999999998,28.42,28.74,26.048820000000003,5115500
2016-03-15,27.549999,27.57,27.1,27.290001,24.734598000000002,5100300
2016-03-16,27.48,28.42,27.049999,28.389999,25.731594,6664000
2016-03-17,29.4,29.59,28.799999,29.459999,26.701399,9135200
2016-03-18,29.719998999999998,29.940001000000002,29.01,29.129998999999998,26.4023,6057200
2016-03-21,29.049999,29.309998999999998,28.690001000000002,28.91,26.2029,4917300
2016-03-22,28.059998999999998,28.469998999999998,28.02,28.35,25.695339,4992800
2016-03-23,28.219998999999998,28.290001,27.49,27.67,25.079014,5059700
2016-03-24,26.83,27.790001,26.73,27.709999,25.115267000000003,5266900
2016-03-28,27.93,27.950001,27.32,27.74,25.142457999999998,2548400
2016-03-29,26.59,27.610001,26.379998999999998,27.6,25.01557,5157000
2016-03-30,28.440001000000002,28.98,28.23,28.530001000000002,25.858484,5113900
2016-03-31,28.33,28.51,28.1,28.27,25.622833,2830900
2016-04-01,27.280001000000002,28.219998999999998,27.25,28.17,25.532194,3577600
2016-04-04,28.610001,28.73,27.719998999999998,27.790001,25.187778,3146200
2016-04-05,27.0,27.440001000000002,26.870001000000002,27.32,24.761786999999998,4722600
2016-04-06,26.940001000000002,27.58,26.709999,27.57,24.988379000000002,3388300
2016-04-07,27.35,27.639999,26.85,26.93,24.408306,3217900
2016-04-08,27.9,28.209999,27.68,27.99,25.369047,4019600
2016-04-11,29.030001000000002,29.219998999999998,28.77,28.9,26.193838,3224400
2016-04-12,29.780001000000002,30.049999,29.299999,29.940001000000002,27.136453999999997,4112800
2016-04-13,31.5,32.0,31.32,31.879998999999998,28.894793,8338100
2016-04-14,31.85,32.150002,31.4,31.9,28.912922,5789200
2016-04-15,31.51,31.9,31.18,31.67,28.704459999999997,3703300
2016-04-18,31.559998999999998,32.560001,31.379998999999998,32.459998999999996,29.420485,4062200
2016-04-19,33.09,33.860001000000004,32.860001000000004,33.799999,30.635009999999998,5199500
2016-04-20,34.299999,35.52,34.18,35.419998,32.103313,11197100
2016-04-21,35.169998,35.389998999999996,33.830002,34.049999,30.861596999999996,7453100
2016-04-22,33.799999,34.049999,33.23,33.560001,30.417482,4502900
2016-04-25,32.57,32.880001,32.259997999999996,32.389998999999996,29.35704,4322700
2016-04-26,32.450001,32.779999,32.0,32.709998999999996,29.647070000000003,4030100
2016-04-27,32.060001,32.919998,32.060001,32.880001,29.801154999999998,5422100
2016-04-28,33.299999,34.240002000000004,33.200001,33.380001,30.254337,4978600
2016-04-29,33.75,34.310001,33.380001,33.66,30.508115999999998,3976600
2016-05-02,33.98,33.990002000000004,33.080002,33.5,30.363097999999997,3757900
2016-05-03,32.060001,32.099998,31.25,31.42,28.477869000000002,5774600
2016-05-04,30.940001000000002,31.25,30.4,30.549999,27.689333,5358600
2016-05-05,30.76,31.219998999999998,30.309998999999998,30.5,27.644015999999997,5039100
2016-05-06,30.15,31.209999,30.09,30.9,28.006557,4238100
2016-05-09,29.07,29.16,28.379998999999998,28.469998999999998,25.8041,6281800
2016-05-10,28.889999,29.65,28.799999,29.59,26.819227,5291800
2016-05-11,29.620001000000002,29.799999,29.129998999999998,29.4,26.647018,4476000
2016-05-12,29.4,29.6,28.469998999999998,28.700001,26.012564,4105700
2016-05-13,28.469998999999998,28.879998999999998,28.24,28.290001,25.640959,3758000
2016-05-16,29.129998999999998,29.66,28.98,29.02,26.302601,3607600
2016-05-17,29.18,29.889999,28.9,29.440001000000002,26.683273,3823200
2016-05-18,28.77,29.5,28.379998999999998,28.459999,25.795036,4877700
2016-05-19,27.91,28.93,27.73,28.790001,26.094139000000002,5533700
2016-05-20,29.1,29.309998999999998,28.139999,28.309998999999998,25.659086,4840600
2016-05-23,27.99,28.530001000000002,27.860001,28.34,25.686277,3925900
2016-05-24,28.719998999999998,28.92,28.42,28.639999,25.958183,3912800
2016-05-25,29.120001000000002,29.610001,29.02,29.5,26.737656,3883600
2016-05-26,29.57,29.74,28.83,28.92,26.211964000000002,3901500
2016-05-27,29.24,29.27,28.51,28.73,26.039755,3585200
2016-05-31,28.48,29.01,28.030001000000002,28.040001,25.41437,4038600
2016-06-01,27.209999,27.629998999999998,27.0,27.52,24.94306,8144100
2016-06-02,27.18,27.58,27.15,27.58,24.997442000000003,4515000
2016-06-03,27.9,28.379998999999998,27.65,28.34,25.686277,5145600
2016-06-06,29.23,29.889999,29.1,29.83,27.036755,6374400
2016-06-07,29.450001,29.879998999999998,29.379998999999998,29.389999,26.637954999999998,5425000
2016-06-08,29.99,30.42,29.889999,29.93,27.127390000000002,4862900
2016-06-09,29.1,29.26,28.66,28.75,26.057882,5089500
2016-06-10,28.1,28.459999,27.799999,27.940001000000002,25.323729999999998,5404500
2016-06-13,27.780001000000002,28.370001000000002,27.77,28.07,25.441558999999998,4970900
2016-06-14,27.709999,27.889999,26.950001,27.32,24.761786999999998,4605400
2016-06-15,28.01,28.690001000000002,27.98,28.309998999999998,25.659086,4985100
2016-06-16,27.83,28.5,27.35,28.450001,25.785975,4132700
2016-06-17,28.84,29.41,28.75,29.190001000000002,26.456682,4380800
2016-06-20,30.049999,30.459999,29.98,30.049999,27.236153,4322700
2016-06-21,30.25,30.33,29.75,30.17,27.344915000000004,3386100
2016-06-22,30.84,30.98,30.219998999999998,30.34,27.498998999999998,4979700
2016-06-23,31.25,31.26,30.58,31.09,28.178767999999998,5117100
2016-06-24,28.440001000000002,29.610001,28.43,28.76,26.066948,9108700
2016-06-27,28.01,28.35,27.74,28.01,25.387178,5702500
2016-06-28,28.969998999999998,29.4,28.709999,28.959999,26.248216999999997,6529600
2016-06-29,29.969998999999998,30.290001,29.67,29.950001,27.145519,4769100
2016-06-30,30.620001000000002,31.309998999999998,30.25,31.299999,28.369102,7483800
2016-07-01,31.08,31.67,31.02,31.57,28.613821,4142600
2016-07-05,31.049999,31.26,30.309998999999998,30.5,27.644015999999997,4249300
2016-07-06,30.190001000000002,30.9,29.98,30.889999,27.997494,3382000
2016-07-07,31.33,31.459999,30.09,30.280001000000002,27.444618,4272300
2016-07-08,30.82,31.629998999999998,30.799999,31.59,28.631947999999998,5432700
2016-07-11,31.889999,32.34,31.83,32.130001,29.121385999999998,3876500
2016-07-12,33.040001000000004,33.369999,32.669998,33.189999,30.082127000000003,5857900
2016-07-13,33.720001,33.73,32.689999,33.139998999999996,30.036808,5376600
2016-07-14,33.720001,33.77,33.25,33.470001,30.335911,4358000
2016-07-15,33.099998,33.369999,32.700001,32.860001000000004,29.783028,3762000
2016-07-18,32.73,33.029999,32.43,32.990002000000004,29.900858000000003,2740900
2016-07-19,31.58,31.75,31.040001,31.190001000000002,28.269405,5094100
2016-07-20,30.73,31.059998999999998,30.469998999999998,30.799999,27.915922,3396900
2016-07-21,31.58,31.92,31.379998999999998,31.57,28.613821,3137600
2016-07-22,31.370001000000002,31.43,31.0,31.35,28.414421,1827900
2016-07-25,31.379998999999998,31.389999,30.790001,31.07,28.160641,1990500
2016-07-26,31.73,32.43,31.65,32.389998999999996,29.35704,3950700
2016-07-27,32.599998,32.970001,32.299999,32.82,29.746772999999997,4071800
2016-07-28,32.610001000000004,32.860001000000004,32.299999,32.84,29.7649,4868600
2016-07-29,32.549999,32.990002000000004,32.369999,32.82,29.746772999999997,3311400
2016-08-01,33.240002000000004,33.240002000000004,32.580002,32.68,29.619883,4135800
2016-08-02,32.889998999999996,32.93,32.360001000000004,32.790001000000004,29.719582,3317700
2016-08-03,32.349998,33.040001000000004,32.130001,33.02,29.928045,3624800
2016-08-04,32.080002,32.52,31.77,32.459998999999996,29.420485,5462400
2016-08-05,32.549999,32.810001,32.349998,32.740002000000004,29.674266999999997,3283900
2016-08-08,33.150002,33.52,33.049999,33.27,30.154636,3637800
2016-08-09,32.889998999999996,33.27,32.790001000000004,32.869999,29.792089,2544300
2016-08-10,32.82,32.860001000000004,32.060001,32.07,29.470461,3264100
2016-08-11,32.279999,32.540001000000004,32.029999,32.459998999999996,29.82885,3975500
2016-08-12,31.620001000000002,31.74,30.98,31.08,28.560709000000003,4426400
2016-08-15,31.32,31.76,31.309998999999998,31.73,29.158021999999995,2898200
2016-08-16,32.389998999999996,32.669998,32.16,32.400002,29.773714000000002,3964300
2016-08-17,32.040001000000004,32.400002,31.639999,32.220001,29.608304999999998,2840800
2016-08-18,32.799999,32.799999,32.369999,32.630001,29.985069,2486000
2016-08-19,32.029999,32.220001,31.76,32.060001,29.461273,2820900
2016-08-22,31.34,31.690001000000002,31.219998999999998,31.610001,29.047749,3619000
2016-08-23,32.169998,32.57,32.099998,32.130001,29.5256,3531100
2016-08-24,31.969998999999998,32.040001000000004,31.469998999999998,31.5,28.946665000000003,2755900
2016-08-25,31.559998999999998,31.889999,31.49,31.82,29.240725,2664700
2016-08-26,32.369999,32.830002,31.24,31.540001,28.983423,6799500
2016-08-29,31.4,31.77,31.25,31.690001000000002,29.121264,2862700
2016-08-30,31.190001000000002,31.27,30.48,30.6,28.119616999999998,3397900
2016-08-31,30.190001000000002,30.41,30.040001,30.17,27.724474,3806100
2016-09-01,30.639999,30.82,30.280001000000002,30.780001000000002,28.285028000000004,2429600
2016-09-02,31.389999,31.43,30.700001,31.129998999999998,28.606657000000002,5074800
2016-09-06,31.27,31.59,31.040001,31.58,29.02018,2574000
2016-09-07,31.139999,31.34,30.75,31.040001,28.523952,3176400
2016-09-08,31.6,31.83,31.32,31.469998999999998,28.919097999999998,2802000
2016-09-09,31.360001,31.42,30.709999,30.74,28.248268,2759100
2016-09-12,30.059998999999998,31.209999,29.99,31.120001000000002,28.597469,4519000
2016-09-13,30.389999,30.49,29.620001000000002,29.799999,27.384462,4193900
2016-09-14,30.139999,30.450001,29.9,30.32,27.862314,4111600
2016-09-15,29.99,30.6,29.91,30.49,28.018534000000002,4211100
2016-09-16,30.0,30.23,29.790001,29.9,27.476358,3812200
2016-09-19,30.950001,31.049999,30.700001,30.799999,28.303406,3278900
2016-09-20,30.9,31.0,30.690001000000002,30.91,28.404490000000003,2157200
2016-09-21,31.26,32.099998,31.26,32.040001000000004,29.442894,3383700
2016-09-22,33.060001,33.150002,32.490002000000004,32.52,29.883986,4703600
2016-09-23,32.419998,32.759997999999996,32.330002,32.41,29.782902000000004,3075200
2016-09-26,32.41,32.529999,32.150002,32.169998,29.562353,2134300
2016-09-27,31.709999,32.32,31.610001,32.23,29.617493,2094900
2016-09-28,32.91,33.77,32.669998,33.740002000000004,31.005096,7921100
2016-09-29,33.720001,34.34,33.490002000000004,33.700001,30.968338,5105900
2016-09-30,33.790001000000004,33.869999,33.290001000000004,33.400002,30.692656,3756800
2016-10-03,33.41,33.619999,33.209998999999996,33.560001,30.839686999999998,2107700
2016-10-04,34.16,34.16,32.939999,33.099998,30.416971000000004,3784500
2016-10-05,33.57,33.959998999999996,33.330002,33.720001,30.986719,2184100
2016-10-06,33.299999,33.509997999999996,33.099998,33.18,30.490485999999997,1929100
2016-10-07,33.68,33.720001,32.959998999999996,33.16,30.472107,6391300
2016-10-10,33.419998,33.939999,33.400002,33.709998999999996,30.977524,3035900
2016-10-11,33.740002000000004,33.77,32.380001,32.580002,29.939123,3884900
2016-10-12,32.970001,33.400002,32.720001,32.810001,30.150479999999998,5021200
2016-10-13,31.27,32.02,31.24,31.809998999999998,29.231537,4797200
2016-10-14,32.09,32.369999,31.76,31.77,29.194779999999998,2556400
2016-10-17,31.67,31.969998999999998,31.67,31.809998999999998,29.231537,2891600
2016-10-18,32.709998999999996,32.720001,32.27,32.549999,29.911554,2708900
2016-10-19,32.25,32.689999,32.099998,32.619999,29.97588,4149600
2016-10-20,32.240002000000004,32.59,31.889999,32.419998,29.792089,3467600
2016-10-21,32.59,33.16,32.470001,32.869999,30.205614,3523900
2016-10-24,33.279999,33.349998,32.84,33.119999,30.435349,2908900
2016-10-25,34.009997999999996,34.450001,33.98,34.119999,31.354288,4359300
2016-10-26,34.080002,34.470001,33.93,34.209998999999996,31.436995,2911900
2016-10-27,34.450001,34.580002,34.099998,34.240002000000004,31.464565000000004,2672200
2016-10-28,34.5,34.82,34.400002,34.529999,31.731058,3112700
2016-10-31,34.740002000000004,35.0,34.639998999999996,34.849998,32.025116,2089800
2016-11-01,35.32,35.369999,34.509997999999996,34.68,31.868902000000002,4180600
2016-11-02,34.93,35.130001,34.419998,34.450001,31.657543,4922400
2016-11-03,34.66,34.950001,34.450001,34.560001,31.758625,2420200
2016-11-04,34.049999,34.330002,33.91,33.93,31.179693,3161200
2016-11-07,35.110001000000004,35.290001000000004,34.889998999999996,35.279999,32.420265,2985100
2016-11-08,35.220001,35.900002,35.080002,35.720001,32.8246,3851800
2016-11-09,37.349998,38.470001,37.290001000000004,38.240002000000004,35.140335,8236500
2016-11-10,39.740002000000004,40.189999,39.060001,39.290001000000004,36.105225,10019700
2016-11-11,38.959998999999996,39.150002,38.299999,39.080002,35.912243,4362300
2016-11-14,38.900002,39.650002,38.860001000000004,39.650002,36.436039,5119400
2016-11-15,37.490002000000004,38.150002,37.220001,38.130001,35.039249,4841800
2016-11-16,37.459998999999996,37.619999,37.040001000000004,37.360001000000004,34.331661,3937500
2016-11-17,37.580002,37.98,37.32,37.560001,34.515453,2997400
2016-11-18,36.59,36.849998,36.25,36.549999,33.587317999999996,3356700
2016-11-21,37.220001,37.560001,37.110001000000004,37.509997999999996,34.469505,3166100
2016-11-22,38.299999,39.080002,38.049999,39.0,35.83873,4598100
2016-11-23,37.970001,39.41,37.950001,39.389998999999996,36.197117,6764300
2016-11-25,39.110001000000004,39.419998,38.810001,39.349998,36.160358,2818100
2016-11-28,39.0,39.650002,38.919998,39.450001,36.252254,5484100
2016-11-29,38.459998999999996,38.84,38.220001,38.34,35.232227,4229600
2016-11-30,37.959998999999996,38.220001,37.66,37.91,34.837082,3387400
2016-12-01,37.950001,38.619999,37.869999,38.349998,35.241413,2885100
2016-12-02,38.0,39.040001000000004,37.939999,39.02,35.857105,2444100
2016-12-05,39.32,39.66,39.099998,39.490002000000004,36.289013,2676700
2016-12-06,38.619999,39.25,38.52,39.25,36.068466,2634500
2016-12-07,40.630001,41.580002,40.57,41.529999,38.163647,5568600
2016-12-08,42.59,42.610001000000004,41.709998999999996,42.119999,38.705826,9437100
2016-12-09,41.599998,41.630001,40.869999,41.150002,37.814453,3853500
2016-12-12,41.57,41.959998999999996,41.419998,41.5,38.136082,3032400
2016-12-13,41.34,41.57,40.41,40.830002,37.52039,3303800
2016-12-14,40.68,41.119999,39.98,40.040001000000004,36.79443,2975800
2016-12-15,38.75,39.34,38.529999,39.25,36.068466,4518300
2016-12-16,38.900002,39.259997999999996,38.73,38.759997999999996,35.618179,3625900
2016-12-19,38.139998999999996,38.509997999999996,38.029999,38.18,35.085196999999994,2808100
2016-12-20,38.59,39.099998,38.509997999999996,39.080002,35.912243,2468000
2016-12-21,38.950001,39.029999,38.790001000000004,38.880001,35.728458,1943900
2016-12-22,38.439999,38.650002,38.110001000000004,38.18,35.085196999999994,1961800
2016-12-23,38.099998,38.279999,37.959998999999996,38.119999,35.030056,999800
2016-12-27,38.23,38.459998999999996,38.220001,38.349998,35.241413,868100
2016-12-28,39.450001,39.48,38.82,38.869999,35.719265,1923900
2016-12-29,39.02,39.040001000000004,38.75,38.900002,35.746838000000004,1754400
2016-12-30,39.349998,39.509997999999996,38.400002,38.459998999999996,35.342499,2868600
2017-01-03,38.84,39.09,38.75,38.959998999999996,35.801971,2426000
2017-01-04,38.549999,39.23,38.509997999999996,39.209998999999996,36.031708,3119700
2017-01-05,38.540001000000004,39.389998999999996,38.540001000000004,39.32,36.13279,3898100
2017-01-06,38.82,39.009997999999996,38.369999,38.389998999999996,35.278172,3582600
2017-01-09,38.360001000000004,38.720001,38.259997999999996,38.360001000000004,35.250607,4081800
2017-01-10,40.529999,41.009997999999996,40.34,41.0,37.676613,5717800
2017-01-11,41.310001,41.77,41.040001000000004,41.700001,38.319874,4782600
2017-01-12,42.869999,42.869999,41.939999,42.130001,38.715015,5007800
2017-01-13,41.740002000000004,42.25,41.43,42.040001000000004,38.632313,3089700
2017-01-17,42.709998999999996,43.0,42.439999,42.459998999999996,39.018269000000004,3511000
2017-01-18,42.939999,43.549999,42.830002,43.330002,39.817749,4121200
2017-01-19,43.119999,43.240002000000004,42.700001,43.009997999999996,39.523685,1832700
2017-01-20,42.369999,43.080002,42.360001000000004,42.93,39.450169,2422700
2017-01-23,43.57,43.869999,43.450001,43.810001,40.258842,2830700
2017-01-24,45.419998,45.919998,45.310001,45.700001,41.99564,5937300
2017-01-25,45.07,46.040001000000004,44.939999,45.959998999999996,42.234562,5233300
2017-01-26,45.049999,45.299999,44.610001000000004,44.860001000000004,41.223728,3439900
2017-01-27,45.009997999999996,45.389998999999996,44.860001000000004,45.349998,41.674007,2939000
2017-01-30,44.59,44.830002,44.139998999999996,44.389998999999996,40.791821,2872600
2017-01-31,45.09,45.119999,44.349998,44.790001000000004,41.159401,2654900
2017-02-01,45.110001000000004,45.57,44.830002,45.439999,41.75671,3194100
2017-02-02,44.689999,44.860001000000004,44.369999,44.610001000000004,40.993988,3291200
2017-02-03,43.259997999999996,43.349998,42.650002,42.669998,39.211239,5409600
2017-02-06,42.459998999999996,42.82,42.349998,42.779999,39.312328,7227500
2017-02-07,43.130001,43.439999,42.939999,43.02,39.532871,5102700
2017-02-08,42.73,43.130001,42.439999,42.939999,39.459358,3627700
2017-02-09,42.650002,43.189999,42.41,43.139998999999996,39.64315,4377800
2017-02-10,44.09,45.41,44.060001,45.41,41.729145,5837100
2017-02-13,46.080002,47.110001000000004,46.060001,46.650002,42.868633,10257300
2017-02-14,46.099998,46.34,45.700001,46.25,42.501057,3537500
2017-02-15,46.119999,46.349998,45.84,45.93,42.206996999999994,2168600
2017-02-16,46.18,46.299999,45.91,46.130001,42.390785,2409500
2017-02-17,45.290001000000004,45.5,45.119999,45.5,41.811848,2245600
2017-02-21,45.990002000000004,46.240002000000004,45.880001,46.150002,42.409164000000004,3233300
2017-02-22,43.959998999999996,44.549999,43.93,44.34,41.887691,2902800
2017-02-23,44.490002000000004,44.57,42.439999,42.509997999999996,40.158901,10057400
2017-02-24,41.509997999999996,42.209998999999996,41.25,41.689999,39.384254,6574600
2017-02-27,41.700001,42.400002,41.650002,41.830002,39.516514,4609200
2017-02-28,41.389998999999996,41.689999,41.349998,41.52,39.223656,2896500
2017-03-01,42.27,43.02,42.130001,42.91,40.536781,4902400
2017-03-02,42.490002000000004,42.639998999999996,41.150002,41.23,38.949696,4255700
2017-03-03,41.389998999999996,41.810001,41.25,41.790001000000004,39.478725,2590300
2017-03-06,40.830002,40.919998,40.529999,40.68,38.430115,3035200
2017-03-07,41.0,41.060001,40.59,40.619999,38.373432,3483500
2017-03-08,41.029999,41.07,39.73,39.900002,37.693256,8132500
2017-03-09,39.439999,39.810001,39.130001,39.41,37.230354,5291700
2017-03-10,39.799999,39.959998999999996,39.060001,39.389998999999996,37.211459999999995,4955000
2017-03-13,40.790001000000004,41.029999,40.650002,40.849998,38.590714,3743300
2017-03-14,40.299999,40.900002,39.93,40.549999,38.307303999999995,3521100
2017-03-15,41.540001000000004,43.099998,41.189999,43.060001,40.678486,7646500
2017-03-16,43.400002,43.48,42.860001000000004,42.93,40.555676,6785500
2017-03-17,43.32,43.459998999999996,42.98,43.029999,40.650143,3210900
2017-03-20,43.07,43.34,42.869999,43.259997999999996,40.86742,2175700
2017-03-21,42.93,43.060001,40.98,41.009997999999996,38.741859000000005,6132400
2017-03-22,41.200001,41.799999,40.990002000000004,41.560001,39.261444,3774000
2017-03-23,41.419998,41.68,41.060001,41.330002,39.044167,2742400
2017-03-24,41.32,41.400002,40.580002,40.84,38.581268,6281500
2017-03-27,39.919998,40.32,39.450001,40.23,38.005001,5055900
2017-03-28,40.310001,41.099998,40.27,40.860001000000004,38.600163,3192800
2017-03-29,40.560001,41.07,40.509997999999996,40.880001,38.619057,3056500
2017-03-30,41.16,41.5,41.029999,41.080002,38.807990999999994,2920500
2017-03-31,40.349998,40.919998,40.139998999999996,40.68,38.430115,2423600
2017-04-03,40.799999,41.02,40.099998,40.470001,38.231730999999996,2671400
2017-04-04,41.049999,41.18,40.73,41.029999,38.760754,2565500
2017-04-05,41.779999,41.98,40.720001,40.75,38.496246,3463100
2017-04-06,41.110001000000004,41.419998,40.799999,40.98,38.71352,5023200
2017-04-07,40.080002,41.130001,40.0,40.610001000000004,38.363987,3305600
2017-04-10,40.889998999999996,41.060001,40.700001,40.869999,38.609608,2822900
2017-04-11,41.860001000000004,41.900002,40.73,41.439999,39.148078999999996,4012600
2017-04-12,39.990002000000004,40.09,39.07,39.279999,37.107544,5776600
2017-04-13,39.150002,39.400002,38.84,38.939999,36.786346,2975000
2017-04-17,39.200001,39.220001,38.630001,39.009997999999996,36.852474,2345600
2017-04-18,38.630001,38.939999,38.23,38.619999,36.484047,4297400
2017-04-19,39.310001,39.369999,38.450001,38.52,36.389576,3513800
2017-04-20,39.259997999999996,39.759997999999996,39.130001,39.57,37.381504,3470300
2017-04-21,39.84,39.849998,39.32,39.529999,37.343716,2973600
2017-04-24,40.080002,40.279999,39.84,40.110001000000004,37.89164,3008300
2017-04-25,40.139998999999996,40.419998,39.880001,40.34,38.108921,2695600
2017-04-26,39.509997999999996,40.43,39.5,40.080002,37.8633,2249400
2017-04-27,39.869999,39.869999,39.049999,39.529999,37.343716,2789300
2017-04-28,40.110001000000004,40.16,39.77,39.82,37.617676,1575000
2017-05-01,39.959998999999996,40.150002,39.720001,40.07,37.853851,1775000
2017-05-02,39.59,39.889998999999996,39.57,39.84,37.63657,3097500
2017-05-03,38.77,38.91,38.259997999999996,38.369999,36.247871,3225300
2017-05-04,37.939999,38.189999,37.669998,38.07,35.964465999999994,3830600
2017-05-05,38.59,39.099998,38.400002,38.900002,36.748562,3220600
2017-05-08,38.349998,38.509997999999996,38.169998,38.470001,36.342341999999995,2181300
2017-05-09,38.919998,39.080002,38.369999,38.48,36.351788,4299300
2017-05-10,39.02,39.09,38.720001,38.810001,36.663540000000005,2094200
2017-05-11,38.939999,38.959998999999996,38.639998999999996,38.77,36.625751,2243100
2017-05-12,38.5,38.689999,38.43,38.689999,36.550175,1582400
2017-05-15,39.310001,39.490002000000004,39.110001000000004,39.189999,37.022521999999995,2532300
2017-05-16,39.939999,40.549999,39.91,40.450001,38.212837,4109100
2017-05-17,40.23,40.639998999999996,40.09,40.099998,37.882191,4817000
2017-05-18,39.869999,40.630001,39.630001,40.41,38.175049,3995800
2017-05-19,41.110001000000004,41.720001,41.040001000000004,41.380001,39.0914,4370500
2017-05-22,42.209998999999996,42.310001,41.830002,42.130001,39.799923,3363500
2017-05-23,41.860001000000004,42.060001,41.720001,41.860001000000004,39.544853,2934700
2017-05-24,41.220001,41.689999,41.130001,41.5,39.204762,2867600
2017-05-25,41.549999,41.959998999999996,41.02,41.389998999999996,39.100845,3156900
2017-05-26,41.41,41.470001,40.950001,40.98,38.71352,2046900
2017-05-30,41.279999,41.459998999999996,41.07,41.299999,39.015823,1237500
2017-05-31,40.560001,40.790001000000004,40.240002000000004,40.310001,38.080578,2881800
2017-06-01,40.509997999999996,40.860001000000004,40.439999,40.650002,38.401775,1873800
2017-06-02,40.740002000000004,41.029999,40.32,40.799999,38.543479999999995,2329500
2017-06-05,40.619999,40.75,40.349998,40.41,38.175049,1587500
2017-06-06,40.360001000000004,41.049999,40.32,40.959998999999996,38.694626,2052800
2017-06-07,41.32,41.5,40.869999,41.240002000000004,38.959145,3218800
2017-06-08,41.220001,42.16,41.209998999999996,42.110001000000004,39.781029,2582800
2017-06-09,41.619999,42.200001,41.450001,41.73,39.422043,2837900
2017-06-12,41.599998,41.830002,40.91,41.040001000000004,38.770203,5171800
2017-06-13,41.09,41.290001000000004,40.970001,41.16,38.883564,2172800
2017-06-14,41.25,41.27,39.599998,39.889998999999996,37.683803999999995,3817300
2017-06-15,39.450001,39.720001,38.959998999999996,39.349998,37.173671999999996,3258600
2017-06-16,39.43,39.509997999999996,38.889998999999996,39.299999,37.126438,3250400
2017-06-19,39.540001000000004,39.759997999999996,39.23,39.25,37.079205,2430800
2017-06-20,38.669998,38.68,37.66,38.0,35.898338,4195300
2017-06-21,38.580002,38.779999,38.099998,38.32,36.200638,3200700
2017-06-22,38.080002,38.990002000000004,38.080002,38.709998999999996,36.569069,5617400
2017-06-23,39.099998,39.369999,38.860001000000004,39.169998,37.003628000000006,2726200
2017-06-26,39.5,39.610001000000004,38.950001,39.279999,37.107544,1794900
2017-06-27,39.279999,40.919998,39.279999,40.189999,37.967213,5701900
2017-06-28,41.099998,41.27,40.810001,41.169998,38.893013,3386500
2017-06-29,42.169998,42.41,41.509997999999996,41.84,39.525959,3158200
2017-06-30,42.549999,42.549999,42.080002,42.310001,39.969963,2719800
2017-07-03,43.23,43.84,43.130001,43.599998,41.188618,3051000
2017-07-05,43.860001000000004,43.950001,43.139998999999996,43.290001000000004,40.895763,4896300
2017-07-06,43.25,43.66,43.080002,43.139998999999996,40.754059000000005,3800500
2017-07-07,43.540001000000004,43.630001,43.150002,43.5,41.094151000000004,3721300
2017-07-10,42.689999,44.389998999999996,42.650002,44.220001,41.77433,4726100
2017-07-11,44.41,44.869999,44.200001,44.720001,42.246677000000005,4563500
2017-07-12,44.73,44.93,44.490002000000004,44.689999,42.218334000000006,2660300
2017-07-13,44.59,44.860001000000004,44.279999,44.560001,42.095524,2438300
2017-07-14,45.299999,45.580002,45.080002,45.169998,42.671783000000005,3529400
2017-07-17,45.439999,45.709998999999996,45.389998999999996,45.450001,42.936302000000005,2513400
2017-07-18,44.630001,45.5,44.560001,45.48,42.964642,3872400
2017-07-19,45.290001000000004,45.57,45.209998999999996,45.360001000000004,42.851276,2167700
2017-07-20,44.709998999999996,44.84,44.099998,44.540001000000004,42.07663,2950300
2017-07-21,44.349998,44.41,43.849998,44.139998999999996,41.69875,3276100
2017-07-24,44.029999,44.18,43.119999,43.900002,41.472027000000004,4568100
2017-07-25,45.23,46.18,45.080002,45.93,43.389755,6872400
2017-07-26,46.07,46.220001,45.560001,46.02,43.474777,4256700
2017-07-27,46.02,46.560001,45.650002,45.869999,43.333073,3077400
2017-07-28,45.950001,46.84,45.91,46.610001000000004,44.032143,3720300
2017-07-31,47.200001,47.509997999999996,46.990002000000004,47.380001,44.75956,4547400
2017-08-01,47.0,47.23,46.77,47.130001,44.523384,3056400
2017-08-02,45.580002,46.049999,45.34,46.009997999999996,43.465328,3787300
2017-08-03,46.18,46.48,45.939999,46.18,43.625927000000004,1874200
2017-08-04,47.07,47.080002,46.639998999999996,46.830002,44.239979,2267800
2017-08-07,47.509997999999996,48.029999,47.450001,47.849998,45.203564,2989800
2017-08-08,47.169998,47.610001000000004,47.049999,47.290001000000004,44.674538,3563700
2017-08-09,46.07,46.360001000000004,45.810001,46.16,44.645519,3812900
2017-08-10,45.700001,45.830002,45.34,45.369999,43.881439,2259800
2017-08-11,44.330002,44.75,44.240002000000004,44.610001000000004,43.146374,5583500
2017-08-14,44.709998999999996,45.049999,44.669998,44.759997999999996,43.291451,2486500
2017-08-15,43.959998999999996,44.330002,43.880001,44.209998999999996,42.759495,3159400
2017-08-16,44.91,45.369999,44.779999,45.240002000000004,43.755707,2830200
2017-08-17,44.900002,45.009997999999996,44.259997999999996,44.32,42.865887,1994900
2017-08-18,44.580002,44.84,44.459998999999996,44.639998999999996,43.175388,1906600
2017-08-21,45.150002,45.330002,44.959998999999996,45.200001,43.717017999999996,2226000
2017-08-22,45.98,46.299999,45.889998999999996,46.150002,44.635849,4196700
2017-08-23,46.27,47.41,46.189999,47.310001,45.75779,7937300
2017-08-24,47.240002000000004,47.830002,46.970001,47.59,46.028603000000004,3737800
2017-08-25,48.169998,48.240002000000004,47.650002,47.689999,46.12532,3351000
2017-08-28,47.830002,48.209998999999996,47.66,48.029999,46.454163,1703900
2017-08-29,47.59,48.290001000000004,47.5,48.110001000000004,46.53154,2793200
2017-08-30,48.16,48.330002,47.889998999999996,47.91,46.338104,3006800
2017-08-31,48.84,49.27,48.740002000000004,49.080002,47.469719,4176100
2017-09-01,49.57,49.790001000000004,49.279999,49.529999,47.904949,2535400
2017-09-05,49.310001,49.419998,48.25,48.84,47.237590999999995,4863000
2017-09-06,48.84,49.290001000000004,48.779999,49.150002,47.537422,2098200
2017-09-07,49.459998999999996,49.580002,49.23,49.529999,47.904949,1986500
2017-09-08,49.279999,49.34,48.009997999999996,48.27,46.686291,3285200
2017-09-11,48.599998,49.439999,48.57,49.240002000000004,47.62447,2116600
2017-09-12,49.57,49.889998999999996,49.48,49.66,48.030685,2701900
2017-09-13,48.669998,48.889998999999996,48.529999,48.84,47.237590999999995,2265700
2017-09-14,47.709998999999996,47.990002000000004,47.48,47.959998999999996,46.386463,2715800
2017-09-15,47.700001,47.93,47.599998,47.630001,46.067291,3392000
2017-09-18,47.830002,48.27,47.810001,48.240002000000004,46.657276,2019700
2017-09-19,47.990002000000004,48.52,47.77,48.450001,46.860386,2079600
2017-09-20,48.23,48.400002,47.419998,47.82,46.251057,3282200
2017-09-21,47.5,48.09,47.279999,47.849998,46.280071,3621400
2017-09-22,47.700001,48.18,47.650002,47.82,46.251057,2006700
2017-09-25,47.5,47.619999,46.82,47.080002,45.535336,2300000
2017-09-26,47.080002,47.16,46.509997999999996,46.610001000000004,45.080757,2929800
2017-09-27,47.240002000000004,47.279999,46.560001,46.950001,45.409599,1970100
2017-09-28,46.380001,47.060001,46.240002000000004,46.950001,45.409599,2406400
2017-09-29,47.25,47.450001,47.049999,47.189999,45.641723999999996,1546300
2017-10-02,47.439999,48.029999,47.41,47.93,46.357449,1803900
2017-10-03,48.310001,48.439999,48.150002,48.389998999999996,46.802353000000004,2229700
2017-10-04,48.77,48.860001000000004,48.400002,48.52,46.928089,1373900
2017-10-05,48.75,49.169998,48.689999,48.73,47.131199,1864500
2017-10-06,48.82,49.189999,48.639998999999996,49.080002,47.469719,2709100
2017-10-09,49.150002,49.25,47.959998999999996,48.07,46.492851,3612100
2017-10-10,48.189999,48.400002,47.98,48.259997999999996,46.676617,2010600
2017-10-11,48.119999,48.139998999999996,47.549999,47.75,46.183353000000004,1808100
2017-10-12,47.860001000000004,48.240002000000004,47.689999,48.080002,46.502525,2230400
2017-10-13,49.419998,50.130001,49.240002000000004,50.009997999999996,48.369202,3803100
2017-10-16,50.669998,50.77,49.830002,50.02,48.378876,2595900
2017-10-17,49.900002,50.02,49.549999,49.790001000000004,48.156422,1936300
2017-10-18,48.860001000000004,49.02,47.639998999999996,48.02,46.444492,5009300
2017-10-19,47.860001000000004,48.41,47.790001000000004,48.130001,46.550884,2202000
2017-10-20,48.450001,48.630001,47.84,48.369999,46.783009,2163600
2017-10-23,47.959998999999996,48.189999,47.900002,47.959998999999996,46.386463,1115100
2017-10-24,47.619999,48.139998999999996,47.610001000000004,47.98,46.405807,1712900
2017-10-25,47.580002,47.580002,46.759997999999996,47.099998,45.554676,1941200
2017-10-26,47.880001,47.91,47.200001,47.209998999999996,45.661068,2291800
2017-10-27,46.759997999999996,47.66,46.700001,47.450001,45.893196,1788500
2017-10-30,47.700001,47.84,47.23,47.330002,45.777134000000004,1738100
2017-10-31,47.330002,48.099998,47.16,47.93,46.357449,1845100
2017-11-01,49.459998999999996,49.470001,48.970001,49.029999,47.421356,2660900
2017-11-02,49.259997999999996,49.779999,49.200001,49.48,47.856590000000004,1899600
2017-11-03,49.66,49.66,49.0,49.240002000000004,47.62447,1358400
2017-11-06,50.040001000000004,50.439999,50.0,50.389998999999996,48.736736,2318200
2017-11-07,50.380001,50.419998,49.52,49.889998999999996,48.253139000000004,2144200
2017-11-08,50.209998999999996,50.560001,49.779999,50.5,48.843128,2300400
2017-11-09,48.950001,49.130001,48.57,49.119999,47.508404,3413100
2017-11-10,49.389998999999996,49.669998,49.139998999999996,49.509997999999996,47.885605,1695600
2017-11-13,48.75,49.509997999999996,48.75,49.200001,47.585781,1957500
2017-11-14,48.389998999999996,48.48,47.700001,48.0,46.425148,2870900
2017-11-15,47.139998999999996,47.75,46.720001,47.560001,45.999588,3204300
2017-11-16,47.849998,47.869999,47.380001,47.630001,46.067291,1895300
2017-11-17,47.549999,47.869999,47.439999,47.59,46.028603000000004,1933100
2017-11-20,47.48,47.84,47.240002000000004,47.82,46.251057,2454400
2017-11-21,47.950001,48.360001000000004,47.869999,48.049999,46.473507,2579500
2017-11-22,48.740002000000004,49.130001,48.709998999999996,49.009997999999996,47.402012,1934200
2017-11-24,49.27,49.650002,49.27,49.43,47.808231,1084700
2017-11-27,49.549999,49.619999,48.830002,48.880001,47.276278999999995,1317500
2017-11-28,48.330002,48.740002000000004,48.200001,48.709998999999996,47.111855,2108700
2017-11-29,48.119999,48.52,47.669998,47.889998999999996,46.31876,2171800
2017-11-30,48.130001,48.259997999999996,47.790001000000004,47.900002,46.328434,1809400
2017-12-01,48.049999,48.720001,47.630001,48.299999,46.715305,2624000
2017-12-04,48.490002000000004,48.75,48.27,48.290001000000004,46.705635,1895500
2017-12-05,47.240002000000004,47.68,47.07,47.200001,45.651398,2886200
2017-12-06,47.0,47.639998999999996,46.970001,47.450001,45.893196,3001300
2017-12-07,46.82,47.18,46.77,47.060001,45.515991,2682400
2017-12-08,47.330002,47.549999,47.040001000000004,47.169998,45.622378999999995,2329100
2017-12-11,47.900002,48.240002000000004,47.84,47.950001,46.376793,1932000
2017-12-12,47.75,48.029999,47.360001000000004,47.700001,46.134995,3417400
2017-12-13,47.959998999999996,48.75,47.82,48.599998,47.005463,4166500
2017-12-14,48.77,48.830002,48.040001000000004,48.060001,46.483181,3277200
2017-12-15,48.799999,49.150002,48.68,49.119999,47.508404,3388800
2017-12-18,49.560001,50.169998,49.540001000000004,49.880001,48.243469,2297200
2017-12-19,49.419998,49.779999,49.259997999999996,49.490002000000004,47.866264,1740200
2017-12-20,50.310001,50.709998999999996,50.02,50.57,48.910828,2754700
2017-12-21,50.970001,51.459998999999996,50.869999,51.41,49.72327,2560900
2017-12-22,51.279999,51.41,50.939999,51.09,49.413769,1619400
2017-12-26,51.029999,51.720001,50.400002,51.419998,49.732941,2299500
2017-12-27,52.009997999999996,52.169998,51.610001000000004,51.75,50.052116,1887700
2017-12-28,52.630001,52.880001,52.419998,52.759997999999996,51.028976,2387400
2017-12-29,53.689999,53.689999,52.599998,52.93,51.193401,2964200
2018-01-02,53.950001,54.880001,53.82,54.75,52.953686,3907400
2018-01-03,54.75,55.0,54.43,54.950001,53.147125,2849200
2018-01-04,54.869999,55.0,54.639998999999996,54.700001,52.905327,2377700
2018-01-05,54.650002,54.66,54.150002,54.540001000000004,52.750576,3631800
2018-01-08,55.0,55.68,54.939999,55.650002,53.824162,2781600
2018-01-09,56.0,56.139998999999996,55.610001000000004,55.740002000000004,53.911205,2735100
2018-01-10,55.919998,56.16,55.700001,56.080002,54.240051,2497600
2018-01-11,56.66,57.279999,56.619999,57.240002000000004,55.361992,2578000
2018-01-12,57.540001000000004,57.779999,57.43,57.669998,55.777882,2363800
2018-01-16,56.57,56.73,55.669998,55.779999,53.94989,3844900
2018-01-17,56.310001,56.490002000000004,55.91,56.27,54.42381700000001,2347800
2018-01-18,56.259997999999996,56.43,55.849998,56.240002000000004,54.394802,2059100
2018-01-19,56.549999,56.779999,55.91,56.049999,54.21103299999999,2510600
2018-01-22,56.330002,56.470001,55.959998999999996,56.450001,54.597912,2278000
2018-01-23,55.869999,55.889998999999996,55.130001,55.66,53.833831999999994,2684100
2018-01-24,56.459998999999996,56.580002,55.970001,56.150002,54.30775500000001,2116900
2018-01-25,56.860001000000004,56.98,55.709998999999996,55.759997999999996,53.930546,2522800
2018-01-26,55.959998999999996,56.43,55.830002,56.310001,54.46250500000001,1413900
2018-01-29,57.18,57.279999,56.599998,56.650002,54.791351,2507800
2018-01-30,56.75,56.759997999999996,56.080002,56.169998,54.32709499999999,1914400
2018-01-31,56.220001,56.41,55.77,56.110001000000004,54.269066,2124100
2018-02-01,56.209998999999996,56.669998,56.099998,56.52,54.665615,2255700
2018-02-02,56.529999,56.529999,54.119999,54.330002,52.54747,4950600
2018-02-05,54.98,55.599998,52.720001,53.290001000000004,51.541588,3873600
2018-02-06,53.68,55.610001000000004,53.419998,55.189999,53.37925,6956300
2018-02-07,54.369999,54.709998999999996,53.799999,53.900002,52.131577,4165400
2018-02-08,54.0,54.119999,52.130001,52.27,50.555054,4991900
2018-02-09,53.150002,53.950001,51.779999,53.720001,51.957481,5096700
2018-02-12,54.209998999999996,55.490002000000004,54.150002,55.189999,53.37925,5615000
2018-02-13,55.369999,55.990002000000004,55.139998999999996,55.709998999999996,53.882187,3191000
2018-02-14,55.23,58.200001,55.110001000000004,58.040001000000004,56.135746,5440700
2018-02-15,59.040001000000004,59.25,58.209998999999996,58.900002,56.967529000000006,3404600
2018-02-16,58.060001,58.73,57.73,57.82,55.922962,3362000
2018-02-20,56.549999,56.880001,55.959998999999996,56.27,54.42381700000001,3964300
2018-02-21,56.360001000000004,57.18,55.970001,55.970001,54.133658999999994,2268000
2018-02-22,56.16,57.009997999999996,56.029999,56.610001000000004,54.752663,2319200
2018-02-23,56.66,57.09,56.459998999999996,57.07,55.19756700000001,1287900
2018-02-26,57.610001000000004,58.189999,57.200001,58.009997999999996,56.106728000000004,2900100
2018-02-27,57.48,57.5,56.470001,56.549999,54.694630000000004,4201900
2018-02-28,55.380001,55.610001000000004,54.66,54.709998999999996,52.914997,5776800
2018-03-01,53.099998,53.25,51.990002000000004,52.639998999999996,52.639998999999996,4861600
2018-03-02,51.400002,51.810001,50.77,51.48,51.48,5394700
2018-03-05,51.110001000000004,52.310001,51.064999,52.040001000000004,52.040001000000004,1910687
