Date,Open,High,Low,Close,Adj Close,Volume
2015-01-02,245.399994,246.30000299999998,241.899994,243.399994,213.53938300000002,6128266
2015-01-05,241.399994,245.0,232.69999700000002,233.5,204.853912,9609478
2015-01-06,237.600006,237.600006,228.5,234.600006,205.81897,9314969
2015-01-07,242.0,246.0,227.80000299999998,229.600006,201.43238799999997,23205216
2015-01-08,235.0,256.100006,233.5,252.399994,221.43525699999998,34260889
2015-01-09,250.0,250.0,240.399994,241.80000299999998,212.135681,15273748
2015-01-12,243.0,243.5,236.69999700000002,240.30000299999998,210.819702,7630345
2015-01-13,242.100006,252.0,241.69999700000002,249.0,218.45236200000002,10368939
2015-01-14,246.899994,249.19999700000002,240.335007,243.100006,213.27618399999997,8557413
2015-01-15,245.30000299999998,255.69999700000002,244.30000299999998,255.30000299999998,223.979446,11504776
2015-01-16,257.100006,259.600006,253.100006,256.799988,225.295441,7839111
2015-01-19,258.299988,263.600006,256.799988,257.5,225.909576,6869003
2015-01-20,260.600006,263.0,250.257004,256.700012,225.20771800000003,7781746
2015-01-21,258.899994,264.056,255.69999700000002,264.0,231.612152,8973712
2015-01-22,264.0,271.14801,261.239014,269.600006,236.525146,15790824
2015-01-23,271.200012,271.399994,266.160004,267.899994,235.03367599999999,7274542
2015-01-26,267.899994,269.503998,264.660004,268.399994,235.47236600000002,9778451
2015-01-27,267.100006,272.200012,260.71701,270.299988,237.13923599999998,8658726
2015-01-28,272.399994,273.5,258.32800299999997,262.899994,230.647095,10080142
2015-01-29,262.0,264.0,257.100006,263.799988,231.43667599999998,5871694
2015-01-30,265.0,266.200012,254.30000299999998,255.399994,224.067184,12329008
2015-02-02,264.700012,267.299988,260.700012,267.299988,234.50727799999999,12354554
2015-02-03,268.899994,273.299988,267.299988,272.600006,239.15707400000002,8938676
2015-02-04,272.200012,274.799988,266.200012,266.700012,233.980896,10235690
2015-02-05,265.600006,269.5,262.0,269.399994,236.34965499999998,8680179
2015-02-06,269.299988,270.799988,266.899994,269.799988,236.700577,6338832
2015-02-09,267.0,268.700012,264.5,267.799988,234.945923,6012461
2015-02-10,269.0,269.299988,262.725006,265.200012,232.664932,14601328
2015-02-11,265.100006,267.25,263.799988,264.5,232.05079700000002,4903576
2015-02-12,263.600006,266.399994,261.5,263.0,230.73481800000002,7702144
2015-02-13,264.899994,267.5,262.799988,266.799988,234.06864900000002,6227927
2015-02-16,266.200012,267.875,264.700012,267.200012,234.419571,4891925
2015-02-17,268.0,270.899994,266.850006,270.399994,237.227005,12110078
2015-02-18,271.700012,272.600006,266.799988,270.299988,237.13923599999998,4958308
2015-02-19,270.100006,270.899994,267.5,269.100006,236.08647200000001,4893462
2015-02-20,267.600006,271.86499,267.350006,271.600006,238.27977,5016120
2015-02-23,272.600006,273.200012,266.399994,270.299988,237.13923599999998,4134393
2015-02-24,271.600006,271.600006,266.850006,270.0,236.87605299999998,3554964
2015-02-25,270.0,272.820007,268.399994,271.700012,238.367523,6261721
2015-02-26,272.0,275.799988,270.899994,275.100006,241.35040299999997,6614019
2015-02-27,275.700012,276.299988,270.700012,271.899994,238.54295299999998,5905313
2015-03-02,272.0,273.299988,267.100006,272.0,238.63067599999997,8450051
2015-03-03,272.0,278.399994,270.600006,273.700012,240.122147,6855805
2015-03-04,274.100006,275.200012,270.890015,272.0,238.63067599999997,4934265
2015-03-05,274.299988,277.299988,272.0,276.5,242.578629,12416812
2015-03-06,277.299988,280.399994,275.899994,276.600006,242.66639700000002,8004103
2015-03-09,276.200012,277.899994,274.399994,275.5,241.701294,7200867
2015-03-10,275.0,276.549988,265.399994,265.899994,233.27902200000003,12214533
2015-03-11,266.100006,266.299988,259.600006,264.5,232.05079700000002,11650253
2015-03-12,265.799988,271.0,262.899994,263.700012,231.34895299999997,9272648
2015-03-13,264.0,266.299988,256.899994,259.100006,227.31327799999997,9050811
2015-03-16,259.799988,270.700012,255.399994,268.600006,235.647781,13254478
2015-03-17,275.0,275.5,264.700012,266.399994,233.717712,18474895
2015-03-18,266.700012,271.0,263.100006,270.600006,237.40242,8288101
2015-03-19,271.0,273.600006,269.299988,270.0,236.87605299999998,7083924
2015-03-20,270.700012,272.600006,268.299988,272.100006,238.71842999999998,19322478
2015-03-23,272.399994,273.799988,270.299988,272.899994,239.42025800000002,6980534
2015-03-24,273.100006,273.799988,270.721985,272.399994,238.98162799999997,5092996
2015-03-25,272.799988,272.799988,267.5,268.200012,235.29689,5512620
2015-03-26,266.399994,267.700012,263.100006,264.399994,231.96304300000003,7876817
2015-03-27,265.600006,265.600006,258.899994,262.5,230.29615800000002,5750606
2015-03-30,264.700012,265.5,261.399994,261.799988,229.68202200000002,5224026
2015-03-31,262.200012,265.100006,259.0,259.200012,227.40101600000003,8413335
2015-04-01,257.399994,260.0,253.80000299999998,258.100006,226.435959,8248076
2015-04-02,258.299988,261.399994,256.899994,260.399994,228.453781,5633516
2015-04-07,260.399994,271.299988,260.399994,269.399994,236.34965499999998,8588409
2015-04-08,268.399994,274.600006,267.899994,270.700012,237.490173,9787616
2015-04-09,271.700012,274.899994,270.899994,273.899994,240.297577,6874750
2015-04-10,275.0,277.799988,272.699005,277.399994,243.368164,5839478
2015-04-13,277.100006,278.299988,272.899994,274.899994,241.174927,5334511
2015-04-14,274.0,277.399994,271.700012,275.0,241.262634,5057551
2015-04-15,275.700012,288.399994,274.600006,284.700012,249.772675,11573947
2015-04-16,286.0,286.0,276.299988,277.899994,243.80687000000003,10534865
2015-04-17,278.0,280.010986,273.899994,275.200012,241.438141,6366855
2015-04-20,275.299988,278.299988,272.799988,274.600006,240.91169700000003,5196897
2015-04-21,275.100006,277.600006,271.600006,273.200012,239.683487,5282686
2015-04-22,271.5,273.200012,261.72601299999997,263.0,230.73481800000002,18165117
2015-04-23,262.899994,267.700012,261.100006,267.0,234.24411,10047624
2015-04-24,267.0,268.700012,264.399994,268.100006,235.209152,6436836
2015-04-27,267.700012,269.592987,261.799988,266.0,233.366776,7227464
2015-04-28,266.600006,267.899994,263.399994,266.100006,233.45451400000002,5302776
2015-04-29,267.799988,271.299988,263.600006,268.299988,235.384613,7271675
2015-04-30,272.600006,272.600006,267.399994,272.100006,238.71842999999998,9456586
2015-05-01,274.100006,274.100006,269.5,271.700012,238.367523,4090294
2015-05-05,271.700012,276.399994,269.899994,275.0,241.262634,6851888
2015-05-06,279.0,279.0,259.600006,266.299988,233.629944,22416879
2015-05-07,266.700012,268.799988,263.799988,267.0,234.24411,8385129
2015-05-08,271.200012,279.600006,270.184998,278.0,243.894592,16752226
2015-05-11,279.0,285.990997,276.5,281.5,246.96521,8753714
2015-05-12,281.200012,283.0,275.5,279.0,244.77191200000001,8506933
2015-05-13,279.399994,279.600006,273.850006,275.5,241.701294,10861324
2015-05-14,267.200012,271.299988,264.600006,269.200012,243.419357,8945093
2015-05-15,269.299988,269.899994,264.5,265.899994,240.435379,9205254
2015-05-18,266.0,269.799988,263.299988,266.200012,240.706665,5936184
2015-05-19,266.200012,267.399994,263.47000099999997,264.600006,239.25987200000003,5925488
2015-05-20,266.100006,266.100006,261.5,262.0,236.90885899999998,7136440
2015-05-21,262.0,264.929993,260.200012,260.700012,235.733368,5235681
2015-05-22,260.700012,262.625,259.67199700000003,261.299988,236.275879,5408592
2015-05-26,261.299988,261.399994,254.80000299999998,256.299988,231.75473,7080032
2015-05-27,256.5,257.399994,254.69999700000002,255.69999700000002,231.212204,7335479
2015-05-28,254.899994,258.600006,254.30000299999998,257.200012,232.568573,7797855
2015-05-29,257.600006,260.600006,251.399994,251.600006,227.504852,11532901
2015-06-01,252.0,253.80000299999998,247.69999700000002,248.0,224.249634,9033036
2015-06-02,248.30000299999998,248.67799399999998,241.600006,245.100006,221.627365,11002547
2015-06-03,245.600006,251.600006,245.100006,249.80000299999998,225.87724300000002,10050517
2015-06-04,249.0,254.035995,246.899994,250.30000299999998,226.32936099999998,8750087
2015-06-05,250.0,250.0,246.80000299999998,247.19999700000002,223.52622999999997,8645847
2015-06-08,247.30000299999998,249.02600099999998,244.600006,247.30000299999998,223.61665299999999,5899067
2015-06-09,249.399994,250.30000299999998,245.600006,249.0,225.153839,8892343
2015-06-10,249.899994,262.600006,248.70799300000002,260.299988,235.371674,20877155
2015-06-11,266.700012,267.700012,260.0,264.0,238.717331,11339901
2015-06-12,262.899994,265.0,257.963013,261.799988,236.728027,7354717
2015-06-15,262.100006,263.0,256.609985,259.200012,234.377029,7181676
2015-06-16,259.5,261.5,257.399994,260.600006,235.642944,5460930
2015-06-17,259.700012,261.799988,256.664001,259.899994,235.00997900000002,5864576
2015-06-18,260.700012,264.100006,259.299988,261.299988,236.275879,6994987
2015-06-19,261.5,267.399994,260.545013,262.899994,237.72267200000002,11063169
2015-06-22,267.600006,268.0,261.985992,265.700012,240.25453199999998,5209862
2015-06-23,267.0,271.09500099999997,263.847992,269.200012,243.419357,8058709
2015-06-24,274.200012,277.62600699999996,263.927002,275.5,249.11599700000002,15893194
2015-06-25,275.0,277.5,273.299988,274.399994,248.12135299999997,7733401
2015-06-26,277.899994,281.700012,275.86499,276.299988,249.83940099999998,11304582
2015-06-29,269.0,277.0,269.0,274.200012,247.940521,9390181
2015-06-30,272.299988,274.200012,264.799988,265.299988,239.89282200000002,13364704
2015-07-01,266.899994,266.899994,262.299988,265.299988,239.89282200000002,7624604
2015-07-02,266.600006,267.399994,264.0,266.399994,240.88748199999998,4819781
2015-07-03,266.5,266.899994,260.799988,263.299988,238.084381,3139746
2015-07-06,260.200012,267.0,260.184998,263.100006,237.90353399999998,6064575
2015-07-07,264.600006,264.799988,256.100006,257.399994,232.74940499999997,7254152
2015-07-08,258.600006,261.100006,252.97399900000002,254.5,230.12715099999997,10296504
2015-07-09,254.80000299999998,256.399994,249.69999700000002,253.5,229.22288500000002,12926976
2015-07-10,256.200012,259.399994,254.5,258.799988,234.01533500000002,11476582
2015-07-13,261.200012,264.5,259.411011,263.100006,237.90353399999998,6383778
2015-07-14,264.100006,268.0,263.399994,267.700012,242.062988,8363970
2015-07-15,269.100006,269.100006,264.47399900000005,266.600006,241.068344,6290919
2015-07-16,268.399994,268.700012,265.100006,267.899994,242.24383500000002,5489546
2015-07-17,268.399994,268.899994,265.600006,266.600006,241.068344,3816437
2015-07-20,267.299988,272.700012,265.600006,272.299988,246.22245800000002,8312854
2015-07-21,273.5,277.299988,271.5,275.700012,249.296875,9045894
2015-07-22,273.799988,275.899994,271.372009,272.600006,246.493729,6267761
2015-07-23,271.0,274.200012,263.100006,266.600006,241.068344,18394230
2015-07-24,265.100006,266.399994,262.200012,262.5,237.360977,9530549
2015-07-27,261.0,261.799988,258.299988,260.0,235.10041800000002,8018808
2015-07-28,260.700012,262.600006,258.299988,259.299988,234.467438,7652115
2015-07-29,259.299988,262.600006,259.299988,261.600006,236.54717999999997,8570073
2015-07-30,262.0,263.33700600000003,259.799988,260.799988,235.82377599999998,5344601
2015-07-31,261.899994,264.899994,259.100006,264.899994,239.531158,10505617
2015-08-03,263.700012,264.899994,260.5,263.399994,238.174789,5748258
2015-08-04,263.0,264.100006,261.0,261.899994,236.818436,4840079
2015-08-05,262.0,267.299988,261.700012,264.700012,239.35031099999998,6657431
2015-08-06,263.5,267.799988,262.399994,266.600006,241.068344,5127766
2015-08-07,265.799988,268.261993,264.200012,267.700012,242.062988,5895247
2015-08-10,267.700012,268.799988,260.799988,264.399994,239.079025,4278444
2015-08-11,264.0,264.899994,257.600006,258.299988,233.56321699999998,6564145
2015-08-12,256.0,260.847992,250.80000299999998,252.30000299999998,228.13781699999998,7865377
2015-08-13,253.0,255.600006,251.5,253.100006,228.861221,9494570
2015-08-14,254.100006,256.899994,253.100006,254.899994,230.4888,4167606
2015-08-17,256.799988,256.799988,252.600006,253.399994,229.132477,3137254
2015-08-18,252.600006,254.600006,252.19999700000002,252.5,228.31866499999998,5043762
2015-08-19,252.100006,252.30000299999998,245.80000299999998,246.19999700000002,222.621979,6718723
2015-08-20,245.0,248.100006,242.19999700000002,245.80000299999998,222.260315,6109353
2015-08-21,242.899994,247.399994,239.600006,239.600006,216.65406800000002,5562700
2015-08-24,232.5,236.69999700000002,230.100006,231.899994,209.691467,18428432
2015-08-25,234.5,238.80000299999998,232.69999700000002,237.69999700000002,214.936005,8625142
2015-08-26,235.0,240.126007,233.19999700000002,235.899994,213.30841099999998,9812320
2015-08-27,240.0,241.69999700000002,237.100006,240.5,217.467865,7296284
2015-08-28,240.69999700000002,242.69999700000002,237.88900800000002,242.69999700000002,219.45718399999998,6483669
2015-09-01,242.69999700000002,242.69999700000002,236.69999700000002,237.899994,215.116852,15761375
2015-09-02,237.399994,240.100006,234.69999700000002,237.100006,214.393494,8343294
2015-09-03,239.100006,245.80000299999998,238.15899700000003,243.30000299999998,219.99974100000003,6646095
2015-09-04,241.100006,241.80000299999998,237.399994,237.399994,214.66474900000003,7720577
2015-09-07,239.30000299999998,240.0,234.964005,235.399994,212.85629300000002,3508545
2015-09-08,236.5,241.600006,235.90800499999997,238.5,215.65940899999998,6299796
2015-09-09,243.30000299999998,246.5,241.80000299999998,243.399994,220.09016400000002,5356827
2015-09-10,242.19999700000002,242.399994,237.96299700000003,238.899994,216.021088,7915618
2015-09-11,239.100006,239.600006,232.899994,233.399994,211.047821,5995194
2015-09-14,233.5,236.100006,229.30000299999998,229.600006,207.61174,6639204
2015-09-15,229.0,229.873993,221.30000299999998,228.600006,206.707504,8114278
2015-09-16,229.399994,232.30000299999998,228.600006,231.19999700000002,209.058517,5335401
2015-09-17,231.5,231.5,224.80000299999998,225.0,203.45228600000002,9201121
2015-09-18,224.5,229.899994,224.100006,228.30000299999998,206.436234,10398081
2015-09-21,227.80000299999998,232.899994,227.19999700000002,231.600006,209.42021200000002,6349362
2015-09-22,232.100006,234.19999700000002,227.30000299999998,227.80000299999998,205.98413100000002,10863985
2015-09-23,227.80000299999998,231.100006,226.100006,228.69999700000002,206.797928,6722722
2015-09-24,228.399994,228.69999700000002,223.19999700000002,223.69999700000002,202.276764,8725823
2015-09-25,226.399994,229.899994,223.69999700000002,226.600006,204.899048,8214116
2015-09-28,226.600006,228.936005,225.100006,226.100006,204.44693,5851214
2015-09-29,223.899994,233.899994,223.399994,229.30000299999998,207.340485,9581984
2015-09-30,250.5,264.0,250.5,261.0,236.004623,31115816
2015-10-01,261.0,262.600006,252.399994,256.0,231.483475,14087666
2015-10-02,258.399994,260.100006,254.936996,259.299988,234.467438,7683223
2015-10-05,263.399994,266.600006,262.200012,266.600006,241.068344,12456559
2015-10-06,267.0,272.93701200000004,266.632996,272.399994,246.312881,8161441
2015-10-07,271.899994,274.0,269.299988,272.100006,246.04162599999998,9002242
2015-10-08,272.100006,274.200012,268.87399300000004,272.799988,246.67454500000002,7403312
2015-10-09,274.700012,276.013,272.0,275.700012,249.296875,8677133
2015-10-12,274.799988,275.85199,269.600006,271.200012,245.227829,6258962
2015-10-13,270.5,271.0,262.65799,263.700012,238.446075,10149617
2015-10-14,261.899994,265.5,260.5,262.200012,237.08972200000002,8039097
2015-10-15,264.0,264.899994,261.700012,262.799988,237.632248,3899326
2015-10-16,262.5,268.510986,262.5,264.899994,239.531158,7129001
2015-10-19,264.299988,267.100006,262.700012,263.600006,238.355637,3305284
2015-10-20,264.799988,266.200012,261.799988,265.600006,240.16412400000002,7338943
2015-10-21,265.600006,266.62600699999996,262.399994,264.600006,239.25987200000003,4603155
2015-10-22,263.5,267.799988,263.5,265.799988,240.344925,4128795
2015-10-23,266.700012,269.899994,264.899994,269.200012,243.419357,5271420
2015-10-26,269.0,274.5,266.200012,271.100006,245.13740499999997,4954581
2015-10-27,271.100006,271.399994,266.5,266.899994,241.3396,4411950
2015-10-28,268.100006,270.600006,266.0,269.0,243.238525,5440893
2015-10-29,269.299988,271.399994,268.100006,269.299988,243.50975,3790028
2015-10-30,270.100006,270.5,264.963013,266.399994,240.88748199999998,6167178
2015-11-02,265.899994,268.0,264.600006,267.100006,241.520477,4381598
2015-11-03,268.200012,271.399994,267.5,269.399994,243.600189,4986167
2015-11-04,270.700012,279.899994,269.399994,277.0,250.47235099999997,8654947
2015-11-05,276.700012,277.700012,273.100006,275.0,248.66386400000002,12422985
2015-11-06,274.799988,276.5,272.700012,274.600006,248.302185,4025172
2015-11-09,273.899994,277.399994,273.200012,273.299988,247.12667799999997,7415360
2015-11-10,273.5,274.200012,266.444,272.600006,246.493729,8702369
2015-11-11,277.899994,279.0,252.69999700000002,253.30000299999998,229.04206800000003,19685030
2015-11-12,250.0,252.119003,241.899994,243.0,219.72847000000002,14618612
2015-11-13,241.5,245.30000299999998,240.399994,241.100006,218.01042200000003,9168888
2015-11-16,239.899994,243.19999700000002,236.30000299999998,243.19999700000002,219.909302,6982842
2015-11-17,243.899994,251.899994,243.19999700000002,248.399994,224.611313,10194235
2015-11-18,247.0,256.299988,246.0,253.600006,229.313339,8315540
2015-11-19,250.5,255.69999700000002,250.5,253.19999700000002,232.620743,7687920
2015-11-20,254.30000299999998,256.761993,253.600006,253.69999700000002,233.080078,6874060
2015-11-23,252.600006,252.899994,248.130997,249.600006,229.313339,4006602
2015-11-24,248.5,251.100006,247.399994,250.19999700000002,229.86456299999998,5962302
2015-11-25,251.19999700000002,253.600006,249.899994,252.399994,231.88575699999998,4728566
2015-11-26,253.30000299999998,258.100006,252.979004,258.100006,237.122467,4477728
2015-11-27,257.100006,258.399994,255.30000299999998,256.100006,235.285019,4085430
2015-11-30,255.5,256.399994,252.30000299999998,253.80000299999998,233.17195099999998,7116033
2015-12-01,254.0,255.5,250.19999700000002,252.69999700000002,232.16137700000002,6381661
2015-12-02,254.100006,254.149994,250.19999700000002,251.600006,231.15077200000002,4670443
2015-12-03,250.80000299999998,255.899994,246.19999700000002,246.19999700000002,226.189667,7692591
2015-12-04,245.30000299999998,248.899994,243.5,245.0,225.087219,7286023
2015-12-07,245.19999700000002,245.751999,241.69999700000002,241.69999700000002,222.05540499999998,5264925
2015-12-08,242.0,253.100006,241.100006,244.69999700000002,224.81158399999998,9203164
2015-12-09,244.30000299999998,247.399994,242.80000299999998,245.5,225.54655499999998,7591002
2015-12-10,244.0,245.80000299999998,240.30000299999998,241.5,221.871674,5942970
2015-12-11,240.600006,241.19999700000002,234.399994,235.0,215.89996299999999,8766125
2015-12-14,235.100006,244.80000299999998,235.100006,236.899994,217.645538,6715653
2015-12-15,238.69999700000002,249.5,237.100006,249.30000299999998,229.03772,11168650
2015-12-16,249.80000299999998,249.80000299999998,243.600006,248.19999700000002,228.0271,11009023
2015-12-17,253.30000299999998,261.108002,251.100006,255.80000299999998,235.00939900000003,10576203
2015-12-18,253.600006,257.200012,251.899994,255.19999700000002,234.45816000000002,9725959
2015-12-21,254.100006,263.306,253.5,259.600006,238.500565,6752847
2015-12-22,260.600006,262.0,255.899994,259.100006,238.04119900000003,4403748
2015-12-23,260.200012,266.600006,260.200012,266.0,244.380371,5924415
2015-12-24,265.100006,267.600006,263.692993,266.399994,244.747879,762488
2015-12-29,266.399994,267.200012,262.5,264.899994,243.36979700000003,6943423
2015-12-30,263.299988,264.156006,260.100006,261.700012,240.42988599999998,4819409
2015-12-31,260.799988,260.799988,253.5,258.799988,237.765564,3187211
2016-01-04,258.799988,258.799988,252.69999700000002,255.30000299999998,234.55004900000003,7610953
2016-01-05,255.80000299999998,276.0,239.955002,242.100006,222.422913,19315051
2016-01-06,241.0,247.0,239.72799700000002,241.0,221.412308,12092234
2016-01-07,237.100006,241.371002,234.69999700000002,238.69999700000002,219.29924,8852420
2016-01-08,240.30000299999998,242.80000299999998,238.401993,241.899994,222.239166,8140925
2016-01-11,241.899994,246.399994,239.80000299999998,243.30000299999998,223.525375,16629715
2016-01-12,247.100006,254.69999700000002,245.80000299999998,251.19999700000002,230.783264,13900613
2016-01-13,252.69999700000002,253.03100600000002,244.69999700000002,247.69999700000002,227.56774900000002,13334345
2016-01-14,246.30000299999998,252.0,245.0,250.0,229.68080099999997,9534015
2016-01-15,249.19999700000002,252.80000299999998,241.399994,243.899994,224.076584,9106022
2016-01-18,242.5,245.399994,237.600006,239.5,220.03421,4989679
2016-01-19,243.30000299999998,243.5,238.19999700000002,239.0,219.57486,5948685
2016-01-20,234.30000299999998,239.0,230.5,232.899994,213.970627,6801302
2016-01-21,234.19999700000002,236.30000299999998,229.5,231.100006,212.31694,11419152
2016-01-22,233.80000299999998,236.69999700000002,232.0,233.600006,214.61377000000002,8906775
2016-01-25,235.19999700000002,235.80000299999998,230.100006,231.600006,212.776306,5427300
2016-01-26,228.600006,231.899994,227.0,231.0,212.225067,5975374
2016-01-27,230.30000299999998,235.5,228.80000299999998,235.5,216.359329,7398173
2016-01-28,234.5,240.100006,234.100006,236.69999700000002,217.461792,6154325
2016-01-29,238.100006,245.899994,235.69999700000002,245.100006,225.179077,10200000
2016-02-01,245.899994,247.0,241.399994,244.600006,224.719711,6852596
2016-02-02,244.19999700000002,252.899994,242.30000299999998,250.5,230.140167,16194761
2016-02-03,248.19999700000002,250.399994,242.399994,244.5,224.627823,11442054
2016-02-04,247.0,247.0,241.899994,245.100006,225.179077,6430000
2016-02-05,246.0,252.399994,245.399994,250.899994,230.50764500000002,8926827
2016-02-08,251.100006,253.30000299999998,241.84899900000002,242.899994,223.15786699999998,9862042
2016-02-09,243.80000299999998,250.100006,239.100006,242.5,222.790405,5975252
2016-02-10,243.0,246.80000299999998,239.897995,240.30000299999998,220.769196,5017339
2016-02-11,238.5,239.30000299999998,233.82899500000002,236.399994,217.18617200000003,5936021
2016-02-12,237.69999700000002,240.0,234.30000299999998,239.30000299999998,219.85046400000002,5294813
2016-02-15,243.30000299999998,248.00900299999998,242.667999,247.19999700000002,227.108368,5439407
2016-02-16,248.100006,250.399994,245.80000299999998,249.600006,229.313339,5700550
2016-02-17,255.100006,262.600006,254.19999700000002,261.5,240.24614,10907671
2016-02-18,261.700012,268.02999900000003,260.200012,263.100006,241.71609500000002,6946980
2016-02-19,263.0,263.200012,257.100006,261.100006,239.87864700000003,4773926
2016-02-22,260.0,261.100006,254.5,255.19999700000002,234.45816000000002,6980142
2016-02-23,254.30000299999998,254.5,249.69999700000002,251.30000299999998,230.87515299999998,4548014
2016-02-24,250.69999700000002,251.19999700000002,245.964005,247.600006,227.47587599999997,4667807
2016-02-25,250.19999700000002,253.600006,246.69999700000002,250.0,229.68080099999997,3455463
2016-02-26,251.69999700000002,254.19999700000002,251.600006,252.80000299999998,232.25325,4299557
2016-02-29,251.5,254.399994,249.19999700000002,254.399994,233.723175,7580345
2016-03-01,254.80000299999998,260.5,253.80000299999998,259.399994,238.316803,7789201
2016-03-02,261.299988,263.119995,260.0,262.0,240.70549,11954182
2016-03-03,262.799988,269.899994,262.0,264.299988,242.81854199999998,19721570
2016-03-04,266.0,269.600006,264.299988,267.200012,245.482834,5407482
2016-03-07,267.0,270.600006,265.100006,270.5,248.514648,6021304
2016-03-08,269.399994,270.799988,264.5,266.899994,245.20721400000002,5963247
2016-03-09,267.200012,270.399994,265.200012,267.799988,246.034073,6251175
2016-03-10,269.100006,271.399994,265.100006,266.0,244.380371,7852662
2016-03-11,268.700012,274.200012,267.799988,273.299988,251.08705099999997,5988298
2016-03-14,273.200012,280.899994,272.727997,280.600006,257.793732,9019429
2016-03-15,279.899994,283.399994,276.700012,277.600006,255.037598,12383464
2016-03-16,279.0,281.899994,276.700012,279.5,256.783173,9271621
2016-03-17,281.100006,283.0,278.299988,281.5,258.620575,15280155
2016-03-18,281.299988,284.0,270.399994,273.200012,250.99519300000003,27099524
2016-03-21,274.899994,280.299988,269.399994,276.5,254.026962,19654366
2016-03-22,275.5,280.0,273.700012,280.0,257.242523,13302881
2016-03-23,280.399994,284.899994,278.899994,280.600006,257.793732,8260842
2016-03-24,278.700012,279.0,274.399994,275.600006,253.200119,5171010
2016-03-29,275.600006,279.600006,274.200012,276.0,253.567596,4547910
2016-03-30,278.100006,280.899994,277.89401200000003,280.899994,258.06933599999996,4795052
2016-03-31,280.0,280.600006,275.200012,276.299988,253.843231,5411778
2016-04-01,274.100006,276.600006,269.0,276.600006,254.11883500000002,8264012
2016-04-04,276.399994,278.399994,275.0,276.799988,254.30256699999998,5690839
2016-04-05,275.700012,280.100006,273.5,278.299988,255.680679,7611953
2016-04-06,279.100006,279.799988,277.0,279.700012,256.966888,7836285
2016-04-07,283.399994,288.04599,282.600006,287.200012,263.85733,13955844
2016-04-08,287.200012,289.399994,286.0,288.5,265.051636,6736818
2016-04-11,287.799988,292.399994,286.5,290.899994,267.256561,7388542
2016-04-12,290.600006,291.5,283.600006,285.799988,262.571106,9234101
2016-04-13,285.299988,290.600006,281.399994,286.0,262.754852,8216292
2016-04-14,287.0,287.26001,284.0,285.5,262.295502,4634863
2016-04-15,285.5,286.899994,283.600006,284.899994,261.744263,7475475
2016-04-18,285.600006,290.200012,280.200012,289.200012,265.69476299999997,10158199
2016-04-19,289.5,293.0,289.5,292.5,268.726563,11954184
2016-04-20,292.200012,293.700012,290.600006,292.200012,268.450928,7358665
2016-04-21,293.799988,293.806,288.200012,288.799988,265.327271,6343967
2016-04-22,288.700012,294.399994,288.100006,292.399994,268.634674,7263626
2016-04-25,292.0,292.799988,286.0,289.700012,266.154114,4340302
2016-04-26,290.100006,290.899994,287.799988,288.299988,264.867889,4433666
2016-04-27,287.5,290.299988,283.799988,290.299988,266.705353,7127033
2016-04-28,288.100006,291.799988,286.799988,291.799988,268.08340499999997,9976039
2016-04-29,289.399994,291.5,288.100006,288.899994,265.419128,4524822
2016-05-03,288.899994,290.600006,281.899994,285.700012,262.479279,6898099
2016-05-04,276.0,282.399994,263.100006,267.799988,246.034073,17326577
2016-05-05,267.299988,272.25698900000003,261.799988,266.600006,244.931625,9275717
2016-05-06,266.299988,267.899994,264.0,266.5,244.839752,5472785
2016-05-09,268.0,268.600006,262.700012,264.200012,242.7267,7378442
2016-05-10,266.0,266.899994,263.5,264.600006,243.094177,5513485
2016-05-11,263.799988,265.200012,261.600006,263.0,241.62420699999998,7265791
2016-05-12,254.19999700000002,258.200012,251.899994,252.5,239.349213,7461778
2016-05-13,251.600006,255.899994,250.600006,255.19999700000002,241.90858500000002,5977844
2016-05-16,253.5,257.700012,253.459,256.399994,243.04608199999998,4127456
2016-05-17,257.399994,258.799988,253.30000299999998,253.5,240.29715,3550216
2016-05-18,253.30000299999998,254.0,251.100006,253.399994,240.20233199999998,5236719
2016-05-19,251.80000299999998,255.30000299999998,250.399994,251.899994,238.78045699999998,5886713
2016-05-20,254.5,261.299988,254.0,260.600006,247.027374,7338380
2016-05-23,261.200012,261.602997,258.299988,258.299988,244.847122,5799737
2016-05-24,258.299988,266.5,257.600006,264.100006,250.34504700000002,6107996
2016-05-25,265.200012,265.200012,261.600006,262.899994,249.207565,4683126
2016-05-26,263.899994,269.799988,263.100006,267.600006,253.662796,6328688
2016-05-27,267.100006,269.399994,266.399994,269.299988,255.27423100000001,4498556
2016-05-31,269.299988,270.399994,266.799988,268.5,254.5159,6140176
2016-06-01,267.399994,268.149994,255.899994,256.899994,243.52005,11192597
2016-06-02,256.600006,257.899994,255.30000299999998,256.899994,243.52005,7612461
2016-06-03,257.5,258.0,244.5,246.19999700000002,233.37733500000002,12948958
2016-06-06,246.19999700000002,249.399994,246.01199300000002,247.600006,234.70442200000002,5687237
2016-06-07,249.0,249.0,245.19999700000002,246.69999700000002,233.85128799999998,7690555
2016-06-08,250.899994,254.0,243.30000299999998,250.600006,237.548187,13663794
2016-06-09,250.69999700000002,254.399994,247.5,247.5,234.60963399999997,7090771
2016-06-10,247.30000299999998,248.0,241.30000299999998,241.80000299999998,229.206497,7155274
2016-06-13,241.0,244.5,235.80000299999998,238.19999700000002,225.793991,9352583
2016-06-14,236.899994,238.100006,230.80000299999998,231.0,218.96899399999998,10797463
2016-06-15,233.0,235.69999700000002,223.0,231.80000299999998,219.727325,8866077
2016-06-16,228.899994,230.723007,228.19999700000002,230.5,218.49502599999997,6207791
2016-06-17,232.399994,240.438004,230.0,231.600006,219.537735,9685424
2016-06-20,236.0,245.899994,236.0,244.5,231.76586899999998,10179347
2016-06-21,244.0,247.100006,241.0,245.5,232.71379100000001,8137484
2016-06-22,247.399994,248.399994,243.899994,244.69999700000002,231.955444,5051778
2016-06-23,247.399994,248.5,244.600006,246.5,233.661713,4666794
2016-06-24,220.0,235.0,211.5,227.19999700000002,215.36691299999998,22409737
2016-06-27,222.899994,225.0,214.80000299999998,217.80000299999998,206.456467,16180518
2016-06-28,222.69999700000002,224.899994,220.899994,222.0,210.437714,10283202
2016-06-29,226.19999700000002,231.600006,224.5,229.80000299999998,217.831482,13534327
2016-06-30,227.899994,232.399994,223.600006,232.30000299999998,220.201279,12746989
2016-07-01,233.899994,237.69999700000002,231.69999700000002,236.100006,223.803375,10563711
2016-07-04,237.5,237.5,229.80000299999998,230.899994,218.87419100000002,9572394
2016-07-05,231.69999700000002,231.69999700000002,222.100006,222.899994,211.29083300000002,13880152
2016-07-06,222.0,222.399994,212.600006,214.600006,203.423141,15109583
2016-07-07,216.899994,219.600006,213.69999700000002,217.30000299999998,205.98251299999998,7506978
2016-07-08,216.80000299999998,225.19999700000002,216.600006,223.899994,212.23877000000002,9764690
2016-07-11,224.899994,232.69999700000002,218.600006,227.30000299999998,215.4617,8750417
2016-07-12,227.0,231.5,226.972,230.19999700000002,218.210648,8498738
2016-07-13,230.30000299999998,232.100006,228.399994,230.30000299999998,218.30543500000002,5844354
2016-07-14,232.399994,233.80000299999998,230.035995,231.30000299999998,219.253372,6811645
2016-07-15,230.5,230.97000099999997,226.5,229.19999700000002,217.262741,6908773
2016-07-18,229.600006,232.233002,228.600006,230.5,218.49502599999997,4995818
2016-07-19,229.5,229.80000299999998,226.600006,227.5,215.65127599999997,4049887
2016-07-20,228.899994,230.326004,227.30000299999998,229.5,217.547104,6400091
2016-07-21,230.100006,231.30000299999998,226.69999700000002,228.0,216.125229,4330299
2016-07-22,227.600006,229.100006,224.600006,225.100006,213.37628199999997,13779544
2016-07-25,225.80000299999998,229.80000299999998,225.16000400000001,227.80000299999998,215.935654,11223449
2016-07-26,229.399994,229.399994,221.69999700000002,223.100006,211.48045299999998,10056666
2016-07-27,223.30000299999998,227.0,222.78300499999997,225.899994,214.134598,6362429
2016-07-28,226.600006,227.899994,223.399994,223.600006,211.95440699999997,5741205
2016-07-29,225.19999700000002,225.19999700000002,222.600006,224.30000299999998,212.61793500000002,5299245
2016-08-01,225.600006,225.600006,220.899994,223.5,211.859604,7182700
2016-08-02,223.19999700000002,223.600006,221.19999700000002,222.30000299999998,210.722092,6140830
2016-08-03,222.399994,223.649002,220.13999900000002,222.5,210.911667,4393193
2016-08-04,222.5,229.600006,222.5,226.80000299999998,214.987747,6706079
2016-08-05,226.899994,231.32899500000002,226.399994,229.899994,217.92627000000002,5881421
2016-08-08,230.0,235.100006,228.899002,233.69999700000002,221.528366,8889399
2016-08-09,234.399994,237.19999700000002,233.399994,235.899994,223.613785,9090688
2016-08-10,235.899994,236.80000299999998,233.600006,234.5,222.28669700000003,8410353
2016-08-11,235.0,235.5,231.80000299999998,232.69999700000002,220.580444,5280730
2016-08-12,232.100006,238.600006,231.5,237.600006,225.225235,5452575
2016-08-15,238.19999700000002,239.0,233.681,235.0,222.76066600000001,5918817
2016-08-16,234.0,236.669006,231.899994,235.0,222.76066600000001,8987537
2016-08-17,236.100006,236.5,232.5,234.399994,222.19191,12205818
2016-08-18,236.30000299999998,242.30000299999998,234.399994,241.600006,229.01690699999997,8376016
2016-08-19,241.19999700000002,242.69999700000002,239.899994,242.100006,229.490875,7798113
2016-08-22,240.899994,243.69999700000002,240.19999700000002,241.69999700000002,229.111694,6910656
2016-08-23,243.100006,246.5,241.69999700000002,244.899994,232.145035,8044084
2016-08-24,243.80000299999998,246.19999700000002,242.399994,243.19999700000002,230.533569,6435964
2016-08-25,242.600006,244.376007,240.80000299999998,242.399994,229.775253,5536628
2016-08-26,242.100006,246.0,240.0,241.5,228.92211899999998,5192077
2016-08-30,241.5,244.399994,240.30000299999998,242.80000299999998,230.154419,8875860
2016-08-31,241.80000299999998,242.899994,238.354996,240.30000299999998,227.784622,35367582
2016-09-01,241.19999700000002,244.30000299999998,240.5,242.0,229.396088,8761139
2016-09-02,243.19999700000002,247.69999700000002,240.399994,246.100006,233.28254700000002,12664798
2016-09-05,246.0,248.100006,245.100006,246.30000299999998,233.472122,7406608
2016-09-06,247.80000299999998,247.80000299999998,244.0,244.600006,231.86067200000002,8277744
2016-09-07,244.30000299999998,245.600006,243.399994,244.100006,231.38670299999998,7379557
2016-09-08,244.80000299999998,247.899994,242.399994,244.69999700000002,231.955444,8835280
2016-09-09,244.19999700000002,246.5,239.975006,241.0,228.44816600000001,5991306
2016-09-12,238.5,240.399994,234.600006,238.899994,226.457535,6612349
2016-09-13,239.899994,241.882004,235.899994,235.899994,223.613785,5752346
2016-09-14,237.100006,237.30000299999998,234.539993,235.100006,222.85545299999998,5524221
2016-09-15,235.0,240.899994,235.0,240.0,227.50024399999998,8913809
2016-09-16,240.0,241.5,238.69999700000002,240.30000299999998,227.784622,9854918
2016-09-19,242.0,247.399994,240.173996,246.5,233.661713,7829894
2016-09-20,245.69999700000002,246.399994,242.80000299999998,244.5,231.76586899999998,9354338
2016-09-21,245.600006,250.600006,239.0,249.399994,236.41066,7825693
2016-09-22,251.0,253.608994,248.761002,251.69999700000002,238.590881,5595011
2016-09-23,251.100006,253.899994,249.5,253.899994,240.6763,6182117
2016-09-26,252.5,252.5,247.80000299999998,248.69999700000002,235.747116,11085658
2016-09-27,250.69999700000002,251.5,247.899994,250.80000299999998,237.737762,6985240
2016-09-28,250.0,254.5,240.33599900000002,241.0,228.44816600000001,23047499
2016-09-29,242.399994,243.76499900000002,240.5,242.399994,229.775253,12340929
2016-09-30,240.0,245.80000299999998,237.505997,245.80000299999998,232.998169,9726005
2016-10-03,244.5,246.399994,243.80000299999998,245.0,232.239838,8404807
2016-10-04,245.100006,252.100006,245.100006,250.19999700000002,237.169006,11631894
2016-10-05,256.899994,257.700012,248.27999900000003,248.30000299999998,235.36795,14943924
2016-10-06,247.100006,248.5,244.0,244.899994,232.145035,7735545
2016-10-07,244.899994,245.0,232.0,232.0,219.91690099999997,22504449
2016-10-10,232.100006,239.330002,229.55499300000002,233.80000299999998,221.623154,9203518
2016-10-11,233.100006,235.00999500000003,231.600006,232.80000299999998,220.675247,9899473
2016-10-12,233.5,235.30000299999998,232.32000699999998,233.30000299999998,221.1492,8781099
2016-10-13,231.100006,232.5,228.82000699999998,231.19999700000002,219.158569,9863996
2016-10-14,232.100006,235.069,231.358994,232.899994,220.77002000000002,7947474
2016-10-17,233.899994,233.899994,228.399994,229.30000299999998,217.357529,9962707
2016-10-18,230.0,235.69999700000002,229.5,235.0,222.76066600000001,9538408
2016-10-19,236.0,238.05000299999998,233.100006,237.899994,225.509613,6794776
2016-10-20,238.80000299999998,240.0,236.19999700000002,238.69999700000002,226.267944,7269107
2016-10-21,239.30000299999998,243.80000299999998,238.19999700000002,240.899994,228.353363,7809471
2016-10-24,241.19999700000002,244.5,240.5,242.600006,229.964844,7411160
2016-10-25,243.19999700000002,244.399994,239.69999700000002,240.19999700000002,227.689819,8777783
2016-10-26,242.80000299999998,245.10299700000002,240.899994,243.399994,230.72316,7400131
2016-10-27,242.600006,244.0,240.809998,244.0,231.29191600000001,6655624
2016-10-28,243.0,255.30000299999998,239.003006,254.0,240.77110299999998,17199167
2016-10-31,252.69999700000002,253.899994,248.899994,250.899994,237.832535,13415037
2016-11-01,250.899994,254.399994,249.80000299999998,253.69999700000002,240.486725,10948273
2016-11-02,251.600006,253.69999700000002,249.72099300000002,252.899994,239.728363,9108290
2016-11-03,252.19999700000002,263.200012,252.19999700000002,258.600006,245.131531,22984339
2016-11-04,255.600006,256.299988,252.69999700000002,254.80000299999998,241.52943399999998,8334365
2016-11-07,257.299988,259.0,253.69999700000002,255.600006,242.287766,10084781
2016-11-08,254.30000299999998,257.399994,253.19999700000002,255.5,242.192963,11096736
2016-11-09,243.0,255.852005,236.399994,238.69999700000002,226.267944,37244696
2016-11-10,236.69999700000002,239.69999700000002,228.69999700000002,230.5,218.49502599999997,23218058
2016-11-11,231.0,238.69999700000002,229.100006,235.19999700000002,222.950241,13937237
2016-11-14,237.100006,240.160995,233.229996,236.5,224.18252599999997,9463249
2016-11-15,241.600006,245.0,239.80000299999998,241.69999700000002,229.111694,12679059
2016-11-16,241.5,244.80000299999998,238.80000299999998,239.399994,226.931488,11506682
2016-11-17,238.0,243.17999300000002,235.899994,237.600006,228.66380299999997,6757440
2016-11-18,237.69999700000002,240.70300299999997,237.19999700000002,238.899994,229.914902,8828570
2016-11-21,240.100006,240.100006,233.600006,236.19999700000002,227.316452,7708838
2016-11-22,237.100006,239.100006,236.600006,237.30000299999998,228.375092,7176266
2016-11-23,238.19999700000002,239.399994,234.69999700000002,234.80000299999998,225.969116,7127581
2016-11-24,235.399994,237.417999,233.0,236.0,227.123962,5704201
2016-11-25,236.69999700000002,237.0,232.30000299999998,236.0,227.123962,5318594
2016-11-28,235.0,237.100006,231.80000299999998,232.80000299999998,224.044327,7526385
2016-11-29,232.0,234.399994,231.15100099999998,233.19999700000002,224.429276,5476430
2016-11-30,232.5,234.78399700000003,229.91000400000001,231.0,222.312027,13034404
2016-12-01,230.600006,231.100006,227.0,228.69999700000002,220.09852599999996,6551663
2016-12-02,227.600006,230.399994,224.100006,229.0,220.387238,7507280
2016-12-05,228.399994,233.80000299999998,228.19999700000002,231.5,222.79321299999998,5163964
2016-12-06,231.399994,234.80000299999998,230.100006,234.5,225.68038900000002,6322324
2016-12-07,236.5,240.600006,235.100006,240.600006,231.55096400000002,9451124
2016-12-08,240.80000299999998,244.63000499999998,238.5,243.399994,234.24565099999998,18300615
2016-12-09,243.0,247.30000299999998,243.0,247.0,237.71026600000002,9339720
2016-12-12,247.600006,247.600006,241.100006,242.0,232.898315,7618498
2016-12-13,242.5,246.399994,240.0,245.80000299999998,236.55538900000002,9968754
2016-12-14,245.100006,251.899994,244.608002,249.399994,240.019989,12921526
2016-12-15,248.5,251.61000099999998,247.69999700000002,250.600006,241.174881,7642398
2016-12-16,250.0,252.100006,248.19999700000002,250.0,240.597427,11365582
2016-12-19,250.600006,250.600006,247.69999700000002,247.899994,238.57640099999998,6487126
2016-12-20,247.80000299999998,250.100006,247.74499500000002,248.899994,239.53878799999998,7485508
2016-12-21,248.0,249.5,246.80000299999998,248.100006,238.76890600000002,7298779
2016-12-22,246.899994,249.100006,246.100006,248.69999700000002,239.34631299999998,6367418
2016-12-23,247.69999700000002,249.19999700000002,247.69999700000002,248.69999700000002,239.34631299999998,1240374
2016-12-28,248.69999700000002,249.0,246.69999700000002,248.0,238.67265299999997,3863503
2016-12-29,246.899994,250.0,246.30000299999998,250.0,240.597427,4659000
2016-12-30,250.0,250.0,247.30000299999998,249.30000299999998,239.923752,3625868
2017-01-03,249.30000299999998,254.38000499999998,249.30000299999998,252.399994,242.90715,8465678
2017-01-04,253.19999700000002,254.100006,250.5,252.399994,242.90715,9386435
2017-01-05,252.399994,253.19999700000002,250.0,250.5,241.078629,9351505
2017-01-06,250.399994,252.19999700000002,249.30000299999998,252.0,242.52221699999998,4568755
2017-01-09,253.0,254.899994,251.30000299999998,254.80000299999998,245.216904,7663524
2017-01-10,257.100006,263.0,254.80000299999998,258.799988,249.066452,16181382
2017-01-11,268.799988,277.100006,259.109985,261.399994,251.56866499999998,31040377
2017-01-12,260.5,274.99899300000004,255.399994,259.799988,250.028839,15181760
2017-01-13,260.299988,265.600006,259.299988,264.600006,254.648346,11635318
2017-01-16,265.0,265.0,261.299988,263.0,253.10849,8480430
2017-01-17,262.899994,265.335999,261.399994,265.100006,255.12953199999998,10184019
2017-01-18,265.399994,266.200012,261.799988,265.600006,255.610733,10103348
2017-01-19,266.600006,268.0,264.600006,268.0,257.92044100000004,9770501
2017-01-20,264.200012,266.600006,260.700012,262.700012,252.819794,12333772
2017-01-23,261.600006,262.25100699999996,258.5,259.799988,250.028839,8262104
2017-01-24,260.0,261.399994,254.69999700000002,256.0,246.37176499999998,9745589
2017-01-25,257.100006,257.899994,254.30000299999998,256.5,246.852966,6788282
2017-01-26,257.5,259.200012,255.19999700000002,258.100006,248.392792,6289135
2017-01-27,259.200012,260.0,252.5,254.5,244.928177,17579135
2017-01-30,253.69999700000002,260.200012,252.600006,256.899994,247.237915,13270804
2017-01-31,257.200012,261.899994,256.899994,257.899994,248.200302,10835984
2017-02-01,258.799988,261.09500099999997,257.899994,258.299988,248.58525099999997,6802960
2017-02-02,258.100006,260.209991,255.0,257.799988,248.10405,7217403
2017-02-03,258.0,264.799988,257.700012,264.799988,254.840775,12966282
2017-02-06,264.299988,265.100006,259.299988,260.0,250.221329,6444232
2017-02-07,260.100006,266.600006,257.799988,266.200012,256.18814100000003,15995280
2017-02-08,266.200012,270.200012,265.5,267.399994,257.34301800000003,15496719
2017-02-09,267.799988,269.299988,265.399994,266.700012,256.669342,8576237
2017-02-10,266.700012,268.299988,263.700012,264.600006,254.648346,7768137
2017-02-13,264.299988,267.179993,263.17199700000003,265.899994,255.899429,8891367
2017-02-14,264.799988,268.299988,264.600006,266.299988,256.284363,7298071
2017-02-15,266.600006,268.5,265.200012,266.5,256.476868,6113746
2017-02-16,265.700012,268.083008,265.299988,267.299988,257.246735,5370722
2017-02-17,267.200012,268.42099,265.600006,268.399994,258.305389,7037847
2017-02-20,268.600006,269.076996,266.200012,268.100006,258.01669300000003,5579442
2017-02-21,269.100006,269.799988,265.600006,265.799988,255.80316200000001,6761860
2017-02-22,265.5,268.700012,264.600006,267.100006,257.054321,9222456
2017-02-23,267.100006,268.100006,266.71200600000003,267.700012,257.63174399999997,5729882
2017-02-24,267.700012,267.992004,264.610992,265.600006,255.610733,7830234
2017-02-27,267.100006,270.0,265.799988,267.0,256.958038,6099403
2017-02-28,267.299988,268.399994,266.100006,267.600006,257.535492,6018926
2017-03-01,268.0,269.200012,266.26001,268.399994,258.305389,6772154
2017-03-02,267.399994,267.700012,264.299988,264.700012,254.74456800000002,9031467
2017-03-03,264.799988,266.200012,260.980011,261.399994,251.56866499999998,10036498
2017-03-06,261.700012,262.850006,259.600006,260.200012,250.41381800000002,9624700
2017-03-07,259.399994,265.135986,259.299988,263.600006,253.685944,11789157
2017-03-08,263.600006,266.799988,263.0,266.0,255.995667,9300505
2017-03-09,263.5,263.5,260.100006,262.399994,252.53106699999998,10658998
2017-03-10,261.899994,266.700012,261.799988,266.399994,256.380615,6398206
2017-03-13,265.399994,269.0,265.100006,269.0,258.882813,6775021
2017-03-14,268.600006,271.565002,268.299988,271.200012,261.000092,7787533
2017-03-15,271.600006,274.399994,270.100006,271.399994,261.192566,10438907
2017-03-16,270.0,272.5,263.0,268.100006,258.01669300000003,12838038
2017-03-17,266.399994,272.399994,266.399994,269.700012,259.556519,15669812
2017-03-20,268.5,274.600006,267.100006,274.299988,263.983459,6640770
2017-03-21,272.100006,274.589996,272.100006,273.100006,262.828644,5463740
2017-03-22,273.299988,273.299988,265.799988,266.600006,256.57312,6343760
2017-03-23,265.100006,267.0,262.700012,266.600006,256.57312,8006889
2017-03-24,266.600006,267.600006,265.0,266.600006,256.57312,4699848
2017-03-27,265.600006,267.799988,263.600006,267.799988,257.727936,4669988
2017-03-28,270.0,270.0,264.600006,264.899994,254.937042,5145832
2017-03-29,265.0,265.299988,263.5,265.0,255.033264,10696389
2017-03-30,265.200012,266.0,263.799988,265.200012,255.22576899999999,8367679
2017-03-31,265.0,265.200012,263.600006,264.299988,254.359573,10847193
2017-04-03,265.0,265.0,262.600006,263.200012,253.30099500000003,6960699
2017-04-04,263.600006,264.299988,256.600006,257.399994,247.71910099999997,11965312
2017-04-05,257.700012,258.299988,255.399994,256.299988,246.660461,9191834
2017-04-06,255.0,255.600006,251.600006,254.399994,244.83194,8704734
2017-04-07,258.0,261.899994,254.399994,261.799988,251.953629,10282580
2017-04-10,262.0,262.700012,260.0,262.600006,252.72352599999996,6204885
2017-04-11,262.399994,265.0,261.600006,265.0,255.033264,6321846
2017-04-12,264.899994,265.200012,257.847992,257.899994,248.200302,12526680
2017-04-13,257.0,259.552002,255.899994,258.399994,248.681488,6467352
2017-04-18,258.399994,258.399994,254.05000299999998,254.600006,245.024429,8374125
2017-04-19,254.30000299999998,268.5,254.30000299999998,267.399994,257.34301800000003,19721927
2017-04-20,267.799988,270.100006,263.899994,265.600006,255.610733,13069284
2017-04-21,264.899994,267.100006,264.200012,266.0,255.995667,9122431
2017-04-24,268.0,272.109985,266.308014,271.399994,261.192566,10001188
2017-04-25,271.600006,274.700012,270.200012,272.200012,261.962494,7146956
2017-04-26,272.0,273.799988,271.200012,273.600006,263.309845,5968417
2017-04-27,271.799988,274.100006,271.049011,273.899994,263.598541,5454545
2017-04-28,273.299988,275.600006,272.700012,275.399994,265.042114,13383010
2017-05-02,275.700012,282.299988,274.399994,279.5,268.987915,17088163
2017-05-03,273.0,277.0,262.399994,263.5,253.58969100000002,29223564
2017-05-04,263.5,264.635986,257.200012,259.399994,249.643875,15584848
2017-05-05,258.299988,265.0,257.600006,265.0,255.033264,13380355
2017-05-08,264.899994,269.899994,264.399994,269.5,259.364014,12775016
2017-05-09,269.5,270.100006,266.700012,269.799988,259.65271,8212256
2017-05-10,268.899994,273.600006,267.299988,271.700012,261.481293,7773514
2017-05-11,264.899994,265.299988,260.98999,265.100006,261.481293,9791541
2017-05-12,265.600006,267.299988,263.799988,264.799988,261.185364,6524605
2017-05-15,266.200012,268.200012,264.799988,266.700012,263.059448,7997021
2017-05-16,267.5,270.600006,265.399994,269.700012,266.018524,6597739
2017-05-17,269.299988,270.899994,267.60900899999996,269.100006,265.42669700000005,5760774
2017-05-18,269.600006,274.100006,266.535004,273.200012,269.470734,8472397
2017-05-19,274.200012,275.100006,270.5,274.299988,270.555695,8059281
2017-05-22,275.700012,279.299988,274.0,278.0,274.2052,6172575
2017-05-23,278.899994,279.399994,276.299988,276.700012,272.92294300000003,5773790
2017-05-24,277.299988,278.149994,276.0,277.600006,273.810669,6074872
2017-05-25,278.0,280.299988,277.799988,278.600006,274.79702799999995,4029704
2017-05-26,278.399994,283.600006,278.100006,281.700012,277.854706,8541140
2017-05-30,281.700012,281.700012,277.399994,279.700012,275.882019,6038170
2017-05-31,280.200012,282.799988,278.799988,281.0,277.164246,9466767
2017-06-01,281.0,281.5,279.100006,279.299988,275.487457,6825870
2017-06-02,280.899994,280.899994,274.399994,275.100006,271.344788,8859364
2017-06-05,275.799988,279.299988,272.299988,272.299988,268.583008,5857678
2017-06-06,272.0,272.5,269.299988,270.0,266.314392,8252320
2017-06-07,269.399994,272.100006,268.600006,268.700012,265.032166,7449591
2017-06-08,269.299988,269.459991,266.200012,267.399994,263.74987799999997,5773095
2017-06-09,267.5,267.5,258.600006,265.0,261.38266,15327842
2017-06-12,264.299988,265.600006,263.299988,265.0,261.38266,6827740
2017-06-13,266.200012,269.799988,265.399994,268.700012,265.032166,7508869
2017-06-14,268.200012,270.200012,267.600006,267.600006,263.947174,8303115
2017-06-15,265.700012,266.899994,260.600006,262.399994,258.818146,15109810
2017-06-16,263.5,266.0,249.899994,252.30000299999998,248.856018,35982898
2017-06-19,255.600006,259.299988,252.78100600000002,258.0,254.47821000000002,11527075
2017-06-20,260.200012,259.75,254.399994,254.899994,251.420517,1830534
2017-06-21,254.899994,256.321014,253.19999700000002,253.399994,249.940994,3758208
2017-06-22,253.600006,253.80000299999998,249.80000299999998,250.399994,246.98194900000001,2748710
2017-06-23,250.5,254.100006,250.0,253.399994,249.940994,551752
2017-06-26,255.100006,255.600006,252.80000299999998,255.138,251.655273,1586953
2017-06-27,254.5,255.347,253.58999599999999,253.897995,250.43219,562285
2017-06-28,254.30000299999998,259.299988,254.19999700000002,258.399994,254.872742,1317035
2017-06-29,259.399994,260.200012,255.5,255.600006,252.110977,311016
2017-06-30,255.69999700000002,255.399994,251.399994,251.69999700000002,248.264206,4360074
2017-07-03,251.69999700000002,253.80000299999998,247.5,248.899994,245.50242599999999,12666833
2017-07-04,255.0,255.80000299999998,248.0,249.600006,246.192871,8552200
2017-07-05,249.899994,252.80000299999998,248.30000299999998,251.899994,248.46147200000001,8685913
2017-07-06,251.19999700000002,252.899994,245.899994,248.19999700000002,244.811981,9886569
2017-07-07,246.899994,248.5,243.893005,246.399994,243.03654500000002,13577643
2017-07-10,246.399994,248.80000299999998,245.653,246.100006,242.740646,7563945
2017-07-11,245.19999700000002,247.30000299999998,242.80000299999998,244.19999700000002,240.866577,10843365
2017-07-12,245.0,246.899994,244.0,244.5,241.16249100000002,5738310
2017-07-13,245.100006,247.30000299999998,243.399994,246.0,242.64201400000002,9539968
2017-07-14,245.19999700000002,247.30000299999998,245.0,245.69999700000002,242.3461,5076870
2017-07-17,245.30000299999998,248.30000299999998,245.30000299999998,248.0,244.61471600000002,4301088
2017-07-18,247.899994,248.0,246.44999700000002,246.80000299999998,243.431091,6427593
2017-07-19,247.19999700000002,248.80000299999998,247.19999700000002,247.19999700000002,243.825623,5544782
2017-07-20,248.100006,250.19999700000002,248.0,248.600006,245.206528,4595035
2017-07-21,248.69999700000002,249.626999,246.356003,247.0,243.628357,4763087
2017-07-24,247.399994,247.850006,242.5,243.30000299999998,239.97886699999998,7705118
2017-07-25,243.80000299999998,246.69999700000002,243.19999700000002,245.100006,241.754303,7985353
2017-07-26,245.399994,249.69999700000002,244.444,248.5,245.10788,7576731
2017-07-27,248.100006,250.028,247.80000299999998,249.100006,245.699707,6032861
2017-07-28,247.399994,248.80000299999998,246.100006,246.69999700000002,243.332458,5132593
2017-07-31,246.30000299999998,246.899994,244.419998,244.80000299999998,241.458389,5752142
2017-08-01,246.19999700000002,248.399994,245.100006,248.30000299999998,244.910614,4916979
2017-08-02,248.600006,250.69999700000002,247.49000499999997,249.80000299999998,246.390137,6664168
2017-08-03,250.0,253.80000299999998,249.80000299999998,252.30000299999998,248.856018,5418020
2017-08-04,252.30000299999998,254.0,251.19999700000002,252.5,249.053284,5061786
2017-08-07,252.600006,253.5,249.0,250.0,246.587418,5115203
2017-08-08,250.0,250.100006,238.600006,246.19999700000002,242.839279,11401111
2017-08-09,245.0,246.80000299999998,244.0,245.80000299999998,242.444748,5552237
2017-08-10,245.5,246.100006,242.789993,243.69999700000002,240.373398,6181733
2017-08-11,243.399994,244.19999700000002,240.69999700000002,241.600006,238.30207799999997,4358885
2017-08-14,241.100006,245.561996,238.80000299999998,240.100006,236.822556,6474373
2017-08-15,241.30000299999998,243.58799700000003,240.899994,241.80000299999998,238.499344,4344076
2017-08-16,241.600006,243.5,241.30000299999998,242.600006,239.28842200000003,3582083
2017-08-17,242.69999700000002,243.0,238.899994,239.69999700000002,236.42800899999997,5593308
2017-08-18,238.899994,238.899994,236.0,237.100006,233.86351000000002,9157861
2017-08-21,236.100006,238.076004,234.5,237.600006,234.35667400000003,9713952
2017-08-22,238.19999700000002,238.69999700000002,231.774994,237.69999700000002,234.45530699999998,13430024
2017-08-23,237.0,238.899994,236.399994,236.899994,233.66622900000002,6793321
2017-08-24,238.100006,238.80000299999998,234.80000299999998,237.19999700000002,233.96212799999998,6235326
2017-08-25,236.0,237.19999700000002,231.80000299999998,236.100006,232.87715099999997,7555348
2017-08-29,236.100006,236.100006,229.80000299999998,230.69999700000002,227.550858,11997920
2017-08-30,233.0,237.30000299999998,232.0,235.80000299999998,232.58125299999998,10053740
2017-08-31,235.69999700000002,236.479004,232.19999700000002,235.600006,232.38398700000002,17735591
2017-09-01,235.19999700000002,237.0,234.19999700000002,236.100006,232.87715099999997,5417661
2017-09-04,234.0,237.5,233.80000299999998,234.100006,230.904465,4237332
2017-09-05,234.399994,237.100006,234.100006,235.80000299999998,232.58125299999998,4852054
2017-09-06,236.0,237.399994,234.0,237.0,233.76486200000002,6895070
2017-09-07,238.100006,238.100006,235.899994,237.19999700000002,233.96212799999998,6824069
2017-09-08,237.100006,237.100006,234.30000299999998,234.899994,231.693527,7656914
2017-09-11,236.399994,238.268005,235.80000299999998,236.100006,232.87715099999997,7571394
2017-09-12,236.69999700000002,240.005997,235.899994,239.100006,235.83621200000002,10371044
2017-09-13,238.399994,241.100006,237.30000299999998,239.600006,236.32937599999997,10789046
2017-09-14,239.5,241.399994,237.899994,240.399994,237.118454,15121774
2017-09-15,240.600006,240.899994,237.0,237.69999700000002,234.45530699999998,15208458
2017-09-18,238.600006,245.88000499999998,236.5,237.0,233.76486200000002,6681304
2017-09-19,236.5,243.399994,235.69999700000002,243.100006,239.78160099999997,8069555
2017-09-20,243.30000299999998,245.69999700000002,240.80000299999998,244.19999700000002,240.866577,32080070
2017-09-21,244.19999700000002,244.5,234.100006,234.30000299999998,231.10172999999998,13817730
2017-09-22,235.19999700000002,236.539993,232.399994,233.30000299999998,230.115372,9764888
2017-09-25,232.80000299999998,235.358002,232.399994,235.0,231.79216,8192172
2017-09-26,234.899994,238.92799399999998,234.30000299999998,237.899994,234.652573,10470543
2017-09-27,239.0,239.5,237.5,238.399994,235.14575200000002,11411522
2017-09-28,238.399994,238.688004,236.19999700000002,236.69999700000002,233.468964,8404214
2017-09-29,237.100006,239.899994,236.80000299999998,237.899994,234.652573,6463060
2017-10-02,237.80000299999998,242.30000299999998,237.600006,239.69999700000002,236.42800899999997,31181854
2017-10-03,242.0,248.600006,240.600006,247.5,244.121536,11454822
2017-10-04,248.0,249.399994,239.19999700000002,241.600006,238.30207799999997,14753753
2017-10-05,241.80000299999998,244.5,241.100006,243.0,239.68296800000002,5478972
2017-10-06,243.100006,243.600006,241.0,242.0,238.696609,4833656
2017-10-09,241.899994,242.5,237.19999700000002,238.399994,235.14575200000002,6737433
2017-10-10,238.0,240.399994,237.69999700000002,239.399994,236.13209500000002,7242795
2017-10-11,240.5,241.600006,238.69999700000002,239.5,236.23074300000002,8745578
2017-10-12,239.600006,240.0,238.19999700000002,240.0,236.723907,6907489
2017-10-13,240.69999700000002,242.30000299999998,239.5,241.69999700000002,238.400711,5281048
2017-10-16,242.80000299999998,244.899994,242.11999500000002,243.600006,240.27478,8600473
2017-10-17,244.399994,250.399994,243.5,247.69999700000002,244.318802,15997501
2017-10-18,247.399994,248.399994,243.69999700000002,246.30000299999998,242.937927,7816894
2017-10-19,246.30000299999998,247.479996,245.399994,246.399994,243.03654500000002,7536321
2017-10-20,246.80000299999998,248.100006,246.399994,247.69999700000002,244.318802,7872869
2017-10-23,247.100006,247.899994,245.69999700000002,246.399994,243.03654500000002,4897812
2017-10-24,245.69999700000002,248.0,243.30000299999998,246.399994,243.03654500000002,8301561
2017-10-25,245.5,247.19999700000002,243.600006,244.19999700000002,240.866577,6494177
2017-10-26,245.5,246.19999700000002,243.69999700000002,244.80000299999998,241.458389,4519382
2017-10-27,244.80000299999998,245.19999700000002,242.600006,243.0,239.68296800000002,7130809
2017-10-30,242.69999700000002,243.781998,241.899994,242.69999700000002,239.387054,9952116
2017-10-31,241.399994,244.084,241.399994,242.5,239.18978900000002,5979705
2017-11-01,240.100006,241.899994,236.399994,236.399994,233.17305,12011233
2017-11-02,236.0,238.23500099999998,235.100006,237.0,233.76486200000002,10886328
2017-11-03,237.69999700000002,238.399994,235.020004,235.100006,231.89080800000002,7991184
2017-11-06,234.30000299999998,235.149002,232.80000299999998,234.30000299999998,231.10172999999998,7886644
2017-11-07,234.19999700000002,234.350006,230.5,231.0,227.846771,11008628
2017-11-08,230.69999700000002,233.95799300000002,229.0,233.5,230.31263700000002,15032084
2017-11-09,234.19999700000002,236.71600299999997,224.899994,229.19999700000002,226.071335,22347681
2017-11-10,228.0,232.19999700000002,227.5,232.19999700000002,229.03037999999998,10541454
2017-11-13,232.5,232.649994,227.19999700000002,227.30000299999998,224.197281,16068260
2017-11-14,227.5,231.30000299999998,226.80000299999998,228.80000299999998,225.676804,10789307
2017-11-15,228.899994,230.33999599999999,226.19999700000002,227.100006,224.000015,11443285
2017-11-16,224.899994,230.30000299999998,224.80000299999998,229.100006,229.100006,9910808
2017-11-17,228.0,230.69999700000002,227.020004,227.600006,227.600006,6748576
2017-11-20,224.600006,226.69999700000002,224.30000299999998,224.80000299999998,224.80000299999998,8198741
2017-11-21,224.69999700000002,226.69999700000002,223.600006,226.69999700000002,226.69999700000002,10339410
2017-11-22,226.19999700000002,231.69999700000002,224.69999700000002,230.399994,230.399994,9519911
2017-11-23,230.5,230.5,227.600006,228.80000299999998,228.80000299999998,6649947
2017-11-24,229.30000299999998,230.0,227.19999700000002,227.399994,227.399994,4405602
2017-11-27,227.19999700000002,227.399994,225.5,226.80000299999998,226.80000299999998,4833480
2017-11-28,227.399994,229.899994,226.80000299999998,229.5,229.5,6937780
2017-11-29,230.0,236.600006,230.0,235.600006,235.600006,14237982
2017-11-30,234.30000299999998,235.600006,231.80000299999998,232.30000299999998,232.30000299999998,12570977
2017-12-01,232.30000299999998,234.600006,230.5,233.0,233.0,6495187
2017-12-04,235.0,235.0,231.69999700000002,232.899994,232.899994,9862743
2017-12-05,234.399994,242.600006,234.399994,239.30000299999998,239.30000299999998,14811438
2017-12-06,238.80000299999998,243.899994,237.600006,242.30000299999998,242.30000299999998,10435897
2017-12-07,242.0,245.19999700000002,240.80000299999998,243.100006,243.100006,10152237
2017-12-08,242.0,246.0,242.0,244.69999700000002,244.69999700000002,9052339
2017-12-11,244.80000299999998,246.0,243.19999700000002,244.69999700000002,244.69999700000002,7713910
2017-12-12,245.0,245.600006,232.600006,234.600006,234.600006,16479633
2017-12-13,232.80000299999998,240.19999700000002,232.80000299999998,237.84100299999997,237.84100299999997,17316664
2017-12-14,238.0,239.100006,234.19999700000002,236.600006,236.600006,7722844
2017-12-15,237.100006,237.5,234.899994,236.100006,236.100006,13135668
2017-12-18,236.0,238.100006,234.80000299999998,236.80000299999998,236.80000299999998,5773452
2017-12-19,237.30000299999998,239.69999700000002,236.5,237.600006,237.600006,7050507
2017-12-20,237.69999700000002,238.600006,236.30000299999998,236.600006,236.600006,7554017
2017-12-21,236.100006,238.0,234.899994,237.0,237.0,6890595
2017-12-22,241.5,241.5,235.899994,238.0,238.0,3534349
2017-12-27,238.0,242.0,238.0,240.80000299999998,240.80000299999998,4523954
2017-12-28,240.19999700000002,244.80000299999998,240.19999700000002,241.899994,241.899994,3277913
2017-12-29,243.0,243.30000299999998,240.100006,241.399994,241.399994,3484422
2018-01-02,241.399994,242.80000299999998,239.399994,241.19999700000002,241.19999700000002,5203862
2018-01-03,241.30000299999998,244.80000299999998,241.30000299999998,243.5,243.5,9597763
2018-01-04,243.600006,245.19999700000002,241.399994,242.100006,242.100006,8516105
2018-01-05,242.5,244.399994,240.19999700000002,241.0,241.0,9548647
2018-01-08,240.69999700000002,242.19999700000002,238.399994,241.0,241.0,11417910
2018-01-09,244.0,250.100006,242.19999700000002,248.399994,248.399994,21373813
2018-01-10,249.0,255.399994,247.30000299999998,253.899994,253.899994,26820946
2018-01-11,253.100006,253.399994,248.0,248.600006,248.600006,24146945
2018-01-12,248.600006,253.30000299999998,247.399994,252.69999700000002,252.69999700000002,12186698
2018-01-15,251.80000299999998,252.80000299999998,250.5,250.899994,250.899994,5772352
2018-01-16,250.899994,256.200012,250.899994,256.200012,256.200012,11378066
2018-01-17,256.600006,257.600006,254.30000299999998,256.799988,256.799988,7276187
2018-01-18,257.0,258.200012,256.0,257.700012,257.700012,8735105
2018-01-19,258.0,258.200012,256.200012,258.0,258.0,12610511
2018-01-22,255.399994,258.5,255.399994,257.0,257.0,13018022
2018-01-23,257.799988,258.600006,256.700012,257.0,257.0,9148253
2018-01-24,257.0,258.899994,256.700012,258.899994,258.899994,11918016
2018-01-25,258.799988,259.899994,257.100006,258.600006,258.600006,7536238
2018-01-26,259.100006,261.700012,258.299988,261.100006,261.100006,9985342
2018-01-29,261.100006,262.200012,258.5,260.100006,260.100006,6470395
2018-01-30,260.0,261.299988,257.0,257.0,257.0,13760035
2018-01-31,257.700012,258.899994,251.80000299999998,252.5,252.5,11873830
2018-02-01,254.100006,255.30000299999998,253.30000299999998,254.19999700000002,254.19999700000002,8147096
2018-02-02,254.0,254.80000299999998,248.399994,249.100006,249.100006,9022128
2018-02-05,247.5,248.399994,242.0,243.399994,243.399994,12738175
2018-02-06,237.0,239.600006,234.100006,237.19999700000002,237.19999700000002,19361643
2018-02-07,238.80000299999998,243.19999700000002,237.5,242.19999700000002,242.19999700000002,11390595
2018-02-08,240.5,247.19999700000002,239.30000299999998,246.19999700000002,246.19999700000002,13875685
2018-02-09,244.899994,248.19999700000002,244.5,244.899994,244.899994,12721345
2018-02-12,246.19999700000002,247.899994,245.5,246.0,246.0,5506044
2018-02-13,246.399994,247.5,245.30000299999998,246.600006,246.600006,5228389
2018-02-14,247.5,248.30000299999998,242.69999700000002,244.80000299999998,244.80000299999998,6806282
2018-02-15,245.80000299999998,248.399994,245.80000299999998,247.899994,247.899994,7393177
2018-02-16,248.399994,251.600006,247.899994,250.899994,250.899994,8092224
2018-02-19,250.80000299999998,252.80000299999998,249.600006,251.19999700000002,251.19999700000002,5884563
2018-02-20,251.19999700000002,254.600006,250.899994,254.5,254.5,8241195
2018-02-21,254.5,255.69999700000002,253.19999700000002,255.30000299999998,255.30000299999998,7844258
2018-02-22,253.19999700000002,256.100006,253.19999700000002,255.100006,255.100006,7800404
2018-02-23,255.19999700000002,256.100006,253.899994,255.5,255.5,7601173
2018-02-26,256.200012,258.399994,255.30000299999998,256.799988,256.799988,7035822
2018-02-27,257.100006,258.700012,256.700012,257.700012,257.700012,6755615
2018-02-28,256.399994,260.5,255.30000299999998,259.0,259.0,11088724
2018-03-01,258.200012,258.200012,253.30000299999998,256.5,256.5,16089842
2018-03-02,255.5,255.899994,252.19999700000002,253.0,253.0,6905170
2018-03-05,254.399994,256.399994,252.100006,252.899994,252.899994,9720131
2018-03-06,253.5,254.80000299999998,244.30000299999998,244.69999700000002,244.69999700000002,20924228
2018-03-07,244.19999700000002,246.399994,243.5,243.899994,243.899994,12102698
2018-03-08,243.80000299999998,246.100006,239.600006,241.80000299999998,241.80000299999998,14920364
2018-03-09,242.80000299999998,243.899994,241.100006,243.0,243.0,7068155
