Date,Open,High,Low,Close,Adj Close,Volume
2015-01-02,1632.0,1632.0,1601.599976,1606.0,1314.523926,1805591
2015-01-05,1601.0,1625.0,1578.0,1584.0,1296.516846,3658078
2015-01-06,1593.0,1609.0,1589.0,1600.0,1309.6130369999998,4022208
2015-01-07,1610.0,1611.0,1585.0,1600.0,1309.6130369999998,5224902
2015-01-08,1611.0,1611.099976,1578.0,1600.0,1309.6130369999998,3353583
2015-01-09,1596.0,1617.050049,1589.0,1595.0,1305.520386,2497375
2015-01-12,1573.0,1580.0,1496.300049,1503.0,1230.217529,6341040
2015-01-13,1503.0,1537.0,1498.26001,1524.0,1247.4063720000001,2937436
2015-01-14,1512.0,1523.0,1482.0,1488.0,1217.940186,5046734
2015-01-15,1496.0,1502.0,1444.609985,1480.0,1211.39209,5707419
2015-01-16,1476.0,1498.390015,1466.0,1497.0,1225.3066410000001,2529767
2015-01-19,1495.0,1503.0,1467.0,1489.0,1218.758545,2527752
2015-01-20,1497.0,1507.0,1486.0,1505.0,1231.854614,3092934
2015-01-21,1502.0,1508.0,1493.0,1504.0,1231.036255,2468742
2015-01-22,1484.0,1496.0,1467.0,1490.0,1241.535034,4315308
2015-01-23,1493.0,1499.0,1476.0,1492.0,1243.201538,3329778
2015-01-26,1521.0,1521.0,1500.0,1516.0,1263.199585,3889330
2015-01-27,1523.0,1545.0,1517.819946,1545.0,1287.363525,4538396
2015-01-28,1553.0,1581.699951,1539.0,1580.0,1316.5272220000002,3407251
2015-01-29,1580.0,1605.0,1573.0,1605.0,1337.358154,3102504
2015-01-30,1604.0,1633.0,1596.150024,1609.0,1340.6911619999998,4392587
2015-02-02,1616.0,1620.0,1603.0,1617.0,1347.357056,2914743
2015-02-03,1615.0,1631.0,1604.0,1629.0,1357.356079,3063550
2015-02-04,1627.0,1630.0,1607.0,1620.0,1349.856934,2813313
2015-02-05,1616.0,1632.0,1611.0,1630.0,1358.189453,2181378
2015-02-06,1635.0,1639.0,1618.0,1628.0,1356.522827,3853144
2015-02-09,1627.0,1627.0,1597.0,1609.0,1340.6911619999998,2403781
2015-02-10,1610.0,1639.660034,1599.0,1619.0,1349.023682,2714575
2015-02-11,1617.0,1624.0,1597.0,1604.0,1336.5249019999999,2308317
2015-02-12,1601.0,1611.0,1591.119995,1600.0,1333.192017,2097423
2015-02-13,1605.0,1605.0,1565.0,1568.0,1306.528198,3152303
2015-02-16,1567.0,1568.459961,1534.0,1537.0,1280.697632,2555251
2015-02-17,1538.0,1558.069946,1529.599976,1555.0,1295.696167,2061843
2015-02-18,1560.0,1571.0,1538.0,1543.0,1285.697144,2792744
2015-02-19,1520.0,1548.0,1507.0,1535.0,1279.0310060000002,4460890
2015-02-20,1535.0,1536.400024,1518.0,1527.0,1272.365112,3187399
2015-02-23,1530.0,1539.23999,1524.0,1535.0,1279.0310060000002,2175845
2015-02-24,1536.0,1582.0,1535.0,1580.0,1316.5272220000002,3339299
2015-02-25,1582.0,1605.300049,1578.0,1585.0,1320.6933589999999,2391101
2015-02-26,1583.0,1583.0,1551.0,1562.0,1301.528687,2786753
2015-02-27,1563.0,1580.0,1556.75,1573.0,1310.694458,2373234
2015-03-02,1570.0,1575.400024,1554.300049,1561.0,1300.695679,2172730
2015-03-03,1565.0,1578.0,1557.0,1566.0,1304.861816,3035545
2015-03-04,1560.0,1563.0,1535.339966,1549.0,1290.696655,2737080
2015-03-05,1550.0,1559.0,1523.150024,1555.0,1295.696167,3465009
2015-03-06,1551.0,1557.119995,1515.0,1517.0,1264.032715,2766501
2015-03-09,1514.0,1520.0,1505.0,1518.0,1264.865845,1885281
2015-03-10,1523.0,1525.0,1470.0,1470.0,1224.870361,3450416
2015-03-11,1480.0,1490.0,1474.839966,1482.0,1234.8691410000001,2015668
2015-03-12,1489.0,1504.0,1482.0,1491.0,1242.368164,2307316
2015-03-13,1485.0,1485.0,1449.0,1462.0,1218.204346,3872788
2015-03-16,1473.0,1476.0,1454.0,1469.0,1224.0371089999999,2282632
2015-03-17,1469.0,1506.780029,1422.930054,1501.0,1250.700684,3885804
2015-03-18,1500.0,1537.0,1457.550049,1532.0,1276.5313720000001,2827058
2015-03-19,1539.0,1557.0,1524.880005,1532.0,1276.5313720000001,2813158
2015-03-20,1533.0,1557.0,1533.0,1554.0,1294.862793,5050564
2015-03-23,1556.0,1568.5,1549.77002,1568.0,1306.528198,3001016
2015-03-24,1569.0,1569.25,1550.0,1556.0,1296.529297,2567494
2015-03-25,1554.0,1568.359985,1546.0,1563.0,1302.362061,2056236
2015-03-26,1559.0,1572.839966,1545.0,1548.0,1289.8632810000001,2248946
2015-03-27,1548.0,1567.119995,1539.25,1548.0,1289.8632810000001,1771649
2015-03-30,1558.0,1558.0,1466.930054,1532.0,1276.5313720000001,2845099
2015-03-31,1533.0,1547.0,1497.550049,1498.0,1248.20105,3979560
2015-04-01,1500.0,1513.0,1492.660034,1503.0,1252.3673099999999,2704866
2015-04-02,1507.0,1512.0,1493.0,1508.0,1256.533447,2439217
2015-04-07,1508.0,1553.0,1508.0,1544.0,1286.530396,2346730
2015-04-08,1536.0,1558.0,1530.380005,1535.0,1279.0310060000002,1761685
2015-04-09,1544.0,1560.0,1540.0,1560.0,1299.862305,1561745
2015-04-10,1566.0,1567.0,1546.069946,1561.0,1300.695679,2119087
2015-04-13,1565.0,1576.0,1555.0,1562.0,1301.528687,803625
2015-04-14,1555.0,1573.0,1555.0,1564.0,1303.1953130000002,1388734
2015-04-15,1520.0,1557.0,1507.0,1557.0,1297.362427,2497346
2015-04-16,1566.0,1567.0,1547.0,1560.0,1299.862305,2012174
2015-04-17,1565.0,1579.0,1544.0,1559.0,1299.029053,2397886
2015-04-20,1562.0,1576.0,1555.0,1570.0,1308.19458,2065702
2015-04-21,1579.0,1588.0,1559.0,1576.0,1313.194214,2074945
2015-04-22,1585.0,1598.319946,1548.0,1566.0,1304.861816,1917721
2015-04-23,1568.0,1591.550049,1565.0,1588.0,1323.193237,2157215
2015-04-24,1588.0,1608.0,1586.0,1605.0,1337.358154,2306030
2015-04-27,1605.0,1605.0,1577.0,1588.0,1323.193237,2750821
2015-04-28,1583.0,1600.150024,1582.0,1598.0,1331.525635,3314120
2015-04-29,1606.0,1620.0,1558.0,1558.0,1298.195679,3465044
2015-04-30,1558.0,1558.0,1535.0,1547.0,1289.030151,3470007
2015-05-01,1542.0,1557.0,1522.0,1550.0,1291.529907,1172673
2015-05-05,1550.0,1577.0,1542.0,1542.0,1284.863892,1492091
2015-05-06,1539.0,1558.0,1524.0,1549.0,1290.696655,2333988
2015-05-07,1544.0,1571.0,1527.619995,1564.0,1303.1953130000002,3016264
2015-05-08,1660.0,1660.0,1621.0,1647.0,1372.354492,6448472
2015-05-11,1649.0,1650.339966,1633.640015,1637.0,1364.022095,1911823
2015-05-12,1630.0,1635.0,1597.25,1625.0,1354.023193,2731240
2015-05-13,1634.0,1642.0,1619.0,1636.0,1363.188721,2262176
2015-05-14,1637.0,1659.0,1624.0,1652.0,1376.520752,1664433
2015-05-15,1659.0,1667.119995,1652.530029,1661.0,1384.02002,2004427
2015-05-18,1661.0,1671.0,1651.0,1667.0,1389.019409,1806928
2015-05-19,1665.0,1696.0,1665.0,1696.0,1413.1835939999999,2913657
2015-05-20,1681.0,1696.0,1661.0,1681.0,1400.684814,5225743
2015-05-21,1680.0,1689.0,1649.51001,1656.0,1379.853638,3141906
2015-05-22,1662.0,1672.0,1656.150024,1666.0,1388.186279,1769961
2015-05-26,1666.0,1675.0,1642.0,1645.0,1370.6879880000001,1825152
2015-05-27,1653.0,1691.0,1650.300049,1685.0,1404.017822,2705009
2015-05-28,1691.0,1692.619995,1663.0,1673.0,1394.018921,2283483
2015-05-29,1678.0,1688.0,1663.0,1665.0,1387.353149,3126076
2015-06-01,1674.0,1680.6500239999998,1652.0,1660.0,1383.18689,3009881
2015-06-02,1665.0,1666.0,1634.0,1639.0,1365.688599,2210212
2015-06-03,1644.0,1646.0,1611.0,1635.0,1362.355591,2405263
2015-06-04,1634.0,1635.699951,1607.150024,1610.0,1341.524536,2360664
2015-06-05,1610.0,1614.0,1591.640015,1593.0,1327.3592529999999,2218857
2015-06-08,1593.0,1603.0,1581.640015,1595.0,1329.0258789999998,1857607
2015-06-09,1600.0,1604.0,1574.0,1577.0,1314.027466,1976782
2015-06-10,1577.0,1604.130005,1573.300049,1588.0,1323.193237,2600507
2015-06-11,1587.0,1603.0,1582.0,1600.0,1333.192017,1574722
2015-06-12,1600.0,1602.069946,1587.0,1593.0,1327.3592529999999,1350654
2015-06-15,1585.0,1597.0,1583.719971,1587.0,1322.359985,3055884
2015-06-16,1586.0,1592.0,1568.0,1587.0,1322.359985,2035576
2015-06-17,1587.0,1603.75,1582.0,1594.0,1328.192749,3045038
2015-06-18,1590.0,1617.0,1581.0,1613.0,1344.02417,2792629
2015-06-19,1607.0,1629.0,1607.0,1607.0,1339.024658,2859104
2015-06-22,1630.0,1641.0,1620.0,1641.0,1367.355225,2619244
2015-06-23,1651.0,1652.319946,1632.0,1639.0,1365.688599,2008565
2015-06-24,1645.0,1646.0,1615.0,1622.0,1351.5234380000002,2172622
2015-06-25,1617.0,1630.0,1609.0,1612.0,1343.190796,2029498
2015-06-26,1605.0,1613.0,1578.880005,1589.0,1324.026367,2978217
2015-06-29,1554.0,1586.0,1554.0,1559.0,1299.029053,2968223
2015-06-30,1556.0,1558.0,1530.0,1536.0,1279.86438,3272394
2015-07-01,1548.0,1553.339966,1529.0,1538.0,1281.530884,2456604
2015-07-02,1538.0,1565.0,1537.319946,1564.0,1303.1953130000002,1933880
2015-07-03,1569.0,1572.0,1548.219971,1558.0,1298.195679,1293331
2015-07-06,1540.0,1588.349976,1538.599976,1574.0,1311.5275880000002,3171837
2015-07-07,1576.0,1578.0,1541.0,1541.0,1284.030518,2792086
2015-07-08,1545.0,1577.0,1540.0,1550.0,1291.529907,3977152
2015-07-09,1558.0,1586.0,1552.449951,1572.0,1309.861328,3155930
2015-07-10,1592.0,1602.0,1569.0,1600.0,1333.192017,2506330
2015-07-13,1610.0,1610.619995,1591.0,1608.0,1339.858032,2174954
2015-07-14,1608.0,1626.0,1598.0,1626.0,1354.856323,2639851
2015-07-15,1631.0,1633.0,1614.0,1617.0,1347.357056,2648947
2015-07-16,1624.0,1627.569946,1615.0,1620.0,1349.856934,1668405
2015-07-17,1621.0,1625.0,1604.880005,1612.0,1343.190796,2002212
2015-07-20,1620.0,1624.0,1609.0,1618.0,1348.19043,1949242
2015-07-21,1618.0,1620.0,1593.0,1596.0,1329.859009,5048380
2015-07-22,1590.0,1594.0,1581.0,1587.0,1322.359985,3174374
2015-07-23,1530.0,1546.0,1501.329956,1507.0,1306.5802,2636112
2015-07-24,1505.0,1529.0,1500.359985,1504.0,1303.97937,2409854
2015-07-27,1510.0,1521.0,1503.0,1503.0,1303.112305,3137296
2015-07-28,1511.0,1512.0,1499.880005,1507.0,1306.5802,2503485
2015-07-29,1510.0,1521.550049,1502.0,1506.0,1305.713257,4574375
2015-07-30,1512.0,1520.0,1501.469971,1510.0,1309.181274,2587916
2015-07-31,1513.0,1520.0,1503.0,1515.0,1313.516357,3509930
2015-08-03,1510.0,1523.0,1510.0,1519.0,1316.984375,1871023
2015-08-04,1516.0,1527.0,1511.219971,1519.0,1316.984375,4302555
2015-08-05,1519.0,1528.0,1511.0,1528.0,1324.787476,3554153
2015-08-06,1525.0,1540.0,1521.380005,1540.0,1335.1915279999998,2632785
2015-08-07,1539.0,1547.0,1531.0,1542.0,1336.9255369999998,2786194
2015-08-10,1550.0,1552.119995,1529.0,1552.0,1345.595581,2889160
2015-08-11,1546.0,1555.0,1541.319946,1548.0,1342.127686,2258510
2015-08-12,1541.0,1548.900024,1526.0,1546.0,1340.393555,2605482
2015-08-13,1561.0,1562.0,1540.0,1547.0,1341.26062,2131179
2015-08-14,1547.0,1550.0,1536.180054,1538.0,1333.45752,1617901
2015-08-17,1545.0,1545.0,1527.0,1536.0,1331.723511,1416372
2015-08-18,1534.0,1536.0,1522.0,1523.0,1320.452393,2012125
2015-08-19,1522.0,1528.0,1512.0,1512.0,1310.915405,2053683
2015-08-20,1505.0,1513.48999,1502.300049,1506.0,1305.713257,2102152
2015-08-21,1496.0,1509.0,1490.0,1490.0,1291.841064,4386811
2015-08-24,1461.0,1478.0,1395.0,1400.0,1213.810425,6263178
2015-08-25,1431.0,1447.0,1413.0,1444.0,1251.95874,3828831
2015-08-26,1425.0,1441.5,1417.0,1420.0,1231.150635,2564607
2015-08-27,1445.0,1461.0,1438.0,1460.0,1265.831055,2703854
2015-08-28,1459.0,1471.439941,1452.52002,1471.0,1275.368042,2931572
2015-09-01,1471.0,1471.0,1449.0,1462.0,1267.564941,3874359
2015-09-02,1464.0,1480.0,1443.0,1461.0,1266.697998,2957263
2015-09-03,1476.0,1484.0,1466.0,1475.0,1278.8360599999999,2264110
2015-09-04,1460.0,1468.0,1441.0,1441.0,1249.357788,2165601
2015-09-07,1451.0,1466.0,1444.530029,1458.0,1264.097046,1575798
2015-09-08,1464.0,1488.0,1464.0,1478.0,1281.4372560000002,2221286
2015-09-09,1499.0,1503.0,1483.0,1486.0,1288.373169,2986338
2015-09-10,1475.0,1486.420044,1461.0,1466.0,1271.032959,2059939
2015-09-11,1468.0,1468.0,1444.0,1447.0,1254.559814,1666510
2015-09-14,1452.0,1455.0,1436.0,1446.0,1253.692749,1989371
2015-09-15,1448.0,1451.0,1424.0,1442.0,1250.2248539999998,2870229
2015-09-16,1448.0,1456.0,1439.0,1453.0,1259.7617189999999,2285171
2015-09-17,1440.0,1442.0,1422.119995,1437.0,1245.889648,3018890
2015-09-18,1440.0,1444.0,1409.880005,1428.0,1238.086548,3892175
2015-09-21,1431.0,1460.0,1429.0,1446.0,1253.692749,2178997
2015-09-22,1445.0,1449.0,1417.0,1417.0,1228.549561,2406098
2015-09-23,1418.0,1454.0,1418.0,1445.0,1252.825806,1961261
2015-09-24,1445.0,1449.380005,1421.0,1425.0,1235.485718,2118538
2015-09-25,1448.0,1468.0,1438.0,1452.0,1258.89502,2156371
2015-09-28,1448.0,1459.0,1437.0,1437.0,1245.889648,1320388
2015-09-29,1428.0,1450.0,1425.219971,1437.0,1245.889648,2262984
2015-09-30,1465.0,1505.0,1461.75,1496.0,1297.043335,4131066
2015-10-01,1508.0,1528.0,1493.0,1496.0,1297.043335,3552078
2015-10-02,1506.0,1525.0,1503.0,1524.0,1321.319336,1880058
2015-10-05,1549.0,1554.0,1539.880005,1552.0,1345.595581,2501651
2015-10-06,1560.0,1562.199951,1529.0,1547.0,1341.26062,1710978
2015-10-07,1554.0,1560.0,1536.0,1539.0,1334.324585,2199134
2015-10-08,1531.0,1563.0,1523.0,1559.0,1351.664551,2168108
2015-10-09,1569.0,1592.0,1549.0,1557.0,1349.930786,2497349
2015-10-12,1553.0,1567.0,1539.0,1546.0,1340.393555,1592909
2015-10-13,1550.0,1557.0,1524.0,1544.0,1338.659668,2127476
2015-10-14,1534.0,1547.119995,1531.0,1537.0,1332.590454,1544308
2015-10-15,1553.0,1558.0,1542.0,1554.0,1347.32959,1339231
2015-10-16,1562.0,1565.0,1550.0,1556.0,1349.063721,2033443
2015-10-19,1556.0,1572.0,1544.0,1554.0,1347.32959,1142295
2015-10-20,1556.0,1563.0,1549.0,1560.0,1352.5317380000001,1312769
2015-10-21,1562.0,1571.0,1554.0,1563.0,1355.1326900000001,1299390
2015-10-22,1558.0,1575.0,1557.300049,1575.0,1365.536865,1972570
2015-10-23,1584.0,1592.0,1573.0,1578.0,1368.137817,2109786
2015-10-26,1576.0,1581.5,1561.030029,1578.0,1368.137817,1436050
2015-10-27,1576.0,1577.0,1541.0,1543.0,1337.7926029999999,2774992
2015-10-28,1545.0,1556.0,1530.0,1555.0,1348.1967769999999,2037531
2015-10-29,1540.0,1540.0,1513.0,1520.0,1317.851318,2436254
2015-10-30,1521.0,1525.880005,1502.0,1515.0,1313.516357,2875925
2015-11-02,1509.0,1543.0,1504.0,1519.0,1316.984375,2679965
2015-11-03,1523.0,1529.0,1506.0,1529.0,1325.654419,2361401
2015-11-04,1530.0,1544.359985,1522.0,1539.0,1334.324585,2099945
2015-11-05,1532.0,1543.310059,1510.300049,1534.0,1329.989502,2138312
2015-11-06,1533.0,1538.140015,1489.880005,1492.0,1293.575195,2842355
2015-11-09,1490.0,1497.0,1464.0,1469.0,1273.634155,2850492
2015-11-10,1476.0,1496.0,1467.0,1492.0,1293.575195,3821972
2015-11-11,1506.0,1510.0,1431.0,1444.0,1251.95874,3993548
2015-11-12,1442.0,1468.0,1438.0,1441.0,1249.357788,2488142
2015-11-13,1438.0,1441.0,1427.0,1434.0,1243.288818,2224826
2015-11-16,1422.0,1442.0,1417.219971,1438.0,1246.756714,1554962
2015-11-17,1449.0,1465.0,1446.0,1465.0,1270.1660160000001,2033248
2015-11-18,1456.0,1465.0,1439.25,1463.0,1268.431885,1647384
2015-11-19,1473.0,1490.72998,1465.0,1475.0,1278.8360599999999,2001434
2015-11-20,1482.0,1485.0,1464.0,1470.0,1274.501099,1750919
2015-11-23,1461.0,1462.560059,1448.0,1448.0,1255.42688,1457714
2015-11-24,1437.0,1445.75,1422.0,1429.0,1238.953735,2080505
2015-11-25,1433.0,1458.0,1433.0,1456.0,1262.362915,2203181
2015-11-26,1461.0,1467.0,1445.0,1459.0,1264.963989,1392083
2015-11-27,1457.0,1461.0,1449.5,1460.0,1265.831055,1434417
2015-11-30,1458.0,1461.0,1431.0,1434.0,1243.288818,2931306
2015-12-01,1437.0,1468.0,1436.0,1459.0,1264.963989,2343215
2015-12-02,1464.0,1469.0,1456.0,1462.0,1267.564941,1585038
2015-12-03,1461.0,1484.0,1446.849976,1447.0,1254.559814,2715017
2015-12-04,1438.0,1451.0,1430.0,1442.0,1250.2248539999998,1948301
2015-12-07,1448.0,1456.280029,1443.0,1447.0,1254.559814,1613255
2015-12-08,1441.0,1447.369995,1420.25,1425.0,1235.485718,2074743
2015-12-09,1424.0,1450.0,1422.380005,1442.0,1250.2248539999998,2680924
2015-12-10,1435.0,1452.0,1434.300049,1450.0,1257.160889,2509047
2015-12-11,1444.0,1449.0,1428.0,1435.0,1244.15564,3487328
2015-12-14,1440.0,1446.75,1407.0,1407.0,1219.879517,4011347
2015-12-15,1417.0,1455.0,1411.5,1450.0,1257.160889,2465269
2015-12-16,1445.0,1465.0,1433.0,1465.0,1270.1660160000001,4128515
2015-12-17,1482.0,1491.359985,1468.349976,1483.0,1285.772095,2993365
2015-12-18,1476.0,1491.0,1469.300049,1485.0,1287.506226,4805025
2015-12-21,1481.0,1497.0,1470.25,1481.0,1284.037964,1945468
2015-12-22,1490.0,1493.0,1477.0,1489.0,1290.9741210000002,1761080
2015-12-23,1499.0,1519.0,1499.0,1516.0,1314.383301,1851587
2015-12-24,1520.0,1535.939941,1510.099976,1533.0,1329.122437,556593
2015-12-29,1533.0,1558.0,1528.0,1558.0,1350.797729,1930296
2015-12-30,1552.0,1556.0,1536.76001,1544.0,1338.659668,1696478
2015-12-31,1534.0,1535.079956,1519.0,1528.0,1324.787476,1097004
2016-01-04,1528.0,1528.0,1497.0,1505.0,1304.846313,2622561
2016-01-05,1529.0,1532.0,1499.0,1520.0,1317.851318,2217410
2016-01-06,1526.0,1532.0,1501.0,1520.0,1317.851318,2040616
2016-01-07,1495.0,1505.0,1468.76001,1487.0,1289.2402339999999,3296685
2016-01-08,1495.0,1501.0,1478.0,1478.0,1281.4372560000002,2458409
2016-01-11,1475.0,1486.939941,1463.060059,1475.0,1278.8360599999999,2250264
2016-01-12,1483.0,1493.0,1471.0,1471.0,1275.368042,2797564
2016-01-13,1481.0,1494.030029,1470.0,1483.0,1285.772095,2458529
2016-01-14,1474.0,1474.0,1453.0,1460.0,1265.831055,3602631
2016-01-15,1461.0,1468.0,1418.0,1424.0,1234.618774,3375472
2016-01-18,1424.0,1432.0,1408.359985,1413.0,1225.081665,2447033
2016-01-19,1430.0,1432.839966,1413.0,1423.0,1233.751709,3782294
2016-01-20,1403.0,1420.0,1383.0,1385.0,1200.805298,4539211
2016-01-21,1366.0,1371.0,1329.709961,1345.0,1189.2226560000001,5857659
2016-01-22,1363.0,1390.0,1358.0,1385.0,1224.589966,4219603
2016-01-25,1395.0,1395.0,1372.5,1385.0,1224.589966,2923370
2016-01-26,1375.0,1407.0,1367.0,1407.0,1244.04187,3651420
2016-01-27,1409.0,1432.0,1400.0,1432.0,1266.146362,3753333
2016-01-28,1434.0,1449.0,1413.0,1424.0,1259.0727539999998,3068042
2016-01-29,1438.0,1450.0,1426.0,1450.0,1282.061523,3621544
2016-02-01,1450.0,1453.0,1411.0,1432.0,1266.146362,3565802
2016-02-02,1432.0,1435.0,1403.0,1410.0,1246.694458,2393105
2016-02-03,1409.0,1422.0,1395.0,1404.0,1241.389282,2658731
2016-02-04,1423.0,1427.0,1395.0,1409.0,1245.810181,2921344
2016-02-05,1411.0,1414.0,1388.0,1392.0,1230.779175,2466213
2016-02-08,1394.0,1401.0,1360.0,1362.0,1204.253784,3167618
2016-02-09,1370.0,1377.0,1346.640015,1347.0,1190.991089,4181990
2016-02-10,1362.0,1362.0,1340.0,1350.0,1193.643677,2785036
2016-02-11,1342.0,1346.0,1317.0,1321.0,1168.002319,2760947
2016-02-12,1336.0,1350.300049,1331.0,1346.0,1190.106812,3235516
2016-02-15,1358.0,1373.0,1354.0,1367.0,1208.674805,1884418
2016-02-16,1374.0,1377.0,1351.0,1358.0,1200.716919,2456054
2016-02-17,1364.0,1376.0,1354.0,1376.0,1216.632324,3356960
2016-02-18,1379.0,1400.0,1376.0,1390.0,1229.010742,2653227
2016-02-19,1390.0,1394.0,1383.0,1394.0,1232.547485,2170107
2016-02-22,1406.0,1420.040039,1399.0,1420.0,1255.536255,1107451
2016-02-23,1407.0,1413.0,1383.0,1383.0,1222.821533,2429574
2016-02-24,1385.0,1385.0,1357.0,1362.0,1204.253784,1957222
2016-02-25,1376.0,1385.0,1374.0,1381.0,1221.053101,2250148
2016-02-26,1396.0,1402.0,1382.0,1389.0,1228.126587,2129823
2016-02-29,1379.0,1386.0,1371.530029,1385.0,1224.589966,2252421
2016-03-01,1385.0,1397.0,1374.0,1395.0,1233.4316410000001,5013221
2016-03-02,1398.0,1404.0,1378.0,1391.0,1229.8948970000001,2195656
2016-03-03,1397.0,1443.0,1393.0,1430.0,1264.378052,6458145
2016-03-04,1436.0,1438.0,1428.0,1433.0,1267.030518,5705611
2016-03-07,1428.0,1432.0,1420.0,1430.0,1264.378052,3156842
2016-03-08,1419.0,1461.089966,1416.0,1435.0,1268.798828,3776342
2016-03-09,1445.0,1469.689941,1440.0,1468.0,1297.976807,4372460
2016-03-10,1465.0,1490.0,1442.0,1445.0,1277.6407470000001,3978071
2016-03-11,1462.0,1465.5,1455.0,1462.0,1292.671875,2660500
2016-03-14,1479.0,1479.0,1459.0,1470.0,1299.745361,2185407
2016-03-15,1465.0,1492.900024,1457.0,1464.0,1294.440186,3075182
2016-03-16,1470.0,1477.0,1458.0,1461.0,1291.787476,3967565
2016-03-17,1473.0,1487.0,1465.0,1474.0,1303.281982,2759356
2016-03-18,1479.0,1485.0,1465.0,1470.0,1299.745361,4359428
2016-03-21,1469.0,1472.910034,1458.0,1468.0,1297.976807,1699070
2016-03-22,1465.0,1465.839966,1450.0,1458.0,1289.13501,2717815
2016-03-23,1457.0,1464.52002,1449.0,1460.0,1290.90332,1558326
2016-03-24,1451.0,1465.579956,1450.0,1460.0,1290.90332,2976544
2016-03-29,1460.0,1479.0,1458.050049,1479.0,1307.7028810000002,3557589
2016-03-30,1489.0,1510.0,1489.0,1508.0,1333.3439939999998,4710548
2016-03-31,1507.0,1507.0,1486.0,1492.0,1319.197144,2784498
2016-04-01,1471.0,1485.0,1462.0,1485.0,1313.0078130000002,2785705
2016-04-04,1488.0,1499.0,1482.73999,1491.0,1318.3129880000001,1965779
2016-04-05,1501.0,1501.0,1472.0,1486.0,1313.891968,2108311
2016-04-06,1492.0,1500.0,1484.0,1499.0,1325.386475,2104135
2016-04-07,1505.0,1506.0,1492.0,1499.0,1325.386475,3156994
2016-04-08,1503.0,1507.0,1496.0,1506.0,1331.575684,2466022
2016-04-11,1506.0,1510.0,1497.0,1505.0,1330.6915279999998,2205325
2016-04-12,1507.0,1521.0,1494.0,1521.0,1344.838257,1939555
2016-04-13,1533.0,1536.0,1510.0,1519.0,1343.070068,2635264
2016-04-14,1518.0,1532.0,1509.589966,1532.0,1354.564453,2402152
2016-04-15,1534.0,1539.0,1514.109985,1526.0,1349.2592769999999,2265521
2016-04-18,1518.0,1526.0,1505.0,1524.0,1347.490967,1466815
2016-04-19,1525.0,1540.0,1520.0,1531.0,1353.680176,2040974
2016-04-20,1524.0,1531.0,1516.0,1524.0,1347.490967,1501950
2016-04-21,1526.0,1526.079956,1486.0,1498.0,1324.502197,2538738
2016-04-22,1492.0,1496.0,1476.0,1482.0,1310.3553470000002,2096802
2016-04-25,1485.0,1497.939941,1479.0,1488.0,1315.6605220000001,1857903
2016-04-26,1495.0,1497.0,1479.310059,1496.0,1322.734009,1559880
2016-04-27,1492.0,1536.0,1490.0,1536.0,1358.101074,3858394
2016-04-28,1531.0,1532.0,1508.0,1523.0,1346.606812,2362567
2016-04-29,1516.0,1517.0,1504.0,1510.0,1335.112427,2996799
2016-05-03,1510.0,1519.0,1496.0,1503.0,1328.923096,2178425
2016-05-04,1500.0,1508.5,1482.0,1486.0,1313.891968,1745907
2016-05-05,1485.0,1500.699951,1467.0,1476.0,1305.050171,3495958
2016-05-06,1478.0,1500.0,1473.0,1500.0,1326.27063,3794262
2016-05-09,1508.0,1518.0,1492.0,1507.0,1332.459961,2342982
2016-05-10,1520.0,1533.0,1514.0,1528.0,1351.0275880000002,2395733
2016-05-11,1524.0,1525.0,1506.0,1514.0,1338.64917,1642182
2016-05-12,1511.0,1543.0,1507.0,1532.0,1354.564453,2522049
2016-05-13,1528.0,1538.0,1515.0,1538.0,1359.869385,2380789
2016-05-16,1534.0,1534.0,1515.0,1521.0,1344.838257,1667170
2016-05-17,1525.0,1547.0,1522.0,1547.0,1367.827148,3356094
2016-05-18,1545.0,1555.0,1513.0,1525.0,1348.3752439999998,3113537
2016-05-19,1513.0,1519.0,1496.0,1496.0,1322.734009,2408787
2016-05-20,1509.0,1535.0,1501.0,1535.0,1357.216919,3051406
2016-05-23,1522.0,1530.0,1515.0,1520.0,1343.954224,3227618
2016-05-24,1513.0,1530.0,1508.630005,1530.0,1352.796021,2011889
2016-05-25,1541.0,1542.0,1529.0,1540.0,1361.637817,1413887
2016-05-26,1536.0,1551.0,1535.300049,1547.0,1367.827148,2118780
2016-05-27,1549.0,1558.0,1538.0,1544.0,1365.174561,1591070
2016-05-31,1544.0,1549.0,1531.0,1532.0,1354.564453,2697310
2016-06-01,1531.0,1535.0,1510.050049,1521.0,1344.838257,1987047
2016-06-02,1527.0,1529.640015,1518.0,1521.0,1344.838257,1926581
2016-06-03,1526.0,1541.0,1523.0,1540.0,1361.637817,1663884
2016-06-06,1539.0,1563.0,1536.050049,1550.0,1370.479614,2471609
2016-06-07,1555.0,1555.0,1525.0,1529.0,1351.911865,3077492
2016-06-08,1523.0,1549.0,1523.0,1542.0,1363.40625,2399448
2016-06-09,1543.0,1558.0,1540.0,1547.0,1367.827148,2529103
2016-06-10,1545.0,1546.0,1522.0,1531.0,1353.680176,2952885
2016-06-13,1516.0,1532.0,1509.0,1509.0,1334.2282710000002,2762588
2016-06-14,1466.0,1494.0,1456.0,1460.0,1290.90332,4913106
2016-06-15,1469.0,1495.0,1461.150024,1463.0,1293.555908,3299056
2016-06-16,1449.0,1468.0,1446.0,1458.0,1289.13501,2214220
2016-06-17,1468.0,1483.0,1460.0,1474.0,1303.281982,2960373
2016-06-20,1505.0,1539.099976,1497.0,1539.0,1360.753784,2969661
2016-06-21,1539.0,1556.0,1528.0,1547.0,1367.827148,4664334
2016-06-22,1545.0,1551.0,1531.0,1538.0,1359.869385,2723898
2016-06-23,1550.0,1568.0,1542.0,1550.0,1370.479614,2415416
2016-06-24,1375.0,1469.0,1375.0,1420.0,1255.536255,8941415
2016-06-27,1409.0,1440.0,1369.0,1369.0,1210.4428710000002,7252081
2016-06-28,1396.0,1427.0,1385.0,1416.0,1251.99939,4657157
2016-06-29,1436.0,1472.0,1428.0,1472.0,1301.51355,4118943
2016-06-30,1489.0,1554.0,1469.0,1554.0,1374.016357,6773824
2016-07-01,1560.0,1582.099976,1538.0,1570.0,1388.163208,4153933
2016-07-04,1579.0,1596.0,1568.0,1586.0,1402.310181,2879047
2016-07-05,1575.0,1587.0,1557.0,1570.0,1388.163208,4359535
2016-07-06,1570.0,1605.290039,1552.0,1559.0,1378.4372560000002,4188475
2016-07-07,1572.0,1583.0,1551.0,1551.0,1371.363892,3261917
2016-07-08,1550.0,1570.0,1546.0,1560.0,1379.321411,3108117
2016-07-11,1579.0,1600.209961,1563.77002,1594.0,1409.383667,3615514
2016-07-12,1589.0,1600.069946,1577.0,1578.0,1395.236694,3322877
2016-07-13,1573.0,1610.0,1566.560059,1593.0,1408.49939,3000991
2016-07-14,1606.0,1609.0,1578.0,1581.0,1397.889404,2506013
2016-07-15,1580.0,1596.0,1569.0,1586.0,1402.310181,2868553
2016-07-18,1586.0,1608.0,1579.0,1600.0,1414.688721,2509257
2016-07-19,1602.0,1605.0,1593.0,1605.0,1419.1094970000001,2630170
2016-07-20,1610.0,1625.0,1600.0,1625.0,1436.793091,2883827
2016-07-21,1629.0,1629.0,1608.0,1611.0,1424.414673,2886200
2016-07-22,1601.0,1620.079956,1598.089966,1613.0,1426.182983,1974733
2016-07-25,1617.0,1632.0,1608.0,1628.0,1439.445679,2298610
2016-07-26,1634.0,1644.0,1623.02002,1626.0,1437.67749,3628605
2016-07-27,1632.0,1632.0,1618.0,1626.0,1437.67749,2749414
2016-07-28,1578.0,1578.0,1541.0,1541.0,1416.9880369999998,4506074
2016-07-29,1545.0,1545.0,1509.0,1516.0,1394.0,4183418
2016-08-01,1523.0,1525.0,1506.0,1521.0,1398.597534,3742571
2016-08-02,1516.0,1519.0,1499.0,1503.0,1382.046265,4139644
2016-08-03,1515.0,1532.0,1507.0,1509.0,1387.563232,3775352
2016-08-04,1518.0,1543.0,1494.0,1539.0,1415.149048,6069639
2016-08-05,1546.0,1566.359985,1512.780029,1538.0,1414.229614,3747065
2016-08-08,1529.0,1543.0,1523.0,1538.0,1414.229614,4627646
2016-08-09,1540.0,1542.0,1533.300049,1536.0,1412.3903810000002,2337631
2016-08-10,1530.0,1534.0,1520.0,1526.0,1403.1951900000001,3498670
2016-08-11,1533.0,1546.0,1525.0,1546.0,1421.5858150000001,3502331
2016-08-12,1545.0,1560.0,1541.0,1555.0,1429.86145,2560386
2016-08-15,1555.0,1559.0,1550.150024,1555.0,1429.86145,1222407
2016-08-16,1550.0,1551.0,1526.0,1526.0,1403.1951900000001,2187237
2016-08-17,1529.0,1535.0,1515.0,1515.0,1393.080444,2376407
2016-08-18,1523.0,1529.0,1518.0,1523.0,1400.436523,1349021
2016-08-19,1521.0,1530.0,1518.0,1521.0,1398.597534,2241843
2016-08-22,1522.0,1533.0,1517.0,1522.0,1399.51709,1602343
2016-08-23,1530.0,1534.189941,1521.0,1526.0,1403.1951900000001,1916075
2016-08-24,1517.0,1533.0,1514.160034,1518.0,1395.838989,1848022
2016-08-25,1518.0,1523.0,1514.0,1518.0,1395.838989,1708090
2016-08-26,1518.0,1527.199951,1514.0,1520.0,1397.678101,1686744
2016-08-30,1520.0,1520.849976,1499.22998,1501.0,1380.2070310000001,2317392
2016-08-31,1497.0,1511.0,1496.52002,1504.0,1382.965576,2499014
2016-09-01,1515.0,1518.0,1498.0,1508.0,1386.643677,2870356
2016-09-02,1510.0,1554.0,1507.0,1549.0,1424.3442380000001,3331001
2016-09-05,1555.0,1566.0,1546.0,1558.0,1432.619995,2048263
2016-09-06,1560.0,1561.0,1539.0,1547.0,1422.505127,1965177
2016-09-07,1569.0,1575.349976,1557.0,1570.0,1443.654297,4039697
2016-09-08,1570.0,1581.0,1565.0,1576.0,1449.171509,2877263
2016-09-09,1574.0,1586.0,1542.0,1545.0,1420.66626,2955172
2016-09-12,1527.0,1530.0,1514.900024,1524.0,1401.356201,4201736
2016-09-13,1529.0,1535.0,1521.0,1525.0,1402.275757,2939060
2016-09-14,1530.0,1535.0,1521.0,1521.0,1398.597534,2065675
2016-09-15,1515.0,1526.050049,1515.0,1523.0,1400.436523,1800994
2016-09-16,1518.0,1529.0,1513.0,1520.0,1397.678101,4473222
2016-09-19,1528.0,1545.0,1524.0,1537.0,1413.309937,2372896
2016-09-20,1534.0,1555.0,1534.0,1540.0,1416.0686039999998,1671548
2016-09-21,1546.0,1551.0,1523.0,1524.0,1401.356201,1600176
2016-09-22,1531.0,1559.0,1526.0,1554.0,1428.941895,1677324
2016-09-23,1555.0,1555.0,1532.0,1534.0,1410.551392,3462005
2016-09-26,1530.0,1544.0,1519.51001,1528.0,1405.034302,3221140
2016-09-27,1540.0,1550.0,1533.0,1539.0,1415.149048,2651251
2016-09-28,1533.0,1549.0,1531.0,1543.0,1418.827026,1976170
2016-09-29,1552.0,1588.099976,1539.329956,1577.0,1450.091064,2844781
2016-09-30,1562.0,1574.0,1545.0,1568.0,1441.815308,3294116
2016-10-03,1560.0,1587.0,1556.0,1573.0,1446.412842,2822938
2016-10-04,1579.0,1598.0,1573.0,1582.0,1454.688599,4226370
2016-10-05,1575.0,1579.0,1549.0,1552.0,1427.102905,3326916
2016-10-06,1561.0,1561.0,1518.0,1518.0,1395.838989,4031685
2016-10-07,1530.0,1530.0,1500.0,1516.0,1394.0,4463004
2016-10-10,1516.0,1521.0,1500.0,1516.0,1394.0,3082964
2016-10-11,1512.0,1536.0,1510.0,1512.0,1390.321899,2637438
2016-10-12,1510.0,1528.0,1504.0,1519.0,1396.758545,2714763
2016-10-13,1520.0,1536.0,1504.75,1526.0,1403.1951900000001,3304729
2016-10-14,1527.0,1554.359985,1527.0,1548.0,1423.424683,2351127
2016-10-17,1539.0,1550.0,1531.099976,1537.0,1413.309937,2484050
2016-10-18,1545.0,1572.0,1544.0,1566.0,1439.976196,2078957
2016-10-19,1572.0,1589.689941,1558.0,1586.0,1458.366577,3456262
2016-10-20,1587.0,1608.0,1582.0,1599.0,1470.3204349999999,4274443
2016-10-21,1597.0,1612.0,1594.0,1598.0,1469.401001,3246840
2016-10-24,1601.0,1611.0,1574.0,1576.0,1449.171509,2326600
2016-10-25,1575.0,1585.0,1573.829956,1579.0,1451.929932,1801573
2016-10-26,1574.0,1584.0,1568.099976,1582.0,1454.688599,1508030
2016-10-27,1579.0,1594.0,1572.0,1582.0,1454.688599,1626787
2016-10-28,1577.0,1592.0,1564.0,1587.0,1459.286255,2383838
2016-10-31,1584.0,1597.900024,1575.0,1591.0,1462.964233,1511832
2016-11-01,1596.0,1599.359985,1577.0,1579.0,1451.929932,1591632
2016-11-02,1570.0,1580.0,1562.0,1563.0,1437.217651,2091801
2016-11-03,1558.0,1567.0,1550.0,1563.0,1437.217651,2610539
2016-11-04,1563.0,1597.0,1550.5,1571.0,1444.5738529999999,4060886
2016-11-07,1587.0,1597.0,1564.050049,1575.0,1448.251953,2852525
2016-11-08,1577.0,1588.0,1571.609985,1577.0,1450.091064,2740354
2016-11-09,1540.0,1580.0,1517.0,1527.0,1404.1147460000002,5019602
2016-11-10,1545.0,1546.0,1472.0,1490.0,1370.092407,6533250
2016-11-11,1495.0,1511.189941,1479.0,1483.0,1363.65564,5302248
2016-11-14,1494.0,1494.0,1433.0,1436.0,1320.4379880000001,6744682
2016-11-15,1445.0,1483.0,1445.0,1454.0,1336.989502,3243994
2016-11-16,1459.0,1467.0,1444.0,1454.0,1336.989502,3190354
2016-11-17,1459.0,1463.0,1446.0,1452.0,1335.150269,2969422
2016-11-18,1449.0,1457.890015,1428.0,1442.0,1325.9552,4035095
2016-11-21,1446.0,1448.0,1433.0,1437.0,1321.357422,2730492
2016-11-22,1450.0,1470.0,1449.0,1462.0,1344.345581,2894687
2016-11-23,1465.0,1487.0,1455.0,1461.0,1343.426025,3676338
2016-11-24,1462.0,1464.0,1441.800049,1451.0,1334.230835,1991154
2016-11-25,1451.0,1464.0,1450.0,1464.0,1346.184692,1666969
2016-11-28,1460.0,1501.0,1456.0,1495.0,1374.689819,3269671
2016-11-29,1495.0,1500.0,1483.0,1492.0,1371.931274,4299800
2016-11-30,1493.0,1501.0,1471.0,1475.0,1356.299438,4750052
2016-12-01,1464.0,1470.0,1437.0,1454.0,1336.989502,3009791
2016-12-02,1451.0,1483.0,1439.0,1478.0,1359.057983,3155262
2016-12-05,1472.0,1481.0,1465.0,1470.0,1351.701782,3146308
2016-12-06,1473.0,1498.0,1471.0,1493.0,1372.85083,3055378
2016-12-07,1496.0,1501.0,1475.0,1498.0,1377.448486,3036733
2016-12-08,1506.0,1506.0,1467.0,1483.0,1363.65564,3812448
2016-12-09,1481.0,1494.0,1465.0,1492.0,1371.931274,2304406
2016-12-12,1493.0,1500.0,1478.0,1500.0,1379.287476,1962696
2016-12-13,1498.0,1525.310059,1497.0,1525.0,1402.275757,2121377
2016-12-14,1516.0,1523.0,1495.0,1508.0,1386.643677,2597349
2016-12-15,1506.0,1527.0,1482.0,1522.0,1399.51709,3589620
2016-12-16,1514.0,1532.0,1514.0,1517.0,1394.919434,4170551
2016-12-19,1519.0,1524.0,1510.0,1521.0,1398.597534,2312188
2016-12-20,1524.0,1532.0,1518.0,1531.0,1407.7928470000002,3059218
2016-12-21,1527.0,1537.0,1522.0,1531.0,1407.7928470000002,1337728
2016-12-22,1527.0,1536.0,1522.0,1536.0,1412.3903810000002,1495142
2016-12-23,1531.0,1554.0,1531.0,1554.0,1428.941895,651584
2016-12-28,1554.0,1558.0,1541.280029,1548.0,1423.424683,2903572
2016-12-29,1541.0,1564.0,1538.0,1563.0,1437.217651,1614563
2016-12-30,1557.0,1561.849976,1547.0,1553.0,1428.022339,1164061
2017-01-03,1553.0,1578.0,1544.0,1555.0,1429.86145,1992108
2017-01-04,1558.0,1558.560059,1530.640015,1536.0,1412.3903810000002,2026756
2017-01-05,1539.0,1554.0,1528.0,1545.0,1420.66626,2074727
2017-01-06,1540.0,1548.0,1533.0,1540.0,1416.0686039999998,1927949
2017-01-09,1546.0,1550.0,1535.0,1538.0,1414.229614,1576835
2017-01-10,1537.0,1541.0,1520.0,1527.0,1404.1147460000002,2478118
2017-01-11,1524.0,1533.0,1513.0,1528.0,1405.034302,2062158
2017-01-12,1526.0,1552.0,1523.0,1547.0,1422.505127,2568464
2017-01-13,1565.0,1567.0,1541.0,1553.0,1428.022339,3081648
2017-01-16,1554.0,1565.099976,1547.0,1556.0,1430.780884,1544502
2017-01-17,1553.0,1559.099976,1540.540039,1551.0,1426.18335,3302186
2017-01-18,1562.0,1570.0,1531.599976,1557.0,1431.700439,3620501
2017-01-19,1529.0,1529.0,1507.359985,1515.0,1418.035034,2425196
2017-01-20,1519.0,1524.0,1506.0,1506.0,1409.611084,2894838
2017-01-23,1502.0,1510.0,1494.640015,1502.0,1405.8670650000001,2775607
2017-01-24,1511.0,1514.0,1500.0,1508.0,1411.483032,2350486
2017-01-25,1530.0,1530.0,1501.0,1502.0,1405.8670650000001,2799902
2017-01-26,1503.0,1503.0,1492.0,1495.0,1399.315063,2931547
2017-01-27,1499.0,1499.0,1490.0,1492.0,1396.506958,2627045
2017-01-30,1485.0,1517.01001,1479.0,1492.0,1396.506958,4945551
2017-01-31,1497.0,1497.0,1478.0,1489.0,1393.6990970000002,4055150
2017-02-01,1495.0,1506.0,1472.0,1475.0,1380.595093,2456374
2017-02-02,1473.0,1494.0,1468.0,1482.0,1387.147095,2142342
2017-02-03,1486.0,1492.0,1474.5,1480.0,1385.2751460000002,2350704
2017-02-06,1481.0,1498.0,1479.0,1488.0,1392.763062,2379141
2017-02-07,1492.0,1515.0,1487.0,1513.0,1416.162964,3105881
2017-02-08,1514.0,1541.0,1505.0,1540.0,1441.434814,4172639
2017-02-09,1543.0,1552.0,1538.0,1544.0,1445.178833,2924537
2017-02-10,1543.0,1549.0,1529.0,1537.0,1438.626953,2913604
2017-02-13,1533.0,1542.0,1527.0,1540.0,1441.434814,1977034
2017-02-14,1543.0,1547.0,1528.0,1535.0,1436.754883,1759532
2017-02-15,1540.0,1544.0,1528.0,1530.0,1432.074951,3158648
2017-02-16,1535.0,1535.0,1520.150024,1531.0,1433.010864,1971795
2017-02-17,1536.0,1536.0,1508.0,1524.0,1426.4589839999999,3810498
2017-02-20,1526.0,1531.0,1519.0,1531.0,1433.010864,1525492
2017-02-21,1532.0,1544.800049,1531.0,1542.0,1443.306885,2340576
2017-02-22,1540.0,1550.0,1534.0,1541.0,1442.37085,2390685
2017-02-23,1545.0,1545.0,1528.0,1537.0,1438.626953,2311787
2017-02-24,1539.0,1551.0,1535.0,1547.0,1447.986938,1635708
2017-02-27,1554.0,1554.0,1523.0,1530.0,1432.074951,2821519
2017-02-28,1534.0,1546.0,1527.0,1541.0,1442.37085,3039776
2017-03-01,1544.0,1545.0,1524.619995,1530.0,1432.074951,3137045
2017-03-02,1529.0,1542.0,1522.619995,1542.0,1443.306885,2390676
2017-03-03,1544.0,1549.0,1530.0,1539.0,1440.498901,2017559
2017-03-06,1540.0,1544.0,1530.400024,1543.0,1444.24292,1757220
2017-03-07,1532.0,1546.0,1510.199951,1520.0,1422.714966,3659467
2017-03-08,1518.0,1529.0,1494.0,1523.0,1425.522949,4097110
2017-03-09,1530.0,1530.0,1508.0,1524.0,1426.4589839999999,2327216
2017-03-10,1523.0,1523.0,1502.0,1503.0,1406.8029789999998,2392076
2017-03-13,1506.0,1515.0,1492.640015,1510.0,1413.35498,2409137
2017-03-14,1512.0,1521.0,1501.0,1505.0,1408.674927,2320993
2017-03-15,1509.0,1510.0,1492.5,1501.0,1404.930908,2230058
2017-03-16,1507.0,1513.800049,1492.0,1497.0,1401.187134,3673449
2017-03-17,1500.0,1504.0,1482.5,1504.0,1407.739014,6373685
2017-03-20,1501.0,1507.0,1494.199951,1507.0,1410.5469970000001,2241529
2017-03-21,1515.0,1516.0,1490.0,1501.0,1404.930908,2924427
2017-03-22,1501.0,1510.199951,1488.099976,1498.0,1402.123047,3453618
2017-03-23,1500.0,1512.199951,1494.0,1503.0,1406.8029789999998,3149817
2017-03-24,1500.0,1508.0,1493.0,1504.0,1407.739014,2261822
2017-03-27,1496.0,1507.099976,1490.0,1505.0,1408.674927,3174547
2017-03-28,1509.0,1514.199951,1493.800049,1496.0,1400.250977,2466180
2017-03-29,1496.0,1499.800049,1477.0,1488.0,1392.763062,2771933
2017-03-30,1480.0,1500.75,1451.0,1465.0,1371.235107,5731764
2017-03-31,1463.0,1481.0,1455.0,1476.0,1381.5311279999999,3531839
2017-04-03,1476.0,1482.0,1467.0,1478.0,1383.403076,2859897
2017-04-04,1482.0,1488.119995,1468.0,1471.0,1376.851196,3044912
2017-04-05,1472.0,1488.72998,1467.0,1485.0,1389.955078,2510449
2017-04-06,1482.0,1491.0,1481.0,1483.0,1388.083008,2374207
2017-04-07,1479.0,1487.0,1468.0,1487.0,1391.827026,2456965
2017-04-10,1479.0,1486.0,1477.640015,1481.0,1386.2110599999999,1923080
2017-04-11,1479.0,1501.0,1476.0,1501.0,1404.930908,3902197
2017-04-12,1498.0,1509.0,1488.150024,1504.0,1407.739014,3004659
2017-04-13,1498.0,1505.0,1478.699951,1495.0,1399.315063,3106556
2017-04-18,1495.0,1500.0,1458.0,1460.0,1366.555176,4190435
2017-04-19,1459.0,1464.349976,1433.0,1437.0,1345.0272220000002,4867110
2017-04-20,1438.0,1442.0,1422.0,1428.0,1336.6032710000002,3571883
2017-04-21,1429.0,1449.0,1414.77002,1445.0,1352.515259,5255657
2017-04-24,1440.0,1443.0,1388.650024,1417.0,1326.307373,7674258
2017-04-25,1420.0,1424.150024,1398.0,1398.0,1308.5233150000001,4492886
2017-04-26,1393.0,1402.0,1386.0,1395.0,1305.715454,3780968
2017-04-27,1388.0,1398.0,1385.0,1394.0,1304.779297,2189216
2017-04-28,1394.0,1397.0,1380.0,1391.0,1301.971436,3572458
2017-05-02,1392.0,1411.0,1378.0,1400.0,1310.395386,4648078
2017-05-03,1399.0,1410.0,1391.0,1410.0,1319.7553710000002,1984087
2017-05-04,1405.0,1417.0,1397.0,1406.0,1316.0113529999999,3582131
2017-05-05,1401.0,1432.0,1390.719971,1424.0,1332.8592529999999,4176073
2017-05-08,1436.0,1466.0,1425.0,1449.0,1356.259155,5478176
2017-05-09,1419.0,1459.670044,1400.5,1431.0,1339.411255,6106326
2017-05-10,1433.0,1464.150024,1431.0,1464.0,1370.299072,4690468
2017-05-11,1460.0,1466.0,1440.0,1449.0,1356.259155,5212437
2017-05-12,1450.0,1455.0,1432.290039,1444.0,1351.579224,3599463
2017-05-15,1438.0,1446.0,1429.0,1444.0,1351.579224,4212904
2017-05-16,1442.0,1453.0,1433.0,1451.0,1358.1311039999998,3965648
2017-05-17,1454.0,1471.0,1432.0,1468.0,1374.043091,5364346
2017-05-18,1471.0,1505.5,1462.0,1492.0,1396.506958,7201031
2017-05-19,1496.0,1510.0,1487.0,1509.0,1412.418945,4405577
2017-05-22,1512.0,1535.290039,1491.22998,1534.0,1435.81897,3566855
2017-05-23,1532.0,1553.5,1530.0,1551.0,1451.730835,3501664
2017-05-24,1550.0,1554.0,1525.579956,1543.0,1444.24292,3818904
2017-05-25,1548.0,1549.380005,1524.0,1536.0,1437.690796,3119488
2017-05-26,1535.0,1537.0,1516.219971,1519.0,1421.778931,3654575
2017-05-30,1519.0,1526.0,1512.0,1515.0,1418.035034,2933220
2017-05-31,1521.0,1521.0,1499.630005,1505.0,1408.674927,6742601
2017-06-01,1511.0,1516.0,1504.619995,1507.0,1410.5469970000001,2865732
2017-06-02,1516.0,1516.0,1484.630005,1485.0,1389.955078,2905138
2017-06-05,1486.0,1516.0,1480.0,1480.0,1385.2751460000002,2157075
2017-06-06,1479.0,1494.0,1472.199951,1485.0,1389.955078,3564085
2017-06-07,1485.0,1497.5,1475.0,1477.0,1382.467041,4127288
2017-06-08,1479.0,1498.0,1477.0,1492.0,1396.506958,5259482
2017-06-09,1514.0,1535.0,1492.0,1495.0,1399.315063,4397504
2017-06-12,1493.0,1502.0,1489.0,1495.0,1399.315063,2998336
2017-06-13,1499.0,1505.0,1488.0,1490.0,1394.63501,2505756
2017-06-14,1499.0,1504.0,1489.0,1489.0,1393.6990970000002,7267534
2017-06-15,1489.0,1489.0,1465.900024,1471.0,1376.851196,5938239
2017-06-16,1479.0,1483.0,1466.949951,1470.0,1375.915039,7510889
2017-06-19,1482.0,1482.569946,1466.0,1470.0,1375.915039,4293366
2017-06-20,1472.0,1486.0,1471.0,1475.0,1380.595093,398398
2017-06-21,1500.0,1502.0,1476.26001,1487.0,1391.827026,1189015
2017-06-22,1488.0,1504.709961,1470.0,1496.0,1400.250977,1513022
2017-06-23,1500.0,1511.0,1494.0,1508.0,1411.483032,633888
2017-06-26,1510.0,1511.040039,1501.0,1506.109985,1409.713867,2057106
2017-06-27,1502.0,1508.050049,1482.199951,1502.0,1405.8670650000001,2259176
2017-06-28,1486.0,1496.800049,1473.0,1477.0,1382.467041,430692
2017-06-29,1478.0,1483.0,1464.5,1472.0,1377.7871089999999,382252
2017-06-30,1471.0,1473.0,1449.800049,1453.0,1360.003174,502330
2017-07-03,1451.0,1472.0,1451.0,1465.0,1371.235107,3924355
2017-07-04,1462.0,1472.800049,1455.0,1461.0,1367.491089,2155247
2017-07-05,1466.0,1470.0,1448.0,1450.0,1357.1951900000001,2466793
2017-07-06,1454.0,1455.75,1438.0,1453.0,1360.003174,3493063
2017-07-07,1461.0,1484.0,1453.0,1474.0,1379.659058,3666197
2017-07-10,1482.0,1486.0,1469.0,1470.0,1375.915039,2694001
2017-07-11,1471.0,1484.0,1458.0,1472.0,1377.7871089999999,2913868
2017-07-12,1474.0,1489.310059,1472.0,1480.0,1385.2751460000002,3796678
2017-07-13,1485.0,1488.0,1474.800049,1480.0,1385.2751460000002,4501412
2017-07-14,1484.0,1485.0,1466.0,1474.0,1379.659058,2866416
2017-07-17,1477.0,1484.0,1472.0,1481.0,1386.2110599999999,2346212
2017-07-18,1480.0,1483.0,1470.75,1474.0,1379.659058,3313707
2017-07-19,1477.0,1479.0,1468.0,1471.0,1376.851196,3111931
2017-07-20,1459.0,1479.0,1459.0,1477.0,1382.467041,3755630
2017-07-21,1477.0,1482.0,1467.0,1473.0,1378.723145,2810010
2017-07-24,1477.0,1477.0,1444.0,1453.0,1360.003174,4622708
2017-07-25,1460.0,1468.0,1452.0,1457.0,1363.747192,4213606
2017-07-26,1462.0,1469.0,1456.0,1460.0,1366.555176,6023077
2017-07-27,1396.0,1402.0,1373.25,1380.0,1350.795776,6781222
2017-07-28,1389.0,1395.530029,1376.0,1379.0,1349.817017,4657395
2017-07-31,1379.0,1383.0,1372.48999,1379.0,1349.817017,5877437
2017-08-01,1383.0,1386.0,1373.75,1381.0,1351.774658,5227267
2017-08-02,1386.0,1388.0,1379.0,1385.0,1355.690063,3219705
2017-08-03,1385.0,1403.0,1381.0,1400.0,1370.372559,3575670
2017-08-04,1405.0,1409.0,1401.0,1403.0,1373.309082,4279889
2017-08-07,1403.0,1407.0,1389.0,1391.0,1361.5629880000001,2843176
2017-08-08,1393.0,1400.869995,1387.0,1393.0,1363.520752,2952329
2017-08-09,1390.0,1397.26001,1384.73999,1393.0,1363.520752,3081724
2017-08-10,1398.0,1398.0,1388.26001,1390.0,1360.5842289999998,2785701
2017-08-11,1398.0,1398.0,1388.0,1389.0,1359.6053470000002,2388158
2017-08-14,1405.0,1415.0,1395.0,1410.0,1380.160889,4624915
2017-08-15,1414.0,1416.0,1404.0,1406.0,1376.245605,2834190
2017-08-16,1412.0,1431.0,1408.0,1430.0,1399.737671,3648646
2017-08-17,1432.0,1442.0,1426.0,1436.0,1405.610718,3081245
2017-08-18,1429.0,1445.26001,1426.0,1437.0,1406.5896,3958145
2017-08-21,1431.0,1435.300049,1427.0,1431.0,1400.716553,3152067
2017-08-22,1439.0,1445.0,1433.099976,1441.0,1410.504883,2708266
2017-08-23,1442.0,1444.0,1434.869995,1435.0,1404.631836,2680165
2017-08-24,1435.0,1445.0,1426.0,1428.0,1397.780029,3121909
2017-08-25,1429.0,1435.0,1403.890015,1404.0,1374.287964,3882732
2017-08-29,1404.0,1413.0,1392.0,1398.0,1368.414917,3582868
2017-08-30,1402.0,1410.0,1394.0,1408.0,1378.2032470000001,2667218
2017-08-31,1410.0,1428.0,1405.0,1425.0,1394.8435060000002,3865146
2017-09-01,1418.0,1440.0,1417.0,1437.0,1406.5896,3507471
2017-09-04,1434.0,1438.0,1427.0,1432.0,1401.6953130000002,2595249
2017-09-05,1433.0,1441.119995,1430.0,1434.0,1403.653076,2911502
2017-09-06,1433.0,1437.0,1418.0,1430.0,1399.737671,4080039
2017-09-07,1431.0,1444.0,1427.0,1441.0,1410.504883,2538925
2017-09-08,1441.0,1442.0,1426.050049,1440.0,1409.526123,2202845
2017-09-11,1443.0,1449.0,1437.0,1438.0,1407.5683589999999,1880432
2017-09-12,1438.0,1446.0,1428.0,1428.0,1397.780029,2484585
2017-09-13,1426.0,1427.0,1416.0,1416.0,1386.033936,2833558
2017-09-14,1415.0,1422.0,1398.880005,1404.0,1374.287964,3395510
2017-09-15,1409.0,1416.0,1393.0,1407.0,1377.224487,7057413
2017-09-18,1409.0,1413.0,1404.0,1407.0,1377.224487,2898332
2017-09-19,1409.0,1421.099976,1406.839966,1420.0,1389.949341,2935492
2017-09-20,1419.0,1429.0,1411.0,1413.0,1383.0974119999998,2324756
2017-09-21,1413.0,1414.0,1398.800049,1410.0,1380.160889,2706669
2017-09-22,1407.0,1415.0,1398.099976,1414.0,1384.076294,2570712
2017-09-25,1412.0,1430.0,1408.0,1425.0,1394.8435060000002,3268485
2017-09-26,1428.0,1429.0,1415.0,1416.0,1386.033936,2169507
2017-09-27,1416.0,1422.0,1389.900024,1394.0,1364.4995119999999,4036665
2017-09-28,1394.0,1397.0,1374.5,1386.0,1356.668823,4014133
2017-09-29,1390.0,1404.0,1387.119995,1397.0,1367.436035,3142823
2017-10-02,1395.0,1425.0,1392.0,1425.0,1394.8435060000002,3891982
2017-10-03,1425.0,1430.0,1407.0,1412.0,1382.1186519999999,2838716
2017-10-04,1410.0,1414.0,1341.0,1367.0,1338.070923,12268789
2017-10-05,1374.0,1399.0,1368.109985,1380.0,1350.795776,6401366
2017-10-06,1382.0,1386.0,1367.0,1371.0,1341.986328,3187394
2017-10-09,1368.0,1381.400024,1362.0,1371.0,1341.986328,4486760
2017-10-10,1366.0,1379.300049,1357.699951,1372.0,1342.9650880000002,2439684
2017-10-11,1375.0,1397.0,1370.699951,1374.0,1344.922852,4008756
2017-10-12,1377.0,1414.0,1371.0,1408.0,1378.2032470000001,5353215
2017-10-13,1408.0,1414.0,1387.0,1391.0,1361.5629880000001,4211432
2017-10-16,1395.0,1395.400024,1374.300049,1378.0,1348.838135,2618465
2017-10-17,1382.0,1390.329956,1369.0,1380.0,1350.795776,3292643
2017-10-18,1382.0,1391.0,1381.699951,1387.0,1357.647705,2172058
2017-10-19,1386.0,1400.0,1385.0,1392.0,1362.54187,2051829
2017-10-20,1393.0,1400.0,1376.0,1386.0,1356.668823,2566086
2017-10-23,1388.0,1401.569946,1384.0,1397.0,1367.436035,1947902
2017-10-24,1396.0,1400.0,1383.0,1385.0,1355.690063,2236498
2017-10-25,1383.0,1385.0,1346.0,1348.0,1319.4730220000001,4008308
2017-10-26,1350.0,1371.0,1346.0,1368.0,1339.049805,3169053
2017-10-27,1371.0,1386.0,1365.050049,1371.0,1341.986328,3477719
2017-10-30,1371.0,1382.0,1366.0,1379.0,1349.817017,1854135
2017-10-31,1377.0,1387.0,1376.0,1382.0,1352.75354,1753395
2017-11-01,1382.0,1384.0,1357.0,1364.0,1335.134399,3822185
2017-11-02,1363.0,1376.0,1358.0,1365.0,1336.1132810000001,2992436
2017-11-03,1370.0,1372.0,1359.0,1367.0,1338.070923,1723740
2017-11-06,1370.0,1379.0,1365.839966,1374.0,1344.922852,2757344
2017-11-07,1378.0,1426.0,1362.0,1410.0,1380.160889,6718594
2017-11-08,1465.0,1470.810059,1385.0,1398.0,1368.414917,8135739
2017-11-09,1403.0,1403.0,1380.0,1394.0,1364.4995119999999,3328994
2017-11-10,1399.0,1399.0,1350.0,1360.0,1331.219116,6319900
2017-11-13,1360.0,1364.0,1339.0,1339.0,1310.663452,5054445
2017-11-14,1339.0,1353.0,1337.0,1343.0,1314.578857,4214777
2017-11-15,1341.0,1366.0,1335.0,1355.0,1326.324829,4502991
2017-11-16,1363.0,1380.0,1355.0,1379.0,1349.817017,4280339
2017-11-17,1378.0,1382.0,1341.150024,1346.0,1317.5153810000002,4340331
2017-11-20,1341.0,1342.0,1326.0,1331.0,1302.832764,2484629
2017-11-21,1372.0,1372.0,1329.0,1342.0,1313.599976,3641254
2017-11-22,1342.0,1380.0,1341.0,1367.0,1338.070923,5168644
2017-11-23,1356.0,1366.0,1323.0,1358.0,1329.2613529999999,5035459
2017-11-24,1357.0,1365.0,1343.0,1344.0,1315.557617,3158986
2017-11-27,1339.0,1361.0,1333.0,1354.0,1325.346069,3847927
2017-11-28,1356.0,1362.0,1342.0,1359.0,1330.2402339999999,5422803
2017-11-29,1355.0,1371.0,1354.0,1362.0,1333.176758,4818937
2017-11-30,1360.0,1386.0,1358.0,1369.0,1340.028564,7943689
2017-12-01,1367.0,1368.0,1338.0,1338.0,1309.684692,3746802
2017-12-04,1347.0,1349.0,1335.0,1337.0,1308.705811,3107515
2017-12-05,1341.0,1346.0,1320.0,1322.0,1294.023193,4064464
2017-12-06,1315.0,1332.0,1309.0,1317.0,1289.1290279999998,3769165
2017-12-07,1321.0,1329.0,1314.0,1327.0,1298.91748,4018567
2017-12-08,1329.0,1329.0,1318.0,1324.0,1295.980957,2789986
2017-12-11,1324.0,1328.0,1314.0,1319.0,1291.08667,3150478
2017-12-12,1322.0,1337.0,1319.0,1324.0,1295.980957,6978250
2017-12-13,1324.0,1338.0,1302.0,1324.0,1295.980957,8438011
2017-12-14,1313.0,1327.0,1303.0,1309.0,1281.29834,9571580
2017-12-15,1309.0,1328.0,1305.0,1315.0,1287.1713869999999,7421979
2017-12-18,1310.0,1326.0,1308.0,1311.0,1283.255981,4006701
2017-12-19,1315.0,1324.0,1307.0,1311.0,1283.255981,2996081
2017-12-20,1308.0,1308.0,1293.0,1294.0,1266.615845,3624174
2017-12-21,1296.0,1302.0,1285.0,1301.0,1273.467651,3182207
2017-12-22,1316.0,1316.0,1296.0,1304.0,1276.404175,1262275
2017-12-27,1304.0,1321.0,1292.0,1302.0,1274.446533,2252960
2017-12-28,1300.0,1304.0,1296.0,1300.0,1272.48877,1577906
2017-12-29,1301.0,1320.0,1295.0,1320.0,1292.065552,1488479
2018-01-02,1320.0,1326.5,1295.5,1300.0,1272.48877,3156185
2018-01-03,1304.5,1313.0,1287.0,1297.0,1269.5522460000002,2802767
2018-01-04,1304.5,1307.0,1297.0,1300.0,1272.48877,3911927
2018-01-05,1304.0,1324.0,1304.0,1324.0,1295.980957,4000943
2018-01-08,1325.0,1336.5,1319.5,1329.5,1301.364502,3031735
2018-01-09,1333.0,1334.0,1304.0,1310.0,1282.2772220000002,5351422
2018-01-10,1312.5,1320.5,1300.0,1305.0,1277.383057,4174640
2018-01-11,1310.0,1326.5,1307.0,1318.0,1290.10791,9337277
2018-01-12,1323.5,1332.0,1317.0,1321.0,1293.044434,9432667
2018-01-15,1321.0,1335.5,1314.0,1330.0,1301.853882,4796973
2018-01-16,1331.5,1335.5,1323.0,1333.0,1304.790405,5164877
2018-01-17,1336.0,1346.5,1321.0,1342.0,1313.599976,4679419
2018-01-18,1320.0,1325.0,1296.5,1300.0,1300.0,5151421
2018-01-19,1306.5,1307.0,1288.5,1291.0,1291.0,4416898
2018-01-22,1292.5,1301.5,1290.0,1296.5,1296.5,4038687
2018-01-23,1300.0,1304.5,1276.5,1295.0,1295.0,5248448
2018-01-24,1295.0,1298.0,1279.5,1279.5,1279.5,4382554
2018-01-25,1277.5,1284.5,1262.5,1262.5,1262.5,3766152
2018-01-26,1268.0,1287.5,1264.0,1281.5,1281.5,5249658
2018-01-29,1283.5,1302.5,1281.0,1300.0,1300.0,4983225
2018-01-30,1298.0,1300.5,1290.5,1290.5,1290.5,5393151
2018-01-31,1305.0,1319.0,1293.5,1304.5,1304.5,8285033
2018-02-01,1312.0,1322.0,1276.5,1276.5,1276.5,5126413
2018-02-02,1276.0,1280.0,1254.5,1261.5,1261.5,3434007
2018-02-05,1252.5,1267.0,1239.5,1239.5,1239.5,3645559
2018-02-06,1216.5,1226.5,1191.5,1191.5,1191.5,8419024
2018-02-07,1203.5,1223.0,1192.5,1219.0,1219.0,4368191
2018-02-08,1212.0,1220.5,1200.5,1205.5,1205.5,5143744
2018-02-09,1200.0,1202.0,1182.0,1189.5,1189.5,4815091
2018-02-12,1199.5,1205.5,1178.0,1182.0,1182.0,3705386
2018-02-13,1182.5,1187.0,1176.5,1185.0,1185.0,5592622
2018-02-14,1188.0,1193.5,1178.0,1191.0,1191.0,7204178
2018-02-15,1194.5,1196.5,1180.5,1188.5,1188.5,4117441
2018-02-16,1197.0,1203.5,1194.5,1200.0,1200.0,3766179
2018-02-19,1201.0,1205.0,1194.0,1201.5,1201.5,2238050
2018-02-20,1203.5,1216.0,1203.5,1213.0,1213.0,4816186
2018-02-21,1210.5,1221.5,1203.5,1219.5,1219.5,4276212
2018-02-22,1218.0,1238.0,1211.5,1236.0,1236.0,4713308
2018-02-23,1236.0,1257.0,1227.0,1251.5,1251.5,3808643
2018-02-26,1259.5,1259.5,1241.5,1253.5,1253.5,4019720
2018-02-27,1254.0,1260.0,1239.0,1241.0,1241.0,3707648
2018-02-28,1233.0,1239.5,1223.5,1225.0,1225.0,6216511
2018-03-01,1224.0,1231.5,1210.5,1221.0,1221.0,5423910
2018-03-02,1213.0,1225.5,1211.0,1214.0,1214.0,5073665
2018-03-05,1214.5,1217.5,1205.5,1215.5,1215.5,3373388
2018-03-06,1220.0,1228.5,1206.0,1215.0,1215.0,5897034
2018-03-07,1200.0,1235.5,1192.0,1232.5,1232.5,7354116
2018-03-08,1231.0,1253.0,1229.0,1247.5,1247.5,4768643
2018-03-09,1247.0,1264.5,1245.5,1257.0,1257.0,3612962
