Date,Open,High,Low,Close,Adj Close,Volume
2015-01-02,819.5,819.5,803.0,809.0,737.9064940000001,695658
2015-01-05,804.0,819.5,785.5,788.0,718.751892,1303214
2015-01-06,788.0,790.5,767.0,768.0,700.50946,1423653
2015-01-07,769.5,779.1400150000001,764.0,767.5,700.053467,1043968
2015-01-08,780.0,795.5,770.5,795.5,725.592834,1210891
2015-01-09,792.0,799.5,779.0,783.5,714.647339,821768
2015-01-12,784.5,793.0,777.5,788.0,718.751892,1246028
2015-01-13,783.0,806.5,783.0,804.0,733.3458860000001,1109088
2015-01-14,794.5,798.5,776.5,780.5,711.91095,1431471
2015-01-15,784.0,800.5,772.5,800.5,730.153442,2011947
2015-01-16,794.5,799.5,780.0,789.5,720.1201169999999,1592310
2015-01-19,787.5,803.5,787.5,803.0,732.433777,933366
2015-01-20,809.0,822.5,804.562988,817.5,745.659546,1276805
2015-01-21,817.0,827.0,809.625,827.0,754.324646,1441881
2015-01-22,826.5,844.5,826.5,844.5,770.286743,1829361
2015-01-23,848.5,863.5,845.5,861.5,785.7928469999999,1603702
2015-01-26,860.0,864.0,850.0,862.0,786.248962,2374352
2015-01-27,863.5,867.5,852.0,858.0,782.600403,1256277
2015-01-28,862.5,864.5,852.5,859.0,783.5125730000001,787559
2015-01-29,856.0,870.5,849.625,868.5,792.177734,1145884
2015-01-30,871.5,874.0,856.0,858.0,782.600403,1010143
2015-02-02,863.5,868.5,854.0,868.5,792.177734,1168990
2015-02-03,871.0,897.5,868.5,895.0,816.348938,1458920
2015-02-04,889.5,892.5,868.5,890.0,811.788391,1433609
2015-02-05,879.5,888.0,872.5,877.0,799.930786,1127710
2015-02-06,871.5,886.0,865.5,867.5,791.2655639999999,1403113
2015-02-09,863.0,867.0,856.0,865.0,788.985291,1179010
2015-02-10,865.0,881.0,864.5,880.0,802.667114,798820
2015-02-11,875.0,887.5,875.0,882.0,804.491394,678213
2015-02-12,879.0,900.0,879.0,896.5,817.717102,1217340
2015-02-13,900.0,901.5,893.599976,899.0,819.9974980000001,1177955
2015-02-16,894.0,901.5,893.5,899.5,820.453491,935843
2015-02-17,891.0,905.5,890.099976,901.0,821.821716,1498660
2015-02-18,900.0,914.0,900.0,906.5,826.838379,1569503
2015-02-19,904.5,921.900024,903.5,906.0,826.382263,1090751
2015-02-20,904.5,917.0,891.5,897.0,818.173218,1550301
2015-02-23,904.5,907.5,896.0,903.5,824.102051,1107396
2015-02-24,900.0,900.0,881.5,892.0,813.61261,1645725
2015-02-25,909.0,947.5,906.0,930.0,848.273132,4192496
2015-02-26,929.5,944.0,924.5,937.0,854.658081,1629265
2015-02-27,940.0,951.5,936.5,948.0,864.691345,1368522
2015-03-02,944.0,960.0,944.0,953.0,869.251953,1700340
2015-03-03,959.0,961.5,936.0,937.5,855.1141970000001,1221829
2015-03-04,940.0,940.0,928.0,937.5,855.1141970000001,1547799
2015-03-05,937.0,948.900024,933.5,946.0,862.867126,1490076
2015-03-06,943.0,956.5,942.400024,945.0,861.955078,1026080
2015-03-09,940.5,947.0,933.0,943.5,860.5868529999999,1187888
2015-03-10,938.5,953.0,924.0,924.0,842.800476,1534427
2015-03-11,927.5,939.5,924.0,935.5,853.2898560000001,1161601
2015-03-12,938.5,954.0,938.0,947.5,864.235291,1150250
2015-03-13,947.0,954.0,933.0,934.0,851.921692,1516839
2015-03-16,935.5,947.5,935.5,942.0,859.21875,1271380
2015-03-17,940.5,948.0,927.0,930.0,848.273132,1284018
2015-03-18,925.5,979.5,925.5,978.0,892.0550539999999,2639680
2015-03-19,984.5,991.599976,965.0,966.5,881.5656740000001,1918713
2015-03-20,973.0,981.5,966.5,978.5,892.511108,1624170
2015-03-23,976.5,985.5,972.0,974.5,888.86261,1191820
2015-03-24,974.5,995.870972,973.119019,990.0,903.0004880000001,1140952
2015-03-25,990.0,996.0,978.0,979.0,892.967102,1131368
2015-03-26,972.5,974.5,935.5,945.0,861.955078,1863182
2015-03-27,947.0,949.849976,930.7999880000001,932.0,850.097534,1514428
2015-03-30,942.5,942.5,926.5,934.0,851.921692,1041637
2015-03-31,944.0,959.5,929.0,934.5,852.377808,2182241
2015-04-01,930.5,951.5,928.5,943.5,860.5868529999999,1323684
2015-04-02,944.0,957.0,940.0,956.0,871.988464,826382
2015-04-07,956.0,975.5,956.0,974.5,888.86261,1341972
2015-04-08,977.0,992.5,972.0,982.5,896.159607,1346442
2015-04-09,971.5,984.5,971.0,982.5,909.461365,1120242
2015-04-10,981.5,995.5,981.5,994.5,920.5692140000001,1225718
2015-04-13,990.0,998.0,980.5,994.0,920.1063839999999,874313
2015-04-14,989.5,996.5,978.0,981.0,908.072876,950041
2015-04-15,987.5,989.5,970.0,972.5,900.204773,847324
2015-04-16,978.0,978.0,953.0,958.5,887.245483,1386245
2015-04-17,961.5,968.5,926.5,927.5,858.5500490000001,2107073
2015-04-20,933.0,945.5,917.0,923.0,854.384583,1823434
2015-04-21,930.0,938.5,916.5,921.5,852.996094,1474819
2015-04-22,926.5,929.0,903.0,911.0,843.2766720000001,1784628
2015-04-23,913.0,920.0,902.25,907.5,840.036804,2604045
2015-04-24,907.0,918.0,889.5,896.5,829.8544919999999,1539397
2015-04-27,895.5,910.5,884.5,906.5,839.111206,1749510
2015-04-28,911.5,913.0,866.5,875.5,810.415649,2688183
2015-04-29,883.5,891.0,869.0,878.0,812.729858,1876639
2015-04-30,879.0,895.0,870.0,892.5,826.151917,1995283
2015-05-01,894.0,894.0,873.5,886.0,820.135132,852914
2015-05-05,886.0,900.5,870.5,870.5,805.787415,1628588
2015-05-06,872.0,899.5,871.5,886.5,820.5979,1908418
2015-05-07,883.5,898.5,870.0,897.5,830.7802730000001,1517698
2015-05-08,950.0,988.5,932.0,962.5,890.9481810000001,4614528
2015-05-11,954.0,961.5,937.5,940.5,870.583679,1544662
2015-05-12,929.0,934.5,909.5,926.5,857.6243900000001,1863063
2015-05-13,924.5,932.5,907.5,925.0,856.23584,1841487
2015-05-14,925.0,943.0,916.0,941.5,871.509216,792912
2015-05-15,943.0,956.5,940.0,944.0,873.823425,1103458
2015-05-18,943.0,951.400024,928.5,936.0,866.418152,1036154
2015-05-19,941.0,960.5,939.25,948.0,877.5260619999999,989625
2015-05-20,946.5,947.5,932.0,938.0,868.269531,1097057
2015-05-21,938.5,942.5,925.5,932.0,862.715515,980811
2015-05-22,935.0,937.5,924.5,932.5,863.178284,1161609
2015-05-26,932.5,937.5,919.8699949999999,922.0,853.458862,960496
2015-05-27,924.5,936.0,920.0,933.5,864.104065,836795
2015-05-28,934.0,940.0,924.5,930.0,860.8641970000001,1141866
2015-05-29,927.5,937.5,908.5,911.5,843.739441,1513285
2015-06-01,913.0,930.5,911.0,920.5,852.070374,955774
2015-06-02,926.0,928.0,906.5,909.5,841.888184,1046220
2015-06-03,910.0,925.0,908.5,913.5,845.5907589999999,899250
2015-06-04,910.5,920.5,897.0,915.0,846.9792480000001,1220036
2015-06-05,908.5,910.5,900.973999,901.5,834.482849,975154
2015-06-08,899.5,901.0,883.0,884.0,818.283813,934640
2015-06-09,884.5,887.0,870.5,875.0,809.95282,824667
2015-06-10,874.0,887.5,870.5,885.0,819.209473,1378443
2015-06-11,880.0,903.5,880.0,900.5,833.557129,939148
2015-06-12,894.0,897.0,877.0,884.5,818.746643,936917
2015-06-15,878.0,880.5,873.0,876.5,811.34137,1273963
2015-06-16,873.0,882.5,863.0,880.5,815.044006,943824
2015-06-17,880.5,889.5,874.0,875.0,809.95282,843011
2015-06-18,870.0,874.5,853.0,872.5,807.6386719999999,1387567
2015-06-19,871.0,891.5,871.0,891.5,825.226318,2220621
2015-06-22,895.0,908.0,888.0,908.0,840.499634,1727104
2015-06-23,906.5,919.0,906.0,915.0,846.9792480000001,1284388
2015-06-24,912.5,921.5,910.0,920.5,852.070374,991165
2015-06-25,914.5,926.5,913.0,926.0,857.16156,1821591
2015-06-26,918.0,928.5,912.0,918.5,850.219055,1063851
2015-06-29,899.5,922.5,891.0,914.0,846.05365,2373341
2015-06-30,905.5,919.0,902.0,906.0,838.648315,1910555
2015-07-01,912.0,931.0,910.5,924.5,855.77301,1331541
2015-07-02,924.5,926.5,916.0,917.0,848.8306269999999,823189
2015-07-03,914.0,929.1400150000001,914.0,921.5,852.996094,434906
2015-07-06,913.5,915.5,907.0,910.5,842.8137820000001,1171647
2015-07-07,912.5,915.0,874.5,875.5,810.415649,1431415
2015-07-08,877.0,885.5,872.0,884.5,818.746643,1473566
2015-07-09,883.0,923.0,880.0,917.0,848.8306269999999,1654660
2015-07-10,926.0,952.0,922.0,952.0,881.228699,1235889
2015-07-13,959.0,965.0,953.5,963.0,891.41095,1319030
2015-07-14,968.0,968.0,954.8599849999999,967.5,895.576416,900717
2015-07-15,970.0,981.5,967.0,979.0,906.2216189999999,1187587
2015-07-16,984.5,1008.0,984.0,992.5,918.7178960000001,1431954
2015-07-17,990.0,994.5,982.7000119999999,985.5,912.238281,1288010
2015-07-20,981.5,992.5,981.0,983.5,910.387024,1106631
2015-07-21,984.0,987.0,979.5,985.0,911.775513,972748
2015-07-22,978.5,990.0,977.5,981.5,908.535706,949112
2015-07-23,986.5,989.5,975.5,980.0,907.147217,1609592
2015-07-24,976.0,980.5,968.0,971.5,899.279053,1099707
2015-07-27,964.0,966.5,950.5,952.5,881.691528,1013657
2015-07-28,954.5,962.0,940.0,958.0,886.7826539999999,1565250
2015-07-29,950.0,975.5,937.5,973.0,900.667542,3100655
2015-07-30,970.0,977.0,960.5,971.5,899.279053,1619620
2015-07-31,977.0,980.5,959.5,979.0,906.2216189999999,1969293
2015-08-03,972.0,980.5,966.5,971.0,898.816223,1370695
2015-08-04,965.5,977.0,961.5,973.5,901.1303710000001,2046060
2015-08-05,972.5,988.5,970.5,988.5,915.015259,1312022
2015-08-06,984.0,992.0,978.75,985.0,911.775513,1142727
2015-08-07,983.0,985.5,971.5,971.5,899.279053,810217
2015-08-10,974.5,989.5,958.346008,984.0,910.8498539999999,1454691
2015-08-11,981.0,985.0,975.5,979.5,906.6843869999999,1785389
2015-08-12,973.0,979.0360109999999,950.0,958.0,886.7826539999999,2001845
2015-08-13,960.0,969.1400150000001,956.5,962.0,890.4854130000001,1814732
2015-08-14,978.0,985.0,973.0,980.0,907.147217,2767072
2015-08-17,985.5,988.0,960.0,965.0,893.2623289999999,1800544
2015-08-18,960.0,972.0,958.237,968.5,896.502075,1756402
2015-08-19,962.0,965.5,950.5,950.5,879.84021,1323027
2015-08-20,947.5,959.0,946.5,949.5,878.91449,2689294
2015-08-21,936.5,940.0,917.0,917.0,848.8306269999999,2611078
2015-08-24,892.5,892.5,831.0,859.0,795.142334,4508675
2015-08-25,871.5,920.5,871.5,914.0,846.05365,5255327
2015-08-26,902.5,919.0,892.5,901.5,834.482849,2295271
2015-08-27,923.0,935.5,921.0,932.0,862.715515,3633089
2015-08-28,935.5,948.5,915.5,915.5,847.4421390000001,24063867
2015-09-01,915.5,930.0,870.5,875.0,809.95282,5410082
2015-09-02,880.5,886.0,867.5,878.0,812.729858,2512838
2015-09-03,876.5,890.0,873.0,880.0,824.64978,2015258
2015-09-04,871.5,874.5,854.0,856.5,802.627869,2362423
2015-09-07,865.0,868.5,852.5,860.5,806.3762820000001,1421799
2015-09-08,863.5,876.974976,863.5,875.0,819.964294,1596355
2015-09-09,891.5,898.5,882.0,884.5,828.866821,1284020
2015-09-10,877.0,886.5,875.0,885.0,829.335327,1692846
2015-09-11,886.0,886.0,864.0,873.5,818.5586549999999,1290937
2015-09-14,878.5,891.5,866.0,869.0,814.341675,1543750
2015-09-15,872.5,890.5,862.0,884.0,828.398254,1381078
2015-09-16,889.0,896.0,884.0,889.5,833.552307,1080665
2015-09-17,891.5,904.75,888.0,890.0,834.020813,1196566
2015-09-18,888.5,888.5,859.5,872.5,817.621521,2436245
2015-09-21,868.5,896.0,866.5,878.0,822.7755129999999,1630805
2015-09-22,880.5,881.0,847.5,848.5,795.131042,1339493
2015-09-23,843.5,859.0,839.5,856.0,802.159363,1237972
2015-09-24,856.5,858.0,833.0,836.5,783.885864,1627697
2015-09-25,851.5,874.0,848.0,873.5,818.5586549999999,1398609
2015-09-28,871.0,871.0,845.5,845.5,792.319824,918451
2015-09-29,835.0,841.0,829.0,829.5,777.3261719999999,1205418
2015-09-30,845.0,852.5,842.5,850.0,796.536743,1505632
2015-10-01,857.5,862.5,848.5,852.0,798.41095,1730544
2015-10-02,861.0,872.5,846.0,857.0,803.096375,1803108
2015-10-05,874.0,902.5,870.603027,899.5,842.9232789999999,1785254
2015-10-06,901.0,901.5,889.0,889.5,833.552307,1107784
2015-10-07,893.0,905.0,889.5,894.0,837.769226,1097130
2015-10-08,894.5,899.0,888.0,895.0,838.70636,854774
2015-10-09,899.0,909.125,878.0,878.0,822.7755129999999,1735264
2015-10-12,878.5,878.5,864.5,873.5,818.5586549999999,1297390
2015-10-13,869.0,870.0,848.5,861.0,806.8448490000001,1490642
2015-10-14,853.5,853.75,837.5,839.0,786.2286379999999,1637209
2015-10-15,850.5,867.0,842.5,866.5,811.998962,1948017
2015-10-16,871.0,878.0,868.5,878.0,822.7755129999999,1336053
2015-10-19,874.0,889.5,861.5,881.5,826.05542,763344
2015-10-20,883.5,886.0,875.0,881.0,825.586853,568932
2015-10-21,883.0,892.0,876.5,888.5,832.615173,864353
2015-10-22,886.5,899.5,882.0,899.0,842.454773,915051
2015-10-23,901.5,926.0,900.5,923.5,865.4136960000001,1442217
2015-10-26,919.5,941.2999880000001,918.599976,930.5,871.97345,1443491
2015-10-27,940.0,947.0,934.5,939.0,879.938843,1486538
2015-10-28,945.5,960.5,943.5,958.5,898.212341,1345527
2015-10-29,960.0,968.5,958.7800289999999,965.5,904.772034,1572467
2015-10-30,968.0,970.5,957.5,964.5,903.8349609999999,1179509
2015-11-02,953.0,965.775024,953.0,964.0,903.3663939999999,954651
2015-11-03,961.5,965.580017,958.0,963.5,902.897827,794703
2015-11-04,969.0,969.0,957.5,959.5,899.1494140000001,1028066
2015-11-05,961.0,962.0,943.5,951.5,891.652649,1742294
2015-11-06,950.0,965.5,948.0,962.0,901.492249,932691
2015-11-09,965.0,974.5,954.0,954.0,893.9953609999999,858792
2015-11-10,959.5,959.5,937.0,947.0,887.435669,709866
2015-11-11,949.5,972.5,947.0,971.0,909.9260859999999,1233953
2015-11-12,973.0,974.5,948.0,953.0,893.058228,1040649
2015-11-13,951.5,951.5,939.5,942.5,883.218689,539548
2015-11-16,936.5,946.5,935.5,946.0,886.498535,625862
2015-11-17,955.5,976.5,955.0,975.0,913.6745,1067942
2015-11-18,974.5,976.5,949.5,965.0,904.303467,1054940
2015-11-19,976.0,976.0,964.5,968.0,907.114807,1220848
2015-11-20,973.5,979.5,961.0,978.0,916.4857789999999,801690
2015-11-23,970.5,981.5,968.5,979.0,917.4229130000001,633468
2015-11-24,973.0,974.625,959.0,966.0,905.24054,703639
2015-11-25,971.0,1000.0,967.5,1000.0,937.102051,1226404
2015-11-26,997.0,1005.0,992.8599849999999,1004.0,940.8504640000001,784228
2015-11-27,998.0,1011.5,998.0,1009.0,945.53595,525079
2015-11-30,1008.0,1017.0,1003.0,1016.0,952.095703,1464134
2015-12-01,1020.0,1022.0,1014.0,1021.0,956.78125,1028035
2015-12-02,1026.0,1030.0,1019.75,1023.0,958.6553960000001,765125
2015-12-03,1025.0,1031.0,996.0,999.0,936.164917,879307
2015-12-04,999.0,1003.0,985.5,989.5,927.2625119999999,1246572
2015-12-07,997.5,1009.7299800000001,988.5,1004.0,940.8504640000001,802600
2015-12-08,1001.0,1007.0,985.0,989.0,926.7939449999999,667494
2015-12-09,989.0,994.5,975.5,983.0,921.1713869999999,940277
2015-12-10,970.0,976.0,953.0,971.5,910.394592,887990
2015-12-11,965.0,971.0,944.5,947.0,887.435669,1101039
2015-12-14,940.0,958.0,925.5,927.0,868.693542,1028888
2015-12-15,934.0,974.0,932.0,970.0,908.9890140000001,1153746
2015-12-16,971.5,979.0,964.5,972.0,910.86322,1048495
2015-12-17,987.5,1004.6400150000001,986.5,988.5,926.3253779999999,1040019
2015-12-18,984.5,987.5,972.5,973.5,912.2687990000001,1501802
2015-12-21,971.5,982.0,965.5,965.5,904.772034,513999
2015-12-22,977.5,980.0,964.5,970.0,908.9890140000001,564525
2015-12-23,980.0,996.5,974.5,992.5,930.073792,563301
2015-12-24,997.5,1002.0,994.625,996.0,933.353638,75027
2015-12-29,996.0,1023.0,995.75,1023.0,958.6553960000001,580056
2015-12-30,1021.0,1021.0,1006.0,1014.0,950.2214970000001,409872
2015-12-31,1007.0,1022.0,1003.0,1008.0,944.5989380000001,131775
2016-01-04,1008.0,1008.0,965.5,977.0,915.548706,1056334
2016-01-05,984.5,993.0,966.0,970.0,908.9890140000001,1305255
2016-01-06,960.0,967.75,940.0,952.0,892.121155,1190237
2016-01-07,930.0,933.25,910.5,926.5,868.225098,1596968
2016-01-08,926.5,943.0,921.4349980000001,921.5,863.53949,1172818
2016-01-11,912.0,920.5,900.75,907.0,849.951477,1568793
2016-01-12,906.0,922.5,898.5,918.0,860.259705,1963716
2016-01-13,929.0,958.5,925.5,936.5,877.5960689999999,2270991
2016-01-14,924.5,925.5,906.5,918.0,860.259705,1486395
2016-01-15,915.5,925.0,880.0,892.5,836.363525,1554923
2016-01-18,888.0,906.5,888.0,899.5,842.9232789999999,1424169
2016-01-19,916.0,928.0,899.7919919999999,925.0,866.8193970000001,1479259
2016-01-20,903.0,911.5,868.0,879.5,824.181274,2121658
2016-01-21,884.0,906.0,880.1610109999999,892.5,836.363525,2720395
2016-01-22,910.0,915.5150150000001,899.5,909.0,851.8258060000001,1701334
2016-01-25,915.0,917.0,902.5,909.0,851.8258060000001,976272
2016-01-26,903.0,915.5,893.0,912.5,855.105591,1895262
2016-01-27,914.0,929.5,907.5,929.5,871.0363769999999,1343754
2016-01-28,922.5,932.5,910.5,915.0,857.4483640000001,1059733
2016-01-29,924.5,953.0,923.5,953.0,893.058228,1509759
2016-02-01,959.0,959.0,934.0,946.0,886.498535,1245945
2016-02-02,943.5,943.5,908.5,915.5,857.9169310000001,1282307
2016-02-03,910.0,925.5,885.5,901.0,844.3289179999999,1993508
2016-02-04,915.5,922.0,884.5,892.5,836.363525,1626317
2016-02-05,898.0,901.5,871.0,872.5,817.621521,1278044
2016-02-08,877.0,883.5,824.9229740000001,831.0,778.731812,1976067
2016-02-09,832.5,837.5,804.5,811.5,760.458313,1868724
2016-02-10,818.5,852.5,809.5,844.0,790.914124,2331359
2016-02-11,839.0,839.5,800.5,801.0,750.618774,1459198
2016-02-12,809.0,830.0,802.5,830.0,777.794678,2109623
2016-02-15,851.5,865.5,844.4600220000001,855.0,801.222229,1267231
2016-02-16,867.0,867.0,847.0,860.0,805.907776,1309423
2016-02-17,862.0,899.0,860.0,899.0,842.454773,1513738
2016-02-18,908.0,916.5,893.5,896.5,840.1119380000001,1328694
2016-02-19,892.0,900.5,885.0,892.0,835.894958,983959
2016-02-22,899.0,910.0,899.0,899.0,842.454773,768510
2016-02-23,890.0,897.0,876.5,878.0,822.7755129999999,1329492
2016-02-24,874.5,881.5,855.0,856.5,802.627869,1668774
2016-02-25,852.0,884.0,839.0,874.5,819.495728,1670996
2016-02-26,884.5,887.0,868.5,870.0,815.278809,1420131
2016-02-29,862.5,863.5620119999999,837.5,858.0,804.033508,1765356
2016-03-01,856.0,865.0,845.5,855.5,801.690857,1604381
2016-03-02,861.0,862.0,835.5,847.5,794.19397,1599211
2016-03-03,849.0,856.0,842.5,856.0,802.159363,1406300
2016-03-04,858.0,867.0,851.0,859.0,804.9707030000001,1386052
2016-03-07,875.0,913.5,873.5,888.0,832.1466059999999,2261313
2016-03-08,883.5,886.5,871.5,880.0,824.64978,1446448
2016-03-09,849.5,882.0,849.5,865.0,810.593262,1421102
2016-03-10,864.0,891.0,853.5,853.5,799.816589,1393457
2016-03-11,877.5,902.5,862.0,894.0,837.769226,1316372
2016-03-14,899.0,910.0,895.026978,903.5,846.671753,1174804
2016-03-15,900.0,905.0,897.5,900.0,843.3918460000001,1560038
2016-03-16,903.5,939.5,900.0,934.5,875.7218630000001,2425822
2016-03-17,938.5,938.5,918.0,928.5,870.099304,1482298
2016-03-18,926.5,950.5,926.0,940.0,880.875916,1484793
2016-03-21,933.5,949.0,933.5,940.5,881.3444820000001,729430
2016-03-22,938.0,942.0,921.0,940.0,880.875916,1169296
2016-03-23,938.5,944.0,929.0,935.5,876.6589359999999,1295664
2016-03-24,926.5,929.5,906.0,910.0,852.7628779999999,1065451
2016-03-29,910.0,924.0,910.0,922.0,864.008118,683528
2016-03-30,928.5,933.5399779999999,923.0,926.0,867.7564699999999,830573
2016-03-31,922.0,925.0499880000001,915.5,918.5,860.7282710000001,844518
2016-04-01,910.5,910.5,901.0,908.0,850.888733,651690
2016-04-04,903.0,920.1979980000001,901.5,906.5,849.4829710000001,805068
2016-04-05,900.0,907.929993,887.0,890.0,834.020813,1073459
2016-04-06,891.5,905.0,886.5,904.5,847.608826,1006480
2016-04-07,895.0,899.0,872.0,874.0,834.9414059999999,1909875
2016-04-08,878.0,894.0,877.5,885.0,845.4498289999999,1113150
2016-04-11,882.0,904.0,880.0,896.0,855.9582519999999,898478
2016-04-12,897.0,911.0,887.5,908.5,867.8995970000001,878366
2016-04-13,919.5,946.5,917.0,945.5,903.246094,1028043
2016-04-14,947.5,949.5,932.5,935.5,893.692932,957039
2016-04-15,933.5,935.5,916.0,917.5,876.4974369999999,922081
2016-04-18,910.0,919.0,905.0,913.0,872.1985470000001,822687
2016-04-19,914.5,926.0,914.5,919.0,877.930298,959999
2016-04-20,917.0,925.2100220000001,911.5,921.0,879.840942,839991
2016-04-21,920.5,922.849976,908.5,910.5,869.810242,699054
2016-04-22,907.5,913.5,902.5,907.0,866.466614,763592
2016-04-25,909.5,923.0,903.0,915.5,874.5867310000001,1265081
2016-04-26,927.5,938.0,913.5,918.0,876.9750369999999,1385714
2016-04-27,917.0,924.0,905.8430179999999,908.0,867.421936,1624506
2016-04-28,902.0,902.0,879.5,881.0,841.62854,2345302
2016-04-29,871.0,878.5,862.0,867.0,828.254211,1447770
2016-05-03,867.0,878.5,855.26001,861.5,823.0,1385279
2016-05-04,858.0,864.0,852.0,857.5,819.178772,957483
2016-05-05,860.5,863.0,850.5,855.0,816.790466,785652
2016-05-06,851.0,861.0,848.0,860.5,822.044678,1041361
2016-05-09,863.5,879.0,863.5,871.0,832.075439,1108395
2016-05-10,874.5,882.5,865.5,871.0,832.075439,880194
2016-05-11,868.0,875.0,863.5,867.0,828.254211,817915
2016-05-12,861.0,874.0,851.0,858.0,819.6563719999999,783243
2016-05-13,854.5,863.0,840.317993,863.0,824.433044,850779
2016-05-16,857.5,871.5,857.5,871.5,832.553101,617242
2016-05-17,876.0,885.0,874.0,881.5,842.1062009999999,1006761
2016-05-18,875.5,899.0,869.7000119999999,899.0,858.824158,1353114
2016-05-19,893.0,896.0,884.5,885.0,845.4498289999999,889895
2016-05-20,893.0,901.0,892.5,896.0,855.9582519999999,907353
2016-05-23,895.0,904.0,890.5,901.0,860.734741,1449396
2016-05-24,899.5,946.5,893.5,943.5,901.335449,1339498
2016-05-25,949.0,953.0,926.3579710000001,928.0,886.5281369999999,1721544
2016-05-26,917.0,928.5,915.429993,926.5,885.0951539999999,1121871
2016-05-27,924.0,935.0,913.9500119999999,932.0,890.349426,605441
2016-05-31,932.0,935.5,924.5,927.5,886.050537,1796953
2016-06-01,926.5,927.4500119999999,913.0,915.0,874.109131,1259764
2016-06-02,914.0,918.0,903.5,909.0,868.377258,1183181
2016-06-03,916.5,920.0,894.0,904.0,863.600708,811466
2016-06-06,908.0,915.0,895.5,895.5,855.48053,1452061
2016-06-07,899.5,903.0,890.9600220000001,891.0,851.18158,1894692
2016-06-08,886.0,898.5,883.387024,893.5,853.5699460000001,1707218
2016-06-09,888.5,892.5,882.5,882.5,843.0615230000001,744493
2016-06-10,883.5,883.5,853.5,862.0,823.477661,1162346
2016-06-13,856.0,857.028992,839.7999880000001,840.5,802.9384769999999,1073672
2016-06-14,837.0,838.0,809.820007,810.0,773.801514,1916837
2016-06-15,813.0,822.0,810.5,816.0,779.5333860000001,1832017
2016-06-16,801.0,813.5,794.0,805.5,769.502563,1774440
2016-06-17,813.5,833.5,810.5,824.0,787.1759030000001,1982067
2016-06-20,850.0,879.5,850.0,878.0,838.7626339999999,1963873
2016-06-21,888.5,890.0,874.0,887.5,847.838074,1665644
2016-06-22,896.0,916.5,884.5,909.0,868.377258,1850204
2016-06-23,919.5,935.0,912.5,924.0,882.706909,1581490
2016-06-24,680.0,806.0,521.0,774.5,739.888,6072904
2016-06-27,756.5,759.5,684.5,716.0,684.002319,3536252
2016-06-28,732.5,764.0,731.5,759.5,725.558289,2843463
2016-06-29,767.0,786.7650150000001,758.0,785.5,750.396423,2500904
2016-06-30,776.0,791.0,765.5,785.0,749.918762,2187893
2016-07-01,794.5,825.0,782.5,820.0,783.354553,2242507
2016-07-04,826.5,826.5,791.5,792.5,757.083557,926375
2016-07-05,786.0,788.0,765.0,766.0,731.767822,2103178
2016-07-06,761.0,766.5,734.0,745.0,711.7062990000001,2334794
2016-07-07,762.0,768.5,752.5,757.5,723.647766,1566430
2016-07-08,756.5,783.0,755.0,771.5,737.022095,2290313
2016-07-11,779.5,798.5,776.5,789.5,754.2176509999999,2896745
2016-07-12,789.5,830.0,787.0,825.5,788.608826,2166966
2016-07-13,825.0,844.0,823.0,837.0,799.5948490000001,2448601
2016-07-14,840.0,871.0,832.0,865.5,826.821228,2429213
2016-07-15,862.0,874.002014,844.5,847.0,809.14801,1948475
2016-07-18,827.5,864.0,827.5,853.5,815.357483,1128803
2016-07-19,855.5,860.0,843.0,859.0,820.611694,969719
2016-07-20,867.0,918.0,861.5,898.0,857.868774,2130164
2016-07-21,898.0,904.0,879.5,880.5,841.15094,1672379
2016-07-22,876.5,897.8129880000001,866.0,870.5,831.597839,1006259
2016-07-25,876.0,891.0,868.5,888.0,848.315735,890921
2016-07-26,891.5,897.528015,882.0,884.0,844.494446,854240
2016-07-27,906.5,953.0,906.0,917.5,876.4974369999999,1749106
2016-07-28,922.5,926.0,909.0,920.0,878.8856810000001,2009297
2016-07-29,922.5,927.0,905.5,926.0,884.617493,2869456
2016-08-01,936.0,940.0,904.5,916.0,875.064453,2116592
2016-08-02,911.5,918.0,898.5,915.0,874.109131,1209220
2016-08-03,918.0,919.5,901.5,907.5,866.944275,869112
2016-08-04,890.5,936.5,890.5,924.0,882.706909,1301004
2016-08-05,919.5,949.0,919.5,945.0,902.768433,872847
2016-08-08,944.5,964.0,941.8350220000001,948.0,905.634399,956445
2016-08-09,950.5,954.5,944.0,952.5,909.9332890000001,1930073
2016-08-10,946.0,965.0,944.0,965.0,921.874634,994068
2016-08-11,972.0,972.5,956.0,971.0,927.6065060000001,1022921
2016-08-12,973.0,985.5,971.0,979.0,935.2489619999999,1135801
2016-08-15,980.0,985.5,974.5,979.5,935.726624,930607
2016-08-16,973.5,975.0,959.0,959.0,916.142761,1165693
2016-08-17,964.0,964.0,942.5,954.5,911.843811,747420
2016-08-18,961.0,964.0,951.0,962.5,919.486389,714272
2016-08-19,962.5,962.5,942.5,951.5,908.977966,726502
2016-08-22,949.5,962.0,945.0,953.0,910.41095,533960
2016-08-23,959.5,973.0,956.5,968.0,924.74054,548230
2016-08-24,962.5,969.5,955.0,965.5,922.352234,545787
2016-08-25,962.5,963.5,953.5,962.5,919.486389,615030
2016-08-26,958.5,964.0,952.0,961.0,918.0533449999999,673123
2016-08-30,961.0,978.0,956.0,973.5,929.9948119999999,1319437
2016-08-31,969.5,986.5,966.5,982.0,938.114929,1553222
2016-09-01,974.0,982.0,958.5,968.0,936.4992679999999,1229192
2016-09-02,973.0,987.5,960.0,983.5,951.4948730000001,2218277
2016-09-05,984.5,989.5,969.0,976.0,944.238892,851112
2016-09-06,981.0,984.5,970.0,972.0,940.369141,769633
2016-09-07,975.5,975.5,963.0,971.5,939.885376,1306653
2016-09-08,968.5,986.478027,968.5,985.5,953.42981,1600960
2016-09-09,981.0,987.5,968.099976,969.5,937.9504390000001,1123379
2016-09-12,951.5,955.5,938.0,944.5,913.763977,1035172
2016-09-13,949.0,952.0,931.5,932.0,901.6707759999999,926512
2016-09-14,945.0,951.5,932.5,939.0,908.442993,1191107
2016-09-15,939.5,949.0,933.0,944.0,913.2802730000001,1247109
2016-09-16,945.5,945.5,930.9760130000001,931.0,900.703308,2173147
2016-09-19,942.5,954.625,937.5,953.5,922.4711300000001,919289
2016-09-20,957.0,970.0,955.5,963.0,931.661987,1053261
2016-09-21,968.5,981.6400150000001,968.5,971.0,939.4016109999999,850183
2016-09-22,978.0,985.5,974.320984,976.0,944.238892,724487
2016-09-23,972.5,978.5,969.0,972.5,940.852844,676734
2016-09-26,969.5,971.0,949.5,953.0,921.9873660000001,1059756
2016-09-27,961.0,961.5,941.0,951.0,920.05249,1553715
2016-09-28,955.5,965.5,951.5,961.5,930.210815,685861
2016-09-29,968.0,973.0,961.0,965.0,933.5968630000001,1049508
2016-09-30,953.0,953.0,938.5,948.0,917.1501460000001,2609476
2016-10-03,944.5,970.0,944.5,969.5,937.9504390000001,1007971
2016-10-04,971.0,985.0,970.0,970.5,938.917908,2691861
2016-10-05,972.5,984.0,965.5,979.0,947.1413570000001,1076485
2016-10-06,985.0,988.0,967.5,969.0,937.466736,907532
2016-10-07,975.0,975.0,957.0,963.0,931.661987,1619543
2016-10-10,970.5,970.5,941.5,949.0,918.1175539999999,1062726
2016-10-11,947.5,957.0,939.5,942.5,911.8291019999999,1172936
2016-10-12,941.5,951.0,941.5,946.0,915.21521,1571480
2016-10-13,945.5,945.5,927.5,931.5,901.187073,1130706
2016-10-14,934.0,943.5,925.5,925.5,895.382324,1046247
2016-10-17,923.0,930.5,913.5,917.0,887.1589359999999,1314992
2016-10-18,924.5,934.317993,916.5,932.5,902.154541,2016389
2016-10-19,932.5,935.5,917.0,933.5,903.1220089999999,822090
2016-10-20,932.5,934.5,925.0,927.5,897.3172609999999,748783
2016-10-21,925.5,947.0,925.5,939.0,908.442993,1263925
2016-10-24,956.0,956.0,940.0,949.0,918.1175539999999,1454212
2016-10-25,972.5,1003.0,962.5,964.0,932.629456,2003294
2016-10-26,964.0,965.5,951.5,960.0,928.759583,1151358
2016-10-27,958.0,965.0,949.5,960.5,929.2432859999999,938745
2016-10-28,955.5,960.5,945.5,953.0,921.9873660000001,1075837
2016-10-31,950.0,950.5,937.5,945.0,914.247742,1152230
2016-11-01,948.5,956.0,945.5,946.0,915.21521,963655
2016-11-02,942.5,944.5,922.5,924.0,893.931091,1096755
2016-11-03,924.0,956.5,920.5,939.0,908.442993,1337189
2016-11-04,929.5,934.0,907.0,908.5,878.935486,1103673
2016-11-07,925.0,932.0,917.0,924.0,893.931091,887441
2016-11-08,920.0,936.5,920.0,933.5,903.1220089999999,882890
2016-11-09,903.5,959.0,896.0,956.0,924.8897710000001,1393901
2016-11-10,965.5,1001.0,954.0,954.0,922.954895,3093669
2016-11-11,959.0,969.0,929.0,937.5,906.99176,1906230
2016-11-14,946.5,956.5,938.0,940.5,909.894226,1107184
2016-11-15,940.0,955.0,940.0,953.5,922.4711300000001,1089428
2016-11-16,956.0,959.5,942.0,944.5,913.763977,773733
2016-11-17,940.5,949.5,936.5,946.5,915.6989140000001,689899
2016-11-18,972.5,987.0,949.5,952.0,921.019958,1581265
2016-11-21,953.0,958.0,928.0,932.5,902.154541,771152
2016-11-22,943.5,948.5,934.5,944.0,913.2802730000001,1160750
2016-11-23,947.5,956.0,936.0,940.0,909.4104,1422126
2016-11-24,947.0,950.5,931.5,942.5,911.8291019999999,623412
2016-11-25,938.0,945.5,934.0,937.0,906.508057,440138
2016-11-28,934.0,944.0,928.0,939.0,908.442993,800998
2016-11-29,937.5,947.0,928.0,947.0,916.1826169999999,1214142
2016-11-30,950.0,953.0,934.0,940.0,909.4104,1576393
2016-12-01,936.5,943.5,929.0,942.5,911.8291019999999,1319464
2016-12-02,936.5,942.5,926.0,939.5,908.9266970000001,784126
2016-12-05,937.5,949.5,936.0,940.0,909.4104,771982
2016-12-06,937.5,946.0,933.5,943.5,912.79657,859388
2016-12-07,946.0,985.0,946.0,985.0,952.9460449999999,1523986
2016-12-08,986.5,990.5,978.0,987.5,955.364685,1094932
2016-12-09,990.0,1002.0,981.994019,999.5,966.974243,1407251
2016-12-12,994.5,997.5,977.5,979.5,947.625061,1099479
2016-12-13,984.0,992.0,979.5,989.0,956.815857,1009157
2016-12-14,983.0,1015.0,982.0,1010.0,977.132507,1784848
2016-12-15,1010.0,1014.0,996.0,1000.0,967.4579470000001,1804527
2016-12-16,1004.0,1006.0,994.0,999.0,966.4904789999999,1578986
2016-12-19,1002.0,1002.0,989.0,990.5,958.26709,868823
2016-12-20,990.5,995.5,987.0,992.0,959.7182619999999,863268
2016-12-21,989.0,991.5,982.0,987.5,955.364685,1450840
2016-12-22,987.5,994.0,982.5,993.5,961.169434,595953
2016-12-23,996.0,1002.0,991.0,998.5,966.0067140000001,187026
2016-12-28,998.5,1001.0,988.0,1001.0,968.4253539999999,670551
2016-12-29,996.5,1007.0,994.0,1004.0,971.327759,451578
2016-12-30,999.0,1014.0,993.5,1014.0,981.0023189999999,584263
2017-01-03,1014.0,1036.0,1014.0,1036.0,1002.2864380000001,1171503
2017-01-04,1034.0,1047.0,1033.0,1047.0,1012.928467,963299
2017-01-05,1049.0,1056.0,1045.0,1050.0,1015.8308720000001,940942
2017-01-06,1045.0,1060.0,1045.0,1060.0,1025.5053710000002,1335821
2017-01-09,1066.0,1068.0,1053.0,1057.0,1022.603027,1304768
2017-01-10,1055.0,1065.0,1048.0,1064.0,1029.3752439999998,798188
2017-01-11,1060.0,1075.0,1058.0,1073.0,1038.0823970000001,1122248
2017-01-12,1072.0,1072.0,1057.0,1059.0,1024.537964,1033002
2017-01-13,1059.0,1089.0,1059.0,1085.0,1049.6917720000001,1789364
2017-01-16,1079.0,1085.0,1066.0,1067.0,1032.2775880000002,852003
2017-01-17,1060.0,1068.0,1044.640015,1058.0,1023.570496,1023084
2017-01-18,1063.0,1063.0,1044.0,1052.0,1017.765747,876901
2017-01-19,1055.0,1056.920044,1045.0,1053.0,1018.7331539999999,1272753
2017-01-20,1055.0,1068.0,1050.0,1060.0,1025.5053710000002,1099743
2017-01-23,1052.0,1062.0,1044.0,1058.0,1023.570496,828579
2017-01-24,1066.0,1071.0,1049.0,1060.0,1025.5053710000002,1195949
2017-01-25,1069.0,1094.310059,1068.0,1093.0,1057.431519,2875844
2017-01-26,1104.0,1126.439941,1069.0,1073.0,1038.0823970000001,3066898
2017-01-27,1073.0,1089.0,1062.0,1083.0,1047.756958,1552724
2017-01-30,1075.0,1080.0,1061.0,1069.0,1034.212524,1109980
2017-01-31,1071.0,1084.0,1066.0,1071.0,1036.147461,1354352
2017-02-01,1082.0,1091.0,1073.0,1078.0,1042.919678,1070773
2017-02-02,1074.0,1077.359985,1063.0,1071.0,1036.147461,882669
2017-02-03,1073.0,1086.0,1067.0,1080.0,1044.854492,777960
2017-02-06,1080.0,1082.0,1063.900024,1064.0,1029.3752439999998,731860
2017-02-07,1069.0,1077.0,1063.0,1068.0,1033.245117,923358
2017-02-08,1065.0,1072.0,1059.0,1065.0,1030.342651,984560
2017-02-09,1066.0,1083.189941,1060.0,1082.0,1046.789551,1232529
2017-02-10,1084.0,1086.0,1078.0,1083.0,1047.756958,1061941
2017-02-13,1093.0,1093.0,1082.0,1092.0,1056.464111,725735
2017-02-14,1093.0,1097.089966,1085.0,1097.0,1061.301392,1147962
2017-02-15,1095.0,1107.0,1095.0,1106.0,1070.008423,752247
2017-02-16,1103.0,1105.0,1091.0,1095.0,1059.366455,849804
2017-02-17,1097.0,1099.0,1080.0,1090.0,1054.529053,931886
2017-02-20,1098.0,1109.0,1093.400024,1102.0,1066.138672,1095511
2017-02-21,1102.0,1102.0,1085.849976,1090.0,1054.529053,1453834
2017-02-22,1088.0,1098.0,1080.0,1087.0,1051.626831,756074
2017-02-23,1087.0,1094.410034,1085.0,1087.0,1051.626831,911628
2017-02-24,1083.0,1096.0,1076.0,1085.0,1049.6917720000001,936751
2017-02-27,1093.0,1098.030029,1078.0,1088.0,1052.5942380000001,1405832
2017-02-28,1050.0,1072.0,1010.0,1055.0,1020.668152,3474581
2017-03-01,1057.0,1082.0,1050.969971,1076.0,1040.984741,1991694
2017-03-02,1071.0,1082.98999,1067.0,1082.0,1046.789551,1208288
2017-03-03,1077.0,1083.0,1065.0,1080.0,1044.854492,1355516
2017-03-06,1103.0,1110.0,1083.0,1086.0,1050.659424,1497345
2017-03-07,1087.0,1089.0,1076.0,1079.0,1043.887085,1458032
2017-03-08,1074.0,1088.0,1074.0,1082.0,1046.789551,980816
2017-03-09,1080.0,1086.0,1073.0,1085.0,1049.6917720000001,810105
2017-03-10,1086.0,1093.0,1083.0,1083.0,1047.756958,805940
2017-03-13,1087.0,1098.0,1085.0,1093.0,1057.431519,719889
2017-03-14,1092.0,1094.0,1076.0,1085.0,1049.6917720000001,790955
2017-03-15,1084.0,1087.420044,1070.0,1083.0,1047.756958,1107522
2017-03-16,1094.0,1100.0,1078.0,1080.0,1044.854492,1384275
2017-03-17,1078.0,1090.0,1072.0,1072.0,1037.114868,1992012
2017-03-20,1070.0,1081.0,1062.280029,1077.0,1041.952271,761512
2017-03-21,1080.0,1082.0,1057.0,1057.0,1022.603027,1259293
2017-03-22,1050.0,1066.189941,1033.0,1041.0,1007.1237179999999,1294135
2017-03-23,1042.0,1061.0,1039.0,1056.0,1021.6356199999999,1195758
2017-03-24,1059.0,1063.0,1055.0,1061.0,1026.4729,1615313
2017-03-27,1055.0,1060.0,1048.0,1057.0,1022.603027,861607
2017-03-28,1058.0,1064.0,1050.0,1056.0,1021.6356199999999,1053269
2017-03-29,1064.0,1065.0,1053.0,1061.0,1026.4729,1077959
2017-03-30,1061.0,1068.73999,1057.0,1062.0,1027.440308,679570
2017-03-31,1061.0,1067.0,1053.0,1062.0,1027.440308,1558327
2017-04-03,1068.0,1068.0,1053.0,1055.0,1020.668152,1566178
2017-04-04,1054.0,1068.920044,1052.0,1065.0,1030.342651,1075786
2017-04-05,1067.0,1067.0,1053.0,1053.0,1018.7331539999999,2238047
2017-04-06,1027.0,1037.0,1017.0,1034.0,1020.381226,1281711
2017-04-07,1027.0,1035.0,1008.0,1030.0,1016.433899,1207091
2017-04-10,1030.0,1052.0,1028.0,1047.0,1033.209961,1135614
2017-04-11,1044.0,1057.0,1043.0,1053.0,1039.130981,2809282
2017-04-12,1052.0,1063.0,1052.0,1058.0,1044.065186,1348023
2017-04-13,1057.0,1070.0,1056.0,1066.0,1051.959717,1849382
2017-04-18,1066.0,1074.0,1056.0,1061.0,1047.025635,2022839
2017-04-19,1059.0,1071.0,1057.0,1058.0,1044.065186,1198518
2017-04-20,1058.0,1080.0,1055.0,1078.0,1063.801758,1299049
2017-04-21,1073.0,1088.0,1073.0,1086.0,1071.696289,1315096
2017-04-24,1100.0,1118.0,1096.0,1115.0,1100.314331,1904716
2017-04-25,1117.0,1133.0,1109.0,1128.0,1113.143188,2873500
2017-04-26,1123.0,1133.0,1120.0,1131.0,1116.103638,990458
2017-04-27,1130.0,1139.0,1130.0,1139.0,1123.998291,1421315
2017-04-28,1137.0,1159.0,1125.5,1148.0,1132.879761,1685907
2017-05-02,1150.0,1158.0,1146.449951,1152.0,1136.827026,1463347
2017-05-03,1145.0,1156.0,1145.0,1152.0,1136.827026,1188404
2017-05-04,1150.0,1162.0,1145.280029,1159.0,1143.7348630000001,1536117
2017-05-05,1159.0,1169.0,1154.0,1169.0,1153.603149,865582
2017-05-08,1168.0,1170.0,1160.0,1163.0,1147.6821289999998,1052998
2017-05-09,1161.0,1180.0,1158.0,1174.0,1158.5373539999998,959113
2017-05-10,1172.0,1178.0,1169.0,1172.0,1156.563599,1254626
2017-05-11,1169.0,1172.0,1160.0,1166.0,1150.6427,1095012
2017-05-12,1165.0,1184.0,1164.0,1180.0,1164.458252,1305154
2017-05-15,1184.0,1187.550049,1173.0,1178.0,1162.4846189999998,842331
2017-05-16,1173.0,1179.0,1166.359985,1170.0,1154.589966,1643937
2017-05-17,1164.0,1169.0,1151.0,1155.0,1139.7875980000001,1887450
2017-05-18,1155.0,1170.0,1141.0,1168.0,1152.616333,1793327
2017-05-19,1169.0,1180.0,1167.0,1169.0,1153.603149,745642
2017-05-22,1177.0,1177.0,1163.0,1165.0,1149.655884,770226
2017-05-23,1163.0,1177.0,1163.0,1177.0,1161.497803,951520
2017-05-24,1180.0,1184.0,1174.0,1180.0,1164.458252,1169878
2017-05-25,1188.0,1188.0,1172.0,1177.0,1161.497803,1304488
2017-05-26,1177.0,1180.0,1166.0,1172.0,1156.563599,1138416
2017-05-30,1172.0,1184.280029,1164.52002,1183.0,1167.418701,945558
2017-05-31,1188.0,1195.0,1172.530029,1173.0,1157.550415,2551745
2017-06-01,1177.0,1187.0,1174.0,1186.0,1170.3792720000001,954734
2017-06-02,1196.0,1205.150024,1181.51001,1193.0,1177.286987,1337071
2017-06-05,1193.0,1193.0,1169.0,1173.0,1157.550415,1114323
2017-06-06,1171.0,1175.0,1154.0,1159.0,1143.7348630000001,1531398
2017-06-07,1159.0,1169.0,1156.73999,1163.0,1147.6821289999998,902756
2017-06-08,1165.0,1165.219971,1151.0,1156.0,1140.774414,1359305
2017-06-09,1154.0,1186.0,1150.0,1185.0,1169.392456,1391848
2017-06-12,1178.0,1185.0,1172.0,1179.0,1163.471436,689707
2017-06-13,1182.0,1205.0,1181.0,1196.0,1180.247559,1064702
2017-06-14,1199.0,1215.0,1198.0,1202.0,1186.168457,1583058
2017-06-15,1201.0,1203.0,1173.0,1186.0,1170.3792720000001,1448301
2017-06-16,1193.0,1236.0,1188.0,1236.0,1219.720703,4119604
2017-06-19,1236.0,1239.0,1227.0,1238.0,1221.694336,49921
2017-06-20,1238.0,1242.73999,1227.0,1227.0,1210.839233,69399
2017-06-21,1221.0,1220.560059,1201.0,1205.0,1189.1290279999998,301178
2017-06-22,1205.0,1202.0,1185.0,1195.0,1179.260742,68280
2017-06-23,1192.0,1197.0,1181.0,1195.0,1179.260742,102494
2017-06-26,1197.0,1212.26001,1194.119995,1196.369995,1180.612671,50232
2017-06-27,1194.0,1197.0,1178.26001,1182.040039,1166.471436,77550
2017-06-28,1180.0,1188.0,1166.0,1183.0,1167.418701,94082
2017-06-29,1190.0,1193.52002,1170.0,1171.0,1155.576782,104026
2017-06-30,1168.0,1194.0,1169.0,1182.0,1166.431885,230324
2017-07-03,1185.0,1197.0,1185.0,1195.0,1179.260742,1026918
2017-07-04,1194.0,1199.0,1189.0,1195.0,1179.260742,714025
2017-07-05,1195.0,1205.099976,1187.0,1196.0,1180.247559,1255069
2017-07-06,1198.0,1205.0,1179.0,1185.0,1169.392456,1564457
2017-07-07,1185.0,1194.0,1177.0,1194.0,1178.273926,1022665
2017-07-10,1196.0,1201.0,1186.0,1194.0,1178.273926,912057
2017-07-11,1194.0,1202.0,1173.0,1176.0,1160.510986,1376515
2017-07-12,1178.0,1189.0,1174.0,1174.0,1158.5373539999998,1330145
2017-07-13,1178.0,1179.0,1171.73999,1176.0,1160.510986,1747238
2017-07-14,1178.0,1188.0,1167.0,1171.0,1155.576782,1037329
2017-07-17,1170.0,1191.0,1170.0,1185.0,1169.392456,1818182
2017-07-18,1184.0,1209.099976,1184.0,1209.0,1193.076294,1417002
2017-07-19,1210.0,1223.0,1207.0,1223.0,1206.891968,1221514
2017-07-20,1225.0,1236.0,1219.0,1231.0,1214.786499,1111994
2017-07-21,1229.0,1236.0,1210.0,1219.0,1202.94458,1405949
2017-07-24,1208.0,1220.099976,1182.0,1184.0,1168.40564,2263614
2017-07-25,1187.0,1206.0,1187.0,1204.0,1188.142212,1599078
2017-07-26,1207.0,1220.0,1202.0,1220.0,1203.9313960000002,1484563
2017-07-27,1242.0,1245.0,1215.0,1227.0,1210.839233,1904210
2017-07-28,1214.0,1215.0,1195.0,1211.0,1195.049927,2059188
2017-07-31,1210.0,1221.0,1210.0,1217.0,1200.970947,1842884
2017-08-01,1225.0,1229.0,1216.0,1217.0,1200.970947,1153524
2017-08-02,1223.0,1225.0,1211.0,1220.0,1203.9313960000002,829388
2017-08-03,1223.0,1229.0,1215.0,1222.0,1205.905029,1010365
2017-08-04,1218.0,1230.0,1207.0,1225.0,1208.865601,807148
2017-08-07,1223.0,1230.0,1219.72998,1229.0,1212.812866,550830
2017-08-08,1232.0,1234.0,1218.0,1228.0,1211.82605,911140
2017-08-09,1221.0,1223.0,1197.0,1210.0,1194.06311,1020959
2017-08-10,1210.0,1214.0,1184.0,1185.0,1169.392456,847304
2017-08-11,1180.0,1180.0,1150.560059,1166.0,1150.6427,1388007
2017-08-14,1172.0,1184.0,1172.0,1179.0,1163.471436,842570
2017-08-15,1185.0,1192.150024,1179.0,1183.0,1167.418701,1629302
2017-08-16,1187.0,1208.0,1187.0,1200.0,1184.194824,1581146
2017-08-17,1199.0,1207.5,1189.0,1191.0,1175.313354,850176
2017-08-18,1185.0,1192.0,1173.0,1189.0,1173.3397220000002,834023
2017-08-21,1180.0,1185.0,1169.0,1173.0,1157.550415,816644
2017-08-22,1181.0,1191.0,1176.0,1179.0,1163.471436,807216
2017-08-23,1179.0,1183.0,1166.880005,1178.0,1162.4846189999998,435191
2017-08-24,1177.0,1184.0,1175.0,1179.0,1163.471436,1721908
2017-08-25,1179.0,1213.0,1174.0,1189.0,1173.3397220000002,1023840
2017-08-29,1189.0,1192.25,1163.800049,1172.0,1156.563599,1045474
2017-08-30,1181.0,1182.0,1163.0,1170.0,1154.589966,787144
2017-08-31,1161.0,1167.0,1150.800049,1153.0,1153.0,1536442
2017-09-01,1155.0,1163.0,1149.0,1158.0,1158.0,1764411
2017-09-04,1152.0,1157.0,1142.0,1148.0,1148.0,574193
2017-09-05,1148.0,1158.0,1139.599976,1141.0,1141.0,881426
2017-09-06,1137.0,1137.0,1121.400024,1127.0,1127.0,1142620
2017-09-07,1126.0,1129.0,1116.25,1118.0,1118.0,1047411
2017-09-08,1120.0,1143.0,1114.0,1142.0,1142.0,1296293
2017-09-11,1151.0,1162.0,1141.900024,1150.0,1150.0,1175784
2017-09-12,1128.0,1147.0,1113.0,1135.0,1135.0,1653827
2017-09-13,1128.0,1134.0,1123.0,1127.0,1127.0,1375048
2017-09-14,1124.0,1125.0,1112.0,1115.0,1115.0,1473367
2017-09-15,1120.0,1120.0,1095.0,1108.0,1108.0,3064720
2017-09-18,1118.0,1129.069946,1112.0,1126.0,1126.0,1144637
2017-09-19,1125.0,1139.0,1124.0,1136.0,1136.0,1332622
2017-09-20,1141.0,1146.0,1119.0,1123.0,1123.0,1071644
2017-09-21,1126.0,1128.0,1120.0,1123.0,1123.0,953370
2017-09-22,1120.0,1130.0,1113.0,1120.0,1120.0,1104122
2017-09-25,1116.0,1125.339966,1112.0,1118.0,1118.0,1178651
2017-09-26,1118.0,1120.0,1108.0,1110.0,1110.0,825875
2017-09-27,1112.0,1134.01001,1110.0,1133.0,1133.0,2157692
2017-09-28,1139.0,1145.400024,1127.0,1143.0,1143.0,1291822
2017-09-29,1145.0,1152.0,1137.98999,1146.0,1146.0,1728699
2017-10-02,1145.0,1152.0,1140.969971,1141.0,1141.0,886080
2017-10-03,1142.0,1142.0,1127.0,1131.0,1131.0,1364204
2017-10-04,1130.0,1131.0,1121.0,1125.0,1125.0,1324626
2017-10-05,1127.0,1130.0,1117.0,1129.0,1129.0,1069925
2017-10-06,1130.0,1136.0,1126.0,1132.0,1132.0,830880
2017-10-09,1132.0,1135.599976,1120.0,1124.0,1124.0,882639
2017-10-10,1124.0,1129.0,1116.0,1116.0,1116.0,1347380
2017-10-11,1122.0,1135.0,1120.0,1130.0,1130.0,1579926
2017-10-12,1141.0,1176.0,1134.0,1176.0,1176.0,2122178
2017-10-13,1179.0,1180.0,1167.0,1177.0,1177.0,1167784
2017-10-16,1183.0,1187.0,1174.0,1183.0,1183.0,1286566
2017-10-17,1184.0,1184.0,1157.0,1157.0,1157.0,1289022
2017-10-18,1163.0,1164.0,1153.0,1164.0,1164.0,1213466
2017-10-19,1165.0,1171.0,1152.0,1167.0,1167.0,1455499
2017-10-20,1170.0,1178.0,1168.0,1176.0,1176.0,988547
2017-10-23,1180.0,1180.0,1161.0,1170.0,1170.0,871187
2017-10-24,1182.0,1194.0,1169.0,1193.0,1193.0,2538275
2017-10-25,1192.0,1192.0,1162.0,1165.0,1165.0,2076261
2017-10-26,1170.0,1184.0,1161.709961,1184.0,1184.0,1261896
2017-10-27,1184.0,1190.0,1170.699951,1176.0,1176.0,1163502
2017-10-30,1179.0,1182.0,1173.0,1173.0,1173.0,954572
2017-10-31,1167.0,1181.0,1167.0,1177.0,1177.0,1020520
2017-11-01,1180.0,1189.0,1179.0,1182.0,1182.0,2027887
2017-11-02,1182.0,1205.0,1182.0,1200.0,1200.0,1477343
2017-11-03,1203.0,1204.0,1182.0,1182.0,1182.0,1637825
2017-11-06,1178.0,1188.0,1158.0,1182.0,1182.0,962948
2017-11-07,1186.0,1188.0,1177.0,1179.0,1179.0,1092906
2017-11-08,1177.0,1178.0,1161.0,1165.0,1165.0,1485749
2017-11-09,1164.0,1177.72998,1145.0,1146.0,1146.0,1245255
2017-11-10,1150.0,1156.0,1141.0,1146.0,1146.0,891757
2017-11-13,1152.0,1154.0,1119.0,1128.0,1128.0,1259438
2017-11-14,1129.0,1146.0,1125.0,1143.0,1143.0,2116310
2017-11-15,1144.0,1144.0,1133.0,1135.0,1135.0,1428291
2017-11-16,1140.0,1150.0,1139.0,1142.0,1142.0,1041928
2017-11-17,1140.0,1156.0,1137.0,1155.0,1155.0,1247126
2017-11-20,1148.0,1159.0,1147.0,1158.0,1158.0,969196
2017-11-21,1158.0,1160.0,1147.0,1150.0,1150.0,2344870
2017-11-22,1153.0,1171.0,1144.0,1170.0,1170.0,2377039
2017-11-23,1172.0,1179.0,1159.0,1179.0,1179.0,962463
2017-11-24,1181.0,1186.0,1175.0,1186.0,1186.0,900956
2017-11-27,1186.0,1201.0,1179.0,1190.0,1190.0,2109124
2017-11-28,1192.0,1206.0,1187.0,1206.0,1206.0,1735268
2017-11-29,1206.0,1219.0,1205.0,1212.0,1212.0,2118503
2017-11-30,1204.0,1214.0,1190.0,1214.0,1214.0,2417969
2017-12-01,1213.0,1238.0,1191.0,1196.0,1196.0,1693631
2017-12-04,1206.0,1213.0,1192.0,1200.0,1200.0,1337382
2017-12-05,1200.0,1203.0,1175.0,1175.0,1175.0,1756224
2017-12-06,1171.0,1181.0,1160.0,1169.0,1169.0,1655758
2017-12-07,1170.0,1171.0,1152.0,1152.0,1152.0,1516148
2017-12-08,1152.0,1164.0,1146.0,1157.0,1157.0,1684475
2017-12-11,1162.0,1168.0,1160.0,1162.0,1162.0,1109705
2017-12-12,1165.0,1165.0,1155.0,1163.0,1163.0,1469907
2017-12-13,1165.0,1170.0,1157.0,1160.0,1160.0,1679813
2017-12-14,1168.0,1181.0,1161.0,1172.0,1172.0,1678629
2017-12-15,1175.0,1186.0,1171.0,1184.0,1184.0,1689988
2017-12-18,1190.0,1199.0,1187.0,1194.0,1194.0,821388
2017-12-19,1192.0,1208.0,1190.0,1201.0,1201.0,1398320
2017-12-20,1203.0,1205.0,1191.0,1191.0,1191.0,973347
2017-12-21,1190.0,1201.0,1184.0,1201.0,1201.0,1831650
2017-12-22,1194.0,1209.0,1194.0,1202.0,1202.0,331697
2017-12-27,1202.0,1213.0,1198.0,1210.0,1210.0,602839
2017-12-28,1208.0,1216.0,1206.0,1216.0,1216.0,595870
2017-12-29,1219.0,1226.0,1212.0,1226.0,1226.0,529376
2018-01-02,1226.0,1247.0,1221.5,1237.0,1237.0,1526117
2018-01-03,1235.0,1240.0,1227.0,1237.0,1237.0,1038463
2018-01-04,1241.5,1244.5,1231.5,1244.0,1244.0,1629100
2018-01-05,1245.5,1255.0,1241.0,1251.0,1251.0,1602383
2018-01-08,1250.5,1252.5,1240.5,1244.0,1244.0,1186843
2018-01-09,1245.0,1257.5,1244.0,1255.5,1255.5,1098081
2018-01-10,1254.0,1263.0,1252.5,1257.5,1257.5,1299098
2018-01-11,1255.5,1261.5,1235.5,1239.5,1239.5,2414624
2018-01-12,1243.0,1248.5,1240.0,1242.5,1242.5,1328306
2018-01-15,1246.0,1246.0,1233.5,1243.0,1243.0,1418602
2018-01-16,1246.0,1254.0,1241.5,1246.0,1246.0,1778444
2018-01-17,1250.0,1260.5,1244.5,1252.5,1252.5,1298707
2018-01-18,1256.0,1261.5,1250.5,1256.5,1256.5,1134637
2018-01-19,1259.0,1279.5,1255.5,1270.5,1270.5,1869468
2018-01-22,1267.5,1271.0,1250.0,1251.5,1251.5,1446698
2018-01-23,1258.5,1260.0,1242.0,1244.5,1244.5,1411371
2018-01-24,1242.0,1249.0,1235.0,1239.5,1239.5,2236296
2018-01-25,1239.0,1253.0,1213.0,1221.0,1221.0,3456736
2018-01-26,1221.0,1234.5,1219.0,1224.0,1224.0,2310860
2018-01-29,1227.5,1233.0,1207.5,1213.5,1213.5,2789227
2018-01-30,1209.5,1214.5,1201.0,1202.0,1202.0,1816287
2018-01-31,1207.0,1207.0,1187.0,1188.5,1188.5,1902380
2018-02-01,1198.0,1212.0,1192.0,1197.5,1197.5,1794079
2018-02-02,1198.5,1203.5,1188.0,1188.5,1188.5,1866733
2018-02-05,1179.5,1183.5,1157.5,1173.0,1173.0,2123079
2018-02-06,1139.5,1155.5,1132.0,1132.0,1132.0,3400401
2018-02-07,1141.0,1167.0,1131.5,1165.0,1165.0,3533445
2018-02-08,1161.5,1165.5,1125.5,1128.0,1128.0,1620984
2018-02-09,1125.0,1127.0,1099.5,1105.0,1105.0,2013098
2018-02-12,1116.0,1126.5,1108.5,1114.5,1114.5,1322921
2018-02-13,1113.5,1132.0,1113.5,1122.5,1122.5,2067384
2018-02-14,1134.5,1139.5,1116.0,1120.0,1120.0,2095645
2018-02-15,1127.5,1135.5,1114.0,1117.0,1117.0,1711110
2018-02-16,1123.0,1132.5,1121.5,1125.0,1125.0,1519669
2018-02-19,1129.0,1130.0,1114.0,1114.5,1114.5,1026499
2018-02-20,1121.0,1133.5,1110.0,1133.5,1133.5,1283516
2018-02-21,1127.0,1148.5,1123.0,1142.5,1142.5,1473343
2018-02-22,1138.0,1148.0,1130.0,1143.5,1143.5,1576697
2018-02-23,1146.5,1146.5,1115.0,1122.5,1122.5,1786275
2018-02-26,1131.0,1144.5,1129.5,1144.0,1144.0,1140294
2018-02-27,1145.0,1153.0,1123.5,1125.5,1125.5,1561274
2018-02-28,1113.5,1173.0,1113.5,1154.5,1154.5,2829751
2018-03-01,1155.0,1155.0,1127.5,1129.0,1129.0,2637190
2018-03-02,1125.0,1129.5,1104.0,1108.5,1108.5,1913986
2018-03-05,1107.5,1124.0,1103.5,1121.5,1121.5,1645351
2018-03-06,1134.0,1136.5,1119.5,1129.0,1129.0,2294171
2018-03-07,1126.5,1141.0,1124.5,1140.5,1140.5,2569068
2018-03-08,1143.5,1157.5,1139.5,1155.0,1155.0,2347356
2018-03-09,1157.5,1158.5,1142.0,1153.0,1153.0,2287153
