Date,Open,High,Low,Close,Adj Close,Volume
2015-01-02,2019.0,2019.0,1992.0,2000.0,1787.677368,356229
2015-01-05,1995.0,2028.0,1983.0,1988.0,1776.9511719999998,714186
2015-01-06,1998.0,2009.0,1956.0,1976.0,1766.2250980000001,643151
2015-01-07,1991.0,2025.0,1977.0,2021.0,1806.4478760000002,826638
2015-01-08,2041.0,2063.0,2031.0,2058.0,1839.519897,1220128
2015-01-09,2054.0,2084.0,2045.0,2053.0,1835.050659,765924
2015-01-12,2062.0,2077.0,2052.0,2071.0,1851.139893,652924
2015-01-13,2065.0,2128.0,2063.0,2095.0,1872.5919190000002,810432
2015-01-14,2100.0,2108.0,2054.0,2071.0,1851.139893,723092
2015-01-15,2082.0,2106.0,2055.0,2104.0,1880.636597,684998
2015-01-16,2094.0,2129.0,2085.699951,2127.0,1901.194702,709385
2015-01-19,2121.0,2143.0,2114.0,2127.0,1901.194702,369914
2015-01-20,2129.0,2145.0,2127.0,2138.0,1911.026855,466492
2015-01-21,2138.0,2143.149902,2123.0,2135.0,1908.3453370000002,605734
2015-01-22,2137.0,2152.0,2115.0,2145.0,1917.283813,786949
2015-01-23,2150.0,2161.0,2137.0,2147.0,1919.0715329999998,486620
2015-01-26,2139.0,2154.0,2136.0,2139.0,1911.921021,562209
2015-01-27,2144.0,2158.0,2135.0,2151.0,1922.6468510000002,633354
2015-01-28,2170.0,2196.0,2156.0,2170.0,1939.629761,1250858
2015-01-29,2120.0,2205.0,2108.0,2199.0,1965.551147,1463977
2015-01-30,2200.0,2203.0,2140.0,2152.0,1923.5407710000002,1002199
2015-02-02,2158.0,2161.01001,2092.0,2106.0,1882.4241940000002,862879
2015-02-03,2100.0,2132.209961,2099.0,2113.0,1888.6811519999999,807308
2015-02-04,2117.0,2118.0,2073.0,2115.0,1890.46875,721333
2015-02-05,2106.0,2145.0,2103.0,2120.0,1894.937744,668745
2015-02-06,2117.0,2119.47998,2094.0,2096.0,1873.4858399999998,552193
2015-02-09,2079.0,2082.0,2033.4200440000002,2050.0,1832.3691410000001,801387
2015-02-10,2049.0,2064.0,2031.0,2059.0,1840.413696,733305
2015-02-11,2050.0,2085.0,2044.0,2068.0,1848.458252,503156
2015-02-12,2070.0,2072.0,2042.0,2057.0,1838.625977,509845
2015-02-13,2060.0,2068.0,2012.0,2019.0,1804.660278,732504
2015-02-16,2022.0,2026.0,1992.0,2022.0,1807.341675,641326
2015-02-17,2011.0,2028.0,1998.4000239999998,2028.0,1812.704834,552887
2015-02-18,2036.0,2039.0,1983.0,2007.0,1793.934204,752916
2015-02-19,2007.0,2037.0,2004.0,2033.0,1817.1738280000002,811455
2015-02-20,2035.0,2050.0,2025.0,2049.0,1831.4753420000002,742967
2015-02-23,2058.0,2063.0,2043.0,2057.0,1838.625977,635939
2015-02-24,2060.0,2083.699951,2055.0,2078.0,1857.3967289999998,697889
2015-02-25,2079.0,2088.0,2054.0,2065.0,1845.776855,638138
2015-02-26,2060.0,2072.0,2020.640015,2027.0,1811.8109129999998,752479
2015-02-27,2031.0,2039.0,2024.25,2031.0,1815.38623,623279
2015-03-02,2035.0,2045.0,2022.0,2026.0,1810.9169920000002,606023
2015-03-03,2029.0,2035.0,1999.0,2011.0,1797.5095210000002,786867
2015-03-04,2013.0,2016.0,1982.640015,2007.0,1793.934204,564468
2015-03-05,2008.0,2050.0,2003.589966,2047.0,1829.687744,800674
2015-03-06,2041.0,2052.0,2027.0,2031.0,1815.38623,752987
2015-03-09,2021.0,2027.0,1993.0,2024.0,1809.129395,669028
2015-03-10,2015.0,2031.0,1957.0,1960.0,1751.923584,898983
2015-03-11,1963.0,1981.0,1950.6500239999998,1961.0,1752.817505,766254
2015-03-12,1963.0,1979.0,1956.560059,1967.0,1758.180664,581432
2015-03-13,1966.0,1975.199951,1932.0,1947.0,1740.303711,670703
2015-03-16,1940.0,1967.709961,1940.0,1962.0,1753.711304,813937
2015-03-17,1956.0,2005.0,1946.0,2000.0,1787.677368,993421
2015-03-18,2003.0,2044.0,1999.0,2034.0,1818.0677489999998,1186039
2015-03-19,2075.0,2077.0,2044.0,2057.0,1838.625977,1254334
2015-03-20,2064.0,2087.100098,2053.0,2068.0,1848.458252,1269954
2015-03-23,2065.0,2082.449951,2058.0,2082.0,1860.971802,605951
2015-03-24,2073.0,2112.0,2073.0,2097.0,1874.379639,873876
2015-03-25,2092.0,2106.0,2077.0,2090.0,1868.1226809999998,704060
2015-03-26,2091.0,2110.0,2079.0,2090.0,1868.1226809999998,909735
2015-03-27,2091.0,2098.0,2077.0,2088.0,1866.335205,970388
2015-03-30,2107.0,2107.0,2073.0,2085.0,1863.6534420000003,992311
2015-03-31,2086.0,2116.5,2059.0,2059.0,1840.413696,1183781
2015-04-01,2071.0,2095.0,2069.0,2084.0,1862.7596440000002,936595
2015-04-02,2084.0,2105.1201170000004,2076.540039,2097.0,1874.379639,595748
2015-04-07,2097.0,2141.0,2097.0,2137.0,1910.133057,808674
2015-04-08,2131.0,2155.0,2124.0,2136.0,1909.239136,612258
2015-04-09,2147.0,2166.0,2142.0,2166.0,1936.054565,777353
2015-04-10,2177.0,2183.0,2165.27002,2174.0,1943.2052,1083130
2015-04-13,2177.0,2180.0,2160.300049,2167.0,1936.948486,635362
2015-04-14,2160.0,2181.0,2158.0,2172.0,1941.41748,774741
2015-04-15,2154.0,2161.0,2135.25,2142.0,1914.602295,1044153
2015-04-16,2150.0,2150.0,2116.0,2121.0,1895.831665,1191664
2015-04-17,2153.0,2170.0,2124.0,2134.0,1907.451416,1155426
2015-04-20,2141.0,2155.0,2129.0,2144.0,1916.390015,719394
2015-04-21,2149.0,2173.0,2144.0,2163.0,1933.3728030000002,564805
2015-04-22,2164.0,2173.0,2131.0,2151.0,1922.6468510000002,601118
2015-04-23,2147.0,2189.0,2147.0,2167.0,1936.948486,555226
2015-04-24,2164.0,2201.0,2164.0,2198.0,1964.6573489999998,712552
2015-04-27,2187.0,2196.0,2157.25,2170.0,1939.629761,624415
2015-04-28,2168.0,2174.0,2143.0,2159.0,1929.797485,565101
2015-04-29,2162.0,2187.0,2119.0,2119.0,1894.0440670000003,762721
2015-04-30,2119.0,2152.0,2108.0,2125.0,1899.406982,994625
2015-05-01,2119.0,2119.0,2070.0,2084.0,1862.7596440000002,901841
2015-05-05,2084.0,2116.0,2083.530029,2085.0,1863.6534420000003,1240733
2015-05-06,2081.0,2083.0,2047.0,2072.0,1852.0335690000002,927468
2015-05-07,2069.0,2075.0,2038.0,2066.0,1846.670532,867723
2015-05-08,2107.0,2151.0,2102.0,2151.0,1922.6468510000002,1273059
2015-05-11,2153.0,2160.0,2131.0,2135.0,1908.3453370000002,646146
2015-05-12,2126.0,2135.360107,2087.0,2126.0,1900.301025,788197
2015-05-13,2126.0,2164.0,2122.0,2158.0,1928.903809,1358792
2015-05-14,2151.0,2168.959961,2139.0,2149.0,1920.859131,415175
2015-05-15,2144.0,2184.0,2144.0,2166.0,1936.054565,743257
2015-05-18,2172.0,2189.0,2152.0,2174.0,1943.2052,545777
2015-05-19,2173.0,2198.0,2172.0,2185.0,1953.0373539999998,515517
2015-05-20,2182.0,2185.949951,2159.0,2179.0,1947.674438,577542
2015-05-21,2178.0,2192.0,2161.0,2182.0,1950.356079,550460
2015-05-22,2169.0,2188.0,2137.0,2174.0,1943.2052,1171039
2015-05-26,2174.0,2185.0,2132.639893,2141.0,1913.7087399999998,833047
2015-05-27,2141.0,2194.0,2139.0,2190.0,1957.5065920000002,1121922
2015-05-28,2193.0,2216.0,2183.0,2215.0,1979.852661,910149
2015-05-29,2222.0,2227.0,2190.0,2197.0,1963.7636719999998,890688
2015-06-01,2202.0,2221.0,2197.0,2209.0,1974.489502,1089406
2015-06-02,2215.0,2215.0,2168.0,2170.0,1939.629761,1181455
2015-06-03,2173.0,2189.0,2155.0,2174.0,1943.2052,1047889
2015-06-04,2172.0,2180.0,2149.0,2153.0,1924.43457,1016994
2015-06-05,2150.0,2153.0,2120.0,2130.0,1903.876343,927867
2015-06-08,2123.0,2160.0,2117.0,2154.0,1925.328491,970255
2015-06-09,2157.0,2157.0,2133.0,2140.0,1912.814575,768517
2015-06-10,2133.0,2155.0,2124.0,2153.0,1924.43457,996324
2015-06-11,2144.0,2153.0,2135.0,2148.0,1919.965332,949378
2015-06-12,2120.0,2142.649902,2116.0,2136.0,1909.239136,812350
2015-06-15,2121.0,2133.820068,2111.0,2116.0,1891.362427,887903
2015-06-16,2116.0,2129.0,2094.1201170000004,2123.0,1897.6193850000002,857199
2015-06-17,2131.0,2138.0,2104.0,2119.0,1894.0440670000003,1032221
2015-06-18,2044.0,2092.939941,2031.0,2058.0,1884.830688,1316438
2015-06-19,2055.0,2099.939941,2048.0,2055.0,1882.0830079999998,1261178
2015-06-22,2115.0,2178.0,2090.0,2176.0,1992.901489,3006705
2015-06-23,2176.0,2182.0,2148.0,2163.0,1980.995361,1261011
2015-06-24,2160.0,2196.0,2158.0,2193.0,2008.470825,1020569
2015-06-25,2190.0,2191.0,2158.0,2163.0,1980.995361,748013
2015-06-26,2155.0,2155.0,2136.949951,2147.0,1966.3415530000002,1057266
2015-06-29,2082.0,2140.0,2082.0,2122.0,1943.445313,842106
2015-06-30,2108.0,2123.649902,2080.820068,2081.0,1905.895264,1210921
2015-07-01,2089.0,2101.0,2070.0,2094.0,1917.801392,961123
2015-07-02,2085.0,2116.0,2085.0,2100.0,1923.296387,503972
2015-07-03,2106.0,2107.0,2073.0,2092.0,1915.969482,579883
2015-07-06,2078.0,2113.0,2078.0,2080.0,1904.97937,595085
2015-07-07,2079.0,2094.0,2074.0,2076.0,1901.316162,658290
2015-07-08,2070.0,2099.0,2070.0,2089.0,1913.221924,584888
2015-07-09,2089.0,2142.0,2087.0,2119.0,1940.697632,740504
2015-07-10,2140.0,2160.360107,2127.0,2150.0,1969.089233,651947
2015-07-13,2154.0,2158.0,2141.0,2148.0,1967.257446,472489
2015-07-14,2150.0,2152.0,2126.0,2149.0,1968.1733399999998,496276
2015-07-15,2150.0,2183.0,2140.0,2167.0,1984.658691,451675
2015-07-16,2179.0,2183.0,2159.0,2165.0,1982.8270260000002,378948
2015-07-17,2165.0,2173.0,2142.0,2142.0,1961.762329,578696
2015-07-20,2139.0,2155.0,2139.0,2149.0,1968.1733399999998,320577
2015-07-21,2153.0,2160.0,2126.0,2132.0,1952.6036379999998,602421
2015-07-22,2120.0,2133.0,2115.0,2128.0,1948.9403079999997,584761
2015-07-23,2147.0,2170.0,2137.0,2158.0,1976.4160160000001,718254
2015-07-24,2160.0,2200.0,2160.0,2166.0,1983.743164,1258070
2015-07-27,2157.0,2175.52002,2153.0,2157.0,1975.499878,548962
2015-07-28,2167.0,2183.179932,2160.0,2183.0,1999.3125,725689
2015-07-29,2190.0,2208.0,2187.959961,2198.0,2013.050171,746282
2015-07-30,2204.0,2210.0,2187.0,2196.0,2011.21875,750354
2015-07-31,2197.0,2204.0,2182.0,2204.0,2018.545532,851806
2015-08-03,2192.0,2213.0,2191.0,2203.0,2017.629761,501967
2015-08-04,2196.0,2209.0,2182.0,2200.0,2014.881836,450919
2015-08-05,2193.0,2219.0,2186.25,2219.0,2032.283325,500106
2015-08-06,2210.0,2219.0,2204.1201170000004,2213.0,2026.787964,395277
2015-08-07,2210.0,2212.840088,2182.0,2190.0,2005.723511,452720
2015-08-10,2201.0,2201.0,2173.0,2195.0,2010.3028559999998,477800
2015-08-11,2195.0,2195.0,2176.0,2185.0,2001.144165,424686
2015-08-12,2176.0,2186.110107,2157.0,2165.0,1982.8270260000002,534278
2015-08-13,2181.0,2193.0,2157.0,2161.0,1979.163818,517538
2015-08-14,2162.0,2167.0,2153.0,2167.0,1984.658691,367261
2015-08-17,2183.0,2188.0,2165.0,2184.0,2000.2283940000002,292607
2015-08-18,2186.0,2213.0,2170.0,2193.0,2008.470825,750570
2015-08-19,2190.0,2212.0,2180.0,2189.0,2004.8076170000002,565978
2015-08-20,2176.0,2192.0,2163.0,2182.0,1998.3967289999998,423614
2015-08-21,2162.0,2178.0,2127.0,2127.0,1948.024536,829166
2015-08-24,2096.0,2102.0,2008.380005,2039.0,1867.429321,1662194
2015-08-25,2050.0,2092.0,2050.0,2082.0,1906.8109129999998,1023652
2015-08-26,2059.0,2081.75,2042.0,2045.0,1872.924316,1501061
2015-08-27,2077.0,2081.0,2066.0,2073.0,1898.5683589999999,877252
2015-08-28,2072.0,2078.0,2056.0,2077.0,1902.231689,997922
2015-09-01,2077.0,2077.0,2035.0,2041.0,1869.260986,1142167
2015-09-02,2044.0,2091.0,2041.0,2060.0,1886.6621089999999,918256
2015-09-03,2082.0,2089.0,2064.0,2073.0,1898.5683589999999,605474
2015-09-04,2061.0,2066.0,2046.0,2052.0,1879.335327,641805
2015-09-07,2063.0,2090.0,2058.0,2064.0,1890.325439,402612
2015-09-08,2073.0,2114.649902,2073.0,2086.0,1910.4744870000002,511665
2015-09-09,2110.0,2127.0,2099.0,2103.0,1926.0440670000003,817044
2015-09-10,2094.0,2121.0,2086.0,2091.0,1915.053711,514883
2015-09-11,2089.0,2093.0,2069.0,2082.0,1906.8109129999998,506980
2015-09-14,2085.0,2108.0,2058.0,2068.0,1893.989014,569306
2015-09-15,2068.0,2099.0,2064.0,2088.0,1912.3061519999999,728751
2015-09-16,2100.0,2122.0,2090.0,2112.0,1934.2866210000002,665460
2015-09-17,2114.0,2125.0,2099.0,2103.0,1926.0440670000003,708319
2015-09-18,2102.0,2116.0,2083.0,2098.0,1921.464844,1023152
2015-09-21,2095.0,2131.0,2095.0,2106.0,1928.7915039999998,478346
2015-09-22,2100.0,2108.0,2074.0,2078.0,1903.1475829999997,633470
2015-09-23,2080.0,2106.0,2076.0,2091.0,1915.053711,533458
2015-09-24,2091.0,2113.0,2086.0,2089.0,1913.221924,1125748
2015-09-25,2120.0,2171.0,2113.0,2159.0,1977.332153,708358
2015-09-28,2156.0,2166.0,2147.0,2147.0,1966.3415530000002,471102
2015-09-29,2132.0,2153.0,2131.0,2136.0,1956.2672120000002,555816
2015-09-30,2177.0,2189.360107,2168.0,2184.0,2000.2283940000002,859489
2015-10-01,2199.0,2224.0,2196.0,2200.0,2014.881836,541891
2015-10-02,2216.0,2230.0,2199.0,2215.0,2028.6197510000002,607654
2015-10-05,2245.0,2254.0,2232.0,2254.0,2064.338135,674625
2015-10-06,2265.0,2268.0,2220.800049,2221.0,2034.1149899999998,833202
2015-10-07,2226.0,2261.0,2226.0,2232.0,2044.1894530000002,929385
2015-10-08,2237.0,2250.0,2216.0,2248.0,2058.843018,615758
2015-10-09,2258.0,2261.0,2225.0,2228.0,2040.5258789999998,663815
2015-10-12,2226.0,2233.0,2208.0,2221.0,2034.1149899999998,403965
2015-10-13,2222.0,2223.0,2197.0,2217.0,2030.4515379999998,331437
2015-10-14,2205.0,2226.0,2199.0,2202.0,2016.713623,392855
2015-10-15,2217.0,2236.0,2205.0,2231.0,2043.273438,372865
2015-10-16,2234.0,2256.0,2234.0,2247.0,2057.927246,402176
2015-10-19,2239.0,2260.0,2235.0,2247.0,2057.927246,241689
2015-10-20,2252.0,2267.0,2248.23999,2258.0,2068.001465,341961
2015-10-21,2262.0,2274.0,2250.0,2259.0,2068.917236,352268
2015-10-22,2255.0,2262.0,2239.0,2254.0,2064.338135,505529
2015-10-23,2261.0,2274.75,2253.0,2270.0,2078.9921879999997,396631
2015-10-26,2256.0,2272.0,2240.0,2268.0,2077.160156,291368
2015-10-27,2268.0,2275.0,2244.25,2249.0,2059.758789,344700
2015-10-28,2247.0,2270.0,2244.0,2253.0,2063.4223629999997,363185
2015-10-29,2250.0,2253.0,2233.0,2248.0,2058.843018,511800
2015-10-30,2251.0,2256.0,2228.0,2243.0,2054.263672,554705
2015-11-02,2238.0,2259.0,2231.0,2239.0,2050.600586,398819
2015-11-03,2239.0,2239.0,2213.0,2219.0,2032.283325,323838
2015-11-04,2219.0,2243.0,2213.0,2236.0,2047.852539,330156
2015-11-05,2242.0,2253.0,2217.0,2219.0,2032.283325,572106
2015-11-06,2219.0,2227.0,2177.0,2185.0,2001.144165,520293
2015-11-09,2156.0,2169.0,2118.0,2128.0,1948.9403079999997,763700
2015-11-10,2137.0,2142.939941,2115.0,2134.0,1954.4353030000002,759051
2015-11-11,2134.0,2169.0,2134.0,2146.0,1965.425903,534602
2015-11-12,2141.0,2171.8798829999996,2136.25,2140.0,1959.930786,442136
2015-11-13,2139.0,2139.0,2116.0,2134.0,1954.4353030000002,371229
2015-11-16,2127.0,2148.0,2116.0,2148.0,1967.257446,306048
2015-11-17,2162.0,2198.0,2157.959961,2198.0,2013.050171,463249
2015-11-18,2199.0,2201.0,2172.0,2198.0,2013.050171,344333
2015-11-19,2212.0,2214.0,2184.0,2214.0,2027.703979,530630
2015-11-20,2217.0,2235.5,2196.02002,2228.0,2040.5258789999998,456303
2015-11-23,2216.0,2218.76001,2204.0,2206.0,2020.3773190000002,237505
2015-11-24,2196.0,2196.0,2155.0,2165.0,1982.8270260000002,383148
2015-11-25,2179.0,2187.0,2167.25,2181.0,1997.481079,464482
2015-11-26,2201.0,2232.0,2176.0,2202.0,2016.713623,389994
2015-11-27,2209.0,2249.0,2187.0,2248.0,2058.843018,492156
2015-11-30,2249.0,2263.0,2225.0,2252.0,2062.506348,792329
2015-12-01,2261.0,2292.0,2245.0,2277.0,2085.402832,663601
2015-12-02,2294.0,2295.0,2271.580078,2280.0,2088.150635,390251
2015-12-03,2248.0,2256.0,2187.0,2197.0,2041.013184,852103
2015-12-04,2181.0,2200.0,2172.0,2190.0,2034.510132,505324
2015-12-07,2200.0,2201.0,2176.0,2185.0,2029.8647460000002,518557
2015-12-08,2184.0,2184.0,2154.0,2163.0,2009.427002,517954
2015-12-09,2164.0,2176.409912,2153.0,2154.0,2001.065796,413658
2015-12-10,2144.0,2152.0,2128.0,2128.0,1976.9121089999999,459267
2015-12-11,2128.0,2132.0,2108.0,2108.0,1958.332153,582827
2015-12-14,2125.0,2145.0,2107.0,2109.0,1959.260986,565190
2015-12-15,2130.0,2146.0,2123.0,2143.0,1990.847046,533977
2015-12-16,2142.0,2145.0,2134.0,2140.0,1988.059937,550011
2015-12-17,2166.0,2175.0,2148.25,2162.0,2008.4981690000002,501655
2015-12-18,2159.0,2160.0,2126.0,2131.0,1979.698975,886605
2015-12-21,2125.0,2152.0,2115.0,2136.0,1984.343994,518841
2015-12-22,2154.0,2154.0,2116.0,2124.0,1973.196045,300275
2015-12-23,2137.0,2172.0,2137.0,2169.0,2015.000977,375324
2015-12-24,2170.0,2175.0,2161.0,2175.0,2020.574829,136112
2015-12-29,2175.0,2211.0,2162.0,2205.0,2048.445068,460174
2015-12-30,2195.0,2219.0,2188.800049,2203.0,2046.587036,291688
2015-12-31,2196.0,2215.0,2162.0,2177.0,2022.432983,324379
2016-01-04,2177.0,2177.0,2136.0,2151.0,1998.2789309999998,584081
2016-01-05,2169.0,2190.0,2144.0,2155.0,2001.9951170000002,491081
2016-01-06,2150.0,2163.0,2132.25,2152.0,1999.2080079999998,423378
2016-01-07,2111.0,2152.0,2107.0,2147.0,1994.562988,576430
2016-01-08,2155.0,2163.810059,2140.0,2140.0,1988.059937,509552
2016-01-11,2136.0,2146.8798829999996,2119.0,2130.0,1978.769897,448241
2016-01-12,2131.0,2136.0,2113.0,2129.0,1977.84082,815775
2016-01-13,2149.0,2151.0,2127.0,2134.0,1982.4858399999998,858426
2016-01-14,2121.0,2124.0,2103.0,2105.0,1955.5449219999998,850680
2016-01-15,2100.0,2124.0,2062.0,2084.0,1936.036011,1126416
2016-01-18,2080.0,2099.0,2065.0,2071.0,1923.9589839999999,529286
2016-01-19,2100.0,2123.0,2085.0,2117.0,1966.6928710000002,675119
2016-01-20,2090.0,2107.8798829999996,2062.0,2073.0,1925.817017,845979
2016-01-21,2070.0,2091.0,2041.5999760000002,2088.0,1939.7519530000002,703499
2016-01-22,2111.0,2131.0,2108.209961,2124.0,1973.196045,493083
2016-01-25,2139.0,2143.0,2120.0,2129.0,1977.84082,335909
2016-01-26,2107.0,2134.0,2103.0,2126.0,1975.053955,429170
2016-01-27,2123.0,2152.0,2118.0,2152.0,1999.2080079999998,437483
2016-01-28,2143.0,2156.0,2118.0,2130.0,1978.769897,731315
2016-01-29,2147.0,2189.0,2135.0,2189.0,2033.5809329999997,872034
2016-02-01,2190.0,2223.0,2183.030029,2211.0,2054.019043,604811
2016-02-02,2205.0,2215.0,2178.0,2198.0,2041.941895,573773
2016-02-03,2188.0,2213.0,2173.0,2186.0,2030.793945,502825
2016-02-04,2205.0,2205.0,2165.0,2181.0,2026.148926,436872
2016-02-05,2171.0,2178.0,2134.0,2140.0,1988.059937,433769
2016-02-08,2145.0,2151.0,2072.0,2079.0,1931.390991,588122
2016-02-09,2095.0,2104.0,2056.0,2070.0,1923.029907,751514
2016-02-10,2076.0,2093.0,2060.0,2079.0,1931.390991,463064
2016-02-11,2073.0,2073.0,2034.0,2048.0,1902.5919190000002,437678
2016-02-12,2063.0,2070.0,2047.0,2060.0,1913.7399899999998,564186
2016-02-15,2084.0,2114.0,2084.0,2111.0,1961.1188960000002,434602
2016-02-16,2121.0,2125.0,2097.0,2124.0,1973.196045,367056
2016-02-17,2124.0,2132.0,2101.0,2113.0,1962.976929,799647
2016-02-18,2115.0,2142.0,2113.8798829999996,2134.0,1982.4858399999998,413284
2016-02-19,2143.0,2144.0,2127.0,2144.0,1991.775757,357905
2016-02-22,2162.0,2179.0,2155.3798829999996,2181.0,2026.148926,315792
2016-02-23,2161.0,2173.0,2152.0,2153.0,2000.136963,310791
2016-02-24,2146.0,2150.0,2117.0,2125.0,1974.124878,454712
2016-02-25,2140.0,2164.0,2140.0,2158.0,2004.781738,305316
2016-02-26,2177.0,2183.0,2125.0,2130.0,1978.769897,446785
2016-02-29,2123.0,2140.0,2108.0,2136.0,1984.343994,570962
2016-03-01,2128.0,2153.0,2128.0,2143.0,1990.847046,393451
2016-03-02,2146.0,2154.0,2120.0,2131.0,1979.698975,405115
2016-03-03,2131.0,2145.0,2117.0,2119.0,1968.550903,449342
2016-03-04,2123.0,2130.790039,2102.0,2104.0,1954.615845,400878
2016-03-07,2098.0,2110.669922,2086.0,2088.0,1939.7519530000002,314193
2016-03-08,2074.0,2089.0,2071.0,2088.0,1939.7519530000002,389919
2016-03-09,2068.0,2107.0,2063.0,2065.0,1918.3848879999998,681555
2016-03-10,2074.0,2074.0,2024.0,2024.0,1880.295898,921252
2016-03-11,2051.0,2074.0,2041.0,2063.0,1916.526978,412012
2016-03-14,2069.0,2073.0,2050.0,2064.0,1917.456055,402298
2016-03-15,2062.0,2082.0,2056.0,2078.0,1930.462036,399997
2016-03-16,2082.0,2108.0,2080.0,2102.0,1952.757935,591941
2016-03-17,2112.0,2134.0,2096.0,2133.0,1981.5571289999998,510008
2016-03-18,2131.0,2161.0,2127.0,2141.0,1988.988892,1029826
2016-03-21,2127.0,2163.0,2122.0,2162.0,2008.4981690000002,469756
2016-03-22,2161.0,2161.0,2136.0,2145.0,1992.7052,640206
2016-03-23,2140.0,2163.0,2140.0,2150.0,1997.3498539999998,687595
2016-03-24,2145.0,2158.0,2137.0,2140.0,1988.059937,434312
2016-03-29,2140.0,2165.0,2140.0,2162.0,2008.4981690000002,548208
2016-03-30,2183.0,2194.0,2170.0,2194.0,2038.226074,557839
2016-03-31,2182.0,2191.429932,2167.0,2173.0,2018.717041,472906
2016-04-01,2152.0,2157.0,2131.0,2143.0,1990.847046,912287
2016-04-04,2136.0,2179.0,2136.0,2162.0,2008.4981690000002,341796
2016-04-05,2154.0,2184.0,2144.169922,2152.0,1999.2080079999998,593836
2016-04-06,2150.0,2188.0,2150.0,2184.0,2028.9360350000002,627095
2016-04-07,2188.0,2218.0,2181.0,2217.0,2059.593018,538049
2016-04-08,2219.0,2245.27002,2213.5,2239.0,2080.0310059999997,457026
2016-04-11,2233.0,2241.0,2217.0,2235.0,2076.314941,317070
2016-04-12,2235.0,2243.0,2214.0,2243.0,2083.746826,410790
2016-04-13,2257.0,2259.0,2215.0,2239.0,2080.0310059999997,519869
2016-04-14,2239.0,2255.0,2231.949951,2253.0,2093.037109,398093
2016-04-15,2248.0,2261.0,2236.469971,2257.0,2096.75293,660917
2016-04-18,2250.0,2260.0,2239.0,2259.0,2098.611084,248472
2016-04-19,2264.0,2264.0,2230.0,2236.0,2077.243896,580808
2016-04-20,2222.0,2241.0,2212.0,2219.0,2061.450928,584047
2016-04-21,2211.0,2212.219971,2160.0,2177.0,2022.432983,527911
2016-04-22,2164.0,2188.0,2151.0,2157.0,2003.8530269999999,478766
2016-04-25,2157.0,2179.0,2154.0,2171.0,2016.858887,357284
2016-04-26,2199.0,2206.0,2185.0,2196.0,2040.0839839999999,474383
2016-04-27,2190.0,2228.0,2184.0,2228.0,2069.8122559999997,852521
2016-04-28,2219.0,2230.0,2203.0,2230.0,2071.669922,653498
2016-04-29,2214.0,2231.0,2207.0,2227.0,2068.883057,643032
2016-05-03,2227.0,2250.0,2220.0,2239.0,2080.0310059999997,701814
2016-05-04,2237.0,2240.0,2207.0,2220.0,2062.380127,498325
2016-05-05,2220.0,2249.0,2220.0,2229.0,2070.740967,662934
2016-05-06,2229.0,2244.0,2225.0,2240.0,2080.959961,473406
2016-05-09,2247.0,2257.0,2241.0,2250.0,2090.2497559999997,383707
2016-05-10,2262.0,2266.0,2247.0,2249.0,2089.321045,331781
2016-05-11,2243.0,2249.0,2224.570068,2230.0,2071.669922,420618
2016-05-12,2225.0,2269.0,2222.0,2252.0,2092.108154,430082
2016-05-13,2250.0,2259.0,2237.639893,2253.0,2093.037109,332903
2016-05-16,2239.0,2244.0,2218.0,2231.0,2072.598877,296431
2016-05-17,2244.0,2249.0,2223.0,2225.0,2067.024902,486891
2016-05-18,2217.0,2217.0,2190.0,2210.0,2053.089844,1044050
2016-05-19,2195.0,2200.0,2170.0,2173.0,2018.717041,655865
2016-05-20,2183.0,2217.0,2180.0,2210.0,2053.089844,548754
2016-05-23,2200.0,2219.0,2198.0,2213.0,2055.876953,482952
2016-05-24,2201.0,2288.0,2201.0,2265.0,2104.185059,896236
2016-05-25,2299.0,2299.3798829999996,2256.0,2268.0,2106.971924,700160
2016-05-26,2268.0,2282.0,2261.0,2282.0,2119.978027,633873
2016-05-27,2282.0,2300.360107,2273.0,2291.0,2128.3388670000004,492629
2016-05-31,2291.0,2308.0,2287.0,2292.0,2129.268066,866068
2016-06-01,2290.0,2297.0,2254.0,2264.0,2103.255859,686683
2016-06-02,2265.0,2273.0,2239.0,2245.0,2085.605225,635744
2016-06-03,2256.0,2267.0,2241.0,2263.0,2102.326904,482257
2016-06-06,2261.0,2304.0,2261.0,2295.0,2132.054932,641096
2016-06-07,2299.0,2305.0,2281.0,2287.0,2124.622803,801281
2016-06-08,2273.0,2306.0,2271.0,2285.0,2122.764893,496654
2016-06-09,2272.0,2293.0,2271.0,2283.0,2120.906982,394682
2016-06-10,2274.0,2284.0,2235.840088,2240.0,2080.959961,488740
2016-06-13,2232.0,2251.0,2231.0,2236.0,2077.243896,546209
2016-06-14,2225.0,2234.340088,2199.0,2199.0,2042.87085,726960
2016-06-15,2204.0,2228.330078,2191.0,2191.0,2035.4390870000002,571867
2016-06-16,2128.0,2141.0,2115.0,2124.0,2017.769409,873850
2016-06-17,2138.0,2183.399902,2119.0,2131.0,2024.419189,1181511
2016-06-20,2169.0,2224.0,2161.0,2221.0,2109.917725,828808
2016-06-21,2222.0,2240.0,2214.0,2236.0,2124.16748,743417
2016-06-22,2251.0,2265.0,2222.0,2240.0,2127.967529,808542
2016-06-23,2256.0,2262.429932,2220.0,2240.0,2127.967529,653404
2016-06-24,2075.0,2248.0,2070.0,2221.0,2109.917725,1138239
2016-06-27,2209.0,2268.0,2208.0,2229.0,2117.517822,1522363
2016-06-28,2270.0,2309.0,2259.0,2296.0,2181.166748,636086
2016-06-29,2321.0,2376.0,2321.0,2376.0,2257.165771,922491
2016-06-30,2380.0,2435.0,2351.0,2435.0,2313.214844,1138887
2016-07-01,2448.0,2456.0,2420.0,2429.0,2307.514893,873538
2016-07-04,2443.0,2457.0,2433.0,2448.0,2325.564697,531367
2016-07-05,2450.0,2476.0,2436.0,2467.0,2343.6142579999996,721618
2016-07-06,2468.0,2517.0,2454.0,2478.0,2354.064209,1023132
2016-07-07,2500.0,2506.0,2445.0,2454.0,2331.264404,598519
2016-07-08,2450.0,2477.0,2436.0,2463.0,2339.814453,514855
2016-07-11,2467.0,2490.0,2439.0,2457.0,2334.1142579999996,769513
2016-07-12,2451.0,2464.0,2421.0,2440.0,2317.9646,703805
2016-07-13,2431.0,2495.0,2424.0,2475.0,2351.214111,848713
2016-07-14,2485.0,2490.0,2445.0,2445.0,2322.7146,675506
2016-07-15,2446.0,2460.0,2434.0,2450.0,2327.4646,798154
2016-07-18,2449.0,2479.0,2449.0,2458.0,2335.064453,858516
2016-07-19,2455.0,2470.860107,2443.0,2454.0,2331.264404,324843
2016-07-20,2471.0,2471.0,2449.0,2459.0,2336.014404,370957
2016-07-21,2448.0,2458.820068,2440.0,2450.0,2327.4646,578160
2016-07-22,2443.0,2474.0,2430.0,2464.0,2340.764404,566762
2016-07-25,2477.0,2485.0,2459.639893,2467.0,2343.6142579999996,522034
2016-07-26,2475.0,2492.0,2470.0,2473.0,2349.314209,810572
2016-07-27,2475.0,2494.0,2462.0,2478.0,2354.064209,427328
2016-07-28,2488.0,2493.0,2475.0,2478.0,2354.064209,432003
2016-07-29,2487.0,2487.0,2436.0,2449.0,2326.514404,748122
2016-08-01,2465.0,2473.0,2427.0,2431.0,2309.4145510000003,698416
2016-08-02,2438.0,2443.0,2415.0,2425.0,2303.714844,528388
2016-08-03,2425.0,2441.0,2395.0,2395.0,2275.215332,447104
2016-08-04,2391.0,2434.0,2353.0,2425.0,2303.714844,754443
2016-08-05,2440.0,2458.0,2391.0,2399.0,2279.0151370000003,739654
2016-08-08,2383.0,2402.0,2370.0,2393.0,2273.31543,527624
2016-08-09,2394.0,2416.0,2389.439941,2410.0,2289.465088,402698
2016-08-10,2415.0,2415.0,2395.0,2410.0,2289.465088,424696
2016-08-11,2403.0,2452.0,2400.0,2432.0,2310.364746,600148
2016-08-12,2434.0,2453.0,2421.0,2448.0,2325.564697,325139
2016-08-15,2454.0,2460.0,2442.0,2457.0,2334.1142579999996,285071
2016-08-16,2462.0,2462.0,2429.0,2429.0,2307.514893,538486
2016-08-17,2440.0,2440.0,2408.0,2409.0,2288.5153809999997,350726
2016-08-18,2422.0,2447.0,2416.0,2419.0,2298.014893,275427
2016-08-19,2413.0,2424.0,2411.0,2414.0,2293.264893,412885
2016-08-22,2406.0,2432.0,2406.0,2419.0,2298.014893,314854
2016-08-23,2422.0,2441.0,2410.0,2418.0,2297.064941,326268
2016-08-24,2406.0,2420.0,2386.0,2393.0,2273.31543,373211
2016-08-25,2381.0,2425.0,2376.0,2410.0,2289.465088,448653
2016-08-26,2417.0,2439.0,2405.0,2415.0,2294.215088,431300
2016-08-30,2415.0,2420.280029,2383.550049,2398.0,2278.065186,475997
2016-08-31,2388.0,2399.0,2372.0,2381.0,2261.915527,765317
2016-09-01,2395.0,2397.0,2369.0,2379.0,2260.015625,520477
2016-09-02,2388.0,2447.0,2384.0,2430.0,2308.464844,1171189
2016-09-05,2431.0,2441.0,2415.0,2423.0,2301.814941,643643
2016-09-06,2413.0,2452.0,2412.0,2448.0,2325.564697,570461
2016-09-07,2398.0,2420.0,2392.0,2410.0,2289.465088,834484
2016-09-08,2408.0,2435.0,2400.0,2416.0,2295.164795,535653
2016-09-09,2412.0,2446.0,2378.0,2391.0,2271.415527,723457
2016-09-12,2362.0,2381.0,2347.0,2363.0,2244.815674,872978
2016-09-13,2366.0,2382.0,2356.02002,2366.0,2247.665771,485650
2016-09-14,2397.0,2412.0,2373.0,2384.0,2264.7653809999997,792996
2016-09-15,2383.0,2406.0,2381.0,2403.0,2282.815186,528655
2016-09-16,2407.0,2413.0,2383.0,2404.0,2283.7651370000003,1764056
2016-09-19,2421.0,2447.0,2415.0,2439.0,2317.014648,554624
2016-09-20,2447.0,2468.0,2442.439941,2453.0,2330.314453,691277
2016-09-21,2461.0,2469.0,2432.0,2438.0,2316.064697,616777
2016-09-22,2440.0,2479.0,2438.0,2473.0,2349.314209,583953
2016-09-23,2482.0,2487.0,2462.0,2472.0,2348.364014,479624
2016-09-26,2478.0,2478.0,2457.0,2463.0,2339.814453,595128
2016-09-27,2473.0,2493.0,2471.0,2486.0,2361.663818,570964
2016-09-28,2485.0,2494.0,2462.0,2483.0,2358.813965,343732
2016-09-29,2495.0,2526.0,2492.0,2509.0,2383.513672,662988
2016-09-30,2494.0,2514.0,2479.0,2505.0,2379.713623,762512
2016-10-03,2492.0,2510.0,2479.0,2499.0,2374.013916,747350
2016-10-04,2494.0,2516.0,2488.0,2496.0,2371.163818,1723812
2016-10-05,2440.0,2469.0,2410.0,2417.0,2296.11499,1192929
2016-10-06,2416.0,2420.0,2367.0,2370.0,2251.46582,947075
2016-10-07,2368.0,2374.51001,2313.0,2325.0,2208.716309,1263366
2016-10-10,2326.0,2338.0,2288.719971,2296.0,2181.166748,1203936
2016-10-11,2293.0,2318.320068,2285.0,2315.0,2199.216309,1117358
2016-10-12,2316.0,2329.0,2292.0,2296.0,2181.166748,667742
2016-10-13,2302.0,2342.0,2300.0,2340.0,2222.966309,721930
2016-10-14,2339.0,2359.0,2339.0,2345.0,2227.71582,670047
2016-10-17,2339.0,2339.0,2316.0,2320.0,2203.966553,697108
2016-10-18,2331.0,2361.0,2316.0,2355.0,2237.216064,593229
2016-10-19,2358.0,2359.0,2343.0,2357.0,2239.115967,432351
2016-10-20,2363.0,2378.0,2330.0,2371.0,2252.415527,453920
2016-10-21,2359.0,2384.0,2357.0,2366.0,2247.665771,493648
2016-10-24,2372.0,2379.0,2324.0,2324.0,2207.766357,379394
2016-10-25,2326.0,2335.0,2318.0,2325.0,2208.716309,440358
2016-10-26,2320.0,2339.0,2302.0,2307.0,2191.616455,469547
2016-10-27,2301.0,2327.0,2288.0,2307.0,2191.616455,840095
2016-10-28,2301.0,2313.0,2275.429932,2310.0,2194.466553,938530
2016-10-31,2295.0,2340.0,2295.0,2328.0,2211.566162,808783
2016-11-01,2340.0,2345.0,2285.0,2288.0,2173.567139,454277
2016-11-02,2274.0,2297.340088,2263.0,2263.0,2149.817139,566950
2016-11-03,2250.0,2273.0,2248.0,2265.0,2151.717041,964469
2016-11-04,2258.0,2280.0,2245.02002,2247.0,2134.6176760000003,556702
2016-11-07,2271.0,2275.0,2220.0,2231.0,2119.417725,666352
2016-11-08,2239.0,2262.0,2234.0,2245.0,2132.717529,628839
2016-11-09,2214.0,2265.0,2206.1201170000004,2232.0,2120.36792,984300
2016-11-10,2247.0,2255.0,2096.0,2130.0,2023.469116,1439843
2016-11-11,2138.0,2190.0,2135.0,2177.0,2068.118408,1063165
2016-11-14,2189.0,2189.0,2091.0,2095.0,1990.219604,1076559
2016-11-15,2112.0,2169.0,2101.0,2139.0,2032.019043,960673
2016-11-16,2140.0,2200.0,2138.0,2186.0,2076.668213,1309877
2016-11-17,2187.0,2238.0,2187.0,2227.0,2115.6176760000003,1081503
2016-11-18,2232.0,2233.0,2195.0,2220.0,2108.967773,837017
2016-11-21,2220.0,2228.0,2199.0,2218.0,2107.067627,926077
2016-11-22,2234.0,2258.0,2218.0,2220.0,2108.967773,666176
2016-11-23,2226.0,2282.179932,2226.0,2233.0,2121.317627,758653
2016-11-24,2288.0,2288.0,2198.0,2209.0,2098.517822,603594
2016-11-25,2204.0,2216.0,2197.0,2211.0,2100.417969,528494
2016-11-28,2208.0,2241.0,2208.0,2231.0,2119.417725,756074
2016-11-29,2237.0,2237.590088,2193.0,2221.0,2109.917725,744045
2016-11-30,2225.0,2232.0,2186.340088,2187.0,2077.618408,1190162
2016-12-01,2146.0,2156.600098,2078.0,2113.0,2037.6938480000001,972650
2016-12-02,2102.0,2149.600098,2099.0,2127.0,2051.1948239999997,694032
2016-12-05,2127.0,2135.0,2072.0,2074.0,2000.0837399999998,769930
2016-12-06,2082.0,2093.0,2064.0,2073.0,1999.119507,1155937
2016-12-07,2078.0,2086.0,2047.0,2086.0,2011.656128,796134
2016-12-08,2104.0,2129.0,2086.0,2102.0,2027.08606,1273213
2016-12-09,2096.0,2148.0,2096.0,2147.0,2070.482178,1186761
2016-12-12,2146.0,2172.0,2141.0,2165.0,2087.84082,1222293
2016-12-13,2165.0,2195.0,2158.0,2190.0,2111.949707,858023
2016-12-14,2179.0,2200.0,2171.0,2181.0,2103.2705079999996,952862
2016-12-15,2173.0,2192.0,2137.0,2184.0,2106.1635739999997,976055
2016-12-16,2181.0,2187.0,2163.0,2183.0,2105.199219,1133314
2016-12-19,2188.0,2218.080078,2188.0,2214.0,2135.0942379999997,629985
2016-12-20,2213.0,2217.0,2196.0,2206.0,2127.379395,604819
2016-12-21,2206.0,2210.0,2198.0,2204.0,2125.450684,803019
2016-12-22,2195.0,2215.0,2195.0,2209.0,2130.272461,376250
2016-12-23,2203.0,2228.0,2203.0,2228.0,2148.595459,175031
2016-12-28,2228.0,2229.0,2200.0,2212.0,2133.165527,539874
2016-12-29,2200.0,2237.0,2200.0,2237.0,2157.274658,364622
2016-12-30,2246.0,2246.0,2218.0,2222.0,2142.809326,332608
2017-01-03,2222.0,2257.560059,2216.0,2222.0,2142.809326,560909
2017-01-04,2228.0,2228.0,2192.0,2200.0,2121.5932620000003,644771
2017-01-05,2192.0,2222.0,2190.0,2218.0,2138.95166,496463
2017-01-06,2214.0,2224.0,2208.0,2215.0,2136.058594,574271
2017-01-09,2218.0,2227.0,2211.0,2214.0,2135.0942379999997,472981
2017-01-10,2211.0,2218.800049,2192.0,2196.0,2117.73584,545621
2017-01-11,2192.0,2210.0,2172.0,2201.0,2122.5576170000004,575145
2017-01-12,2210.0,2218.0,2192.0,2212.0,2133.165527,779545
2017-01-13,2216.0,2225.0,2196.0,2215.0,2136.058594,743662
2017-01-16,2213.0,2227.0,2205.0,2219.0,2139.91626,540306
2017-01-17,2218.0,2221.27002,2188.0,2198.0,2119.6645510000003,802166
2017-01-18,2195.0,2240.0,2193.860107,2236.0,2156.310059,818594
2017-01-19,2245.0,2249.0,2210.0,2235.0,2155.345947,747999
2017-01-20,2230.0,2241.0,2204.0,2210.0,2131.236816,778372
2017-01-23,2201.0,2220.0,2191.0,2216.0,2137.023193,728476
2017-01-24,2221.0,2225.0,2203.0,2222.0,2142.809326,649193
2017-01-25,2235.0,2244.0,2212.0,2216.0,2137.023193,487612
2017-01-26,2229.0,2229.0,2207.0,2207.0,2128.34375,632760
2017-01-27,2218.0,2262.0,2210.0,2262.0,2181.383545,727682
2017-01-30,2247.0,2258.659912,2243.0,2257.0,2176.561768,1579150
2017-01-31,2263.0,2287.0,2246.0,2270.0,2189.0986329999996,976231
2017-02-01,2280.0,2298.0,2230.0,2233.0,2153.4169920000004,1060380
2017-02-02,2225.0,2274.0,2222.0,2254.0,2173.668701,1809850
2017-02-03,2252.0,2267.0,2237.0,2247.0,2166.918213,633906
2017-02-06,2251.0,2258.0,2242.0,2250.0,2169.811279,475794
2017-02-07,2256.0,2295.0,2250.0,2276.0,2194.884766,703210
2017-02-08,2272.0,2329.149902,2266.0,2323.0,2240.209473,751755
2017-02-09,2326.0,2333.1201170000004,2312.0,2312.0,2229.601807,805451
2017-02-10,2309.0,2323.0,2299.0,2304.0,2221.886719,916280
2017-02-13,2300.0,2309.340088,2264.0,2290.0,2208.385498,871076
2017-02-14,2295.0,2310.699951,2287.0,2296.0,2214.171875,593853
2017-02-15,2298.0,2306.0,2285.0,2299.0,2217.064941,419613
2017-02-16,2304.0,2305.0,2270.0,2301.0,2218.993652,553145
2017-02-17,2295.0,2324.0,2284.77002,2310.0,2227.672852,680791
2017-02-20,2314.0,2321.1201170000004,2290.0,2304.0,2221.886719,545366
2017-02-21,2308.0,2333.0,2304.0,2330.0,2246.960205,596475
2017-02-22,2327.0,2337.0,2317.0,2325.0,2242.138428,507602
2017-02-23,2326.0,2329.0,2314.3701170000004,2322.0,2239.2451170000004,656905
2017-02-24,2330.0,2346.149902,2319.600098,2345.0,2261.425537,463399
2017-02-27,2358.0,2358.0,2309.0,2324.0,2241.174072,881297
2017-02-28,2331.0,2338.639893,2314.0,2338.0,2254.674805,683834
2017-03-01,2342.0,2342.0,2310.52002,2329.0,2245.995605,562146
2017-03-02,2328.0,2368.0,2309.0,2367.0,2282.641357,736165
2017-03-03,2370.0,2382.0,2344.0,2355.0,2271.069092,613486
2017-03-06,2359.0,2371.0,2339.0,2355.0,2271.069092,464434
2017-03-07,2360.0,2360.0,2322.0,2335.0,2251.7817379999997,613516
2017-03-08,2329.0,2346.0,2303.0,2346.0,2262.389893,609260
2017-03-09,2348.0,2348.0,2319.0,2344.0,2260.461182,494098
2017-03-10,2341.0,2351.0,2316.0,2334.0,2250.817627,693215
2017-03-13,2339.0,2342.0,2320.0,2339.0,2255.639404,507962
2017-03-14,2352.0,2371.0,2343.0,2362.0,2277.81958,712391
2017-03-15,2367.0,2372.0,2337.0,2357.0,2272.998047,410172
2017-03-16,2370.0,2388.0,2355.0,2383.0,2298.071045,770670
2017-03-17,2386.0,2386.0,2345.0,2377.0,2292.284912,1009962
2017-03-20,2372.0,2393.0,2363.01001,2393.0,2307.714844,450645
2017-03-21,2397.0,2422.0,2377.0,2404.0,2318.322754,609743
2017-03-22,2403.0,2426.0,2389.0,2412.0,2326.037598,735283
2017-03-23,2418.0,2425.0,2401.659912,2421.0,2334.716797,725617
2017-03-24,2421.0,2434.0,2409.26001,2411.0,2325.073486,653576
2017-03-27,2417.0,2423.320068,2384.0,2415.0,2328.930664,651766
2017-03-28,2421.0,2428.0,2395.0,2402.0,2316.394043,581253
2017-03-29,2412.0,2412.0,2366.0,2376.0,2291.3208010000003,785351
2017-03-30,2376.0,2382.409912,2359.0,2366.0,2281.677246,710697
2017-03-31,2367.0,2393.0,2364.0,2382.0,2297.106934,731232
2017-04-03,2393.0,2398.0,2377.26001,2381.0,2296.142578,777785
2017-04-04,2395.0,2403.47998,2367.0,2367.0,2282.641357,453317
2017-04-05,2366.0,2396.0,2366.0,2380.0,2295.177979,444600
2017-04-06,2369.0,2392.0,2367.0,2388.0,2302.893066,494788
2017-04-07,2381.0,2406.0,2380.0,2403.0,2317.358398,480338
2017-04-10,2399.0,2406.0,2385.0,2393.0,2307.714844,444944
2017-04-11,2386.0,2413.0,2382.0,2402.0,2316.394043,645373
2017-04-12,2399.0,2435.26001,2391.0,2430.0,2343.39624,792812
2017-04-13,2423.0,2445.26001,2416.0,2444.0,2356.897217,821028
2017-04-18,2444.0,2450.0,2400.0,2412.0,2326.037598,637678
2017-04-19,2408.0,2414.0,2356.5,2357.0,2272.998047,924437
2017-04-20,2354.0,2365.0,2334.0,2340.0,2256.60376,946472
2017-04-21,2332.0,2339.669922,2313.0,2320.0,2237.316406,1103147
2017-04-24,2340.0,2350.0,2307.0,2343.0,2259.496826,1023176
2017-04-25,2349.0,2350.0,2328.0,2328.0,2245.0314940000003,564482
2017-04-26,2299.0,2318.0,2296.0,2305.0,2222.8510739999997,1015015
2017-04-27,2292.0,2320.0,2292.0,2320.0,2237.316406,807863
2017-04-28,2313.0,2333.0,2301.0,2325.0,2242.138428,1092925
2017-05-02,2324.0,2365.0,2312.0,2365.0,2280.712646,1154779
2017-05-03,2367.0,2367.0,2340.0,2362.0,2277.81958,635232
2017-05-04,2359.0,2379.0,2350.0,2355.0,2271.069092,881076
2017-05-05,2355.0,2376.0,2348.0,2373.0,2288.427734,527708
2017-05-08,2374.0,2416.0,2366.0,2389.0,2303.857422,797408
2017-05-09,2382.0,2409.0,2371.0,2402.0,2316.394043,717439
2017-05-10,2399.0,2446.0,2398.0,2443.0,2355.932861,676322
2017-05-11,2435.0,2448.0,2417.0,2425.0,2338.574219,922338
2017-05-12,2425.0,2441.0,2422.0,2435.0,2348.218018,559650
2017-05-15,2432.0,2442.0,2418.0,2429.0,2342.431885,486449
2017-05-16,2401.0,2430.0,2386.0,2393.0,2307.714844,1335807
2017-05-17,2382.0,2416.0,2376.0,2400.0,2314.465332,1256983
2017-05-18,2405.0,2448.0,2397.0,2402.0,2316.394043,1442957
2017-05-19,2406.0,2441.0,2402.51001,2438.0,2351.111084,971228
2017-05-22,2440.0,2457.0,2437.25,2448.0,2360.754639,1151476
2017-05-23,2485.0,2515.219971,2459.0,2491.0,2402.222168,1302090
2017-05-24,2495.0,2575.0,2495.0,2553.0,2462.012451,1897595
2017-05-25,2556.0,2574.0,2538.0,2544.0,2453.333252,804766
2017-05-26,2545.0,2550.0,2522.280029,2534.0,2443.689697,933202
2017-05-30,2534.0,2542.0,2519.0,2534.0,2443.689697,657166
2017-05-31,2538.0,2542.840088,2498.0,2500.0,2410.9013670000004,1189002
2017-06-01,2506.0,2516.0,2481.0,2491.0,2402.222168,1189321
2017-06-02,2512.0,2512.0,2466.73999,2475.0,2386.79248,1041696
2017-06-05,2483.0,2494.47998,2466.0,2484.0,2395.47168,607179
2017-06-06,2482.0,2508.5,2469.0,2506.0,2416.6875,608977
2017-06-07,2508.0,2530.0,2487.0,2496.0,2407.043945,1048471
2017-06-08,2498.0,2514.0,2480.0,2506.0,2416.6875,944791
2017-06-09,2533.0,2546.0,2495.0,2503.0,2413.794434,1162019
2017-06-12,2492.0,2496.699951,2455.0,2468.0,2380.0419920000004,1606855
2017-06-13,2475.0,2486.0,2460.399902,2479.0,2390.649658,1509150
2017-06-14,2480.0,2498.0,2468.0,2483.0,2394.5073239999997,1193893
2017-06-15,2438.0,2458.899902,2383.0,2402.0,2362.929443,1079727
2017-06-16,2413.0,2453.899902,2390.0,2390.0,2351.1245120000003,1970321
2017-06-19,2412.0,2410.600098,2388.0,2396.0,2357.026855,581467
2017-06-20,2400.0,2387.0,2340.179932,2341.0,2302.9216309999997,290103
2017-06-21,2345.0,2353.0,2323.0,2326.0,2288.165527,171673
2017-06-22,2325.0,2326.0,2287.600098,2303.0,2265.539795,177850
2017-06-23,2300.0,2325.600098,2299.0,2309.0,2271.442139,404457
2017-06-26,2313.0,2313.0,2296.0,2307.639893,2270.104004,152679
2017-06-27,2303.0,2296.600098,2260.0,2271.679932,2234.729004,220777
2017-06-28,2263.0,2279.399902,2239.0,2243.0,2206.515625,1075219
2017-06-29,2245.0,2250.47998,2212.0,2225.0,2188.80835,118730
2017-06-30,2222.0,2230.0,2178.0,2182.0,2146.5078129999997,178275
2017-07-03,2150.0,2185.0,2133.0,2174.0,2138.637939,1404447
2017-07-04,2157.0,2197.899902,2147.0,2149.0,2114.044678,939938
2017-07-05,2147.0,2179.0,2142.0,2171.0,2135.686768,1170673
2017-07-06,2179.0,2188.0,2146.0,2166.0,2130.768066,1052438
2017-07-07,2190.0,2209.0,2166.0,2208.0,2172.084961,1467828
2017-07-10,2217.0,2221.0,2189.0,2190.0,2154.377686,1028599
2017-07-11,2200.0,2231.0,2185.0,2200.0,2164.215088,1827148
2017-07-12,2207.0,2225.0,2199.0,2215.0,2178.971191,1689188
2017-07-13,2227.0,2238.0,2206.0,2233.0,2196.678223,1509116
2017-07-14,2235.0,2236.0,2214.0,2227.0,2190.775879,930080
2017-07-17,2227.0,2252.0,2223.0,2249.0,2212.417969,948058
2017-07-18,2244.0,2250.0,2226.0,2232.0,2195.69458,1480777
2017-07-19,2237.0,2247.280029,2223.0,2229.0,2192.743408,830742
2017-07-20,2234.0,2270.0,2230.0,2266.0,2229.141602,995973
2017-07-21,2268.0,2269.0,2235.0,2245.0,2208.483154,1369670
2017-07-24,2247.0,2254.0,2185.0,2188.0,2152.410156,1038576
2017-07-25,2197.0,2203.0,2164.0,2165.0,2129.784424,809173
2017-07-26,2170.0,2199.0,2167.0,2185.0,2149.458984,779667
2017-07-27,2181.0,2201.0,2175.0,2189.0,2153.394043,715926
2017-07-28,2180.0,2193.5,2147.0,2152.0,2116.99585,637623
2017-07-31,2195.0,2246.0,2195.0,2240.0,2203.564453,1500366
2017-08-01,2244.0,2248.0,2221.0,2229.0,2192.743408,788369
2017-08-02,2234.0,2246.0,2216.0,2240.0,2203.564453,799070
2017-08-03,2238.0,2272.0,2231.0,2268.0,2231.1088870000003,760441
2017-08-04,2264.0,2286.0,2262.0,2272.0,2235.043945,744074
2017-08-07,2275.0,2289.0,2268.0,2281.0,2243.897461,639865
2017-08-08,2284.0,2296.0,2281.0,2284.0,2246.8486329999996,886538
2017-08-09,2271.0,2305.0,2266.0,2293.0,2255.702393,733870
2017-08-10,2298.0,2309.0,2276.0,2286.0,2248.816162,534205
2017-08-11,2289.0,2292.0,2266.0,2267.0,2230.1252440000003,513078
2017-08-14,2274.0,2291.0,2266.0,2282.0,2244.881348,599943
2017-08-15,2275.0,2282.0,2254.300049,2269.0,2232.092773,698104
2017-08-16,2269.0,2270.75,2243.300049,2247.0,2210.450684,743153
2017-08-17,2247.0,2278.0,2238.0,2248.0,2211.434326,647071
2017-08-18,2243.0,2248.0,2217.0,2221.0,2184.873535,650475
2017-08-21,2221.0,2223.0,2212.0,2222.0,2185.857178,554808
2017-08-22,2230.0,2257.0,2229.0,2257.0,2220.287842,597466
2017-08-23,2261.0,2263.0,2237.0,2248.0,2211.434326,364268
2017-08-24,2257.0,2266.0,2245.0,2252.0,2215.369141,400852
2017-08-25,2252.0,2258.5,2245.0,2249.0,2212.417969,401812
2017-08-29,2249.0,2254.0,2234.0,2241.0,2204.548096,487049
2017-08-30,2253.0,2253.0,2233.0,2253.0,2216.353027,461309
2017-08-31,2256.0,2274.0,2255.0,2269.0,2232.092773,658449
2017-09-01,2273.0,2284.0,2250.0,2254.0,2217.33667,543138
2017-09-04,2250.0,2261.699951,2246.0,2250.0,2213.401855,888844
2017-09-05,2255.0,2278.179932,2249.149902,2275.0,2237.9951170000004,907847
2017-09-06,2270.0,2286.300049,2263.0,2277.0,2239.962646,759593
2017-09-07,2279.0,2291.399902,2272.0,2283.0,2245.86499,478433
2017-09-08,2280.0,2280.25,2250.0,2274.0,2237.011475,449173
2017-09-11,2283.0,2289.0,2266.0,2270.0,2233.076416,457509
2017-09-12,2269.0,2276.5,2240.0,2240.0,2203.564453,1074209
2017-09-13,2230.0,2241.0,2225.699951,2233.0,2196.678223,1014034
2017-09-14,2235.0,2242.0,2214.0,2214.0,2177.987305,913921
2017-09-15,2219.0,2237.0,2204.0,2230.0,2193.7270510000003,1349279
2017-09-18,2233.0,2244.0,2199.699951,2201.0,2165.19873,477439
2017-09-19,2196.0,2210.0,2186.0,2200.0,2164.215088,482217
2017-09-20,2202.0,2213.0,2196.0,2208.0,2172.084961,666623
2017-09-21,2209.0,2209.0,2152.0,2169.0,2133.7192379999997,1128606
2017-09-22,2160.0,2190.0,2156.0,2184.0,2148.475342,792422
2017-09-25,2172.0,2206.0,2172.0,2196.0,2160.280273,978326
2017-09-26,2201.0,2201.0,2181.0,2184.0,2148.475342,560320
2017-09-27,2187.0,2187.76001,2144.719971,2158.0,2122.898193,830012
2017-09-28,2160.0,2162.0,2146.0,2161.0,2125.849365,654807
2017-09-29,2156.0,2185.0,2156.0,2173.0,2137.654297,605523
2017-10-02,2164.0,2194.0,2164.0,2194.0,2158.3127440000003,602161
2017-10-03,2189.0,2203.5,2177.0,2179.0,2143.556641,526182
2017-10-04,2170.0,2189.0,2166.0,2166.0,2130.768066,972999
2017-10-05,2166.0,2191.399902,2166.0,2174.0,2138.637939,698715
2017-10-06,2174.0,2183.0,2158.0,2158.0,2122.898193,551889
2017-10-09,2159.0,2178.0,2158.0,2165.0,2129.784424,668533
2017-10-10,2161.0,2175.0,2159.600098,2164.0,2128.800781,987356
2017-10-11,2164.0,2173.0,2147.0,2150.0,2115.02832,1112788
2017-10-12,2155.0,2163.0,2138.0,2138.0,2103.2236329999996,990708
2017-10-13,2135.0,2141.0,2098.0,2104.0,2069.776611,1064299
2017-10-16,2100.0,2117.0,2059.0,2082.0,2048.134521,1185979
2017-10-17,2090.0,2127.0,2084.0,2122.0,2087.4838870000003,788453
2017-10-18,2123.0,2147.0,2122.409912,2130.0,2095.35376,651190
2017-10-19,2135.0,2144.300049,2129.0,2143.0,2108.142334,788317
2017-10-20,2151.0,2151.0,2129.0,2139.0,2104.207275,1113584
2017-10-23,2131.0,2154.0,2131.0,2137.0,2102.239746,426417
2017-10-24,2140.0,2145.0,2114.0,2136.0,2101.256104,696678
2017-10-25,2133.0,2135.0,2077.0,2077.0,2043.21582,750360
2017-10-26,2084.0,2096.0,2076.0,2086.0,2052.069336,871492
2017-10-27,2088.0,2118.0,2087.0,2098.0,2063.874268,714411
2017-10-30,2092.0,2103.0,2082.0,2093.0,2058.955566,564164
2017-10-31,2100.0,2127.0,2087.699951,2111.0,2076.662842,785033
2017-11-01,2111.0,2126.0,2070.0,2072.0,2038.297119,1165185
2017-11-02,2066.0,2124.0,2065.399902,2100.0,2065.841797,689708
2017-11-03,2103.0,2132.5,2101.0,2131.0,2096.337402,710917
2017-11-06,2170.0,2196.0,2138.0,2185.0,2149.458984,1215450
2017-11-07,2188.0,2192.0,2167.0,2181.0,2145.52417,967695
2017-11-08,2183.0,2197.0,2167.0,2174.0,2138.637939,991654
2017-11-09,2180.0,2183.0,2163.0,2175.0,2139.621826,762716
2017-11-10,2184.0,2184.0,2161.0,2169.0,2133.7192379999997,459662
2017-11-13,2165.0,2184.0,2158.0,2158.0,2122.898193,587512
2017-11-14,2154.0,2164.0,2146.0,2157.0,2121.9145510000003,632746
2017-11-15,2150.0,2160.929932,2137.0,2139.0,2104.207275,673074
2017-11-16,2150.0,2154.0,2134.0,2144.0,2109.125977,586685
2017-11-17,2131.0,2140.0,2081.0,2092.0,2057.97168,1093338
2017-11-20,2091.0,2099.0,2081.0,2082.0,2048.134521,462798
2017-11-21,2080.0,2098.0,2077.0,2091.0,2056.988037,858454
2017-11-22,2085.0,2127.0,2072.0,2123.0,2088.467529,1369655
2017-11-23,2219.0,2219.0,2088.0,2136.0,2101.256104,1278014
2017-11-24,2150.0,2156.0,2101.0,2106.0,2071.744141,920770
2017-11-27,2098.0,2129.0,2098.0,2115.0,2080.597656,735281
2017-11-28,2115.0,2120.0,2095.0,2111.0,2076.662842,1260821
2017-11-29,2101.0,2136.0,2098.0,2129.0,2094.369873,1131943
2017-11-30,2091.0,2137.0,2084.0,2099.0,2099.0,1570950
2017-12-01,2092.0,2114.0,2042.0,2046.0,2046.0,1307863
2017-12-04,2053.0,2074.0,2049.0,2065.0,2065.0,1322307
2017-12-05,2065.0,2090.0,2065.0,2075.0,2075.0,744966
2017-12-06,2075.0,2082.0,2059.0,2064.0,2064.0,596529
2017-12-07,2061.0,2080.0,2059.0,2074.0,2074.0,1078767
2017-12-08,2071.0,2088.0,2061.0,2083.0,2083.0,639535
2017-12-11,2082.0,2092.0,2068.0,2085.0,2085.0,907291
2017-12-12,2087.0,2130.0,2085.0,2120.0,2120.0,1844466
2017-12-13,2120.0,2120.0,2078.0,2085.97998,2085.97998,1529457
2017-12-14,2080.0,2094.0,2063.0,2064.0,2064.0,1235924
2017-12-15,2066.0,2091.0,2061.0,2090.0,2090.0,1539471
2017-12-18,2102.0,2122.0,2096.0,2101.0,2101.0,895459
2017-12-19,2107.0,2125.0,2102.0,2110.0,2110.0,673196
2017-12-20,2103.0,2112.0,2099.0,2107.0,2107.0,825268
2017-12-21,2099.0,2119.0,2094.0,2110.0,2110.0,962999
2017-12-22,2101.0,2142.0,2101.0,2142.0,2142.0,391662
2017-12-27,2142.0,2153.0,2123.0,2137.0,2137.0,677018
2017-12-28,2140.0,2162.0,2136.0,2153.0,2153.0,775502
2017-12-29,2158.0,2162.0,2144.0,2162.0,2162.0,503075
2018-01-02,2162.0,2179.0,2130.0,2138.0,2138.0,623669
2018-01-03,2136.0,2144.0,2112.0,2126.0,2126.0,918919
2018-01-04,2126.0,2131.0,2113.0,2120.0,2120.0,944470
2018-01-05,2118.0,2158.0,2118.0,2140.0,2140.0,1122751
2018-01-08,2151.0,2169.0,2128.0,2131.0,2131.0,907417
2018-01-09,2082.0,2129.0,2053.0,2063.0,2063.0,1691705
2018-01-10,2059.0,2085.0,2040.0,2048.0,2048.0,1577824
2018-01-11,2047.0,2061.0,2033.0,2036.0,2036.0,899950
2018-01-12,2037.0,2037.0,2002.0,2015.0,2015.0,1101465
2018-01-15,2018.0,2051.0,2017.0,2026.0,2026.0,830037
2018-01-16,2030.0,2049.0,2025.0,2045.0,2045.0,662696
2018-01-17,2037.0,2052.0,2011.0,2022.0,2022.0,920600
2018-01-18,2018.0,2030.0,2003.0,2021.0,2021.0,1119467
2018-01-19,2028.0,2051.0,2010.0,2024.0,2024.0,1327834
2018-01-22,2019.0,2032.0,2016.0,2022.0,2022.0,872515
2018-01-23,2023.0,2026.0,1997.0,2010.0,2010.0,1091561
2018-01-24,2008.0,2014.0,1993.5,1993.5,1993.5,1075751
2018-01-25,1994.5,2014.0,1993.5,2010.0,2010.0,1581316
2018-01-26,2000.0,2019.0,1999.0,2010.0,2010.0,1210327
2018-01-29,2016.0,2020.0,1969.5,1970.5,1970.5,873853
2018-01-30,1966.5,1971.5,1945.0,1961.5,1961.5,1692946
2018-01-31,1970.0,1990.0,1950.0,1953.5,1953.5,1172067
2018-02-01,1958.0,1985.0,1910.5,1910.5,1910.5,1762853
2018-02-02,1910.0,1923.5,1898.0,1910.0,1910.0,1271023
2018-02-05,1899.0,1915.5,1885.5,1886.5,1886.5,1374251
2018-02-06,1842.0,1871.5,1816.0,1816.0,1816.0,1662162
2018-02-07,1816.0,1876.5,1811.5,1870.5,1870.5,1530930
2018-02-08,1858.5,1863.0,1844.5,1848.0,1848.0,1406960
2018-02-09,1832.5,1848.5,1813.5,1820.5,1820.5,1269933
2018-02-12,1828.0,1828.5,1786.0,1786.0,1786.0,1398870
2018-02-13,1785.0,1792.0,1718.5,1725.5,1725.5,2034395
2018-02-14,1735.5,1766.5,1720.0,1730.0,1730.0,1545399
2018-02-15,1733.5,1735.0,1664.0,1703.0,1703.0,2215770
2018-02-16,1710.5,1756.5,1708.5,1738.0,1738.0,1404543
2018-02-19,1736.5,1746.0,1705.5,1714.5,1714.5,698233
2018-02-20,1722.5,1731.0,1702.5,1711.5,1711.5,850571
2018-02-21,1708.0,1736.5,1705.5,1714.5,1714.5,1218238
2018-02-22,1708.5,1718.5,1678.0,1710.0,1710.0,1346646
2018-02-23,1710.0,1766.0,1704.0,1766.0,1766.0,859687
2018-02-26,1760.5,1784.0,1760.5,1780.0,1780.0,1187353
2018-02-27,1780.0,1786.0,1753.0,1757.5,1757.5,1029102
2018-02-28,1746.5,1757.5,1706.0,1707.5,1707.5,1316419
2018-03-01,1703.5,1751.0,1699.0,1723.5,1723.5,1399735
2018-03-02,1717.0,1742.5,1710.0,1722.0,1722.0,1254050
2018-03-05,1721.0,1746.0,1715.5,1735.5,1735.5,1067145
2018-03-06,1747.5,1768.0,1727.0,1734.5,1734.5,808478
2018-03-07,1727.0,1765.5,1723.0,1765.0,1765.0,981333
2018-03-08,1771.0,1797.5,1752.0,1791.5,1791.5,827943
2018-03-09,1830.0,1846.0,1804.0,1826.0,1826.0,1613376
