Date,Open,High,Low,Close,Adj Close,Volume
2015-01-02,221.0,223.05000299999998,219.100006,221.899994,188.813477,31972374
2015-01-05,220.850006,223.19999700000002,215.80000299999998,216.44999700000002,184.17610200000001,61154121
2015-01-06,216.100006,218.25,213.80000299999998,215.350006,183.240143,59688372
2015-01-07,216.399994,219.25,214.649994,216.0,183.79321299999998,45676932
2015-01-08,218.69999700000002,227.100006,211.005997,225.75,192.089447,85404201
2015-01-09,225.600006,227.21299700000003,223.399994,224.899994,191.36615,53996789
2015-01-12,225.0,228.11000099999998,225.0,226.80000299999998,192.98286399999998,42753668
2015-01-13,227.05000299999998,230.44999700000002,226.07499700000002,229.0,194.854828,61604341
2015-01-14,226.0,228.899994,224.473007,225.25,191.66398600000002,64600642
2015-01-15,227.899994,228.19999700000002,221.30000299999998,227.899994,193.918854,80235479
2015-01-16,226.30000299999998,229.5,225.149994,227.80000299999998,193.833755,72118664
2015-01-19,227.55000299999998,232.69999700000002,227.5,229.44999700000002,195.23774699999998,46348095
2015-01-20,230.80000299999998,231.850006,228.75,230.0,195.705734,45061776
2015-01-21,231.44999700000002,238.69999700000002,230.89700299999998,238.149994,202.640533,96098484
2015-01-22,238.899994,239.350006,234.649994,238.69999700000002,203.10853600000002,77157669
2015-01-23,241.100006,245.899994,238.143005,239.899994,204.129578,91351406
2015-01-26,238.80000299999998,241.69999700000002,237.69999700000002,238.649994,203.065979,47738986
2015-01-27,239.149994,240.100006,234.75,236.69999700000002,201.406723,46530368
2015-01-28,238.899994,239.0,236.0,237.25,201.87471000000002,54435372
2015-01-29,236.5,238.69999700000002,234.350006,237.649994,202.215073,73147952
2015-01-30,239.55000299999998,239.55000299999998,234.5,234.5,199.53476,72163935
2015-02-02,234.0,235.19999700000002,231.23800699999998,233.850006,198.981689,46099773
2015-02-03,233.94999700000002,237.38400299999998,233.55000299999998,236.899994,201.576904,46770489
2015-02-04,235.80000299999998,236.5,232.83599900000002,236.5,201.236557,77770349
2015-02-05,235.0,238.649994,229.23599199999998,230.899994,196.471527,96565338
2015-02-06,230.5,232.350006,228.25,231.399994,196.896973,56937407
2015-02-09,230.100006,232.0,228.05000299999998,228.80000299999998,194.684677,62232217
2015-02-10,228.80000299999998,232.100006,228.149994,230.94999700000002,196.514084,53820166
2015-02-11,230.399994,231.75,228.27900699999998,229.899994,195.620651,37428834
2015-02-12,230.19999700000002,232.5,229.649994,231.30000299999998,196.811905,62272550
2015-02-13,232.0,233.94999700000002,230.55000299999998,232.399994,197.747879,38429259
2015-02-16,232.19999700000002,232.19999700000002,229.30000299999998,230.0,195.705734,27139103
2015-02-17,231.94999700000002,232.149994,228.55000299999998,231.25,196.769363,39765222
2015-02-18,234.0,234.0,224.25,225.44999700000002,191.834152,69385667
2015-02-19,225.80000299999998,228.94999700000002,225.08299300000002,228.399994,194.344299,45247177
2015-02-20,229.69999700000002,232.600006,228.05000299999998,232.399994,197.747879,69849785
2015-02-23,234.0,236.5,231.850006,232.69999700000002,198.003159,36391421
2015-02-24,228.05000299999998,228.649994,224.55000299999998,226.5,192.727615,84846553
2015-02-25,224.5,226.149994,222.399994,223.69999700000002,190.345093,63905062
2015-02-26,222.25,225.0,222.100006,224.69999700000002,191.195999,45246901
2015-02-27,224.69999700000002,224.987,223.0,224.399994,190.94073500000002,44080589
2015-03-02,224.30000299999998,227.0,223.55000299999998,224.69999700000002,191.195999,58471028
2015-03-03,225.649994,227.5,224.94999700000002,225.0,191.451248,51163674
2015-03-04,225.5,227.580002,224.5,227.350006,193.450867,48706914
2015-03-05,226.94999700000002,227.94999700000002,225.94999700000002,226.25,192.514877,40539155
2015-03-06,225.5,226.276993,219.30000299999998,219.899994,187.111694,70205360
2015-03-09,218.19999700000002,220.5,216.5,219.100006,186.430984,58725150
2015-03-10,221.5,223.30000299999998,215.399994,215.55000299999998,183.410309,68943780
2015-03-11,215.399994,218.67500299999998,210.334,217.19999700000002,184.814285,59218372
2015-03-12,217.94999700000002,219.30000299999998,216.649994,216.899994,184.559006,86059924
2015-03-13,217.80000299999998,219.61999500000002,216.5,218.94999700000002,186.303345,52385346
2015-03-16,220.100006,223.350006,220.100006,222.600006,189.409119,50857691
2015-03-17,222.0,222.94999700000002,220.25,221.55000299999998,188.51568600000002,65264061
2015-03-18,220.850006,226.25,220.850006,225.75,192.089447,58974828
2015-03-19,224.399994,226.44999700000002,223.19999700000002,225.899994,192.217056,82200698
2015-03-20,225.0,229.80000299999998,224.55000299999998,228.25,194.216675,177392796
2015-03-23,229.0,229.0,220.07299799999998,227.649994,193.706131,46565162
2015-03-24,227.600006,229.0,226.55000299999998,226.94999700000002,193.110504,46500226
2015-03-25,226.25,228.30000299999998,223.19999700000002,224.25,190.813095,69576213
2015-03-26,222.80000299999998,226.19999700000002,222.19999700000002,224.0,190.600372,153890491
2015-03-27,227.94999700000002,228.350006,224.19999700000002,224.69999700000002,191.195999,57358330
2015-03-30,226.899994,226.899994,223.100006,224.350006,190.898193,41488328
2015-03-31,225.05000299999998,225.44999700000002,220.350006,220.44999700000002,187.579712,60967206
2015-04-01,220.0,222.5,219.507004,220.05000299999998,187.239334,46460961
2015-04-02,221.0,223.05000299999998,219.80000299999998,222.19999700000002,189.068771,42690525
2015-04-07,222.19999700000002,225.80000299999998,221.13999900000002,225.399994,191.791626,51956308
2015-04-08,225.0,225.5,222.399994,222.55000299999998,189.366577,42686794
2015-04-09,223.5,226.55000299999998,222.0,225.69999700000002,192.04689,41845961
2015-04-10,225.80000299999998,229.899994,225.30000299999998,229.30000299999998,195.11009199999998,153697806
2015-04-13,228.600006,229.80000299999998,227.600006,229.19999700000002,195.025009,30337247
2015-04-14,227.899994,230.63000499999998,227.55000299999998,229.350006,195.152664,40705691
2015-04-15,228.80000299999998,230.75,227.5,227.899994,193.918854,43803488
2015-04-16,228.899994,230.100006,226.69999700000002,227.399994,193.493393,63545672
2015-04-17,227.75,229.649994,225.80000299999998,226.399994,192.64253200000002,67098843
2015-04-20,229.44999700000002,230.0,226.399994,229.0,194.854828,39558855
2015-04-21,230.0,230.649994,226.73800699999998,226.899994,193.067947,45268787
2015-04-22,228.44999700000002,230.0,225.600006,227.5,193.578506,46013291
2015-04-23,228.399994,231.0,227.19999700000002,230.350006,196.003555,49640229
2015-04-24,230.899994,235.19999700000002,230.46299700000003,232.25,197.62025500000001,61662978
2015-04-27,232.05000299999998,234.17500299999998,229.19999700000002,232.600006,197.918076,40781256
2015-04-28,231.5,232.399994,227.600006,229.75,195.49301100000002,70900519
2015-04-29,232.05000299999998,234.0,229.69999700000002,230.399994,196.046082,58606059
2015-04-30,231.399994,232.388,228.580994,230.55000299999998,196.17373700000002,52364042
2015-05-01,229.399994,230.05000299999998,227.850006,230.0,195.705734,28511313
2015-05-05,230.0,233.149994,228.55000299999998,228.55000299999998,194.471939,31604048
2015-05-06,230.0,233.05000299999998,228.69999700000002,232.19999700000002,197.577698,63965114
2015-05-07,232.0,232.649994,226.94999700000002,231.80000299999998,197.23736599999998,64098831
2015-05-08,236.100006,236.850006,230.69999700000002,233.30000299999998,198.51367199999999,78125590
2015-05-11,232.350006,236.399994,230.75,234.75,199.747498,55014701
2015-05-12,233.899994,236.856995,228.80000299999998,233.600006,198.768967,69868633
2015-05-13,233.399994,237.05000299999998,232.69999700000002,235.850006,200.683472,65102213
2015-05-14,234.899994,236.149994,233.05000299999998,235.399994,200.300552,42389819
2015-05-15,235.25,236.92500299999998,233.44999700000002,234.5,199.53476,60118729
2015-05-18,235.75,236.0,232.600006,234.100006,199.194397,54947342
2015-05-19,230.0,237.798996,224.899994,226.600006,192.812698,122710835
2015-05-20,234.0,239.19999700000002,232.350006,238.850006,203.236176,131305620
2015-05-21,239.30000299999998,243.91000400000001,238.899994,242.5,206.341919,68211187
2015-05-22,252.5,256.0,247.0,253.75,215.914474,150037180
2015-05-26,253.75,255.5,249.75,250.75,213.361816,80879212
2015-05-27,250.149994,254.080002,248.063004,251.5,213.999969,56580081
2015-05-28,251.0,253.729996,249.992004,253.69999700000002,215.87191800000002,50786675
2015-05-29,253.350006,257.950012,253.350006,255.350006,217.27590899999998,115627051
2015-06-01,254.5,256.850006,253.55000299999998,254.30000299999998,216.382462,62747799
2015-06-02,255.0,256.200012,246.399994,254.600006,216.637741,71273449
2015-06-03,252.69999700000002,253.473007,249.350006,250.399994,213.06398,67608566
2015-06-04,249.75,251.44999700000002,247.75,248.100006,211.106918,53540080
2015-06-05,254.0,258.0,242.02200299999998,242.05000299999998,205.959015,133417725
2015-06-08,243.44999700000002,246.649994,242.223007,244.0,207.618271,52636361
2015-06-09,244.0,245.350006,240.399994,241.75,205.703751,55724793
2015-06-10,241.100006,244.649994,240.149994,244.100006,207.703354,89336517
2015-06-11,235.69999700000002,238.399994,235.0,237.0,208.16008,57498080
2015-06-12,235.5,236.350006,233.350006,234.30000299999998,205.788651,40122561
2015-06-15,232.94999700000002,233.94999700000002,231.100006,231.19999700000002,203.065857,29592097
2015-06-16,230.850006,234.30000299999998,229.44999700000002,233.55000299999998,205.129913,54743740
2015-06-17,234.100006,235.5,230.5,230.5,202.45105,38412380
2015-06-18,230.649994,233.55000299999998,227.850006,233.100006,204.73465,48810227
2015-06-19,232.850006,235.899994,232.05299399999998,233.649994,205.217712,72807900
2015-06-22,236.94999700000002,239.94999700000002,235.850006,239.30000299999998,210.180191,78782141
2015-06-23,240.600006,242.75,240.100006,240.94999700000002,211.62941,47517528
2015-06-24,241.0,241.850006,238.649994,239.75,210.57542400000003,36015009
2015-06-25,239.25,242.100006,238.5,239.350006,210.224106,33195225
2015-06-26,237.649994,238.850006,235.899994,237.25,208.379639,53292956
2015-06-29,231.05000299999998,235.0,230.149994,232.80000299999998,204.471176,49569300
2015-06-30,232.94999700000002,234.25,229.850006,229.850006,201.880157,58641696
2015-07-01,232.600006,238.55000299999998,231.600006,234.25,205.744705,46182560
2015-07-02,235.100006,236.21499599999999,233.80000299999998,235.899994,207.193924,46517739
2015-07-03,234.19999700000002,235.354996,229.899994,231.100006,202.97804299999999,42257899
2015-07-06,228.25,233.19999700000002,228.25,231.100006,202.97804299999999,50807369
2015-07-07,231.399994,231.49000499999997,225.5,225.5,198.059479,43143888
2015-07-08,226.350006,229.80000299999998,225.585007,229.100006,201.22142,44803461
2015-07-09,229.350006,231.44999700000002,228.13999900000002,230.05000299999998,202.055801,41680345
2015-07-10,238.5,238.5,233.71899399999998,235.69999700000002,207.01826499999999,56296284
2015-07-13,238.0,238.19999700000002,231.815002,236.55000299999998,207.764847,43219549
2015-07-14,236.350006,237.899994,235.149994,237.899994,208.950546,34256548
2015-07-15,235.0,237.75,233.649994,235.69999700000002,207.01826499999999,41226123
2015-07-16,236.25,238.55000299999998,235.399994,238.0,209.038391,35547974
2015-07-17,237.55000299999998,238.30000299999998,236.399994,237.399994,208.51139799999999,38155997
2015-07-20,236.25,240.0,236.19999700000002,239.0,209.916718,27332515
2015-07-21,238.75,239.25,235.350006,235.899994,207.193924,39727256
2015-07-22,234.19999700000002,234.899994,231.350006,232.600006,204.295502,34893726
2015-07-23,234.0,234.94999700000002,231.649994,231.94999700000002,203.724594,38346979
2015-07-24,238.05000299999998,242.350006,235.5,238.44999700000002,209.433624,87058423
2015-07-27,237.80000299999998,239.25,234.600006,235.69999700000002,207.01826499999999,47132333
2015-07-28,237.0,237.350006,234.55000299999998,235.44999700000002,206.798691,32779990
2015-07-29,236.350006,241.850006,236.30299399999998,240.94999700000002,211.62941,47757441
2015-07-30,241.5,242.899994,238.899994,241.05000299999998,211.717239,51819588
2015-07-31,242.0,242.149994,240.25,241.850006,212.419891,54388970
2015-08-03,241.19999700000002,242.75,240.57000699999998,241.399994,212.02465800000002,51142513
2015-08-04,241.350006,242.649994,239.30000299999998,241.05000299999998,211.717239,30351251
2015-08-05,241.600006,246.05000299999998,240.30000299999998,246.05000299999998,216.10881,60732359
2015-08-06,246.0,247.149994,244.34500099999997,245.649994,215.757477,29571494
2015-08-07,244.75,245.44999700000002,241.850006,241.850006,212.419891,31109805
2015-08-10,243.69999700000002,244.5,240.5,244.25,214.527832,29510698
2015-08-11,243.149994,243.96899399999998,240.600006,241.30000299999998,211.936813,30758372
2015-08-12,239.5,239.94999700000002,234.75,236.44999700000002,207.67700200000002,53747798
2015-08-13,239.69999700000002,242.25,238.80000299999998,239.44999700000002,210.311935,39159379
2015-08-14,240.0,240.55000299999998,238.149994,239.0,209.916718,30960246
2015-08-17,240.44999700000002,240.94999700000002,236.75,239.100006,210.00454700000003,20980087
2015-08-18,238.899994,241.270004,238.350006,239.600006,210.44367999999997,26098911
2015-08-19,238.899994,239.55000299999998,234.979996,235.0,206.403458,45615787
2015-08-20,233.0,234.917999,232.05000299999998,232.44999700000002,204.163757,42589800
2015-08-21,229.94999700000002,232.0,224.88499500000003,224.899994,197.532471,54754646
2015-08-24,216.69999700000002,221.05000299999998,209.649994,214.55000299999998,188.441971,111562274
2015-08-25,217.0,223.350006,216.350006,219.19999700000002,192.526108,102954828
2015-08-26,216.899994,222.05000299999998,214.30000299999998,216.80000299999998,190.418182,71865708
2015-08-27,221.5,226.600006,220.944,225.350006,197.92775,63839946
2015-08-28,224.94999700000002,226.69999700000002,222.94999700000002,226.69999700000002,199.113464,49200403
2015-09-01,226.69999700000002,226.69999700000002,218.75,220.0,193.228775,52591291
2015-09-02,221.55000299999998,224.899994,219.149994,222.05000299999998,195.029312,36481349
2015-09-03,224.25,227.55000299999998,224.17500299999998,226.899994,199.289108,36349383
2015-09-04,225.30000299999998,226.44999700000002,222.899994,223.05000299999998,195.907623,38902685
2015-09-07,225.149994,226.350006,223.55000299999998,225.649994,198.191223,19496237
2015-09-08,226.899994,230.688004,226.649994,227.19999700000002,199.552612,31342486
2015-09-09,231.05000299999998,232.850006,228.80000299999998,229.600006,201.66056799999998,36879314
2015-09-10,227.649994,230.399994,227.0,227.100006,199.464783,75769527
2015-09-11,224.69999700000002,224.94999700000002,221.850006,223.94999700000002,196.69808999999998,54744426
2015-09-14,224.350006,225.600006,220.899994,221.25,194.32664499999998,35818334
2015-09-15,221.850006,222.19999700000002,214.75,218.44999700000002,191.867386,82403232
2015-09-16,221.600006,221.899994,216.71699500000003,219.149994,192.482178,57268003
2015-09-17,218.94999700000002,220.149994,216.19999700000002,216.19999700000002,189.891174,95812013
2015-09-18,216.05000299999998,217.94999700000002,209.699997,216.75,190.374252,92520439
2015-09-21,215.5,219.44999700000002,214.69999700000002,217.399994,190.945145,39158841
2015-09-22,217.399994,217.69999700000002,211.850006,211.899994,186.114426,51965123
2015-09-23,212.600006,217.600006,212.25,216.0,189.71551499999998,47079635
2015-09-24,215.75,216.40499900000003,210.69999700000002,212.399994,186.553589,57735122
2015-09-25,215.44999700000002,219.75,214.82800299999997,217.649994,191.164734,52356000
2015-09-28,212.5,213.19999700000002,206.069,207.199997,181.98635900000002,109025133
2015-09-29,205.149994,208.399994,203.28999299999998,204.350006,179.4832,84471583
2015-09-30,207.5,208.727997,205.949997,208.449997,183.084259,71737419
2015-10-01,210.0,212.399994,203.449997,204.300003,179.43927,69969503
2015-10-02,206.0,207.949997,201.25,206.149994,181.064133,73704249
2015-10-05,209.649994,213.19999700000002,208.25,212.5,186.641418,53233595
2015-10-06,211.94999700000002,213.847,211.19999700000002,213.55000299999998,187.56364399999998,39247333
2015-10-07,214.05000299999998,214.05000299999998,208.399994,208.399994,183.040329,77595202
2015-10-08,207.600006,210.141998,203.800003,210.0,184.445648,52294321
2015-10-09,211.44999700000002,213.19999700000002,210.399994,211.94999700000002,186.15833999999998,48784781
2015-10-12,211.75,211.75,209.199997,210.80000299999998,185.14828500000002,27510557
2015-10-13,211.149994,211.30000299999998,207.399994,209.94999700000002,184.401718,36446832
2015-10-14,207.949997,208.494995,203.882004,204.149994,179.30751,59722290
2015-10-15,206.300003,210.589005,205.550003,207.100006,181.898544,42286257
2015-10-16,207.800003,210.100006,206.800003,209.300003,183.830826,43821401
2015-10-19,209.149994,210.850006,207.975006,208.399994,183.040329,28134524
2015-10-20,209.050003,210.0,207.050003,208.550003,183.172089,38021833
2015-10-21,208.300003,210.0,206.949997,208.050003,182.73294099999998,30188757
2015-10-22,207.600006,217.0,207.600006,215.100006,188.925064,78311766
2015-10-23,217.25,219.75,216.30000299999998,218.0,191.472137,47371679
2015-10-26,217.94999700000002,218.600006,215.30000299999998,216.600006,190.24250800000002,23006626
2015-10-27,216.80000299999998,217.5,214.5,215.350006,189.144623,30693171
2015-10-28,216.05000299999998,218.350006,215.600006,217.30000299999998,190.85733000000002,27516803
2015-10-29,218.399994,218.69999700000002,215.0,216.100006,189.803345,33704421
2015-10-30,216.44999700000002,217.80000299999998,212.55000299999998,214.25,188.178482,45084423
2015-11-02,213.0,215.25,212.19999700000002,214.899994,188.749359,28127749
2015-11-03,215.05000299999998,216.350006,213.399994,215.399994,189.188522,34345180
2015-11-04,216.25,219.94999700000002,216.19999700000002,217.25,190.8134,41732140
2015-11-05,217.25,219.082001,216.044006,216.55000299999998,190.198578,28223819
2015-11-06,217.350006,218.149994,215.05000299999998,216.19999700000002,189.891174,34443239
2015-11-09,217.0,218.600006,214.350006,214.44999700000002,188.35411100000002,51172440
2015-11-10,218.0,225.69999700000002,217.0,222.80000299999998,195.68803400000002,95399502
2015-11-11,222.80000299999998,227.149994,218.19999700000002,224.44999700000002,197.137268,109010711
2015-11-12,225.0,228.05000299999998,221.600006,221.600006,194.634064,47881661
2015-11-13,221.55000299999998,223.55000299999998,218.725006,220.399994,193.580063,47015459
2015-11-16,218.100006,221.399994,217.5,221.25,194.32664499999998,39192023
2015-11-17,223.600006,225.55000299999998,222.899994,225.55000299999998,198.103409,45981055
2015-11-18,226.100006,226.30000299999998,220.0,224.0,196.74202,47863138
2015-11-19,222.149994,225.25,220.94999700000002,221.5,197.795746,83480517
2015-11-20,221.899994,225.44999700000002,220.850006,223.5,199.581711,51191101
2015-11-23,223.5,223.94999700000002,221.399994,222.19999700000002,198.420837,35114306
2015-11-24,221.350006,221.69999700000002,217.69999700000002,219.30000299999998,195.831177,67617537
2015-11-25,219.850006,223.80000299999998,219.100998,222.899994,199.045898,40999765
2015-11-26,223.94999700000002,225.899994,223.17500299999998,225.0,200.921173,27251607
2015-11-27,224.30000299999998,226.58799700000003,224.30000299999998,225.80000299999998,201.635574,25632052
2015-11-30,225.0,225.80000299999998,223.649994,224.25,200.25145,58728818
2015-12-01,225.80000299999998,226.25,221.69999700000002,222.0,198.242233,43805228
2015-12-02,222.399994,223.55000299999998,221.395996,222.30000299999998,198.51011699999998,38251144
2015-12-03,222.850006,223.410995,217.94999700000002,218.350006,194.982849,69007282
2015-12-04,216.399994,217.55000299999998,215.0,215.55000299999998,192.482498,53097938
2015-12-07,216.94999700000002,219.69999700000002,216.600006,218.0,194.670303,36926002
2015-12-08,219.399994,220.0,215.69999700000002,216.69999700000002,193.509415,42606014
2015-12-09,217.44999700000002,218.600006,215.399994,215.80000299999998,192.705734,42975206
2015-12-10,214.600006,215.513,211.92700200000002,212.649994,189.89283799999998,59818409
2015-12-11,212.44999700000002,212.600006,208.149994,208.149994,185.874405,62421008
2015-12-14,208.350006,210.69999700000002,203.725006,203.75,181.945297,58692767
2015-12-15,204.850006,210.55000299999998,204.699997,209.5,187.079941,66277847
2015-12-16,210.0,214.30000299999998,209.300003,212.80000299999998,190.026794,67280733
2015-12-17,216.30000299999998,218.05000299999998,209.5,214.75,191.76809699999998,50957542
2015-12-18,213.05000299999998,215.100006,211.30000299999998,211.30000299999998,188.687302,77562500
2015-12-21,210.44999700000002,212.850006,209.858002,209.899994,187.43713400000001,41582950
2015-12-22,211.75,212.100006,208.600006,210.69999700000002,188.15152,31815276
2015-12-23,212.69999700000002,216.149994,209.91700699999998,215.600006,192.527145,69311859
2015-12-24,216.19999700000002,217.899994,214.80000299999998,216.649994,193.464767,8073265
2015-12-29,216.649994,218.75,214.5,218.75,195.34004199999998,33137743
2015-12-30,218.80000299999998,218.899994,216.30000299999998,217.5,194.223801,21982779
2015-12-31,222.0,222.5,217.5,221.0,197.349243,27128706
2016-01-04,221.0,221.0,215.375,216.0,192.884323,73377483
2016-01-05,220.0,221.399994,216.0,219.69999700000002,196.188385,54065200
2016-01-06,219.75,220.75,218.05000299999998,219.149994,195.697235,56716589
2016-01-07,215.05000299999998,219.19999700000002,214.5,218.19999700000002,194.848892,95420191
2016-01-08,219.94999700000002,225.75,218.149994,223.05000299999998,199.179855,90441040
2016-01-11,224.94999700000002,225.5,220.69999700000002,220.80000299999998,197.170654,53517729
2016-01-12,220.44999700000002,223.0,219.5,221.30000299999998,197.617142,45845286
2016-01-13,223.899994,224.55000299999998,221.30000299999998,222.5,198.688705,37429473
2016-01-14,220.05000299999998,221.0,215.80000299999998,220.19999700000002,196.634842,64649503
2016-01-15,219.44999700000002,221.0,214.350006,216.25,193.10759,76361968
2016-01-18,215.44999700000002,218.30000299999998,212.21899399999998,213.44999700000002,190.607224,67704127
2016-01-19,215.399994,217.149994,213.44999700000002,216.80000299999998,193.598724,51142282
2016-01-20,214.05000299999998,214.18299900000002,208.399994,209.850006,187.39248700000002,75335218
2016-01-21,209.850006,213.75,208.399994,213.75,190.875122,66255973
2016-01-22,217.19999700000002,220.100006,213.75,219.44999700000002,195.965118,56379922
2016-01-25,221.100006,221.149994,217.350006,218.5,195.11679099999998,42232678
2016-01-26,215.94999700000002,219.44500699999998,213.25,218.649994,195.25071699999998,56166155
2016-01-27,219.30000299999998,223.809998,217.899994,223.19999700000002,199.313797,47934796
2016-01-28,222.899994,223.149994,213.80000299999998,215.30000299999998,192.259262,70892376
2016-01-29,218.55000299999998,223.899994,217.399994,223.899994,199.938889,77295556
2016-02-01,223.69999700000002,226.5,221.149994,225.44999700000002,201.32301299999997,59763128
2016-02-02,225.44999700000002,233.100006,220.5,221.55000299999998,197.84037800000002,103912946
2016-02-03,220.25,221.350006,211.899994,212.899994,190.116074,107948240
2016-02-04,217.0,217.55000299999998,208.5,210.25,187.74968,100343195
2016-02-05,211.5,214.30000299999998,206.300003,207.0,184.847473,78756610
2016-02-08,208.050003,209.350006,199.005005,200.199997,178.775192,78357898
2016-02-09,201.149994,204.449997,199.147995,201.149994,179.62351999999998,71339138
2016-02-10,203.25,204.399994,200.0,202.100006,180.47186299999998,54145053
2016-02-11,201.25,203.399994,197.699997,200.600006,179.132385,70094745
2016-02-12,202.600006,205.5,200.600006,205.449997,183.463348,61097833
2016-02-15,209.399994,211.399994,208.369995,209.449997,187.035294,61308115
2016-02-16,209.5,211.0,208.0,211.0,188.419418,60244211
2016-02-17,212.399994,217.850006,211.350006,217.30000299999998,194.045197,57840548
2016-02-18,215.0,216.899994,214.30000299999998,215.55000299999998,192.482498,84946290
2016-02-19,215.94999700000002,217.350006,211.850006,212.94999700000002,190.160721,59956670
2016-02-22,215.149994,216.69999700000002,214.5,215.649994,192.571777,48586560
2016-02-23,215.5,216.399994,213.25,213.899994,191.009064,52978186
2016-02-24,214.0,215.0,210.80000299999998,210.850006,188.285461,54532165
2016-02-25,214.0,218.100006,213.899994,218.0,194.670303,48105857
2016-02-26,220.0,220.75,217.0,218.850006,195.429321,40987128
2016-02-29,217.05000299999998,220.19999700000002,216.44999700000002,219.69999700000002,196.188385,53118241
2016-03-01,220.19999700000002,222.80000299999998,218.55000299999998,222.600006,198.778046,44552977
2016-03-02,224.0,224.0,220.0,221.69999700000002,197.974319,33511472
2016-03-03,222.0,223.25,220.11599700000002,221.25,197.57251000000002,30756925
2016-03-04,221.94999700000002,223.75,220.649994,221.25,197.57251000000002,44649566
2016-03-07,220.30000299999998,220.30000299999998,215.649994,218.30000299999998,194.938202,47790334
2016-03-08,216.149994,219.05000299999998,215.100006,217.649994,194.35775800000002,35030347
2016-03-09,218.94999700000002,219.5,215.350006,215.399994,192.348526,46528690
2016-03-10,216.399994,218.001999,212.30000299999998,212.649994,189.89283799999998,60360637
2016-03-11,215.69999700000002,217.492996,215.19999700000002,217.350006,194.08985900000002,39728527
2016-03-14,217.80000299999998,220.350006,217.30000299999998,219.600006,196.09906,35448305
2016-03-15,218.899994,220.55000299999998,217.94999700000002,219.899994,196.366974,38088921
2016-03-16,221.0,221.959,218.850006,220.25,196.679504,35630366
2016-03-17,221.350006,221.600006,217.05000299999998,219.69999700000002,196.188385,64983796
2016-03-18,220.25,221.399994,217.350006,217.350006,194.08985900000002,53292912
2016-03-21,217.30000299999998,217.5,215.0,216.94999700000002,193.732666,28878980
2016-03-22,217.149994,218.19999700000002,214.649994,218.149994,194.80423000000002,67393842
2016-03-23,218.5,221.03700299999997,217.75,220.75,197.125992,37456342
2016-03-24,220.149994,220.75,217.75,218.350006,194.982849,30487250
2016-03-29,218.350006,220.30000299999998,217.061005,217.850006,194.53636200000003,29975571
2016-03-30,220.5,222.94999700000002,220.100006,222.5,198.688705,56436575
2016-03-31,222.30000299999998,222.30000299999998,219.690002,221.19999700000002,197.527847,41741681
2016-04-01,220.0,220.350006,214.36999500000002,220.19999700000002,196.634842,53217202
2016-04-04,219.55000299999998,221.434006,218.399994,219.69999700000002,196.188385,30967105
2016-04-05,219.899994,220.25,216.149994,216.149994,193.01828,45631722
2016-04-06,216.649994,220.0,215.05000299999998,219.75,196.233017,63967736
2016-04-07,220.100006,222.75,219.850006,222.75,198.911972,53509984
2016-04-08,224.899994,228.66000400000001,222.75,227.5,203.153625,55397807
2016-04-11,226.80000299999998,227.5,224.44999700000002,225.350006,201.233719,40309040
2016-04-12,225.94999700000002,226.75,224.19999700000002,226.5,202.260651,43575686
2016-04-13,228.0,228.05000299999998,225.52200299999998,226.80000299999998,202.528549,45350775
2016-04-14,226.80000299999998,226.80000299999998,224.850006,226.80000299999998,202.528549,40620044
2016-04-15,227.0,229.75,226.80000299999998,229.75,205.162827,53675114
2016-04-18,228.0,228.649994,226.649994,228.350006,203.912674,25621236
2016-04-19,228.05000299999998,233.350006,228.05000299999998,232.350006,207.48461899999998,52586330
2016-04-20,233.149994,236.0,230.600006,232.600006,207.70784,44456640
2016-04-21,233.69999700000002,233.69999700000002,230.30000299999998,231.350006,206.591629,52403195
2016-04-22,230.25,231.30000299999998,226.600006,228.05000299999998,203.644775,44370034
2016-04-25,228.19999700000002,229.369003,225.25,227.350006,203.019699,40243661
2016-04-26,228.100006,229.0,225.44999700000002,226.69999700000002,202.43923999999998,41600823
2016-04-27,225.94999700000002,226.44999700000002,223.25,224.850006,200.787247,52812921
2016-04-28,224.94999700000002,225.0,221.69999700000002,223.899994,199.938889,45955004
2016-04-29,222.30000299999998,222.899994,219.100006,219.19999700000002,195.741882,56098193
2016-05-03,219.19999700000002,222.44999700000002,219.19999700000002,220.55000299999998,196.947403,63526909
2016-05-04,219.75,220.0,216.55000299999998,217.94999700000002,194.625641,46623268
2016-05-05,218.5,220.05000299999998,217.80000299999998,219.350006,195.875824,54473392
2016-05-06,218.5,218.75,216.242996,218.75,195.34004199999998,38552450
2016-05-09,220.0,221.55000299999998,218.600006,218.899994,195.47396899999998,32309028
2016-05-10,220.75,222.350006,219.350006,221.94999700000002,198.197586,34700069
2016-05-11,222.05000299999998,222.94999700000002,220.80000299999998,222.30000299999998,198.51011699999998,33022482
2016-05-12,222.44999700000002,226.399994,220.19999700000002,222.75,198.911972,44392470
2016-05-13,221.94999700000002,224.5,220.649994,224.5,200.47468600000002,35264042
2016-05-16,224.5,225.100006,222.100006,223.649994,199.71563700000002,27028351
2016-05-17,228.649994,230.848007,226.5,227.0,202.707153,75424918
2016-05-18,228.0,230.30000299999998,228.0,229.649994,205.073547,66044731
2016-05-19,230.0,230.44999700000002,225.399994,225.399994,201.27835100000001,53861989
2016-05-20,227.899994,229.25,226.96499599999999,229.100006,204.582413,47003550
2016-05-23,229.0,229.67100499999998,225.52200299999998,225.850006,201.680222,43222730
2016-05-24,224.75,227.05000299999998,224.149994,226.69999700000002,202.43923999999998,49970477
2016-05-25,229.25,229.38000499999998,227.80499300000002,228.94999700000002,204.448456,39920498
2016-05-26,228.0,232.05000299999998,228.0,232.05000299999998,207.21670500000002,39079943
2016-05-27,231.94999700000002,233.899994,230.25,232.600006,207.70784,47960590
2016-05-31,232.600006,233.94999700000002,230.600006,230.850006,206.145157,49696438
2016-06-01,231.19999700000002,231.94999700000002,227.350006,229.5,204.939606,35788055
2016-06-02,228.850006,231.093002,228.75,228.80000299999998,204.314514,44327992
2016-06-03,230.69999700000002,231.05000299999998,226.649994,228.399994,203.95730600000002,35842047
2016-06-06,228.55000299999998,232.335007,228.350006,231.69999700000002,206.90416000000002,47071220
2016-06-07,232.55000299999998,233.251999,230.05000299999998,231.149994,206.41301,37316284
2016-06-08,231.0,231.600006,229.100006,231.0,206.279083,43734935
2016-06-09,222.5,229.376007,219.649994,219.649994,202.970917,50511860
2016-06-10,218.75,219.0,213.0,214.850006,198.535416,72622087
2016-06-13,212.899994,213.75,210.899994,211.100006,195.07019,57571307
2016-06-14,213.0,213.0,209.550003,209.550003,193.637878,73413474
2016-06-15,210.600006,213.5,210.298996,211.19999700000002,195.16258200000001,54248615
2016-06-16,208.75,210.30000299999998,207.550003,209.75,193.822693,50169619
2016-06-17,210.94999700000002,213.44999700000002,210.149994,211.19999700000002,195.16258200000001,71685209
2016-06-20,215.850006,219.350006,211.19999700000002,216.149994,199.736694,67983457
2016-06-21,215.25,215.725998,212.850006,214.55000299999998,198.258194,56925715
2016-06-22,216.0,218.149994,212.149994,216.44999700000002,200.013916,56119606
2016-06-23,218.19999700000002,220.25,215.001999,217.899994,201.353806,49614871
2016-06-24,203.25,220.80000299999998,202.970001,219.30000299999998,202.647522,164157346
2016-06-27,211.399994,217.528,208.449997,209.300003,193.40686000000002,126979054
2016-06-28,214.350006,219.30000299999998,211.149994,218.100006,201.538635,94097820
2016-06-29,222.0,225.0,220.399994,222.600006,205.69693,85315164
2016-06-30,221.149994,227.649994,220.19999700000002,227.649994,210.36344900000003,103587714
2016-07-01,228.899994,230.899994,227.70399500000002,229.19999700000002,211.795746,62959876
2016-07-04,230.649994,230.649994,225.19999700000002,225.899994,208.746323,35488786
2016-07-05,225.100006,229.80000299999998,225.100006,228.55000299999998,211.19511400000002,62703473
2016-07-06,228.55000299999998,229.0,222.69999700000002,224.600006,207.545059,79922215
2016-07-07,227.30000299999998,228.899994,226.19999700000002,226.25,209.069763,47144407
2016-07-08,226.69999700000002,228.94999700000002,226.19999700000002,228.0,210.68687400000002,38159515
2016-07-11,229.0,236.11999500000002,227.149994,230.0,212.53500400000001,37775321
2016-07-12,228.55000299999998,228.55000299999998,224.44999700000002,227.75,210.455856,72955972
2016-07-13,230.25,230.69999700000002,226.813004,229.100006,211.703339,79428390
2016-07-14,231.0,232.5,226.149994,226.600006,209.39318799999998,57375939
2016-07-15,227.0,227.899994,225.169998,227.899994,210.59446699999998,51685990
2016-07-18,227.55000299999998,229.19999700000002,224.992004,225.69999700000002,208.561523,81512598
2016-07-19,225.44999700000002,227.899994,223.65100099999998,224.69999700000002,207.637466,39788825
2016-07-20,226.350006,227.5,224.100006,225.649994,208.515305,38561768
2016-07-21,226.0,226.11000099999998,222.30000299999998,225.100006,208.007095,44345725
2016-07-22,230.19999700000002,236.30000299999998,230.19999700000002,235.55000299999998,217.663559,96655909
2016-07-25,236.69999700000002,238.19999700000002,233.955002,234.899994,217.062912,41510072
2016-07-26,235.55000299999998,235.55000299999998,231.998001,232.55000299999998,214.891373,47213710
2016-07-27,232.5,234.850006,231.19999700000002,232.850006,215.16859399999998,32238955
2016-07-28,233.44999700000002,233.649994,229.75,229.75,212.30398599999998,59077344
2016-07-29,230.850006,232.289993,227.481995,229.55000299999998,212.11918599999998,42261134
2016-08-01,231.75,232.19999700000002,228.100006,229.94999700000002,212.4888,29651180
2016-08-02,231.649994,231.649994,226.5,226.94999700000002,209.71659900000003,38144081
2016-08-03,228.0,230.25,224.649994,230.25,212.76602200000002,71281841
2016-08-04,230.75,232.600006,226.73599199999998,232.149994,214.52174399999998,52360776
2016-08-05,232.44999700000002,234.69999700000002,232.011002,233.75,216.00024399999998,36995577
2016-08-08,234.649994,234.76499900000002,230.30000299999998,233.19999700000002,215.492004,34284625
2016-08-09,233.850006,234.350006,232.248001,234.19999700000002,216.41606099999998,38251416
2016-08-10,233.80000299999998,233.899994,230.850006,233.100006,215.39961200000002,45478049
2016-08-11,234.399994,237.399994,232.55000299999998,237.399994,219.373077,46334643
2016-08-12,237.5,239.826004,235.132004,238.850006,220.71298199999998,35096228
2016-08-15,234.94999700000002,240.100006,234.30000299999998,239.69999700000002,221.498428,35221125
2016-08-16,239.149994,239.399994,236.25,236.44999700000002,218.495209,43879640
2016-08-17,237.44999700000002,238.850006,235.350006,235.350006,217.47876000000002,45371924
2016-08-18,236.850006,237.399994,234.850006,236.0,218.07940699999997,29035022
2016-08-19,236.0,236.74000499999997,234.649994,235.05000299999998,217.201538,36046712
2016-08-22,235.399994,237.55000299999998,233.309998,233.649994,215.907822,30390110
2016-08-23,235.94999700000002,236.44999700000002,233.992996,235.05000299999998,217.201538,27970727
2016-08-24,234.149994,235.80000299999998,232.55000299999998,233.30000299999998,215.584427,28906124
2016-08-25,235.44999700000002,235.5,232.149994,232.149994,214.52174399999998,49153406
2016-08-26,232.05000299999998,233.899994,230.612,233.05000299999998,215.353409,32093555
2016-08-30,233.05000299999998,234.05000299999998,229.399994,230.55000299999998,213.04324300000002,53694549
2016-08-31,230.55000299999998,232.30000299999998,229.020004,229.850006,212.396408,58289340
2016-09-01,230.30000299999998,231.25,222.600006,223.350006,206.389984,78022326
2016-09-02,224.100006,229.600006,223.53900099999998,228.55000299999998,211.19511400000002,92278845
2016-09-05,227.19999700000002,228.350006,225.100006,227.100006,209.855225,33892503
2016-09-06,227.0,227.58599900000002,224.18200699999997,224.44999700000002,207.406448,37080858
2016-09-07,224.5,225.08999599999999,223.19999700000002,223.5,206.52858,61754013
2016-09-08,223.69999700000002,224.55000299999998,220.399994,222.899994,205.97413600000002,67507778
2016-09-09,222.94999700000002,223.399994,220.94999700000002,221.30000299999998,204.49563600000002,46643262
2016-09-12,220.0,224.44999700000002,219.399994,222.399994,205.5121,82202730
2016-09-13,224.0,225.44999700000002,220.184006,220.25,203.52536,72288468
2016-09-14,221.350006,221.94999700000002,218.757996,219.5,202.832321,56934250
2016-09-15,218.5,220.19999700000002,217.25,219.649994,202.970917,56026349
2016-09-16,219.25,221.850006,218.05000299999998,218.55000299999998,201.954453,102036978
2016-09-19,219.600006,222.19999700000002,219.41000400000001,221.350006,204.541855,44509388
2016-09-20,222.5,224.44999700000002,221.0,222.69999700000002,205.789322,52153308
2016-09-21,224.55000299999998,226.05000299999998,223.80000299999998,224.0,206.990601,47781105
2016-09-22,225.850006,225.94500699999998,222.93200699999997,223.5,206.52858,61049933
2016-09-23,222.5,222.80000299999998,219.548004,220.69999700000002,203.941193,78521776
2016-09-26,220.19999700000002,222.123001,219.0,220.19999700000002,203.47915600000002,53545820
2016-09-27,222.850006,222.850006,219.0,221.05000299999998,204.26461799999998,46736531
2016-09-28,220.80000299999998,224.55000299999998,220.75,223.100006,206.158966,50484303
2016-09-29,223.5,224.244003,221.882004,222.5,205.604523,43333299
2016-09-30,221.94999700000002,222.600006,219.350006,221.75,204.91146899999998,59898062
2016-10-03,222.350006,225.100006,221.649994,224.899994,207.82226599999998,51222490
2016-10-04,225.100006,229.350006,224.53300499999997,227.80000299999998,210.50206,101151527
2016-10-05,226.5,227.399994,224.25,225.05000299999998,207.960876,42804799
2016-10-06,226.0,226.0,221.55000299999998,222.5,205.604523,58381197
2016-10-07,223.600006,225.5,219.436996,223.55000299999998,206.574799,60581207
2016-10-10,224.19999700000002,225.75,222.399994,225.75,208.607727,40245505
2016-10-11,226.5,228.80000299999998,223.733002,226.0,208.838745,40568688
2016-10-12,225.350006,227.100006,223.149994,223.649994,206.667175,43090039
2016-10-13,224.44999700000002,225.5,222.55000299999998,223.899994,206.898209,64499762
2016-10-14,224.30000299999998,226.507996,222.72000099999997,225.05000299999998,207.960876,55919248
2016-10-17,224.25,226.19999700000002,223.80000299999998,224.44999700000002,207.406448,44155132
2016-10-18,224.649994,227.649994,224.649994,226.149994,208.97735600000001,37672444
2016-10-19,225.850006,226.44999700000002,222.600006,223.94999700000002,206.944397,52574848
2016-10-20,223.899994,224.600006,222.69999700000002,223.5,206.52858,41216164
2016-10-21,224.0,224.649994,222.481995,223.55000299999998,206.574799,54812002
2016-10-24,224.69999700000002,225.0,222.69999700000002,223.399994,206.436157,51200711
2016-10-25,224.399994,227.850006,224.19999700000002,226.0,208.838745,76776132
2016-10-26,226.75,227.19999700000002,224.05000299999998,226.25,209.069763,51872787
2016-10-27,226.0,227.80000299999998,223.30000299999998,226.100006,208.931152,50716048
2016-10-28,226.0,227.649994,223.899994,227.44999700000002,210.178619,72599408
2016-10-31,226.5,226.5,224.30000299999998,224.80000299999998,207.729874,50656015
2016-11-01,225.05000299999998,226.0,221.30499300000002,221.69999700000002,204.865265,48283206
2016-11-02,220.149994,222.34399399999998,218.5,218.5,201.908249,52081291
2016-11-03,218.399994,219.878998,216.871002,217.5,200.98419199999998,69596914
2016-11-04,216.5,216.899994,213.649994,213.649994,197.42652900000002,62606088
2016-11-07,217.5,218.0,213.66700699999998,215.899994,199.505676,58448109
2016-11-08,215.25,216.44999700000002,214.44999700000002,216.25,199.829117,51241686
2016-11-09,212.350006,216.600006,211.330002,216.600006,200.15254199999998,68254225
2016-11-10,218.19999700000002,218.55000299999998,207.25,207.899994,192.113159,121241795
2016-11-11,208.0,209.449997,204.050003,204.600006,189.063751,76752735
2016-11-14,205.600006,207.75,202.75,204.600006,189.063751,85631816
2016-11-15,207.0,209.350006,201.399994,202.399994,187.030792,98201973
2016-11-16,202.0,206.13900800000002,201.550003,203.0,187.585251,67800057
2016-11-17,206.0,206.942001,203.0,205.350006,189.756805,83263077
2016-11-18,206.0,206.75,204.399994,204.899994,189.340958,86944318
2016-11-21,206.399994,206.399994,202.0,202.149994,186.79978899999998,64652692
2016-11-22,200.199997,203.5,199.649994,203.050003,187.631454,129325471
2016-11-23,202.850006,203.949997,199.600006,200.600006,185.36750800000002,59431048
2016-11-24,198.850006,202.738998,197.0,199.399994,188.055328,57110650
2016-11-25,198.5,199.949997,197.850006,198.949997,187.63092,42240800
2016-11-28,197.850006,198.649994,194.699997,195.25,184.141434,74251685
2016-11-29,194.949997,197.492996,192.649994,194.25,183.19833400000002,76382668
2016-11-30,192.75,197.75,192.5,193.899994,182.86824,138479273
2016-12-01,192.199997,194.207993,190.375,191.0,180.13324,101634446
2016-12-02,191.100006,192.716003,188.850006,191.399994,180.510483,100790185
2016-12-05,190.350006,194.25,190.0,190.5,179.661697,105355126
2016-12-06,190.149994,192.0,189.100006,191.75,180.840576,60642383
2016-12-07,192.5,195.69700600000002,190.03999299999998,195.149994,184.047134,67309742
2016-12-08,196.100006,198.436996,195.050003,198.350006,187.065079,89843854
2016-12-09,198.899994,199.449997,197.100006,198.399994,187.112213,59583410
2016-12-12,199.0,199.0,197.100006,198.0,186.73498500000002,52555618
2016-12-13,197.75,201.151993,196.772995,200.75,189.328522,80274422
2016-12-14,200.050003,200.820007,198.600006,198.899994,187.583786,59555523
2016-12-15,198.199997,199.449997,196.050003,198.350006,187.065079,71734773
2016-12-16,199.050003,201.772995,198.25,200.449997,189.045578,95898227
2016-12-19,200.800003,203.25,200.550003,202.350006,190.837509,45136133
2016-12-20,202.75,203.26400800000002,200.449997,200.949997,189.517151,66090527
2016-12-21,200.350006,202.25,199.600006,199.600006,188.243973,42783241
2016-12-22,199.25,200.550003,198.449997,199.75,188.385422,39995667
2016-12-23,199.350006,201.399994,199.350006,200.550003,189.13990800000002,13374343
2016-12-28,200.550003,200.550003,198.649994,199.399994,188.055328,42888871
2016-12-29,198.5,201.050003,198.449997,200.399994,188.998444,34443764
2016-12-30,199.699997,200.350006,198.100006,199.850006,188.479736,31392322
2017-01-03,199.850006,204.255997,199.850006,202.399994,190.88464399999998,61050343
2017-01-04,203.100006,206.199997,202.149994,205.699997,193.99688700000002,66228127
2017-01-05,205.949997,210.0,205.5,209.449997,197.533539,83622348
2017-01-06,210.399994,211.69999700000002,209.100006,211.350006,199.325455,57543134
2017-01-09,211.0,211.69999700000002,206.850006,207.949997,196.11888100000002,68491627
2017-01-10,209.5,212.30000299999998,207.399994,210.25,198.288025,96924998
2017-01-11,213.0,215.149994,210.919998,213.100006,200.975891,104597300
2017-01-12,212.649994,214.94999700000002,211.05000299999998,214.350006,202.15476999999998,65561345
2017-01-13,215.5,215.694,212.08799700000003,214.69999700000002,202.484848,96552651
2017-01-16,213.80000299999998,213.897995,210.350006,210.5,198.523804,55444785
2017-01-17,210.25,210.25,205.345993,207.649994,195.835953,78678315
2017-01-18,210.05000299999998,210.05000299999998,206.5,207.600006,195.788803,59018650
2017-01-19,208.149994,209.343002,204.666,206.100006,194.374146,56236678
2017-01-20,206.600006,207.399994,205.399994,206.050003,194.326996,66111149
2017-01-23,205.0,205.149994,202.436005,203.199997,191.63913,51651543
2017-01-24,202.199997,203.455002,198.149994,199.350006,188.008179,118642886
2017-01-25,198.0,200.199997,192.0,192.899994,181.92514,140438337
2017-01-26,194.5,194.5,191.199997,192.5,181.547897,111821780
2017-01-27,193.5,194.059998,191.033005,193.350006,182.349548,90394083
2017-01-30,200.199997,201.25,192.065994,195.949997,184.801605,120110611
2017-01-31,196.550003,198.21000700000002,193.699997,194.350006,183.292664,92108164
2017-02-01,196.850006,197.25,192.899994,193.0,182.019455,74170890
2017-02-02,191.0,196.470001,186.5,193.199997,182.208069,94025121
2017-02-03,194.25,194.800003,191.884003,194.100006,183.05688500000002,69213309
2017-02-06,194.5,194.557999,191.899994,192.850006,181.878006,53651870
2017-02-07,193.550003,194.563995,192.25,192.449997,181.500748,55309432
2017-02-08,192.699997,200.0,191.25,195.899994,184.754456,98078222
2017-02-09,195.149994,199.399994,194.220993,199.100006,187.7724,109465162
2017-02-10,199.800003,200.899994,197.100006,197.699997,186.452042,77015348
2017-02-13,198.050003,198.153,195.899994,196.199997,185.037384,39080617
2017-02-14,196.350006,197.600006,195.649994,196.050003,184.89592,47187941
2017-02-15,197.300003,197.800003,195.899994,197.25,186.027664,40996096
2017-02-16,197.949997,199.300003,197.0,198.300003,187.017914,48193842
2017-02-17,198.899994,203.0,196.350006,198.0,186.73498500000002,60973979
2017-02-20,200.0,200.949997,198.063995,198.5,187.20654299999998,35227045
2017-02-21,199.800003,204.199997,199.100006,200.649994,189.234207,72817875
2017-02-22,201.199997,203.149994,201.0,201.75,190.271637,47510210
2017-02-23,202.550003,211.69999700000002,200.850006,202.25,190.743179,53602440
2017-02-24,203.0,204.300003,202.100006,202.850006,191.309052,58667441
2017-02-27,203.75,203.850006,200.600006,201.5,190.03585800000002,46893286
2017-02-28,202.0,203.0,200.75,201.899994,190.413101,56764262
2017-03-01,201.800003,202.550003,200.181,202.550003,191.02612299999998,62414777
2017-03-02,202.800003,203.25,201.550003,202.5,190.978973,58856016
2017-03-03,203.0,203.744995,201.649994,202.199997,190.69603,54633906
2017-03-06,202.550003,202.593002,201.100006,202.0,190.507401,40247109
2017-03-07,202.0,202.949997,201.419998,202.399994,190.88464399999998,27707631
2017-03-08,203.949997,204.300003,202.149994,203.550003,191.969223,66469292
2017-03-09,203.0,204.0,202.100006,203.399994,191.827744,56906514
2017-03-10,204.0,205.024994,202.5,203.850006,192.252167,58981083
2017-03-13,204.0,204.550003,202.149994,203.350006,191.780609,31911242
2017-03-14,204.0,205.0,203.149994,204.5,192.865173,44615344
2017-03-15,203.800003,205.449997,203.600006,205.199997,193.525345,48812398
2017-03-16,207.050003,210.30000299999998,205.009995,209.5,197.580704,97801028
2017-03-17,209.94999700000002,219.899994,208.350006,211.399994,199.372604,92454310
2017-03-20,213.5,214.30000299999998,209.899994,210.5,198.523804,66783565
2017-03-21,212.0,212.19999700000002,209.100006,209.600006,197.675018,75072369
2017-03-22,209.199997,210.212006,207.039001,207.649994,195.835953,76484700
2017-03-23,209.100006,211.850006,206.850006,211.0,198.995361,79557145
2017-03-24,211.5,211.850006,210.100006,211.600006,199.561218,45814453
2017-03-27,210.80000299999998,211.291,208.649994,210.600006,198.618134,56295786
2017-03-28,211.600006,211.80000299999998,208.792999,210.25,198.288025,48256601
2017-03-29,210.600006,211.350006,209.520004,210.69999700000002,198.712433,43383167
2017-03-30,211.0,211.100006,207.199997,208.800003,196.920532,48364276
2017-03-31,208.199997,209.75,206.899994,208.100006,196.26036100000002,70827107
2017-04-03,209.0,209.100006,206.649994,206.649994,194.89283799999998,46635601
2017-04-04,207.0,207.850006,205.350006,206.550003,194.79853799999998,42620010
2017-04-05,207.399994,207.649994,206.175003,206.550003,194.79853799999998,35633550
2017-04-06,205.300003,206.729996,203.600006,204.0,192.393631,52570160
2017-04-07,203.949997,204.25,202.755005,203.199997,191.63913,52393517
2017-04-10,203.5,205.0,201.850006,203.899994,192.299301,42440948
2017-04-11,203.399994,205.149994,202.350006,203.300003,191.733459,53185706
2017-04-12,203.0,204.75,202.649994,204.300003,192.676544,61047028
2017-04-13,206.300003,206.300003,202.75,204.0,192.393631,47732027
2017-04-18,204.0,204.600006,199.699997,199.699997,188.338257,68115446
2017-04-19,199.25,203.069,199.050003,200.0,188.621201,60898255
2017-04-20,199.550003,201.070007,198.75,199.300003,187.961029,53932369
2017-04-21,199.5,200.449997,198.75,198.75,187.442322,58052190
2017-04-24,201.550003,203.5,201.0,202.600006,191.073288,57932742
2017-04-25,202.699997,204.399994,201.850006,202.5,190.978973,56620065
2017-04-26,202.0,206.244003,201.600006,203.100006,191.54483000000002,51253848
2017-04-27,203.699997,205.645996,200.850006,202.149994,190.648865,47830537
2017-04-28,202.050003,202.149994,197.449997,199.050003,187.72525,70814060
2017-05-02,199.600006,202.199997,199.199997,201.899994,190.413101,55927378
2017-05-03,201.399994,203.899994,201.022995,202.949997,191.40335100000001,30828194
2017-05-04,203.149994,203.850006,201.399994,203.699997,192.110687,41326191
2017-05-05,203.899994,205.699997,203.149994,204.949997,193.28956599999998,46192692
2017-05-08,205.449997,207.149994,204.699997,205.149994,193.47818,43698702
2017-05-09,205.0,206.149994,203.399994,205.149994,193.47818,44043971
2017-05-10,205.449997,207.73100300000002,204.449997,206.600006,194.84570300000001,50026977
2017-05-11,206.850006,207.600006,205.850006,206.25,194.51561,72952896
2017-05-12,206.149994,211.75,205.255005,211.05000299999998,199.04251100000002,112423882
2017-05-15,210.19999700000002,211.5,208.30299399999998,211.100006,199.089676,75725908
2017-05-16,215.69999700000002,221.0,215.69999700000002,219.44999700000002,206.9646,173901142
2017-05-17,219.44999700000002,222.19999700000002,218.55000299999998,221.350006,208.756516,92278990
2017-05-18,221.100006,222.01499900000002,217.5,220.149994,207.624771,79561730
2017-05-19,220.0,221.899994,218.69999700000002,220.30000299999998,207.766251,59698087
2017-05-22,222.149994,225.600006,220.61000099999998,224.350006,211.585831,69772464
2017-05-23,224.69999700000002,225.975006,223.75,224.25,211.49151600000002,55106563
2017-05-24,223.100006,226.25,223.0,225.350006,212.528931,52986331
2017-05-25,226.19999700000002,228.44999700000002,224.600006,228.100006,215.122482,56553420
2017-05-26,227.55000299999998,230.350006,227.44999700000002,230.19999700000002,217.10299700000002,64487097
2017-05-30,230.19999700000002,230.19999700000002,227.0,229.149994,216.112732,72116971
2017-05-31,229.44999700000002,233.25,229.25,231.5,218.32904100000002,109706498
2017-06-01,231.649994,233.899994,228.75,229.399994,216.34851099999997,85485579
2017-06-02,229.850006,231.399994,228.5,229.94999700000002,216.867218,63887457
2017-06-05,230.25,231.0,228.44999700000002,230.350006,217.244461,54050492
2017-06-06,231.0,231.69999700000002,227.600006,230.600006,217.48023999999998,59087316
2017-06-07,230.19999700000002,231.55000299999998,228.75,229.0,215.971268,71157057
2017-06-08,220.0,221.0,218.0,218.0,213.95925899999997,91580944
2017-06-09,221.30000299999998,223.149994,219.649994,221.05000299999998,216.95272799999998,64633416
2017-06-12,221.0,231.899994,220.69999700000002,224.25,220.09341400000002,64799612
2017-06-13,225.25,225.25,223.035995,223.80000299999998,219.65176400000001,57080659
2017-06-14,223.149994,225.55000299999998,222.55000299999998,222.899994,218.76843300000002,51252733
2017-06-15,222.5,222.649994,219.75,221.19999700000002,217.09994500000002,42990456
2017-06-16,221.350006,222.850006,220.850006,222.55000299999998,218.424927,89201443
2017-06-19,223.399994,223.899994,222.19999700000002,222.80000299999998,218.670288,22365238
2017-06-20,222.850006,226.61999500000002,222.350006,222.350006,218.228638,3147711
2017-06-21,222.55000299999998,223.25,221.13499500000003,222.80000299999998,218.670288,4242341
2017-06-22,222.75,224.149994,220.399994,224.149994,219.99527,14951404
2017-06-23,223.100006,224.19999700000002,222.25,223.69999700000002,219.553604,5717720
2017-06-26,224.19999700000002,225.705002,223.19999700000002,225.132996,220.960037,3952776
2017-06-27,222.44999700000002,223.399994,220.69999700000002,222.19799799999998,218.07945299999997,2193574
2017-06-28,221.55000299999998,221.55000299999998,218.94999700000002,219.69999700000002,215.62774700000003,7400463
2017-06-29,220.19999700000002,221.83999599999999,217.600006,218.5,214.44999700000002,5446944
2017-06-30,217.899994,222.0,216.51499900000002,217.75,213.713898,7340841
2017-07-03,217.649994,219.19999700000002,216.850006,218.69999700000002,214.64628599999998,39460492
2017-07-04,218.44999700000002,218.44999700000002,216.69999700000002,217.30000299999998,213.27224700000002,28220631
2017-07-05,218.0,218.69999700000002,215.899994,217.899994,213.86111499999998,41415538
2017-07-06,218.25,220.19999700000002,216.80000299999998,217.649994,213.615738,37798430
2017-07-07,217.25,219.149994,217.149994,218.75,214.695358,36322543
2017-07-10,219.649994,220.649994,218.100006,219.94999700000002,215.873108,36686744
2017-07-11,219.649994,220.30000299999998,217.100006,217.5,213.468536,41384366
2017-07-12,218.5,220.94999700000002,217.850006,220.44999700000002,216.363846,53098408
2017-07-13,220.850006,224.05000299999998,220.149994,220.850006,216.756439,60387719
2017-07-14,221.30000299999998,221.30000299999998,218.399994,218.80000299999998,214.744431,35542141
2017-07-17,219.44999700000002,221.350006,218.94999700000002,220.899994,216.805496,46102944
2017-07-18,220.80000299999998,221.25,218.94999700000002,219.55000299999998,215.48053,37650061
2017-07-19,220.19999700000002,222.350006,217.850006,221.94999700000002,217.836044,46869878
2017-07-20,222.600006,225.26199300000002,222.149994,224.899994,220.731354,55421115
2017-07-21,228.0,231.25,225.649994,226.0,221.81097400000002,107150371
2017-07-24,225.80000299999998,225.80000299999998,220.350006,221.5,217.394394,101928902
2017-07-25,221.69999700000002,223.25,220.05000299999998,220.05000299999998,215.971268,74277765
2017-07-26,220.5,222.75,219.330002,219.350006,215.284241,62512515
2017-07-27,219.69999700000002,223.80000299999998,219.30000299999998,222.75,218.621216,75508908
2017-07-28,222.350006,226.13499500000003,219.44999700000002,220.30000299999998,216.216629,47652283
2017-07-31,220.5,222.5,216.05000299999998,222.0,217.88511699999998,49688915
2017-08-01,223.149994,223.600006,221.55000299999998,221.649994,217.54159500000003,32647607
2017-08-02,222.05000299999998,222.350006,219.850006,220.75,216.658295,32146777
2017-08-03,220.850006,224.44999700000002,219.649994,224.0,219.848053,48104567
2017-08-04,223.350006,225.30000299999998,222.438995,225.0,220.82951400000002,55056384
2017-08-07,225.0,227.19999700000002,224.507004,226.600006,222.399857,55489466
2017-08-08,227.0,227.0,224.100006,225.44999700000002,221.271164,37402536
2017-08-09,226.0,228.100006,224.649994,225.94999700000002,221.761902,55050038
2017-08-10,226.149994,226.55000299999998,222.19999700000002,223.05000299999998,218.915665,34598132
2017-08-11,223.0,224.507004,219.399994,219.5,215.43145800000002,47323256
2017-08-14,220.0,222.25,219.19999700000002,222.100006,217.983276,38351882
2017-08-15,222.850006,223.69999700000002,221.05000299999998,221.899994,217.78697200000002,25398241
2017-08-16,222.94999700000002,223.149994,221.399994,221.850006,217.7379,34798720
2017-08-17,222.44999700000002,222.5,220.05000299999998,220.05000299999998,215.971268,31329148
2017-08-18,219.55000299999998,219.899994,217.834,219.05000299999998,214.98980699999998,46698339
2017-08-21,218.25,220.0,217.94999700000002,219.350006,215.284241,31099495
2017-08-22,220.399994,221.55000299999998,220.100006,221.149994,217.050873,29747386
2017-08-23,221.149994,221.80000299999998,220.149994,220.25,216.167557,20604048
2017-08-24,220.899994,221.149994,219.43200699999997,219.899994,215.82403599999998,39537991
2017-08-25,220.850006,221.75,219.44999700000002,219.600006,215.529617,33227016
2017-08-29,219.600006,219.600006,214.850006,216.649994,212.634277,57753062
2017-08-30,217.44999700000002,219.375,216.899994,218.55000299999998,214.499069,65022372
2017-08-31,218.94999700000002,221.55000299999998,218.55000299999998,221.399994,217.296234,46005927
2017-09-01,221.25,221.94999700000002,219.41200299999997,219.5,215.43145800000002,38277714
2017-09-04,218.44999700000002,219.94999700000002,217.363998,217.94999700000002,213.910187,30050503
2017-09-05,218.55000299999998,220.149994,216.100006,216.30000299999998,212.290771,40247125
2017-09-06,215.75,216.55000299999998,214.350006,215.44999700000002,211.456528,52096137
2017-09-07,215.30000299999998,218.24099700000002,213.44999700000002,215.100006,211.11302200000003,41348425
2017-09-08,214.5,214.75,212.899994,213.75,209.78804,36254163
2017-09-11,215.25,216.80000299999998,213.729996,216.19999700000002,212.19262700000002,44290930
2017-09-12,216.25,217.19999700000002,213.69999700000002,214.55000299999998,210.573212,50422945
2017-09-13,213.850006,215.600006,213.05000299999998,214.899994,210.916718,61941073
2017-09-14,214.94999700000002,214.94999700000002,210.0,210.0,206.107544,167151703
2017-09-15,210.0,211.149994,205.449997,206.449997,202.62333700000002,109445774
2017-09-18,207.149994,209.75,207.0,209.050003,205.17515600000002,88340250
2017-09-19,209.350006,211.399994,208.350006,210.350006,206.451065,62421371
2017-09-20,210.399994,211.44999700000002,208.949997,210.100006,206.205704,52726035
2017-09-21,210.80000299999998,211.350006,207.699997,208.100006,204.242767,47386109
2017-09-22,208.0,210.80000299999998,207.050003,208.25,204.389984,56059400
2017-09-25,208.25,209.300003,206.25,209.149994,205.2733,52694492
2017-09-26,208.850006,210.19999700000002,208.199997,208.5,204.635345,70013074
2017-09-27,209.5,210.0,207.699997,208.25,204.389984,58988526
2017-09-28,208.699997,208.699997,205.0,205.25,201.44558700000002,73098098
2017-09-29,206.050003,208.884003,205.649994,208.800003,204.929794,69853687
2017-10-02,209.350006,211.600006,207.600006,210.5,206.598282,74704656
2017-10-03,210.600006,211.399994,209.899994,210.600006,206.696426,52542272
2017-10-04,210.0,212.399994,209.016006,209.100006,205.224228,74733419
2017-10-05,209.300003,212.03500400000001,208.75,211.94999700000002,208.021393,73140517
2017-10-06,212.55000299999998,213.350006,211.25,211.80000299999998,207.874191,53681692
2017-10-09,211.5,212.600006,210.513,211.19999700000002,207.285294,58388124
2017-10-10,210.850006,213.44999700000002,210.350006,213.100006,209.15008500000002,56909198
2017-10-11,213.600006,215.44999700000002,212.899994,215.0,211.01486200000002,86950035
2017-10-12,215.0,218.606995,214.600006,216.350006,212.339859,58452891
2017-10-13,215.25,217.649994,215.25,215.649994,211.652817,57556343
2017-10-16,216.399994,219.613998,215.55000299999998,216.0,211.99633799999998,44815733
2017-10-17,216.100006,217.763,215.350006,216.149994,212.143539,49073399
2017-10-18,216.899994,217.36599700000002,215.899994,216.80000299999998,212.78150899999997,39701156
2017-10-19,216.100006,218.350006,215.94999700000002,217.05000299999998,213.026871,57911357
2017-10-20,217.5,218.44999700000002,215.94999700000002,216.850006,212.830582,54240297
2017-10-23,217.0,217.888,215.44999700000002,216.19999700000002,212.19262700000002,36032724
2017-10-24,215.649994,216.94999700000002,215.19999700000002,216.19999700000002,212.19262700000002,37502360
2017-10-25,216.25,220.52900699999998,213.30000299999998,213.600006,209.640823,55189811
2017-10-26,214.19999700000002,218.649002,213.69999700000002,215.149994,211.162079,77183879
2017-10-27,216.0,216.899994,214.850006,215.600006,211.60376000000002,45161400
2017-10-30,215.100006,216.149994,214.25,216.149994,212.143539,48350044
2017-10-31,215.350006,216.18200699999997,213.75,215.600006,211.60376000000002,49392610
2017-11-01,217.0,222.30499300000002,216.44999700000002,218.94999700000002,214.89164700000003,90144494
2017-11-02,218.899994,222.649994,218.55000299999998,221.30000299999998,217.19810499999997,85749890
2017-11-03,221.649994,222.44999700000002,218.0,219.350006,215.284241,53096033
2017-11-06,218.69999700000002,220.30000299999998,218.0,218.850006,214.793518,39897075
2017-11-07,219.19999700000002,219.5,216.649994,216.649994,212.634277,54836048
2017-11-08,216.850006,217.25,215.55000299999998,215.899994,211.89817799999997,54938490
2017-11-09,216.44999700000002,223.44999700000002,215.94999700000002,221.80000299999998,217.68882799999997,101628664
2017-11-10,222.0,222.80000299999998,217.55000299999998,217.649994,213.615738,84079168
2017-11-13,219.44999700000002,219.44999700000002,215.69999700000002,216.0,211.99633799999998,76614035
2017-11-14,226.0,228.5,223.91700699999998,227.05000299999998,222.84152200000003,151200392
2017-11-15,228.44999700000002,231.19999700000002,225.11300699999998,228.350006,224.11743199999998,119246879
2017-11-16,229.5,229.5,226.75,228.44999700000002,224.21556099999998,61170543
2017-11-17,228.899994,229.850006,228.350006,228.69999700000002,224.460922,56642488
2017-11-20,229.30000299999998,230.05000299999998,228.850006,229.5,225.246109,33537820
2017-11-21,230.75,230.75,228.55000299999998,229.75,225.49147000000002,49079392
2017-11-22,230.05000299999998,230.69999700000002,227.850006,228.75,224.51001000000002,77145929
2017-11-23,224.19999700000002,226.350006,223.55000299999998,225.399994,225.399994,34026452
2017-11-24,226.0,227.05000299999998,224.30000299999998,225.5,225.5,42274004
2017-11-27,225.899994,226.899994,224.30000299999998,224.600006,224.600006,49293241
2017-11-28,225.19999700000002,226.69999700000002,223.80000299999998,226.44999700000002,226.44999700000002,49151989
2017-11-29,225.69999700000002,225.69999700000002,224.0,225.25,225.25,59190988
2017-11-30,224.5,227.69999700000002,223.350006,224.30000299999998,224.30000299999998,93601284
2017-12-01,224.149994,225.649994,223.100006,224.0,224.0,57060523
2017-12-04,225.30000299999998,226.0,223.600006,225.55000299999998,225.55000299999998,47546022
2017-12-05,225.5,226.600006,224.850006,225.25,225.25,43889474
2017-12-06,224.05000299999998,226.25,222.850006,224.80000299999998,224.80000299999998,38115459
2017-12-07,224.80000299999998,229.5,223.649994,227.850006,227.850006,85819094
2017-12-08,230.0,231.25,228.850006,229.399994,229.399994,58073738
2017-12-11,229.100006,231.100006,228.0,230.5,230.5,77787061
2017-12-12,231.0,233.350006,230.19999700000002,232.350006,232.350006,92868623
2017-12-13,231.399994,232.649994,230.5,230.899994,230.899994,64094189
2017-12-14,230.899994,232.100006,229.399994,229.69999700000002,229.69999700000002,58655399
2017-12-15,230.44999700000002,231.399994,229.149994,230.0,230.0,76800610
2017-12-18,231.80000299999998,232.399994,230.75,231.350006,231.350006,33973939
2017-12-19,232.399994,233.05000299999998,231.19999700000002,233.05000299999998,233.05000299999998,42891128
2017-12-20,232.55000299999998,233.05000299999998,231.0,232.0,232.0,45308370
2017-12-21,232.80000299999998,235.44999700000002,231.05000299999998,235.44999700000002,235.44999700000002,50197511
2017-12-22,235.55000299999998,237.399994,234.05000299999998,235.899994,235.899994,22801428
2017-12-27,235.899994,235.899994,233.25,234.19999700000002,234.19999700000002,31101497
2017-12-28,234.30000299999998,234.75,233.44999700000002,234.30000299999998,234.30000299999998,24191371
2017-12-29,234.69999700000002,235.75,233.600006,235.0,235.0,19904436
2018-01-02,235.0,235.30000299999998,233.100006,233.80000299999998,233.80000299999998,28518111
2018-01-03,234.399994,234.399994,232.05000299999998,233.44999700000002,233.44999700000002,36335155
2018-01-04,234.25,235.30000299999998,233.0,235.30000299999998,235.30000299999998,65362950
2018-01-05,236.0,236.899994,234.69999700000002,236.80000299999998,236.80000299999998,69338309
2018-01-08,236.600006,238.80000299999998,236.25,237.649994,237.649994,58835938
2018-01-09,238.5,239.649994,237.05000299999998,238.0,238.0,55639509
2018-01-10,237.5,238.25,231.850006,232.600006,232.600006,77350284
2018-01-11,233.100006,233.649994,225.69999700000002,228.44999700000002,228.44999700000002,86444719
2018-01-12,229.44999700000002,230.25,228.30000299999998,229.350006,229.350006,73545267
2018-01-15,229.600006,229.600006,227.600006,228.0,228.0,36443197
2018-01-16,228.75,231.75,228.5,231.05000299999998,231.05000299999998,51551820
2018-01-17,230.55000299999998,231.149994,226.850006,227.649994,227.649994,79684625
2018-01-18,223.5,226.69999700000002,223.0,226.0,226.0,100995851
2018-01-19,225.30000299999998,226.600006,224.25,225.80000299999998,225.80000299999998,92272915
2018-01-22,226.30000299999998,229.55000299999998,225.69999700000002,227.350006,227.350006,62785495
2018-01-23,228.399994,229.399994,226.94999700000002,228.350006,228.350006,55156547
2018-01-24,228.649994,229.19999700000002,225.30000299999998,225.30000299999998,225.30000299999998,56312382
2018-01-25,225.850006,228.05000299999998,224.19999700000002,224.399994,224.399994,62450723
2018-01-26,225.149994,226.5,225.100006,225.600006,225.600006,60735777
2018-01-29,226.44999700000002,226.44999700000002,224.5,226.350006,226.350006,47152532
2018-01-30,225.94999700000002,227.350006,224.25,224.399994,224.399994,61371939
2018-01-31,225.19999700000002,225.55000299999998,223.5,224.600006,224.600006,72426736
2018-02-01,221.600006,223.55000299999998,212.0,214.399994,214.399994,167419257
2018-02-02,215.0,223.75,212.69999700000002,219.5,219.5,176273299
2018-02-05,218.94999700000002,218.94999700000002,210.30000299999998,210.69999700000002,210.69999700000002,118024799
2018-02-06,205.0,211.850006,200.5,205.300003,205.300003,144483203
2018-02-07,206.949997,210.899994,205.300003,210.0,210.0,95717427
2018-02-08,209.149994,209.149994,203.5,203.649994,203.649994,84239240
2018-02-09,203.699997,204.600006,201.449997,201.800003,201.800003,79654362
2018-02-12,205.0,205.300003,202.149994,202.199997,202.199997,79102039
2018-02-13,203.0,203.050003,200.050003,200.600006,200.600006,71182548
2018-02-14,201.800003,202.399994,199.300003,199.740005,199.740005,96311528
2018-02-15,201.149994,201.149994,199.360001,199.860001,199.860001,60232393
2018-02-16,201.5,205.25,201.050003,204.649994,204.649994,105567426
2018-02-19,205.100006,205.300003,202.399994,203.550003,203.550003,63861859
2018-02-20,204.25,205.0,202.300003,203.0,203.0,48768773
2018-02-21,203.5,204.399994,201.899994,202.399994,202.399994,46621287
2018-02-22,200.899994,201.949997,199.679993,201.850006,201.850006,73686907
2018-02-23,203.0,205.149994,202.149994,203.850006,203.850006,52759655
2018-02-26,205.199997,206.550003,204.449997,205.550003,205.550003,41414746
2018-02-27,206.0,206.800003,203.649994,204.800003,204.800003,43362997
2018-02-28,203.350006,205.350006,202.949997,203.75,203.75,53519752
2018-03-01,204.050003,205.25,201.649994,202.350006,202.350006,55181542
2018-03-02,201.399994,202.300003,198.740005,199.020004,199.020004,48101146
2018-03-05,199.520004,202.800003,199.139999,202.300003,202.300003,73275398
2018-03-06,204.350006,204.550003,202.649994,203.399994,203.399994,46219197
2018-03-07,203.0,205.550003,202.600006,204.5,204.5,53340463
2018-03-08,205.149994,208.25,204.75,207.600006,207.600006,61114612
2018-03-09,207.149994,207.5,205.300003,207.0,207.0,47049780
